1,1,526.7930297851562,108.73090362548828,121.47015380859375,299.0211486816406,-1,-1,-1,-1
2,1,518.8524169921875,114.68342590332031,131.75054931640625,280.25225830078125,-1,-1,-1,-1
3,1,515.203857421875,117.35176086425781,125.38555908203125,274.52557373046875,-1,-1,-1,-1
4,1,517.8866577148438,118.53559112548828,120.690673828125,270.7297668457031,-1,-1,-1,-1
5,1,513.3770751953125,119.42418670654297,117.77294921875,268.65203857421875,-1,-1,-1,-1
6,1,511.3221130371094,121.58616638183594,112.40347290039062,261.5234375,-1,-1,-1,-1
7,1,503.7101135253906,122.73235321044922,113.97787475585938,257.3345642089844,-1,-1,-1,-1
8,1,500.88287353515625,122.49404907226562,115.751220703125,255.16009521484375,-1,-1,-1,-1
9,1,494.4275817871094,122.80304718017578,118.98464965820312,254.82568359375,-1,-1,-1,-1
10,1,494.7463073730469,123.6025390625,121.28317260742188,253.76065063476562,-1,-1,-1,-1
11,1,491.6097412109375,123.37824249267578,120.1641845703125,253.95718383789062,-1,-1,-1,-1
12,1,491.2913818359375,121.67434692382812,116.40771484375,256.7372131347656,-1,-1,-1,-1
13,1,496.119140625,118.28755187988281,114.13763427734375,257.72137451171875,-1,-1,-1,-1
14,1,495.6502685546875,116.55386352539062,109.174560546875,246.27749633789062,-1,-1,-1,-1
15,1,492.7620544433594,114.13060760498047,103.77627563476562,250.442626953125,-1,-1,-1,-1
16,1,492.7465515136719,113.7477798461914,103.65609741210938,252.99801635742188,-1,-1,-1,-1
17,1,490.94195556640625,113.84165954589844,100.30352783203125,252.4309539794922,-1,-1,-1,-1
18,1,483.14202880859375,112.29651641845703,105.8349609375,255.59170532226562,-1,-1,-1,-1
19,1,475.4283447265625,112.95820617675781,109.56170654296875,263.17803955078125,-1,-1,-1,-1
20,1,465.8536376953125,113.52360534667969,114.21142578125,268.201171875,-1,-1,-1,-1
21,1,455.6505126953125,110.87559509277344,120.75372314453125,285.9521484375,-1,-1,-1,-1
22,1,455.87548828125,110.89588928222656,120.941650390625,287.49139404296875,-1,-1,-1,-1
23,1,449.70281982421875,112.5955810546875,118.8023681640625,281.7269592285156,-1,-1,-1,-1
24,1,441.07647705078125,114.91860961914062,120.4964599609375,283.2225036621094,-1,-1,-1,-1
25,1,429.2787780761719,115.0073013305664,125.87265014648438,283.75408935546875,-1,-1,-1,-1
26,1,430.0133056640625,118.16941833496094,117.53179931640625,268.4400634765625,-1,-1,-1,-1
1,2,641.49169921875,102.77835083007812,166.7940673828125,334.12060546875,-1,-1,-1,-1
2,2,645.894287109375,102.9866943359375,164.1329345703125,336.9974670410156,-1,-1,-1,-1
3,2,647.4149169921875,106.82359313964844,163.97607421875,332.62701416015625,-1,-1,-1,-1
4,2,648.150146484375,108.57292175292969,163.388427734375,329.6412353515625,-1,-1,-1,-1
5,2,652.482666015625,111.86580657958984,159.83154296875,327.2030944824219,-1,-1,-1,-1
6,2,651.5136108398438,111.76393127441406,159.19598388671875,327.4420166015625,-1,-1,-1,-1
7,2,664.0440673828125,114.06946563720703,149.72174072265625,328.3911437988281,-1,-1,-1,-1
8,2,675.4912109375,116.2827377319336,135.1949462890625,328.3002014160156,-1,-1,-1,-1
9,2,675.3102416992188,114.86787414550781,135.47003173828125,329.71014404296875,-1,-1,-1,-1
10,2,675.436767578125,114.97504425048828,135.4559326171875,330.04217529296875,-1,-1,-1,-1
11,2,673.9110717773438,115.78778839111328,138.79022216796875,330.4786376953125,-1,-1,-1,-1
12,2,670.008056640625,116.73904418945312,143.811279296875,333.33209228515625,-1,-1,-1,-1
13,2,669.5287475585938,116.00326538085938,148.437744140625,334.599365234375,-1,-1,-1,-1
14,2,664.5364990234375,111.31964111328125,163.2659912109375,339.2909851074219,-1,-1,-1,-1
15,2,659.5711059570312,108.63580322265625,191.12542724609375,339.8646545410156,-1,-1,-1,-1
16,2,663.5515747070312,111.66546630859375,188.12786865234375,335.0285949707031,-1,-1,-1,-1
17,2,659.568603515625,116.41057586669922,185.265380859375,337.7882385253906,-1,-1,-1,-1
18,2,659.005126953125,118.81854248046875,183.69732666015625,338.3351135253906,-1,-1,-1,-1
19,2,654.2255859375,118.035400390625,188.48089599609375,349.58697509765625,-1,-1,-1,-1
20,2,660.8570556640625,121.74016571044922,179.224609375,344.4163513183594,-1,-1,-1,-1
21,2,659.2232666015625,121.21491241455078,177.92413330078125,341.6963195800781,-1,-1,-1,-1
22,2,658.7179565429688,121.61527252197266,178.56988525390625,341.1308288574219,-1,-1,-1,-1
23,2,663.341552734375,131.81446838378906,163.79144287109375,327.07952880859375,-1,-1,-1,-1
24,2,654.5526123046875,132.5980987548828,173.093505859375,336.68603515625,-1,-1,-1,-1
25,2,652.816162109375,130.427978515625,181.48846435546875,339.2402648925781,-1,-1,-1,-1
26,2,664.7108154296875,132.0906982421875,160.8492431640625,339.3160400390625,-1,-1,-1,-1
27,2,664.9473876953125,126.6867446899414,169.5186767578125,349.21942138671875,-1,-1,-1,-1
28,2,666.306640625,127.94198608398438,170.64154052734375,346.6563720703125,-1,-1,-1,-1
29,2,670.8584594726562,121.94605255126953,173.3388671875,354.3724060058594,-1,-1,-1,-1
30,2,681.8679809570312,121.74130249023438,166.50830078125,354.02593994140625,-1,-1,-1,-1
31,2,685.126953125,120.44625854492188,169.37359619140625,358.0999755859375,-1,-1,-1,-1
32,2,688.0354614257812,123.91221618652344,166.16400146484375,354.66827392578125,-1,-1,-1,-1
33,2,688.52685546875,121.92153930664062,174.177001953125,356.12713623046875,-1,-1,-1,-1
34,2,688.44384765625,122.2777099609375,174.21258544921875,356.079345703125,-1,-1,-1,-1
35,2,703.7667236328125,118.34471130371094,161.6812744140625,361.57720947265625,-1,-1,-1,-1
36,2,715.37060546875,124.16845703125,148.7032470703125,355.82928466796875,-1,-1,-1,-1
37,2,723.1792602539062,123.81620788574219,147.35040283203125,355.7938232421875,-1,-1,-1,-1
38,2,726.9546508789062,125.41618347167969,150.59857177734375,356.99029541015625,-1,-1,-1,-1
39,2,740.625244140625,125.7632064819336,139.9063720703125,354.72021484375,-1,-1,-1,-1
40,2,741.1793823242188,125.99871063232422,139.0950927734375,353.9356384277344,-1,-1,-1,-1
41,2,745.6558837890625,126.3235855102539,133.7147216796875,352.6025085449219,-1,-1,-1,-1
42,2,751.3111572265625,126.86359405517578,137.9051513671875,353.9657897949219,-1,-1,-1,-1
43,2,751.3148193359375,126.66471099853516,141.1104736328125,352.4717712402344,-1,-1,-1,-1
44,2,753.5234985351562,131.5819091796875,140.55950927734375,347.4919128417969,-1,-1,-1,-1
45,2,755.3702392578125,130.4228973388672,140.74688720703125,348.178955078125,-1,-1,-1,-1
46,2,755.61328125,130.11962890625,140.84375,348.2178649902344,-1,-1,-1,-1
47,2,758.7865600585938,130.97048950195312,142.09759521484375,349.7159729003906,-1,-1,-1,-1
48,2,759.1572875976562,133.4034881591797,138.349853515625,346.9183349609375,-1,-1,-1,-1
49,2,759.4710083007812,135.7028045654297,144.2630615234375,345.7994384765625,-1,-1,-1,-1
50,2,757.3394165039062,137.46044921875,145.25677490234375,349.2579040527344,-1,-1,-1,-1
51,2,754.814697265625,136.53346252441406,151.41748046875,350.20367431640625,-1,-1,-1,-1
52,2,754.3450927734375,136.2111053466797,152.4482421875,351.2344970703125,-1,-1,-1,-1
53,2,749.6304321289062,137.47085571289062,158.73345947265625,353.5381164550781,-1,-1,-1,-1
54,2,742.3958129882812,137.9704132080078,168.41009521484375,350.6221923828125,-1,-1,-1,-1
55,2,740.2279663085938,134.45909118652344,182.2005615234375,354.38946533203125,-1,-1,-1,-1
56,2,735.4977416992188,141.27059936523438,180.91839599609375,341.05364990234375,-1,-1,-1,-1
57,2,729.3392333984375,146.9473114013672,189.32000732421875,335.42547607421875,-1,-1,-1,-1
58,2,728.5042724609375,147.58729553222656,189.8310546875,335.1334228515625,-1,-1,-1,-1
59,2,721.6170654296875,146.37660217285156,194.75518798828125,337.7779541015625,-1,-1,-1,-1
60,2,713.8209228515625,156.25074768066406,202.9610595703125,337.14959716796875,-1,-1,-1,-1
61,2,710.3704223632812,166.34788513183594,204.30340576171875,331.56231689453125,-1,-1,-1,-1
62,2,725.4178466796875,167.68392944335938,184.9945068359375,332.1050109863281,-1,-1,-1,-1
63,2,718.3515625,178.7703399658203,191.7076416015625,320.24139404296875,-1,-1,-1,-1
64,2,718.567626953125,180.77769470214844,190.6395263671875,317.92791748046875,-1,-1,-1,-1
65,2,727.2236938476562,183.4582977294922,183.4334716796875,312.18170166015625,-1,-1,-1,-1
66,2,723.3107299804688,189.78172302246094,179.89892578125,305.28204345703125,-1,-1,-1,-1
67,2,725.0257568359375,198.66610717773438,172.7659912109375,300.0002136230469,-1,-1,-1,-1
68,2,729.028076171875,202.69667053222656,175.58148193359375,298.8231201171875,-1,-1,-1,-1
69,2,738.0813598632812,202.31198120117188,176.137939453125,299.73602294921875,-1,-1,-1,-1
70,2,737.6369018554688,200.48651123046875,182.9024658203125,300.9747009277344,-1,-1,-1,-1
71,2,752.9913330078125,196.7060089111328,179.43048095703125,306.85968017578125,-1,-1,-1,-1
72,2,762.5709838867188,190.4370880126953,176.22003173828125,314.41558837890625,-1,-1,-1,-1
73,2,776.5850830078125,191.4014129638672,169.6492919921875,312.412109375,-1,-1,-1,-1
74,2,785.8148193359375,197.51206970214844,165.94921875,304.71905517578125,-1,-1,-1,-1
75,2,796.4464721679688,195.8245849609375,165.76226806640625,307.57403564453125,-1,-1,-1,-1
76,2,796.7244262695312,195.18984985351562,166.2344970703125,307.9635314941406,-1,-1,-1,-1
77,2,809.298095703125,195.8862762451172,157.378173828125,307.966552734375,-1,-1,-1,-1
78,2,817.8848876953125,195.75914001464844,152.31201171875,309.748291015625,-1,-1,-1,-1
79,2,826.7030029296875,195.9744110107422,138.556396484375,310.35455322265625,-1,-1,-1,-1
80,2,826.926025390625,197.2842559814453,149.123779296875,312.180419921875,-1,-1,-1,-1
81,2,833.1029663085938,198.88162231445312,146.32745361328125,315.1901550292969,-1,-1,-1,-1
82,2,833.6514282226562,199.44091796875,147.169921875,314.5246276855469,-1,-1,-1,-1
83,2,837.3941650390625,197.83892822265625,144.25244140625,316.87237548828125,-1,-1,-1,-1
84,2,839.420654296875,199.74395751953125,143.2529296875,312.4594421386719,-1,-1,-1,-1
85,2,837.6229858398438,199.4339141845703,146.6285400390625,313.53472900390625,-1,-1,-1,-1
86,2,830.2477416992188,200.95089721679688,158.1087646484375,313.6265563964844,-1,-1,-1,-1
87,2,824.2915649414062,206.45480346679688,165.43359375,306.3306579589844,-1,-1,-1,-1
88,2,823.6763305664062,206.86924743652344,167.241455078125,305.70159912109375,-1,-1,-1,-1
89,2,825.8452758789062,211.73785400390625,161.87237548828125,302.51025390625,-1,-1,-1,-1
90,2,820.8577880859375,216.600830078125,170.50225830078125,299.92742919921875,-1,-1,-1,-1
91,2,817.2613525390625,221.1908416748047,170.32147216796875,293.78875732421875,-1,-1,-1,-1
92,2,811.4315795898438,220.94882202148438,170.216796875,294.7210388183594,-1,-1,-1,-1
93,2,810.3817749023438,221.31887817382812,171.06256103515625,294.1264953613281,-1,-1,-1,-1
94,2,810.4714965820312,220.79148864746094,171.47637939453125,293.8663330078125,-1,-1,-1,-1
95,2,804.5745239257812,225.58377075195312,176.2105712890625,288.19110107421875,-1,-1,-1,-1
96,2,799.5888061523438,221.29721069335938,173.14337158203125,290.8980407714844,-1,-1,-1,-1
97,2,800.240234375,219.76080322265625,158.8470458984375,293.56109619140625,-1,-1,-1,-1
98,2,797.5881958007812,224.08120727539062,163.7537841796875,290.9803771972656,-1,-1,-1,-1
99,2,564.4003295898438,172.69239807128906,183.35809326171875,390.9034423828125,-1,-1,-1,-1
1,3,580.2955322265625,115.38349151611328,133.83123779296875,281.6058349609375,-1,-1,-1,-1
2,3,581.197998046875,117.97167205810547,123.5531005859375,272.6405029296875,-1,-1,-1,-1
3,3,575.3076171875,117.01770782470703,129.0074462890625,282.6376037597656,-1,-1,-1,-1
4,3,573.042724609375,116.4669418334961,130.3275146484375,289.4027404785156,-1,-1,-1,-1
5,3,569.5729370117188,113.55728149414062,132.45257568359375,297.9760437011719,-1,-1,-1,-1
6,3,560.8189697265625,105.73382568359375,143.85162353515625,310.54779052734375,-1,-1,-1,-1
7,3,564.92529296875,100.19915008544922,139.7298583984375,318.2474365234375,-1,-1,-1,-1
8,3,565.5116577148438,101.42211151123047,139.16644287109375,318.82208251953125,-1,-1,-1,-1
9,3,562.9048461914062,103.78349304199219,141.74884033203125,316.078857421875,-1,-1,-1,-1
10,3,561.1102294921875,103.87553405761719,145.23046875,315.7408447265625,-1,-1,-1,-1
11,3,553.2177124023438,104.12187194824219,152.21356201171875,314.28582763671875,-1,-1,-1,-1
12,3,558.7553100585938,106.01405334472656,144.41729736328125,314.0,-1,-1,-1,-1
13,3,556.6275634765625,107.4688491821289,148.51947021484375,313.20904541015625,-1,-1,-1,-1
14,3,550.7626342773438,106.75011444091797,163.68585205078125,314.7544860839844,-1,-1,-1,-1
15,3,549.0780029296875,107.31486511230469,163.209228515625,311.87457275390625,-1,-1,-1,-1
16,3,548.9401245117188,107.41586303710938,162.98223876953125,311.087646484375,-1,-1,-1,-1
17,3,554.1749267578125,110.67961120605469,157.49517822265625,310.38018798828125,-1,-1,-1,-1
18,3,554.4091796875,112.35745239257812,152.65179443359375,304.5235595703125,-1,-1,-1,-1
19,3,556.0137329101562,115.66567993164062,149.87176513671875,303.477294921875,-1,-1,-1,-1
20,3,548.9927978515625,113.79727172851562,150.8369140625,302.8130187988281,-1,-1,-1,-1
21,3,548.0404663085938,110.57633972167969,153.01776123046875,314.1614990234375,-1,-1,-1,-1
22,3,547.6399536132812,109.2294692993164,153.7020263671875,324.2241516113281,-1,-1,-1,-1
23,3,538.7657470703125,112.30455780029297,152.69964599609375,323.4114990234375,-1,-1,-1,-1
24,3,530.7025146484375,113.8600845336914,159.06549072265625,328.5021667480469,-1,-1,-1,-1
25,3,524.0377197265625,112.84744262695312,159.4691162109375,330.2332763671875,-1,-1,-1,-1
26,3,521.4088134765625,115.57488250732422,155.48565673828125,329.9315490722656,-1,-1,-1,-1
27,3,515.5018310546875,117.36685180664062,158.7412109375,327.8878479003906,-1,-1,-1,-1
28,3,514.561279296875,118.17662811279297,160.32330322265625,327.3170166015625,-1,-1,-1,-1
29,3,512.97216796875,120.58008575439453,160.8624267578125,320.4644470214844,-1,-1,-1,-1
30,3,517.811767578125,123.89373016357422,158.36785888671875,307.073974609375,-1,-1,-1,-1
31,3,510.662841796875,122.03865051269531,160.03070068359375,307.784423828125,-1,-1,-1,-1
32,3,502.62774658203125,120.97979736328125,164.969482421875,316.8425598144531,-1,-1,-1,-1
33,3,502.55181884765625,121.8548583984375,172.22576904296875,311.8362121582031,-1,-1,-1,-1
34,3,503.304931640625,123.61613464355469,172.70654296875,310.4381103515625,-1,-1,-1,-1
35,3,507.14404296875,124.79523468017578,171.85601806640625,307.1878662109375,-1,-1,-1,-1
36,3,503.62713623046875,127.76154327392578,170.39501953125,302.67010498046875,-1,-1,-1,-1
37,3,501.2401428222656,128.80958557128906,168.62960815429688,303.499755859375,-1,-1,-1,-1
38,3,491.813232421875,130.61895751953125,181.3214111328125,309.2948913574219,-1,-1,-1,-1
39,3,488.2360534667969,128.7085723876953,174.28121948242188,320.23046875,-1,-1,-1,-1
40,3,489.9565734863281,128.5454330444336,169.83181762695312,320.9573974609375,-1,-1,-1,-1
41,3,486.40948486328125,125.16333770751953,175.718994140625,321.8067321777344,-1,-1,-1,-1
42,3,470.9075927734375,127.20787811279297,182.98077392578125,325.9400634765625,-1,-1,-1,-1
43,3,479.255615234375,122.22940063476562,176.94122314453125,334.5456237792969,-1,-1,-1,-1
44,3,487.94586181640625,123.1632080078125,172.76678466796875,335.7109680175781,-1,-1,-1,-1
45,3,485.3681335449219,123.38981628417969,174.89505004882812,335.1041259765625,-1,-1,-1,-1
46,3,484.9980773925781,123.40277099609375,174.71932983398438,335.0361328125,-1,-1,-1,-1
47,3,486.7216796875,123.83980560302734,174.65631103515625,332.2389831542969,-1,-1,-1,-1
48,3,487.85089111328125,129.822998046875,177.37847900390625,326.8865661621094,-1,-1,-1,-1
49,3,485.82330322265625,134.94046020507812,177.20770263671875,321.5124206542969,-1,-1,-1,-1
50,3,486.465087890625,137.5360870361328,177.11175537109375,319.750244140625,-1,-1,-1,-1
51,3,483.5418701171875,138.83859252929688,178.796142578125,315.7969665527344,-1,-1,-1,-1
52,3,482.7665100097656,139.16119384765625,179.82113647460938,313.75439453125,-1,-1,-1,-1
53,3,483.7679443359375,140.26109313964844,178.360107421875,309.03924560546875,-1,-1,-1,-1
54,3,475.2386169433594,139.73385620117188,189.69216918945312,319.7072448730469,-1,-1,-1,-1
55,3,474.35748291015625,139.1455535888672,185.1910400390625,326.05145263671875,-1,-1,-1,-1
56,3,465.62322998046875,137.68260192871094,189.68792724609375,329.79229736328125,-1,-1,-1,-1
57,3,459.57379150390625,138.93392944335938,192.035888671875,330.1705017089844,-1,-1,-1,-1
58,3,458.92510986328125,138.7947235107422,192.42681884765625,330.66827392578125,-1,-1,-1,-1
59,3,461.8718566894531,139.64268493652344,174.47805786132812,327.25640869140625,-1,-1,-1,-1
60,3,462.02972412109375,139.67184448242188,163.21575927734375,327.1706848144531,-1,-1,-1,-1
61,3,461.70965576171875,143.9669189453125,153.45672607421875,321.2560729980469,-1,-1,-1,-1
62,3,457.49871826171875,146.09808349609375,142.93267822265625,319.14532470703125,-1,-1,-1,-1
63,3,454.88677978515625,145.2517852783203,135.3560791015625,319.12286376953125,-1,-1,-1,-1
64,3,456.10516357421875,142.05770874023438,133.6292724609375,322.6969909667969,-1,-1,-1,-1
65,3,445.4779052734375,140.58558654785156,140.52734375,323.10369873046875,-1,-1,-1,-1
66,3,435.6004638671875,149.71929931640625,142.7510986328125,311.22015380859375,-1,-1,-1,-1
67,3,423.0202331542969,160.68724060058594,141.95120239257812,298.49066162109375,-1,-1,-1,-1
68,3,422.73248291015625,159.084716796875,150.28326416015625,294.8002624511719,-1,-1,-1,-1
69,3,410.57684326171875,166.51980590820312,148.93701171875,284.1944580078125,-1,-1,-1,-1
70,3,408.6875305175781,167.9585418701172,149.35336303710938,282.8026123046875,-1,-1,-1,-1
71,3,406.4968566894531,176.90496826171875,131.89907836914062,266.5135192871094,-1,-1,-1,-1
72,3,396.9930419921875,168.69857788085938,130.7830810546875,275.43310546875,-1,-1,-1,-1
73,3,407.4602966308594,173.39285278320312,136.26986694335938,267.6739196777344,-1,-1,-1,-1
74,3,401.76617431640625,159.05596923828125,154.71063232421875,292.139404296875,-1,-1,-1,-1
75,3,394.4243469238281,152.39639282226562,159.37088012695312,306.5446472167969,-1,-1,-1,-1
76,3,391.1507568359375,150.51112365722656,163.4066162109375,312.9976806640625,-1,-1,-1,-1
77,3,388.0579528808594,152.73475646972656,162.18862915039062,316.68914794921875,-1,-1,-1,-1
78,3,388.79833984375,158.31260681152344,151.76416015625,311.39508056640625,-1,-1,-1,-1
79,3,396.7782287597656,164.87071228027344,136.07388305664062,307.75927734375,-1,-1,-1,-1
80,3,404.1277160644531,151.29208374023438,134.35763549804688,320.18316650390625,-1,-1,-1,-1
81,3,416.90325927734375,145.90504455566406,125.0948486328125,327.66351318359375,-1,-1,-1,-1
82,3,423.08514404296875,144.5628662109375,116.672607421875,327.46173095703125,-1,-1,-1,-1
83,3,424.1722412109375,143.2195281982422,114.94683837890625,332.46319580078125,-1,-1,-1,-1
84,3,427.0903625488281,144.71080017089844,107.03781127929688,330.1441650390625,-1,-1,-1,-1
85,3,430.3282775878906,147.7436065673828,106.88833618164062,330.56103515625,-1,-1,-1,-1
86,3,422.6236572265625,146.50758361816406,126.27288818359375,333.65679931640625,-1,-1,-1,-1
87,3,420.26226806640625,148.0892333984375,130.85137939453125,329.4300231933594,-1,-1,-1,-1
88,3,420.54296875,149.83958435058594,129.1417236328125,317.58026123046875,-1,-1,-1,-1
89,3,426.010009765625,151.6479034423828,130.42449951171875,303.02166748046875,-1,-1,-1,-1
90,3,420.1341552734375,157.4401092529297,133.986328125,283.9647216796875,-1,-1,-1,-1
91,3,425.2465515136719,161.01368713378906,141.31130981445312,280.672607421875,-1,-1,-1,-1
92,3,428.3606872558594,162.2957000732422,137.16006469726562,277.70697021484375,-1,-1,-1,-1
93,3,432.4730529785156,169.06442260742188,142.72817993164062,274.1277160644531,-1,-1,-1,-1
94,3,432.1390380859375,168.4783172607422,145.6024169921875,274.1815185546875,-1,-1,-1,-1
95,3,434.25164794921875,172.55133056640625,145.54437255859375,271.73284912109375,-1,-1,-1,-1
96,3,447.03692626953125,179.03628540039062,137.04736328125,256.8560485839844,-1,-1,-1,-1
97,3,449.6991882324219,182.8033447265625,139.63247680664062,265.8575439453125,-1,-1,-1,-1
98,3,448.8812255859375,183.9631805419922,149.190185546875,300.23846435546875,-1,-1,-1,-1
99,3,453.7381896972656,115.54717254638672,205.88082885742188,405.93505859375,-1,-1,-1,-1
100,3,414.1329650878906,60.94097900390625,377.7281799316406,619.98876953125,-1,-1,-1,-1
1,4,473.94378662109375,145.8474884033203,131.51190185546875,233.1116180419922,-1,-1,-1,-1
2,4,473.774169921875,150.30453491210938,124.194091796875,224.7607421875,-1,-1,-1,-1
3,4,469.4899597167969,156.78419494628906,118.03744506835938,224.2944793701172,-1,-1,-1,-1
4,4,469.8472900390625,157.37757873535156,116.2261962890625,224.03993225097656,-1,-1,-1,-1
5,4,455.04541015625,155.7891845703125,123.26141357421875,224.701416015625,-1,-1,-1,-1
6,4,442.8467712402344,155.4761505126953,130.89566040039062,227.8370819091797,-1,-1,-1,-1
7,4,439.1257629394531,152.29425048828125,129.75485229492188,232.85556030273438,-1,-1,-1,-1
8,4,434.3263854980469,150.83067321777344,142.85800170898438,236.0735626220703,-1,-1,-1,-1
9,4,431.11712646484375,149.48866271972656,150.6466064453125,235.9938507080078,-1,-1,-1,-1
10,4,430.00323486328125,149.33184814453125,153.59893798828125,235.85488891601562,-1,-1,-1,-1
11,4,428.4378967285156,151.77651977539062,146.18991088867188,232.88699340820312,-1,-1,-1,-1
12,4,432.27874755859375,151.50425720214844,140.828125,234.9176788330078,-1,-1,-1,-1
13,4,430.90069580078125,151.2462921142578,124.60040283203125,238.0620574951172,-1,-1,-1,-1
14,4,428.1644287109375,147.16867065429688,122.75286865234375,241.38262939453125,-1,-1,-1,-1
15,4,421.9561462402344,148.05300903320312,120.70010375976562,238.54116821289062,-1,-1,-1,-1
16,4,421.41595458984375,148.7080841064453,121.01983642578125,236.7074737548828,-1,-1,-1,-1
17,4,421.58685302734375,146.1609649658203,118.9390869140625,243.0904083251953,-1,-1,-1,-1
18,4,426.2789306640625,154.7718048095703,115.1904296875,234.4178009033203,-1,-1,-1,-1
19,4,423.0024108886719,161.15724182128906,115.46029663085938,231.1622772216797,-1,-1,-1,-1
20,4,420.96099853515625,163.45611572265625,115.37835693359375,223.55203247070312,-1,-1,-1,-1
21,4,414.9352722167969,159.84059143066406,113.45523071289062,218.82447814941406,-1,-1,-1,-1
22,4,411.7119140625,157.8007354736328,110.919921875,220.61952209472656,-1,-1,-1,-1
23,4,405.050537109375,150.2612762451172,103.89227294921875,229.7275848388672,-1,-1,-1,-1
24,4,406.4663391113281,151.20362854003906,103.4862060546875,228.75892639160156,-1,-1,-1,-1
25,4,403.9150695800781,147.9944305419922,100.24951171875,222.51902770996094,-1,-1,-1,-1
26,4,394.6468811035156,148.0115509033203,100.68118286132812,217.1995086669922,-1,-1,-1,-1
27,4,383.3064880371094,145.47315979003906,101.14984130859375,219.23497009277344,-1,-1,-1,-1
28,4,383.81427001953125,145.42999267578125,98.4127197265625,217.55172729492188,-1,-1,-1,-1
29,4,373.348876953125,145.06454467773438,107.86004638671875,219.92282104492188,-1,-1,-1,-1
30,4,371.35107421875,147.7451629638672,101.99005126953125,222.0748748779297,-1,-1,-1,-1
31,4,368.4859619140625,149.78668212890625,100.94073486328125,227.32064819335938,-1,-1,-1,-1
32,4,369.66802978515625,149.765625,97.12106323242188,229.23263549804688,-1,-1,-1,-1
33,4,372.0026550292969,151.49429321289062,93.32223510742188,214.64828491210938,-1,-1,-1,-1
34,4,371.7752990722656,153.6549072265625,93.53823852539062,207.73049926757812,-1,-1,-1,-1
35,4,372.056884765625,154.74000549316406,91.3331298828125,211.93650817871094,-1,-1,-1,-1
36,4,371.4706115722656,156.61402893066406,91.99359130859375,234.18479919433594,-1,-1,-1,-1
37,4,370.75982666015625,155.61419677734375,97.2862548828125,234.379150390625,-1,-1,-1,-1
38,4,366.2332763671875,157.49050903320312,109.53134155273438,235.39108276367188,-1,-1,-1,-1
39,4,363.9744873046875,154.49583435058594,111.56732177734375,244.41685485839844,-1,-1,-1,-1
40,4,363.97900390625,154.0129852294922,112.0699462890625,245.3624725341797,-1,-1,-1,-1
41,4,358.8027038574219,154.53268432617188,111.09222412109375,240.26666259765625,-1,-1,-1,-1
42,4,352.2604064941406,156.00912475585938,107.5264892578125,238.69509887695312,-1,-1,-1,-1
43,4,346.5386962890625,161.04177856445312,112.8040771484375,232.59326171875,-1,-1,-1,-1
44,4,342.0557861328125,162.62722778320312,117.39846801757812,231.46221923828125,-1,-1,-1,-1
45,4,339.7417907714844,162.94029235839844,116.3021240234375,230.51914978027344,-1,-1,-1,-1
46,4,339.56884765625,163.33309936523438,116.61788940429688,229.45742797851562,-1,-1,-1,-1
47,4,350.5672912597656,167.01455688476562,102.8798828125,231.13519287109375,-1,-1,-1,-1
48,4,347.3785400390625,165.35931396484375,97.048583984375,228.13424682617188,-1,-1,-1,-1
49,4,334.9221496582031,166.55357360839844,104.38577270507812,218.1555633544922,-1,-1,-1,-1
50,4,329.32989501953125,164.0018768310547,102.488037109375,218.4459686279297,-1,-1,-1,-1
51,4,325.9141845703125,163.01380920410156,106.6884765625,209.2838592529297,-1,-1,-1,-1
52,4,326.35687255859375,165.53933715820312,104.36538696289062,187.84323120117188,-1,-1,-1,-1
53,4,324.9582824707031,164.50733947753906,99.71408081054688,204.9886932373047,-1,-1,-1,-1
54,4,322.2310791015625,163.5645751953125,103.58102416992188,216.11984252929688,-1,-1,-1,-1
55,4,321.5111999511719,161.04458618164062,107.98281860351562,230.76629638671875,-1,-1,-1,-1
56,4,318.1742248535156,162.65972900390625,106.55221557617188,227.7537841796875,-1,-1,-1,-1
57,4,314.6847229003906,166.9904327392578,99.29342651367188,221.20997619628906,-1,-1,-1,-1
58,4,314.964599609375,168.44557189941406,96.73907470703125,215.6527862548828,-1,-1,-1,-1
59,4,312.6264343261719,172.80906677246094,95.22799682617188,194.61595153808594,-1,-1,-1,-1
60,4,304.65386962890625,177.987060546875,99.6431884765625,198.9261474609375,-1,-1,-1,-1
61,4,304.0364990234375,176.03807067871094,93.0694580078125,201.9141082763672,-1,-1,-1,-1
62,4,300.7625427246094,174.59091186523438,93.9678955078125,210.12408447265625,-1,-1,-1,-1
63,4,296.1806335449219,176.52151489257812,93.58016967773438,215.1279296875,-1,-1,-1,-1
64,4,295.7967834472656,176.6339569091797,93.43453979492188,216.4047393798828,-1,-1,-1,-1
65,4,292.2928466796875,177.3270721435547,97.59552001953125,219.0788116455078,-1,-1,-1,-1
66,4,290.11968994140625,180.5856170654297,98.551025390625,212.99427795410156,-1,-1,-1,-1
67,4,289.12689208984375,186.252197265625,93.41790771484375,200.80328369140625,-1,-1,-1,-1
68,4,287.1309814453125,187.84402465820312,100.17999267578125,204.36322021484375,-1,-1,-1,-1
6,5,534.2352294921875,296.61358642578125,86.18438720703125,116.37353515625,-1,-1,-1,-1
7,5,540.66943359375,298.0860290527344,85.25701904296875,114.437744140625,-1,-1,-1,-1
8,5,552.9396362304688,311.9125671386719,78.57818603515625,102.4278564453125,-1,-1,-1,-1
9,5,561.82666015625,311.9786376953125,81.327392578125,103.286376953125,-1,-1,-1,-1
10,5,561.9774780273438,311.44342041015625,83.4139404296875,103.8624267578125,-1,-1,-1,-1
11,5,569.1336059570312,305.70916748046875,92.74212646484375,110.1900634765625,-1,-1,-1,-1
12,5,575.6369018554688,264.538818359375,112.50946044921875,151.90988159179688,-1,-1,-1,-1
13,5,548.9000244140625,156.87159729003906,156.65838623046875,264.889892578125,-1,-1,-1,-1
19,6,504.630859375,215.3546600341797,119.8096923828125,189.34800720214844,-1,-1,-1,-1
20,6,469.34515380859375,216.42953491210938,108.70849609375,181.198486328125,-1,-1,-1,-1
21,6,459.3240051269531,206.5535125732422,106.38919067382812,192.2673797607422,-1,-1,-1,-1
22,6,454.5191650390625,198.3397674560547,111.5460205078125,201.02134704589844,-1,-1,-1,-1
23,6,446.088134765625,203.0990447998047,115.40765380859375,199.8527374267578,-1,-1,-1,-1
24,6,438.75177001953125,203.43592834472656,103.12701416015625,199.87342834472656,-1,-1,-1,-1
25,6,424.8666076660156,156.91693115234375,123.22763061523438,247.71731567382812,-1,-1,-1,-1
26,6,417.2072448730469,137.02276611328125,128.26144409179688,263.871826171875,-1,-1,-1,-1
27,6,418.5028076171875,121.44163513183594,126.4337158203125,274.544677734375,-1,-1,-1,-1
28,6,423.3275451660156,120.56414794921875,122.22616577148438,271.48980712890625,-1,-1,-1,-1
29,6,419.32733154296875,119.14909362792969,122.17816162109375,281.711669921875,-1,-1,-1,-1
30,6,411.27392578125,119.37648010253906,130.95062255859375,280.84625244140625,-1,-1,-1,-1
31,6,410.6336364746094,117.98062133789062,123.49905395507812,286.0989990234375,-1,-1,-1,-1
32,6,410.9476623535156,116.38988494873047,119.68344116210938,294.1814880371094,-1,-1,-1,-1
33,6,398.0240783691406,113.61287689208984,128.56338500976562,289.76397705078125,-1,-1,-1,-1
34,6,400.1958312988281,116.02117156982422,126.02188110351562,285.11590576171875,-1,-1,-1,-1
35,6,403.6994323730469,120.17276000976562,116.40896606445312,273.3962097167969,-1,-1,-1,-1
36,6,399.6036376953125,117.218017578125,109.53277587890625,285.16680908203125,-1,-1,-1,-1
37,6,382.7712097167969,119.51786804199219,122.55349731445312,265.69921875,-1,-1,-1,-1
38,6,383.24462890625,120.37809753417969,125.18609619140625,262.48724365234375,-1,-1,-1,-1
39,6,383.7770690917969,124.0815200805664,120.31402587890625,257.6804504394531,-1,-1,-1,-1
40,6,383.2757568359375,123.64947509765625,119.16436767578125,255.12832641601562,-1,-1,-1,-1
41,6,388.6792907714844,125.21466827392578,111.32424926757812,253.28594970703125,-1,-1,-1,-1
42,6,384.9633483886719,126.60050964355469,115.03045654296875,261.93878173828125,-1,-1,-1,-1
43,6,382.5589904785156,126.20597076416016,114.89694213867188,257.5460205078125,-1,-1,-1,-1
44,6,384.2491455078125,126.78036499023438,104.70306396484375,258.2558288574219,-1,-1,-1,-1
45,6,385.4158630371094,125.40001678466797,107.4444580078125,259.67376708984375,-1,-1,-1,-1
46,6,386.1864013671875,125.6097640991211,106.4971923828125,259.6908264160156,-1,-1,-1,-1
47,6,380.65240478515625,124.78152465820312,111.94964599609375,262.92803955078125,-1,-1,-1,-1
48,6,376.0228576660156,125.71021270751953,118.96844482421875,264.75048828125,-1,-1,-1,-1
49,6,365.4322509765625,126.37520599365234,135.51156616210938,262.4973449707031,-1,-1,-1,-1
50,6,363.6422119140625,126.8408432006836,133.598876953125,261.99639892578125,-1,-1,-1,-1
51,6,356.4757385253906,128.52277374267578,145.76272583007812,261.38665771484375,-1,-1,-1,-1
52,6,355.7149658203125,128.4536590576172,146.69412231445312,257.94561767578125,-1,-1,-1,-1
53,6,359.0520324707031,131.72335815429688,139.02755737304688,268.4819030761719,-1,-1,-1,-1
54,6,348.9290771484375,134.82142639160156,147.9747314453125,270.0577392578125,-1,-1,-1,-1
30,7,496.1991271972656,327.61602783203125,101.97427368164062,114.48663330078125,-1,-1,-1,-1
31,7,462.0470886230469,320.27508544921875,121.78530883789062,120.52993774414062,-1,-1,-1,-1
32,7,454.6539001464844,227.677490234375,133.46707153320312,216.52572631835938,-1,-1,-1,-1
33,7,455.2349548339844,160.09054565429688,149.50601196289062,284.7184753417969,-1,-1,-1,-1
34,7,462.0700988769531,159.05540466308594,146.37942504882812,284.276611328125,-1,-1,-1,-1
35,7,462.2324523925781,158.0529022216797,140.51876831054688,286.2406005859375,-1,-1,-1,-1
36,7,476.1122741699219,159.397216796875,134.56185913085938,275.10693359375,-1,-1,-1,-1
37,7,485.53070068359375,140.3119659423828,151.84210205078125,287.22515869140625,-1,-1,-1,-1
37,8,418.85614013671875,183.4153594970703,101.27886962890625,215.7583465576172,-1,-1,-1,-1
38,8,408.3608703613281,188.36083984375,110.99014282226562,214.29656982421875,-1,-1,-1,-1
39,8,418.3293762207031,191.06712341308594,103.92654418945312,218.44248962402344,-1,-1,-1,-1
40,8,419.2144470214844,192.7875213623047,103.60055541992188,216.72825622558594,-1,-1,-1,-1
41,8,416.0480651855469,194.9741973876953,107.01223754882812,211.86436462402344,-1,-1,-1,-1
42,8,410.94586181640625,198.3717041015625,108.6065673828125,205.904296875,-1,-1,-1,-1
43,8,422.106201171875,212.04388427734375,105.5936279296875,200.3216552734375,-1,-1,-1,-1
44,8,417.06683349609375,231.43016052246094,96.91635131835938,183.13975524902344,-1,-1,-1,-1
45,8,414.6093444824219,229.68785095214844,90.32962036132812,185.0805206298828,-1,-1,-1,-1
46,8,415.01470947265625,229.32432556152344,89.447021484375,185.01341247558594,-1,-1,-1,-1
47,8,404.1356201171875,209.50686645507812,97.3355712890625,206.111572265625,-1,-1,-1,-1
48,8,391.5073547363281,196.22340393066406,108.79876708984375,216.59922790527344,-1,-1,-1,-1
49,8,378.6885986328125,193.07603454589844,128.19781494140625,217.13514709472656,-1,-1,-1,-1
50,8,374.2916259765625,196.06658935546875,131.51397705078125,215.2724609375,-1,-1,-1,-1
51,8,369.6755065917969,196.0875701904297,137.18423461914062,217.27561950683594,-1,-1,-1,-1
52,8,369.64678955078125,195.24545288085938,137.00668334960938,218.5389404296875,-1,-1,-1,-1
53,8,364.0648498535156,190.43380737304688,137.31317138671875,221.08233642578125,-1,-1,-1,-1
54,8,352.8003845214844,174.4600830078125,140.78005981445312,238.96078491210938,-1,-1,-1,-1
55,8,338.3990173339844,144.04440307617188,154.8262939453125,269.6598205566406,-1,-1,-1,-1
56,8,334.8955383300781,142.49298095703125,151.23275756835938,270.6612548828125,-1,-1,-1,-1
57,8,331.794189453125,143.43968200683594,149.70864868164062,271.65264892578125,-1,-1,-1,-1
58,8,330.09619140625,143.82403564453125,152.33804321289062,271.3498840332031,-1,-1,-1,-1
59,8,327.296142578125,142.796142578125,151.05319213867188,279.07684326171875,-1,-1,-1,-1
60,8,331.5574951171875,143.1486053466797,148.32351684570312,277.69207763671875,-1,-1,-1,-1
61,8,353.703369140625,143.02508544921875,126.90087890625,277.4676208496094,-1,-1,-1,-1
62,8,359.16796875,142.29808044433594,124.3438720703125,279.8394775390625,-1,-1,-1,-1
63,8,371.9378662109375,145.5499267578125,104.27349853515625,262.80340576171875,-1,-1,-1,-1
64,8,373.19427490234375,146.01365661621094,101.85296630859375,257.93292236328125,-1,-1,-1,-1
65,8,369.55096435546875,145.9895477294922,104.8006591796875,260.4400634765625,-1,-1,-1,-1
66,8,367.52484130859375,147.2526397705078,110.507080078125,257.1240234375,-1,-1,-1,-1
67,8,361.095458984375,148.76609802246094,113.85116577148438,265.93048095703125,-1,-1,-1,-1
68,8,368.987548828125,153.0016632080078,106.15283203125,235.05567932128906,-1,-1,-1,-1
69,8,371.8297424316406,158.85226440429688,109.81546020507812,246.78436279296875,-1,-1,-1,-1
70,8,364.11474609375,158.9634246826172,117.0330810546875,250.6075897216797,-1,-1,-1,-1
71,8,373.6521301269531,159.048583984375,114.62802124023438,250.7386474609375,-1,-1,-1,-1
72,8,377.4056091308594,163.31613159179688,111.04232788085938,261.5785217285156,-1,-1,-1,-1
73,8,377.939697265625,164.43234252929688,104.85491943359375,262.42156982421875,-1,-1,-1,-1
74,8,377.6755676269531,165.20547485351562,102.51773071289062,264.0107727050781,-1,-1,-1,-1
75,8,376.1080322265625,165.2137908935547,103.1370849609375,259.41864013671875,-1,-1,-1,-1
76,8,377.336181640625,164.8940887451172,99.98260498046875,259.4664306640625,-1,-1,-1,-1
77,8,378.68157958984375,167.43099975585938,98.99566650390625,247.70797729492188,-1,-1,-1,-1
78,8,374.6542053222656,169.08148193359375,96.19882202148438,241.35763549804688,-1,-1,-1,-1
79,8,374.0511474609375,170.12950134277344,97.4578857421875,247.3958282470703,-1,-1,-1,-1
80,8,372.49517822265625,168.79452514648438,103.315673828125,250.27297973632812,-1,-1,-1,-1
81,8,376.20806884765625,167.38343811035156,100.46249389648438,256.09068298339844,-1,-1,-1,-1
82,8,377.663818359375,167.33045959472656,98.28826904296875,254.54051208496094,-1,-1,-1,-1
83,8,381.1502685546875,169.15560913085938,85.49407958984375,230.302490234375,-1,-1,-1,-1
84,8,381.0247802734375,168.24818420410156,84.71636962890625,230.5248565673828,-1,-1,-1,-1
85,8,384.3218078613281,168.9736328125,78.91549682617188,232.29815673828125,-1,-1,-1,-1
86,8,383.8766174316406,168.656494140625,83.13958740234375,234.32406616210938,-1,-1,-1,-1
87,8,383.9937744140625,166.72332763671875,90.39019775390625,236.34100341796875,-1,-1,-1,-1
88,8,384.0914611816406,166.74765014648438,90.01727294921875,237.89071655273438,-1,-1,-1,-1
89,8,383.648681640625,166.24794006347656,89.49847412109375,245.17100524902344,-1,-1,-1,-1
90,8,383.22222900390625,166.242431640625,94.99313354492188,243.546630859375,-1,-1,-1,-1
91,8,382.9181823730469,165.4315948486328,98.60101318359375,271.36114501953125,-1,-1,-1,-1
92,8,386.52734375,180.17503356933594,96.43991088867188,258.75286865234375,-1,-1,-1,-1
41,9,532.5534057617188,335.0934143066406,87.472412109375,117.46804809570312,-1,-1,-1,-1
42,9,499.25433349609375,246.2091827392578,122.5845947265625,174.18409729003906,-1,-1,-1,-1
61,10,307.6295166015625,179.0860595703125,109.97381591796875,241.97378540039062,-1,-1,-1,-1
62,10,306.7958068847656,181.11436462402344,111.46841430664062,232.45640563964844,-1,-1,-1,-1
63,10,321.1165771484375,196.4593963623047,101.9580078125,222.0362091064453,-1,-1,-1,-1
64,10,323.7796936035156,201.77699279785156,100.0283203125,215.6272735595703,-1,-1,-1,-1
65,10,314.1915283203125,196.5786590576172,111.00900268554688,214.67250061035156,-1,-1,-1,-1
66,10,306.2368469238281,196.4051513671875,120.24462890625,216.80447387695312,-1,-1,-1,-1
67,10,301.086181640625,190.30868530273438,130.72030639648438,220.49713134765625,-1,-1,-1,-1
68,10,289.3901062011719,189.41383361816406,120.6510009765625,222.6926727294922,-1,-1,-1,-1
69,10,283.96087646484375,186.32986450195312,110.299560546875,227.42510986328125,-1,-1,-1,-1
70,10,284.0158386230469,185.64849853515625,108.17459106445312,228.49325561523438,-1,-1,-1,-1
71,10,285.065185546875,190.14768981933594,115.1568603515625,225.0985870361328,-1,-1,-1,-1
72,10,286.4423828125,189.13485717773438,106.07717895507812,225.38412475585938,-1,-1,-1,-1
73,10,288.14453125,190.72679138183594,108.20855712890625,221.5613250732422,-1,-1,-1,-1
74,10,287.2251281738281,190.86830139160156,116.08926391601562,225.26454162597656,-1,-1,-1,-1
75,10,288.9419860839844,193.9836883544922,114.10623168945312,222.50477600097656,-1,-1,-1,-1
76,10,289.5145263671875,195.66204833984375,113.09640502929688,220.72637939453125,-1,-1,-1,-1
77,10,294.89794921875,195.6310272216797,103.02154541015625,222.05711364746094,-1,-1,-1,-1
78,10,302.3917541503906,197.92724609375,91.50088500976562,221.255126953125,-1,-1,-1,-1
79,10,308.2106628417969,199.71615600585938,84.65203857421875,220.35040283203125,-1,-1,-1,-1
80,10,307.1889953613281,198.18785095214844,82.87896728515625,221.61134338378906,-1,-1,-1,-1
81,10,303.75946044921875,197.78981018066406,83.12701416015625,224.0844268798828,-1,-1,-1,-1
82,10,304.16845703125,197.6485137939453,81.98165893554688,224.61949157714844,-1,-1,-1,-1
83,10,291.06982421875,195.23721313476562,91.01821899414062,228.16375732421875,-1,-1,-1,-1
84,10,286.1950378417969,194.83029174804688,94.56979370117188,227.24749755859375,-1,-1,-1,-1
85,10,287.0928039550781,198.52784729003906,94.60409545898438,227.09449768066406,-1,-1,-1,-1
86,10,285.6578369140625,196.75718688964844,100.05935668945312,230.2872772216797,-1,-1,-1,-1
87,10,280.493896484375,201.44625854492188,101.7100830078125,227.06170654296875,-1,-1,-1,-1
88,10,281.1685791015625,202.66397094726562,99.8094482421875,225.8902587890625,-1,-1,-1,-1
89,10,286.2632141113281,201.3112335205078,100.89852905273438,227.1472930908203,-1,-1,-1,-1
90,10,293.05157470703125,198.71075439453125,99.54519653320312,230.64187622070312,-1,-1,-1,-1
91,10,297.855224609375,198.90090942382812,103.005615234375,232.88320922851562,-1,-1,-1,-1
92,10,301.1547546386719,203.94142150878906,101.23919677734375,227.9190216064453,-1,-1,-1,-1
93,10,310.85650634765625,205.9381103515625,100.63308715820312,226.69500732421875,-1,-1,-1,-1
94,10,309.86566162109375,205.9122314453125,104.92401123046875,226.29348754882812,-1,-1,-1,-1
95,10,322.83721923828125,222.16773986816406,115.44049072265625,210.6534881591797,-1,-1,-1,-1
96,10,333.1090087890625,222.97938537597656,99.7080078125,196.07725524902344,-1,-1,-1,-1
97,10,337.21026611328125,223.41053771972656,98.97222900390625,200.9390106201172,-1,-1,-1,-1
98,10,346.5140686035156,223.5994415283203,99.52569580078125,198.50633239746094,-1,-1,-1,-1
99,10,433.0102233886719,159.451416015625,120.57015991210938,299.3857727050781,-1,-1,-1,-1
100,10,412.5696716308594,82.26286315917969,259.6570739746094,553.7026977539062,-1,-1,-1,-1
62,11,502.245361328125,143.99899291992188,152.75115966796875,314.42230224609375,-1,-1,-1,-1
63,11,521.9044189453125,155.83604431152344,135.33428955078125,296.70294189453125,-1,-1,-1,-1
64,11,523.917236328125,157.2736358642578,132.38140869140625,294.68084716796875,-1,-1,-1,-1
65,11,521.177978515625,157.48507690429688,135.90081787109375,293.75885009765625,-1,-1,-1,-1
66,11,519.2006225585938,158.86683654785156,139.85205078125,292.5018310546875,-1,-1,-1,-1
67,11,522.0491333007812,160.6583251953125,137.8692626953125,293.436279296875,-1,-1,-1,-1
68,11,522.66796875,160.9478759765625,134.52825927734375,293.3879089355469,-1,-1,-1,-1
69,11,521.5573120117188,160.55467224121094,134.42578125,295.02960205078125,-1,-1,-1,-1
70,11,521.2066650390625,160.43820190429688,135.2645263671875,295.0909118652344,-1,-1,-1,-1
71,11,526.59228515625,162.04310607910156,128.77685546875,294.27642822265625,-1,-1,-1,-1
72,11,529.3643798828125,161.1673583984375,125.794189453125,295.2549743652344,-1,-1,-1,-1
73,11,533.9132690429688,162.51187133789062,118.912841796875,291.9051208496094,-1,-1,-1,-1
74,11,532.205322265625,162.10658264160156,119.7093505859375,293.28753662109375,-1,-1,-1,-1
75,11,538.8198852539062,162.99732971191406,109.955078125,293.99713134765625,-1,-1,-1,-1
76,11,539.3262329101562,163.02587890625,109.0245361328125,294.0426025390625,-1,-1,-1,-1
77,11,538.6156005859375,164.1826934814453,108.37493896484375,293.43280029296875,-1,-1,-1,-1
78,11,539.4057006835938,167.3739471435547,105.28826904296875,288.07586669921875,-1,-1,-1,-1
79,11,540.1546020507812,169.8616485595703,102.8690185546875,285.48876953125,-1,-1,-1,-1
80,11,534.9417724609375,171.01486206054688,106.86572265625,283.32366943359375,-1,-1,-1,-1
81,11,532.728271484375,173.9219970703125,108.90924072265625,279.3606262207031,-1,-1,-1,-1
82,11,532.9173583984375,173.93003845214844,108.8126220703125,279.71697998046875,-1,-1,-1,-1
83,11,530.1016845703125,175.1811981201172,109.1102294921875,280.99639892578125,-1,-1,-1,-1
84,11,529.3854370117188,175.05064392089844,108.64166259765625,283.5943603515625,-1,-1,-1,-1
85,11,528.4046630859375,174.39012145996094,105.6446533203125,286.0380859375,-1,-1,-1,-1
86,11,521.863525390625,174.84234619140625,108.7139892578125,286.63262939453125,-1,-1,-1,-1
87,11,517.6131591796875,175.43435668945312,112.32415771484375,285.8070373535156,-1,-1,-1,-1
88,11,516.6041259765625,174.86721801757812,113.92822265625,286.2174377441406,-1,-1,-1,-1
89,11,510.76513671875,173.97108459472656,119.479736328125,289.3199462890625,-1,-1,-1,-1
90,11,506.880859375,172.27044677734375,120.02349853515625,295.6375732421875,-1,-1,-1,-1
91,11,501.6791687011719,171.21463012695312,121.18435668945312,313.430908203125,-1,-1,-1,-1
92,11,502.40234375,166.19296264648438,122.44970703125,323.8736877441406,-1,-1,-1,-1
93,11,506.4928894042969,167.8466339111328,130.43338012695312,309.59051513671875,-1,-1,-1,-1
94,11,507.6099853515625,170.67308044433594,134.93377685546875,282.895751953125,-1,-1,-1,-1
95,11,509.7939758300781,173.1118927001953,136.16140747070312,289.056396484375,-1,-1,-1,-1
96,11,510.0585632324219,173.47406005859375,135.76699829101562,282.4100036621094,-1,-1,-1,-1
97,11,515.9085693359375,177.2096405029297,122.5555419921875,270.93695068359375,-1,-1,-1,-1
98,11,518.91357421875,179.63351440429688,120.2567138671875,268.7295837402344,-1,-1,-1,-1
99,11,477.32098388671875,100.08406066894531,221.94061279296875,401.287109375,-1,-1,-1,-1
100,11,432.9512939453125,69.98495483398438,359.25921630859375,575.0384521484375,-1,-1,-1,-1
66,12,748.0162963867188,119.93101501464844,85.29779052734375,157.5520782470703,-1,-1,-1,-1
67,12,742.504150390625,120.2610092163086,87.036376953125,168.58706665039062,-1,-1,-1,-1
68,12,738.2213745117188,121.13764190673828,79.88958740234375,165.364501953125,-1,-1,-1,-1
69,12,725.516845703125,125.14544677734375,89.83648681640625,171.0474853515625,-1,-1,-1,-1
70,12,725.38623046875,124.45448303222656,91.548828125,179.02052307128906,-1,-1,-1,-1
71,12,720.0432739257812,123.32691955566406,93.82672119140625,192.4284210205078,-1,-1,-1,-1
72,12,702.9512329101562,127.5350341796875,107.466796875,211.32669067382812,-1,-1,-1,-1
73,12,700.5733032226562,125.25550842285156,107.25,226.94126892089844,-1,-1,-1,-1
74,12,687.041259765625,126.5203857421875,112.7218017578125,239.5233154296875,-1,-1,-1,-1
75,12,679.6676025390625,126.23094177246094,117.414794921875,260.04632568359375,-1,-1,-1,-1
76,12,678.72314453125,124.73896026611328,120.99957275390625,277.8117980957031,-1,-1,-1,-1
77,12,675.7610473632812,124.84548950195312,115.20330810546875,271.1914978027344,-1,-1,-1,-1
78,12,661.510498046875,126.62013244628906,119.79669189453125,262.23211669921875,-1,-1,-1,-1
79,12,661.1052856445312,130.83871459960938,120.01629638671875,279.1259765625,-1,-1,-1,-1
80,12,641.7159423828125,128.3863067626953,131.04833984375,287.93792724609375,-1,-1,-1,-1
81,12,641.980224609375,125.17536926269531,121.83831787109375,286.0869140625,-1,-1,-1,-1
82,12,642.0140991210938,124.6053237915039,119.55206298828125,288.7528381347656,-1,-1,-1,-1
83,12,632.8597412109375,130.83358764648438,120.3658447265625,287.56146240234375,-1,-1,-1,-1
84,12,630.1644897460938,127.89703369140625,115.72308349609375,288.1904602050781,-1,-1,-1,-1
85,12,615.5196533203125,127.34812927246094,125.864013671875,323.26470947265625,-1,-1,-1,-1
86,12,607.8576049804688,130.32785034179688,134.85009765625,318.4200134277344,-1,-1,-1,-1
87,12,600.5073852539062,133.5354461669922,134.66558837890625,312.88616943359375,-1,-1,-1,-1
88,12,600.0619506835938,132.48822021484375,131.0048828125,315.07305908203125,-1,-1,-1,-1
89,12,604.8273315429688,138.80667114257812,132.18536376953125,306.1070556640625,-1,-1,-1,-1
90,12,603.3531494140625,142.8778533935547,136.67474365234375,301.271240234375,-1,-1,-1,-1
91,12,604.75146484375,146.04196166992188,129.724365234375,298.5899963378906,-1,-1,-1,-1
92,12,584.6884765625,142.66195678710938,135.70477294921875,294.4566650390625,-1,-1,-1,-1
93,12,521.001953125,170.24317932128906,129.8173828125,288.1473388671875,-1,-1,-1,-1
81,13,387.7430114746094,266.1042175292969,88.55996704101562,200.04995727539062,-1,-1,-1,-1
82,13,390.08612060546875,266.3791198730469,89.0362548828125,200.73919677734375,-1,-1,-1,-1
83,13,413.5065612792969,243.46759033203125,113.07138061523438,228.998046875,-1,-1,-1,-1
88,14,369.96551513671875,222.24234008789062,72.32110595703125,178.64410400390625,-1,-1,-1,-1
89,14,364.90118408203125,221.04681396484375,80.7576904296875,182.5299072265625,-1,-1,-1,-1
90,14,365.999267578125,209.79713439941406,93.03866577148438,204.60118103027344,-1,-1,-1,-1
91,14,386.1634216308594,194.7115020751953,96.77993774414062,246.1081085205078,-1,-1,-1,-1
92,14,388.0723876953125,211.6604766845703,89.0841064453125,230.3220977783203,-1,-1,-1,-1
93,14,384.0870361328125,226.951171875,86.93377685546875,214.3961181640625,-1,-1,-1,-1
94,14,384.128662109375,227.3291778564453,87.4337158203125,212.64976501464844,-1,-1,-1,-1
95,14,378.7042236328125,229.59780883789062,93.94107055664062,210.24114990234375,-1,-1,-1,-1
96,14,372.6403503417969,228.03765869140625,100.77716064453125,206.97811889648438,-1,-1,-1,-1
97,14,382.8512268066406,233.08755493164062,92.47134399414062,186.33059692382812,-1,-1,-1,-1
98,14,376.554443359375,233.29403686523438,98.52188110351562,193.66751098632812,-1,-1,-1,-1
99,14,457.0128479003906,187.44041442871094,132.58749389648438,274.64483642578125,-1,-1,-1,-1
100,14,414.2121276855469,68.17637634277344,339.4059143066406,607.2108154296875,-1,-1,-1,-1
101,14,404.29620361328125,55.53984451293945,411.33941650390625,677.4867553710938,-1,-1,-1,-1
96,15,494.21051025390625,380.3134460449219,71.30535888671875,117.15777587890625,-1,-1,-1,-1
97,15,486.8570556640625,376.013671875,72.1849365234375,120.32449340820312,-1,-1,-1,-1
98,15,468.2805480957031,326.93621826171875,89.30166625976562,168.40390014648438,-1,-1,-1,-1
99,15,462.57427978515625,212.93698120117188,258.70513916015625,434.4324645996094,-1,-1,-1,-1
100,15,438.9185485839844,64.36444091796875,347.8369445800781,666.873779296875,-1,-1,-1,-1
101,15,428.4610900878906,63.11642074584961,375.4106140136719,667.3863525390625,-1,-1,-1,-1
102,15,421.04766845703125,59.668514251708984,391.73736572265625,665.7127685546875,-1,-1,-1,-1
103,15,422.58782958984375,56.12939453125,393.71478271484375,669.5582275390625,-1,-1,-1,-1
104,15,409.0582275390625,59.8178825378418,415.13916015625,665.6129760742188,-1,-1,-1,-1
105,15,408.38299560546875,58.25464630126953,416.26776123046875,666.2468872070312,-1,-1,-1,-1
106,15,406.190673828125,57.83946228027344,419.8773193359375,667.2581787109375,-1,-1,-1,-1
107,15,410.3218994140625,58.56705093383789,409.26202392578125,667.2869873046875,-1,-1,-1,-1
108,15,401.16571044921875,57.778072357177734,424.91998291015625,669.9291381835938,-1,-1,-1,-1
109,15,404.85443115234375,59.167415618896484,417.5245361328125,666.1727905273438,-1,-1,-1,-1
110,15,396.9864807128906,59.47814178466797,429.2963562011719,666.7706298828125,-1,-1,-1,-1
111,15,397.0557861328125,60.04745864868164,430.63604736328125,667.451416015625,-1,-1,-1,-1
112,15,400.18084716796875,61.07697677612305,425.8023681640625,665.2308959960938,-1,-1,-1,-1
113,15,396.6326904296875,58.47154235839844,428.4342041015625,670.09716796875,-1,-1,-1,-1
114,15,389.1622314453125,58.68893051147461,438.36016845703125,668.909423828125,-1,-1,-1,-1
115,15,383.97747802734375,57.919864654541016,440.7626953125,672.2299194335938,-1,-1,-1,-1
116,15,386.6307373046875,57.33542251586914,440.39739990234375,673.572509765625,-1,-1,-1,-1
117,15,384.362060546875,59.641929626464844,439.29693603515625,669.4981079101562,-1,-1,-1,-1
118,15,382.5565490722656,59.22348403930664,443.1220397949219,671.033203125,-1,-1,-1,-1
119,15,399.3593444824219,59.333133697509766,426.8000793457031,667.276123046875,-1,-1,-1,-1
120,15,395.66473388671875,61.67605209350586,422.59393310546875,662.3534545898438,-1,-1,-1,-1
121,15,402.613525390625,55.84334182739258,428.6026611328125,670.68115234375,-1,-1,-1,-1
122,15,422.60919189453125,57.4099235534668,411.76898193359375,666.2405395507812,-1,-1,-1,-1
123,15,419.89984130859375,66.02322387695312,404.70159912109375,655.1131591796875,-1,-1,-1,-1
124,15,426.91278076171875,66.19551086425781,392.21429443359375,653.4423828125,-1,-1,-1,-1
125,15,432.4385986328125,64.4657211303711,386.36224365234375,653.4390869140625,-1,-1,-1,-1
126,15,428.3221435546875,54.302574157714844,419.4656982421875,670.4580078125,-1,-1,-1,-1
127,15,419.20269775390625,51.68827819824219,428.6435546875,675.1528930664062,-1,-1,-1,-1
128,15,427.65869140625,47.04035186767578,409.05780029296875,679.809326171875,-1,-1,-1,-1
129,15,431.5682067871094,50.51510238647461,401.8871765136719,676.6696166992188,-1,-1,-1,-1
130,15,429.35992431640625,50.11255645751953,401.63763427734375,678.5631103515625,-1,-1,-1,-1
131,15,437.8041687011719,46.956817626953125,391.4834289550781,680.3134765625,-1,-1,-1,-1
