11,1,462.2066955566406,652.6453857421875,196.61361694335938,431.504150390625,-1,-1,-1,-1
12,1,466.338623046875,657.3517456054688,189.61578369140625,426.67364501953125,-1,-1,-1,-1
13,1,490.8759765625,534.5485229492188,200.4014892578125,551.8583374023438,-1,-1,-1,-1
14,1,321.7886962890625,444.2896423339844,398.70660400390625,644.49267578125,-1,-1,-1,-1
15,1,396.0234375,168.92857360839844,379.2464599609375,913.3631591796875,-1,-1,-1,-1
16,1,278.3099060058594,44.46884536743164,468.9486999511719,1044.1361083984375,-1,-1,-1,-1
17,1,242.0810089111328,22.03214454650879,518.5006103515625,1061.0921630859375,-1,-1,-1,-1
18,1,244.98963928222656,41.13190841674805,574.3886108398438,1055.8983154296875,-1,-1,-1,-1
19,1,248.24819946289062,45.295555114746094,564.470458984375,1048.35400390625,-1,-1,-1,-1
20,1,299.7372131347656,36.7430534362793,498.6735534667969,1051.393310546875,-1,-1,-1,-1
21,1,322.7449645996094,109.60336303710938,445.5757141113281,992.8250732421875,-1,-1,-1,-1
22,1,328.6730041503906,132.97705078125,438.9418029785156,958.927734375,-1,-1,-1,-1
23,1,314.79632568359375,149.27178955078125,412.68780517578125,938.8228149414062,-1,-1,-1,-1
24,1,312.8435363769531,148.09884643554688,412.4189147949219,936.754638671875,-1,-1,-1,-1
25,1,285.6170654296875,137.39895629882812,453.3692626953125,951.6566162109375,-1,-1,-1,-1
26,1,296.64288330078125,138.13731384277344,455.19232177734375,957.126708984375,-1,-1,-1,-1
27,1,294.6310729980469,143.6588134765625,458.9290466308594,951.519775390625,-1,-1,-1,-1
28,1,325.541259765625,138.74807739257812,448.7974853515625,951.20751953125,-1,-1,-1,-1
29,1,353.7203063964844,158.51922607421875,424.0668029785156,929.7083129882812,-1,-1,-1,-1
30,1,356.38671875,165.65243530273438,422.13092041015625,922.7271728515625,-1,-1,-1,-1
31,1,364.33782958984375,116.95804595947266,455.946044921875,973.2324829101562,-1,-1,-1,-1
32,1,368.22369384765625,144.88433837890625,454.772216796875,944.2286987304688,-1,-1,-1,-1
33,1,371.4525146484375,133.96136474609375,452.90203857421875,956.0126342773438,-1,-1,-1,-1
34,1,525.5928344726562,222.36260986328125,292.52447509765625,871.8709106445312,-1,-1,-1,-1
35,1,665.5628051757812,186.28102111816406,257.14703369140625,902.4542236328125,-1,-1,-1,-1
36,1,727.056396484375,223.11143493652344,239.39398193359375,692.482421875,-1,-1,-1,-1
37,1,525.2088623046875,217.9522247314453,258.969970703125,683.9931030273438,-1,-1,-1,-1
38,1,445.81097412109375,213.9232177734375,329.5279541015625,891.6507568359375,-1,-1,-1,-1
39,1,756.3495483398438,194.92271423339844,283.68365478515625,937.527099609375,-1,-1,-1,-1
40,1,776.6845092773438,247.90267944335938,225.99554443359375,860.67529296875,-1,-1,-1,-1
41,1,923.617431640625,259.9458923339844,281.005126953125,848.426513671875,-1,-1,-1,-1
42,1,794.7218627929688,372.4072265625,192.4801025390625,711.296875,-1,-1,-1,-1
43,1,791.0484008789062,447.0806884765625,188.17840576171875,675.263427734375,-1,-1,-1,-1
44,1,789.849609375,415.4969177246094,218.05413818359375,664.22021484375,-1,-1,-1,-1
45,1,937.6260986328125,419.3660583496094,221.8006591796875,667.96875,-1,-1,-1,-1
46,1,922.1216430664062,427.74346923828125,171.86895751953125,623.4033813476562,-1,-1,-1,-1
47,1,850.5962524414062,515.117431640625,201.19390869140625,628.9608154296875,-1,-1,-1,-1
48,1,717.537841796875,381.6434020996094,291.7528076171875,771.2464599609375,-1,-1,-1,-1
49,1,774.3101196289062,358.4768981933594,309.10894775390625,737.333984375,-1,-1,-1,-1
50,1,750.8760375976562,265.4783020019531,287.88751220703125,819.4188232421875,-1,-1,-1,-1
51,1,801.7332763671875,408.2962951660156,350.3074951171875,692.4130859375,-1,-1,-1,-1
52,1,836.0985107421875,454.0459899902344,379.790283203125,651.06201171875,-1,-1,-1,-1
53,1,839.3525390625,461.35394287109375,360.108642578125,633.2095336914062,-1,-1,-1,-1
54,1,868.1814575195312,419.4865417480469,392.11029052734375,678.2630615234375,-1,-1,-1,-1
55,1,881.90625,417.50531005859375,391.713623046875,678.2573852539062,-1,-1,-1,-1
56,1,885.0525512695312,413.57177734375,383.64764404296875,682.5068359375,-1,-1,-1,-1
57,1,950.39794921875,410.9718322753906,361.6531982421875,675.62255859375,-1,-1,-1,-1
58,1,995.604736328125,428.88671875,334.85986328125,664.2392578125,-1,-1,-1,-1
59,1,1005.8616333007812,426.01123046875,321.96209716796875,665.063720703125,-1,-1,-1,-1
60,1,1113.07421875,446.5904235839844,232.0343017578125,640.9486083984375,-1,-1,-1,-1
61,1,1147.729248046875,483.0570983886719,293.9161376953125,601.7413330078125,-1,-1,-1,-1
62,1,892.287353515625,482.5855712890625,305.2496337890625,616.2821044921875,-1,-1,-1,-1
63,1,907.7484130859375,492.76080322265625,330.5469970703125,594.3214721679688,-1,-1,-1,-1
55,2,625.6771850585938,466.5628967285156,213.47113037109375,404.1861267089844,-1,-1,-1,-1
56,2,627.7136840820312,465.8836364746094,209.1446533203125,410.7164611816406,-1,-1,-1,-1
57,2,679.4376831054688,455.2049865722656,214.95623779296875,454.2956237792969,-1,-1,-1,-1
58,2,694.8947143554688,440.2093200683594,231.80487060546875,563.981689453125,-1,-1,-1,-1
59,2,689.8357543945312,388.4195556640625,239.95831298828125,697.7352294921875,-1,-1,-1,-1
60,2,784.5128173828125,471.0543212890625,233.0447998046875,602.8345947265625,-1,-1,-1,-1
61,2,773.99462890625,486.05987548828125,246.85247802734375,588.2750854492188,-1,-1,-1,-1
62,2,772.9127197265625,493.96356201171875,370.1458740234375,591.7156372070312,-1,-1,-1,-1
63,2,846.9522705078125,476.81182861328125,402.6107177734375,609.8108520507812,-1,-1,-1,-1
64,2,913.6942138671875,489.01678466796875,312.37109375,596.6759643554688,-1,-1,-1,-1
65,2,780.6339721679688,418.2650146484375,388.13079833984375,669.026611328125,-1,-1,-1,-1
66,2,792.6355590820312,412.02923583984375,364.60467529296875,683.5112915039062,-1,-1,-1,-1
67,2,838.7297973632812,411.3999938964844,337.69866943359375,674.9949951171875,-1,-1,-1,-1
68,2,908.0634765625,455.00433349609375,341.0924072265625,648.9567260742188,-1,-1,-1,-1
69,2,909.0510864257812,468.4923400878906,334.95611572265625,628.2825927734375,-1,-1,-1,-1
70,2,946.7056274414062,479.23248291015625,350.55047607421875,625.0145874023438,-1,-1,-1,-1
71,2,959.788330078125,519.0084838867188,359.295654296875,584.8914184570312,-1,-1,-1,-1
72,2,967.7828979492188,514.6951293945312,348.78277587890625,593.0910034179688,-1,-1,-1,-1
73,2,981.7069091796875,599.3123168945312,361.703857421875,510.09051513671875,-1,-1,-1,-1
74,2,975.287353515625,612.526611328125,359.118896484375,491.5447998046875,-1,-1,-1,-1
75,2,970.9422607421875,615.737548828125,371.305908203125,491.83349609375,-1,-1,-1,-1
76,2,995.4105224609375,592.6804809570312,359.98583984375,507.06646728515625,-1,-1,-1,-1
77,2,991.02392578125,584.8765258789062,362.420166015625,505.02532958984375,-1,-1,-1,-1
78,2,1066.218505859375,653.7899169921875,332.5311279296875,478.122802734375,-1,-1,-1,-1
79,2,1129.34716796875,683.0850219726562,284.31201171875,434.18817138671875,-1,-1,-1,-1
80,2,1153.50927734375,686.7849731445312,256.7493896484375,435.99249267578125,-1,-1,-1,-1
81,2,1090.7255859375,636.4859008789062,309.8389892578125,456.46124267578125,-1,-1,-1,-1
82,2,1082.1346435546875,626.6106567382812,314.4578857421875,466.33135986328125,-1,-1,-1,-1
83,2,926.5463256835938,617.0606079101562,332.44720458984375,486.47650146484375,-1,-1,-1,-1
84,2,819.3372802734375,543.54443359375,434.504638671875,551.7584228515625,-1,-1,-1,-1
85,2,771.1082763671875,494.71405029296875,482.6953125,602.5977172851562,-1,-1,-1,-1
86,2,893.6704711914062,509.04248046875,270.34039306640625,580.3841552734375,-1,-1,-1,-1
87,2,822.2706298828125,537.89013671875,284.0721435546875,549.3541259765625,-1,-1,-1,-1
88,2,797.4916381835938,446.4918518066406,307.18402099609375,640.66552734375,-1,-1,-1,-1
89,2,735.9287109375,515.5405883789062,294.9244384765625,571.3807983398438,-1,-1,-1,-1
90,2,748.5862426757812,482.5818176269531,265.11541748046875,587.1478271484375,-1,-1,-1,-1
91,2,725.0416259765625,418.9647216796875,229.81622314453125,670.0316162109375,-1,-1,-1,-1
92,2,736.5366821289062,428.8830871582031,216.5703125,660.940673828125,-1,-1,-1,-1
93,2,751.1473999023438,450.0347900390625,203.94598388671875,635.354736328125,-1,-1,-1,-1
94,2,678.9329833984375,379.0169982910156,258.72589111328125,705.8570556640625,-1,-1,-1,-1
95,2,612.468017578125,272.20758056640625,279.1156005859375,821.1506958007812,-1,-1,-1,-1
96,2,561.0439453125,291.3576965332031,343.9632568359375,793.065673828125,-1,-1,-1,-1
97,2,560.7496337890625,266.5888977050781,359.39691162109375,817.7403564453125,-1,-1,-1,-1
98,2,669.3521118164062,319.74200439453125,310.6845703125,766.6185913085938,-1,-1,-1,-1
99,2,708.1575317382812,334.8970642089844,306.984130859375,749.845703125,-1,-1,-1,-1
100,2,698.0439453125,336.7337951660156,303.13433837890625,751.441162109375,-1,-1,-1,-1
101,2,720.932373046875,343.6981201171875,316.288330078125,737.34716796875,-1,-1,-1,-1
102,2,773.77001953125,352.3876037597656,265.152099609375,733.48193359375,-1,-1,-1,-1
103,2,788.3161010742188,362.0726623535156,266.47015380859375,719.8194580078125,-1,-1,-1,-1
104,2,832.5119018554688,374.16619873046875,239.50408935546875,710.0186157226562,-1,-1,-1,-1
105,2,857.4714965820312,405.9170227050781,216.71978759765625,671.7130126953125,-1,-1,-1,-1
106,2,895.2499389648438,500.0567626953125,184.73419189453125,587.139892578125,-1,-1,-1,-1
107,2,883.3165283203125,521.2097778320312,199.4404296875,558.4923706054688,-1,-1,-1,-1
108,2,859.6217651367188,564.8554077148438,181.13653564453125,521.4977416992188,-1,-1,-1,-1
109,2,854.8699951171875,493.6141662597656,212.7186279296875,595.4088134765625,-1,-1,-1,-1
110,2,834.082763671875,629.8394775390625,189.65435791015625,455.4481201171875,-1,-1,-1,-1
111,2,846.9287109375,665.7817993164062,145.86883544921875,422.86578369140625,-1,-1,-1,-1
112,2,744.4636840820312,587.7425537109375,222.92926025390625,502.3165283203125,-1,-1,-1,-1
113,2,686.059326171875,647.12744140625,269.49285888671875,446.0377197265625,-1,-1,-1,-1
114,2,713.4025268554688,704.5459594726562,217.3759765625,388.95599365234375,-1,-1,-1,-1
115,2,722.80517578125,789.867431640625,152.447021484375,285.076416015625,-1,-1,-1,-1
116,2,734.96728515625,846.0296020507812,110.64837646484375,238.99359130859375,-1,-1,-1,-1
117,2,735.8410034179688,851.2401123046875,107.14703369140625,234.2451171875,-1,-1,-1,-1
118,2,717.4918823242188,883.2279663085938,100.1334228515625,196.83892822265625,-1,-1,-1,-1
119,2,700.6558227539062,806.3047485351562,110.96630859375,280.35211181640625,-1,-1,-1,-1
120,2,675.8804321289062,742.419677734375,161.0155029296875,340.9981689453125,-1,-1,-1,-1
121,2,706.9102783203125,669.0634155273438,197.07025146484375,402.01800537109375,-1,-1,-1,-1
122,2,637.6552734375,688.1876220703125,270.73504638671875,393.68994140625,-1,-1,-1,-1
123,2,641.1077880859375,729.7576293945312,265.50018310546875,358.40325927734375,-1,-1,-1,-1
124,2,600.43359375,694.8380737304688,280.66339111328125,394.19146728515625,-1,-1,-1,-1
125,2,541.4525756835938,626.5576782226562,342.739990234375,465.47723388671875,-1,-1,-1,-1
126,2,490.3222961425781,582.1527709960938,418.7008972167969,509.17376708984375,-1,-1,-1,-1
127,2,500.3587646484375,533.3978271484375,439.15386962890625,553.6749267578125,-1,-1,-1,-1
128,2,517.8793334960938,447.43212890625,437.05859375,647.5653076171875,-1,-1,-1,-1
129,2,469.58795166015625,402.5585632324219,531.897705078125,695.633544921875,-1,-1,-1,-1
130,2,536.2987670898438,437.8503723144531,449.09136962890625,652.1156005859375,-1,-1,-1,-1
131,2,552.2987670898438,396.23504638671875,434.80364990234375,692.9922485351562,-1,-1,-1,-1
132,2,554.90185546875,493.7781066894531,457.65380859375,592.794189453125,-1,-1,-1,-1
133,2,561.7324829101562,415.3736877441406,450.12841796875,681.2073974609375,-1,-1,-1,-1
134,2,582.6746826171875,437.9215087890625,424.1636962890625,650.10400390625,-1,-1,-1,-1
135,2,582.1159057617188,451.36932373046875,438.65496826171875,641.5781860351562,-1,-1,-1,-1
136,2,566.3473510742188,457.8884582519531,439.43890380859375,640.417724609375,-1,-1,-1,-1
137,2,515.608642578125,446.88525390625,492.6087646484375,644.043701171875,-1,-1,-1,-1
138,2,464.7306213378906,444.18939208984375,501.7931213378906,652.5888061523438,-1,-1,-1,-1
139,2,476.65338134765625,405.06964111328125,508.6697998046875,701.0573120117188,-1,-1,-1,-1
140,2,509.7069396972656,400.2165222167969,444.1265563964844,704.0279541015625,-1,-1,-1,-1
141,2,529.0936889648438,429.0743713378906,438.48907470703125,666.2550048828125,-1,-1,-1,-1
142,2,547.1044311523438,371.09576416015625,485.48065185546875,729.4210815429688,-1,-1,-1,-1
143,2,581.573974609375,357.93780517578125,472.29052734375,740.2097778320312,-1,-1,-1,-1
144,2,613.3587646484375,351.6269836425781,444.8941650390625,746.720703125,-1,-1,-1,-1
145,2,654.3155517578125,214.3980255126953,357.2734375,902.9149780273438,-1,-1,-1,-1
146,2,708.2597045898438,207.93211364746094,372.12872314453125,891.6624755859375,-1,-1,-1,-1
147,2,673.8828125,184.16537475585938,400.8203125,918.3441162109375,-1,-1,-1,-1
148,2,681.9920043945312,288.1567077636719,274.65533447265625,496.6211853027344,-1,-1,-1,-1
149,2,618.7772216796875,202.8810577392578,326.0106201171875,556.2809448242188,-1,-1,-1,-1
150,2,605.264404296875,193.9297332763672,296.1866455078125,542.9393920898438,-1,-1,-1,-1
151,2,641.959228515625,214.1764373779297,287.2154541015625,501.70086669921875,-1,-1,-1,-1
152,2,632.781494140625,202.57601928710938,311.3656005859375,561.5447998046875,-1,-1,-1,-1
153,2,665.00634765625,187.49786376953125,352.50286865234375,607.0552368164062,-1,-1,-1,-1
154,2,670.5101318359375,162.32489013671875,268.13580322265625,620.1963500976562,-1,-1,-1,-1
155,2,668.9747314453125,196.97518920898438,260.01318359375,559.910400390625,-1,-1,-1,-1
156,2,684.8267822265625,168.0447540283203,291.28814697265625,604.8834228515625,-1,-1,-1,-1
157,2,789.9066772460938,55.41769790649414,248.92193603515625,737.9545288085938,-1,-1,-1,-1
74,3,1315.15966796875,698.6903686523438,163.0599365234375,383.55194091796875,-1,-1,-1,-1
75,3,1313.059814453125,699.021484375,169.7738037109375,385.158203125,-1,-1,-1,-1
76,3,1319.3037109375,674.4458618164062,182.1263427734375,414.57000732421875,-1,-1,-1,-1
77,3,1303.146240234375,628.4381713867188,209.0911865234375,461.76666259765625,-1,-1,-1,-1
78,3,1127.3134765625,681.8497924804688,245.017578125,448.14056396484375,-1,-1,-1,-1
80,4,1422.4437255859375,790.830322265625,154.680419921875,297.490234375,-1,-1,-1,-1
81,4,1378.9010009765625,748.2127075195312,180.5601806640625,340.57379150390625,-1,-1,-1,-1
82,4,1365.203369140625,727.249755859375,214.833740234375,363.241943359375,-1,-1,-1,-1
83,4,1255.0093994140625,751.14892578125,184.614013671875,331.390625,-1,-1,-1,-1
84,4,1160.857666015625,739.7534790039062,177.86962890625,346.57281494140625,-1,-1,-1,-1
85,4,1144.0589599609375,709.3928833007812,206.884521484375,379.94097900390625,-1,-1,-1,-1
86,4,1082.7591552734375,635.4976806640625,349.955322265625,455.5155029296875,-1,-1,-1,-1
87,4,933.9173583984375,605.9414672851562,446.6551513671875,484.19598388671875,-1,-1,-1,-1
88,4,951.419189453125,574.537353515625,438.3070068359375,516.7025146484375,-1,-1,-1,-1
89,4,770.451171875,557.77392578125,459.484619140625,536.7840576171875,-1,-1,-1,-1
90,4,716.9887084960938,512.604248046875,335.23101806640625,583.0333251953125,-1,-1,-1,-1
91,4,711.4724731445312,447.81317138671875,250.1456298828125,638.8353881835938,-1,-1,-1,-1
91,5,297.46063232421875,287.00579833984375,472.95538330078125,799.3755493164062,-1,-1,-1,-1
92,5,272.490478515625,301.09600830078125,456.57659912109375,787.7594604492188,-1,-1,-1,-1
93,5,279.4734802246094,294.52325439453125,466.3316345214844,794.4352416992188,-1,-1,-1,-1
94,5,267.8039245605469,251.19129943847656,525.405517578125,839.9150390625,-1,-1,-1,-1
95,5,303.9959411621094,236.5181121826172,482.1416931152344,850.6500854492188,-1,-1,-1,-1
96,5,328.7300109863281,221.466796875,499.0094299316406,864.4124755859375,-1,-1,-1,-1
97,5,333.55889892578125,182.00047302246094,488.02899169921875,900.6990966796875,-1,-1,-1,-1
98,5,423.55224609375,197.75355529785156,459.81298828125,885.7579345703125,-1,-1,-1,-1
99,5,419.8258972167969,207.27638244628906,453.1305236816406,875.3763427734375,-1,-1,-1,-1
100,5,418.0567321777344,174.23599243164062,431.5469665527344,921.04931640625,-1,-1,-1,-1
101,5,469.47344970703125,192.26522827148438,469.21783447265625,897.9512939453125,-1,-1,-1,-1
102,5,481.9471130371094,209.0504608154297,464.6458435058594,875.1908569335938,-1,-1,-1,-1
103,5,469.918212890625,218.33192443847656,495.13323974609375,873.65771484375,-1,-1,-1,-1
104,5,489.42535400390625,234.9149627685547,451.6304931640625,853.9248657226562,-1,-1,-1,-1
105,5,508.97393798828125,266.5158996582031,422.16583251953125,823.94482421875,-1,-1,-1,-1
106,5,511.021728515625,271.2414855957031,409.4739990234375,822.9384765625,-1,-1,-1,-1
107,5,496.2850646972656,339.65167236328125,443.5840148925781,750.6946411132812,-1,-1,-1,-1
108,5,440.9596862792969,359.2316589355469,474.4935607910156,731.921875,-1,-1,-1,-1
109,5,445.5235595703125,355.82989501953125,500.50048828125,731.3704223632812,-1,-1,-1,-1
110,5,631.8831787109375,416.633544921875,404.682373046875,679.0518798828125,-1,-1,-1,-1
111,5,730.9951171875,448.22235107421875,274.6851806640625,643.7462768554688,-1,-1,-1,-1
112,5,681.0726318359375,444.316162109375,268.423828125,649.505859375,-1,-1,-1,-1
113,5,711.379150390625,505.08843994140625,258.03363037109375,586.6691284179688,-1,-1,-1,-1
114,5,707.595458984375,546.3595581054688,257.1898193359375,543.6021118164062,-1,-1,-1,-1
115,5,657.6543579101562,574.449951171875,235.69512939453125,513.7342529296875,-1,-1,-1,-1
116,5,683.580322265625,603.1107177734375,209.7384033203125,495.7413330078125,-1,-1,-1,-1
117,5,689.8619384765625,671.53955078125,172.8719482421875,416.9632568359375,-1,-1,-1,-1
118,5,688.2908935546875,740.7783203125,139.01116943359375,340.3760986328125,-1,-1,-1,-1
119,5,705.9948120117188,696.3469848632812,163.461669921875,383.66558837890625,-1,-1,-1,-1
120,5,677.8048706054688,709.575927734375,191.65740966796875,375.3897705078125,-1,-1,-1,-1
121,5,708.11474609375,657.106689453125,212.91668701171875,418.7196044921875,-1,-1,-1,-1
122,5,627.9431762695312,650.1534423828125,278.46087646484375,437.1024169921875,-1,-1,-1,-1
123,5,604.5579223632812,698.4159545898438,303.9327392578125,388.95147705078125,-1,-1,-1,-1
124,5,531.4024047851562,612.7613525390625,341.30230712890625,491.822998046875,-1,-1,-1,-1
125,5,492.47723388671875,571.5655517578125,412.93670654296875,515.89306640625,-1,-1,-1,-1
91,6,1206.0147705078125,419.5917053222656,326.3358154296875,664.2059326171875,-1,-1,-1,-1
92,6,1110.30322265625,365.38604736328125,396.3497314453125,730.1785278320312,-1,-1,-1,-1
93,6,1081.013916015625,384.6680908203125,455.14892578125,707.94091796875,-1,-1,-1,-1
94,6,1081.13916015625,381.7590637207031,512.131591796875,719.5059814453125,-1,-1,-1,-1
95,6,1067.9715576171875,354.6631774902344,567.9949951171875,734.7568359375,-1,-1,-1,-1
96,6,1044.5703125,315.8655700683594,555.7633056640625,760.4427490234375,-1,-1,-1,-1
97,6,1040.388916015625,279.203857421875,603.8184814453125,801.3409423828125,-1,-1,-1,-1
98,6,1169.317626953125,277.98333740234375,416.6392822265625,803.7927856445312,-1,-1,-1,-1
99,6,1223.0556640625,272.0347595214844,376.5341796875,814.3736572265625,-1,-1,-1,-1
100,6,1183.1484375,283.70263671875,416.4317626953125,798.635498046875,-1,-1,-1,-1
101,6,1284.5318603515625,278.67449951171875,356.9456787109375,810.1328735351562,-1,-1,-1,-1
102,6,1307.510009765625,293.0447998046875,346.929931640625,795.6533203125,-1,-1,-1,-1
103,6,1299.6605224609375,281.5973205566406,430.0814208984375,805.34619140625,-1,-1,-1,-1
104,6,1317.7998046875,287.4406433105469,449.930908203125,805.6123046875,-1,-1,-1,-1
105,6,1325.7978515625,291.7875671386719,466.64794921875,796.7615966796875,-1,-1,-1,-1
106,6,1333.64697265625,297.89801025390625,453.5589599609375,791.0916137695312,-1,-1,-1,-1
107,6,1352.64306640625,301.3082275390625,415.8931884765625,788.261474609375,-1,-1,-1,-1
108,6,1317.5506591796875,299.8117980957031,385.66748046875,809.7724609375,-1,-1,-1,-1
109,6,1304.4375,303.8377685546875,452.3861083984375,790.1444091796875,-1,-1,-1,-1
110,6,1253.456298828125,312.8787536621094,411.818115234375,790.89990234375,-1,-1,-1,-1
111,6,1177.5672607421875,281.7281188964844,471.6641845703125,822.4439697265625,-1,-1,-1,-1
112,6,1206.62451171875,374.0208435058594,370.9384765625,724.447509765625,-1,-1,-1,-1
113,6,1158.8309326171875,407.9620361328125,371.0396728515625,694.828857421875,-1,-1,-1,-1
114,6,1184.5225830078125,406.6398010253906,324.0252685546875,694.5400390625,-1,-1,-1,-1
115,6,1122.49169921875,400.0971374511719,366.1651611328125,694.916259765625,-1,-1,-1,-1
116,6,1120.9222412109375,408.9213562011719,391.442626953125,686.5689697265625,-1,-1,-1,-1
117,6,1128.2119140625,408.77215576171875,373.8629150390625,688.9046020507812,-1,-1,-1,-1
118,6,1129.838134765625,487.1356506347656,362.80810546875,610.88134765625,-1,-1,-1,-1
119,6,1117.6536865234375,502.3388366699219,430.2598876953125,583.30029296875,-1,-1,-1,-1
120,6,1100.372802734375,508.11578369140625,558.358154296875,576.0260620117188,-1,-1,-1,-1
121,6,1096.579833984375,532.3327026367188,599.3447265625,558.9564819335938,-1,-1,-1,-1
122,6,1071.9901123046875,503.1026916503906,666.078125,579.4285888671875,-1,-1,-1,-1
123,6,1067.96484375,486.7176513671875,677.3638916015625,596.2418212890625,-1,-1,-1,-1
124,6,1063.98291015625,490.5165100097656,665.49658203125,592.569091796875,-1,-1,-1,-1
125,6,1060.50732421875,489.6255187988281,665.9873046875,592.670654296875,-1,-1,-1,-1
126,6,1063.31640625,495.1790466308594,664.993896484375,587.9796142578125,-1,-1,-1,-1
127,6,1053.5380859375,441.68609619140625,669.5274658203125,645.1781616210938,-1,-1,-1,-1
128,6,1102.5560302734375,382.084228515625,493.2314453125,698.085205078125,-1,-1,-1,-1
129,6,1099.4676513671875,389.7789306640625,446.7952880859375,690.8470458984375,-1,-1,-1,-1
130,6,1126.9154052734375,401.1305847167969,414.6622314453125,677.77587890625,-1,-1,-1,-1
131,6,1132.696044921875,395.5765380859375,417.2418212890625,678.4398193359375,-1,-1,-1,-1
132,6,1110.0574951171875,383.7840881347656,431.9952392578125,695.610595703125,-1,-1,-1,-1
133,6,1137.5489501953125,367.6082458496094,452.9605712890625,712.82373046875,-1,-1,-1,-1
134,6,1119.5335693359375,374.5856018066406,455.1649169921875,706.322509765625,-1,-1,-1,-1
135,6,1169.2960205078125,392.8103942871094,491.2032470703125,686.3502197265625,-1,-1,-1,-1
136,6,1182.670654296875,400.555908203125,512.8619384765625,683.271240234375,-1,-1,-1,-1
137,6,1191.56005859375,366.2738342285156,423.4515380859375,723.72607421875,-1,-1,-1,-1
138,6,1160.856201171875,373.53594970703125,473.16357421875,717.0280151367188,-1,-1,-1,-1
139,6,1190.213623046875,379.5644226074219,490.5272216796875,706.11181640625,-1,-1,-1,-1
140,6,1144.2200927734375,375.4698486328125,435.1767578125,704.13330078125,-1,-1,-1,-1
141,6,1208.8038330078125,372.1228942871094,323.407958984375,711.0128173828125,-1,-1,-1,-1
142,6,1199.4188232421875,422.093505859375,365.1123046875,675.6563720703125,-1,-1,-1,-1
143,6,1162.1883544921875,405.3385925292969,463.7237548828125,690.4752197265625,-1,-1,-1,-1
144,6,1151.8477783203125,405.4779968261719,504.71435546875,694.988037109375,-1,-1,-1,-1
145,6,1188.2249755859375,490.4184875488281,511.5802001953125,603.5863037109375,-1,-1,-1,-1
146,6,1109.868896484375,503.34869384765625,638.3702392578125,594.1259155273438,-1,-1,-1,-1
147,6,1124.33642578125,501.11651611328125,589.7696533203125,591.3742065429688,-1,-1,-1,-1
148,6,1214.6317138671875,451.24066162109375,500.176025390625,649.1525268554688,-1,-1,-1,-1
149,6,1138.8770751953125,323.0880126953125,654.9263916015625,770.156982421875,-1,-1,-1,-1
150,6,1137.443603515625,285.4608154296875,694.692138671875,810.2974853515625,-1,-1,-1,-1
151,6,981.901611328125,232.9185028076172,513.32958984375,859.8761596679688,-1,-1,-1,-1
152,6,968.9300537109375,184.10943603515625,513.3740234375,921.9151000976562,-1,-1,-1,-1
153,6,1008.138916015625,189.45547485351562,414.88671875,924.4739990234375,-1,-1,-1,-1
154,6,878.6976928710938,254.42977905273438,211.71270751953125,544.846435546875,-1,-1,-1,-1
155,6,809.9285888671875,272.3397216796875,243.09521484375,476.1146240234375,-1,-1,-1,-1
156,6,665.5996704101562,226.57093811035156,376.25970458984375,559.2647705078125,-1,-1,-1,-1
157,6,807.4435424804688,172.1053466796875,254.58331298828125,615.58837890625,-1,-1,-1,-1
158,6,809.7899169921875,135.9533233642578,252.366455078125,668.9454956054688,-1,-1,-1,-1
159,6,672.3673095703125,143.74375915527344,227.83197021484375,604.424072265625,-1,-1,-1,-1
160,6,671.9729614257812,183.42098999023438,240.8824462890625,543.862060546875,-1,-1,-1,-1
161,6,687.6085815429688,222.12709045410156,229.78961181640625,433.82635498046875,-1,-1,-1,-1
162,6,836.1825561523438,232.76943969726562,248.75347900390625,668.564208984375,-1,-1,-1,-1
163,6,699.0711669921875,411.36285400390625,227.87579345703125,698.1483764648438,-1,-1,-1,-1
164,6,624.481201171875,371.35260009765625,341.96484375,778.6638793945312,-1,-1,-1,-1
165,6,646.101318359375,438.52484130859375,343.49005126953125,698.4751586914062,-1,-1,-1,-1
166,6,646.888671875,505.39544677734375,352.44287109375,586.2421264648438,-1,-1,-1,-1
167,6,570.0281982421875,551.0797119140625,300.97088623046875,539.13818359375,-1,-1,-1,-1
168,6,512.3345031738281,536.9781494140625,372.1926574707031,563.99365234375,-1,-1,-1,-1
169,6,512.6114501953125,465.3421936035156,374.36029052734375,629.38720703125,-1,-1,-1,-1
170,6,572.1692504882812,458.4522705078125,401.1824951171875,639.2344970703125,-1,-1,-1,-1
171,6,590.714599609375,429.3160705566406,407.2786865234375,666.091064453125,-1,-1,-1,-1
172,6,589.38671875,439.10345458984375,411.95556640625,656.6190795898438,-1,-1,-1,-1
173,6,682.3124389648438,451.56427001953125,391.69171142578125,639.0259399414062,-1,-1,-1,-1
174,6,688.29052734375,511.4862365722656,466.489990234375,583.166259765625,-1,-1,-1,-1
175,6,710.9837036132812,510.60736083984375,438.85955810546875,580.9618530273438,-1,-1,-1,-1
176,6,724.843505859375,422.12451171875,513.50537109375,668.6865234375,-1,-1,-1,-1
177,6,703.9938354492188,425.1846618652344,542.9940795898438,666.693115234375,-1,-1,-1,-1
178,6,674.401123046875,430.5161437988281,590.1107177734375,659.8255615234375,-1,-1,-1,-1
179,6,628.0419311523438,430.6385498046875,561.9172973632812,664.4862060546875,-1,-1,-1,-1
180,6,695.791259765625,472.2733154296875,439.99462890625,624.3553466796875,-1,-1,-1,-1
181,6,696.3673706054688,442.8323669433594,405.90399169921875,652.71533203125,-1,-1,-1,-1
182,6,663.1292114257812,393.48333740234375,309.48675537109375,686.2682495117188,-1,-1,-1,-1
183,6,718.806884765625,330.61737060546875,248.49700927734375,767.7223510742188,-1,-1,-1,-1
184,6,624.3372192382812,360.9661560058594,263.76318359375,750.841064453125,-1,-1,-1,-1
185,6,723.5831298828125,411.4643249511719,262.20355224609375,622.2037353515625,-1,-1,-1,-1
186,6,755.7718505859375,124.44027709960938,363.798095703125,948.5640869140625,-1,-1,-1,-1
187,6,612.822998046875,184.47323608398438,314.61871337890625,708.7164306640625,-1,-1,-1,-1
188,6,516.7984008789062,188.89797973632812,281.69061279296875,743.9554443359375,-1,-1,-1,-1
189,6,512.1364135742188,247.64675903320312,250.4697265625,695.304931640625,-1,-1,-1,-1
190,6,437.6547546386719,224.03448486328125,303.6936950683594,718.9116821289062,-1,-1,-1,-1
191,6,464.81646728515625,268.1100158691406,248.162841796875,687.407958984375,-1,-1,-1,-1
192,6,563.2677001953125,268.7281799316406,264.66510009765625,707.7532958984375,-1,-1,-1,-1
193,6,628.822021484375,264.3064880371094,246.95721435546875,592.61669921875,-1,-1,-1,-1
194,6,550.9046020507812,277.2049865722656,226.38140869140625,459.6393737792969,-1,-1,-1,-1
195,6,553.8238525390625,202.02743530273438,222.149169921875,566.55419921875,-1,-1,-1,-1
196,6,712.6883544921875,113.38578796386719,341.6513671875,913.5874633789062,-1,-1,-1,-1
197,6,601.2911376953125,132.2373046875,416.288818359375,953.8817138671875,-1,-1,-1,-1
198,6,590.85400390625,95.30589294433594,434.80706787109375,1007.025634765625,-1,-1,-1,-1
199,6,482.7866516113281,111.2620620727539,462.9255676269531,984.6766357421875,-1,-1,-1,-1
200,6,452.9165954589844,112.66944885253906,442.1296691894531,982.2838134765625,-1,-1,-1,-1
201,6,444.81756591796875,111.1911849975586,459.85174560546875,983.89404296875,-1,-1,-1,-1
202,6,404.8198547363281,76.45930480957031,418.4850769042969,1021.2527465820312,-1,-1,-1,-1
203,6,371.51507568359375,37.98394012451172,409.6744384765625,1047.2122802734375,-1,-1,-1,-1
204,6,385.517578125,35.545780181884766,396.29302978515625,1052.3380126953125,-1,-1,-1,-1
205,6,295.2720642089844,39.948509216308594,420.1214294433594,1042.0836181640625,-1,-1,-1,-1
206,6,296.46636962890625,39.130455017089844,422.5472412109375,1051.3094482421875,-1,-1,-1,-1
207,6,216.8658447265625,73.46273803710938,460.8575439453125,1019.9501953125,-1,-1,-1,-1
208,6,151.88314819335938,131.6403350830078,543.4986572265625,952.4033813476562,-1,-1,-1,-1
209,6,133.25009155273438,91.7606430053711,562.80419921875,1003.60009765625,-1,-1,-1,-1
210,6,55.38996124267578,124.86524200439453,548.1055297851562,964.4429931640625,-1,-1,-1,-1
211,6,45.26849365234375,122.73670959472656,504.0631103515625,959.10400390625,-1,-1,-1,-1
212,6,49.73300552368164,119.36820220947266,499.4238586425781,969.8379516601562,-1,-1,-1,-1
213,6,-9.310969352722168,132.32568359375,493.5684814453125,944.7330322265625,-1,-1,-1,-1
214,6,25.21792984008789,192.02334594726562,372.0570983886719,768.669677734375,-1,-1,-1,-1
215,6,4.7646484375,197.791748046875,398.8112487792969,777.7448120117188,-1,-1,-1,-1
216,6,475.8754577636719,280.0960998535156,260.4806823730469,715.327880859375,-1,-1,-1,-1
217,6,591.7531127929688,236.81378173828125,294.92913818359375,800.4861450195312,-1,-1,-1,-1
218,6,503.7581787109375,99.36695861816406,450.05517578125,1006.0380859375,-1,-1,-1,-1
219,6,511.26629638671875,229.9354248046875,298.042724609375,863.4371337890625,-1,-1,-1,-1
220,6,588.7503662109375,252.59266662597656,207.5743408203125,810.0841064453125,-1,-1,-1,-1
221,6,615.8605346679688,346.52325439453125,167.4727783203125,596.4428100585938,-1,-1,-1,-1
222,6,641.8806762695312,256.5438232421875,209.020751953125,592.3182983398438,-1,-1,-1,-1
223,6,581.901123046875,232.48289489746094,233.2835693359375,607.8838500976562,-1,-1,-1,-1
224,6,496.11053466796875,267.7009582519531,236.4737548828125,556.209228515625,-1,-1,-1,-1
225,6,448.8729553222656,228.94529724121094,226.10183715820312,648.9157104492188,-1,-1,-1,-1
226,6,373.1576843261719,205.63760375976562,260.8660583496094,700.446533203125,-1,-1,-1,-1
227,6,464.9338073730469,199.8487548828125,243.99343872070312,727.3798217773438,-1,-1,-1,-1
228,6,618.3746948242188,281.0278625488281,281.1004638671875,733.374267578125,-1,-1,-1,-1
229,6,706.2992553710938,226.07977294921875,319.95343017578125,890.4942016601562,-1,-1,-1,-1
230,6,709.8795166015625,256.29542541503906,331.8472900390625,866.218505859375,-1,-1,-1,-1
231,6,608.635986328125,300.9117736816406,405.27520751953125,839.3651123046875,-1,-1,-1,-1
232,6,628.13818359375,335.296630859375,351.5902099609375,758.9569091796875,-1,-1,-1,-1
233,6,576.647705078125,344.3588562011719,467.03466796875,758.9010009765625,-1,-1,-1,-1
234,6,576.345947265625,301.500244140625,404.0269775390625,807.6373291015625,-1,-1,-1,-1
235,6,533.7188720703125,285.2857971191406,370.7376708984375,807.03466796875,-1,-1,-1,-1
236,6,499.59918212890625,291.942138671875,395.50048828125,800.4945068359375,-1,-1,-1,-1
237,6,413.2152099609375,289.8917541503906,388.41583251953125,793.513427734375,-1,-1,-1,-1
238,6,414.82086181640625,203.46755981445312,356.31951904296875,918.4951171875,-1,-1,-1,-1
239,6,429.1923828125,227.3042755126953,367.35992431640625,887.6790161132812,-1,-1,-1,-1
240,6,433.0963134765625,232.0752410888672,367.80487060546875,882.0242309570312,-1,-1,-1,-1
241,6,441.6407775878906,285.8513488769531,351.5244445800781,823.219482421875,-1,-1,-1,-1
242,6,403.88995361328125,258.0425109863281,402.8780517578125,853.837646484375,-1,-1,-1,-1
243,6,416.4046325683594,326.2325744628906,352.5541076660156,760.2724609375,-1,-1,-1,-1
244,6,480.7552185058594,388.7252502441406,294.3040466308594,700.9964599609375,-1,-1,-1,-1
245,6,517.8839111328125,559.7564697265625,281.412841796875,526.539306640625,-1,-1,-1,-1
116,7,1331.184814453125,512.8331909179688,353.1099853515625,578.9402465820312,-1,-1,-1,-1
117,7,1320.160400390625,522.2991333007812,382.648681640625,585.1697387695312,-1,-1,-1,-1
118,7,1316.4716796875,558.8295288085938,393.1114501953125,555.6810913085938,-1,-1,-1,-1
119,7,1258.58203125,571.981689453125,467.863525390625,536.220703125,-1,-1,-1,-1
120,7,1216.7073974609375,572.0000610351562,522.6768798828125,534.8527221679688,-1,-1,-1,-1
121,7,1192.178466796875,551.6642456054688,559.7471923828125,551.5831909179688,-1,-1,-1,-1
122,7,1139.466796875,505.5662536621094,577.81494140625,586.6807861328125,-1,-1,-1,-1
130,8,1160.0745849609375,368.7520446777344,91.4666748046875,200.60348510742188,-1,-1,-1,-1
131,8,1160.148193359375,374.4423522949219,88.668701171875,188.72592163085938,-1,-1,-1,-1
132,8,1147.2169189453125,363.54681396484375,102.890380859375,192.1083984375,-1,-1,-1,-1
133,8,1147.2178955078125,353.3102111816406,101.51416015625,201.41067504882812,-1,-1,-1,-1
134,8,1142.557373046875,353.89080810546875,104.68505859375,202.20892333984375,-1,-1,-1,-1
135,8,1144.0013427734375,347.9813537597656,107.516357421875,189.57351684570312,-1,-1,-1,-1
136,8,1160.7437744140625,346.8132019042969,90.4417724609375,189.96170043945312,-1,-1,-1,-1
137,8,1164.494140625,350.78076171875,92.271484375,197.27410888671875,-1,-1,-1,-1
138,8,1161.7412109375,352.18511962890625,97.9432373046875,204.756591796875,-1,-1,-1,-1
139,8,1163.3902587890625,351.30987548828125,97.156005859375,200.44732666015625,-1,-1,-1,-1
140,8,1149.41650390625,346.08502197265625,99.589599609375,203.28253173828125,-1,-1,-1,-1
141,8,1149.037109375,345.8841552734375,100.0078125,200.53167724609375,-1,-1,-1,-1
142,8,1105.7489013671875,351.1064453125,117.7747802734375,200.3343505859375,-1,-1,-1,-1
143,8,1034.0384521484375,339.13153076171875,125.7554931640625,183.71209716796875,-1,-1,-1,-1
144,8,1068.1748046875,335.4922790527344,106.052001953125,195.47616577148438,-1,-1,-1,-1
145,8,1048.322021484375,299.685546875,119.4559326171875,236.6883544921875,-1,-1,-1,-1
146,8,985.3047485351562,301.6422119140625,143.95819091796875,222.998046875,-1,-1,-1,-1
147,8,989.8458862304688,306.3179931640625,130.57635498046875,206.19705200195312,-1,-1,-1,-1
148,8,1002.0383911132812,272.37841796875,122.13690185546875,251.455322265625,-1,-1,-1,-1
149,8,1015.5126953125,265.0017395019531,119.4771728515625,253.14639282226562,-1,-1,-1,-1
150,8,1018.5867919921875,265.1229248046875,119.070068359375,251.49468994140625,-1,-1,-1,-1
151,8,1023.5792846679688,283.2428283691406,123.42608642578125,219.51882934570312,-1,-1,-1,-1
152,8,1029.2880859375,286.6791076660156,133.9498291015625,222.31707763671875,-1,-1,-1,-1
149,9,1062.023193359375,257.8112487792969,141.0458984375,296.2765197753906,-1,-1,-1,-1
150,9,1062.0107421875,262.4778747558594,140.276611328125,284.7484436035156,-1,-1,-1,-1
151,9,1034.70263671875,280.0539855957031,136.4991455078125,249.99508666992188,-1,-1,-1,-1
152,9,1031.5980224609375,285.26214599609375,138.2421875,234.51983642578125,-1,-1,-1,-1
153,9,1013.688720703125,286.3587646484375,160.0875244140625,251.1641845703125,-1,-1,-1,-1
154,9,1004.0018310546875,278.72235107421875,154.084716796875,249.05902099609375,-1,-1,-1,-1
155,9,1004.3855590820312,279.2900390625,146.97906494140625,235.8331298828125,-1,-1,-1,-1
156,9,763.961669921875,275.7468566894531,180.2696533203125,235.06686401367188,-1,-1,-1,-1
157,9,796.0774536132812,11.87771987915039,247.52606201171875,787.3558959960938,-1,-1,-1,-1
158,9,802.3923950195312,70.83065795898438,243.02081298828125,712.1455078125,-1,-1,-1,-1
159,9,681.2835693359375,111.34297943115234,229.33172607421875,621.7301635742188,-1,-1,-1,-1
160,9,704.885009765625,166.07101440429688,233.3641357421875,558.461181640625,-1,-1,-1,-1
161,9,724.056396484375,197.57054138183594,227.2919921875,448.8394775390625,-1,-1,-1,-1
162,9,829.0532836914062,198.77940368652344,229.92401123046875,532.222412109375,-1,-1,-1,-1
163,9,845.444091796875,187.85150146484375,299.2073974609375,809.8819580078125,-1,-1,-1,-1
164,9,740.8189086914062,455.96087646484375,237.66033935546875,666.8869018554688,-1,-1,-1,-1
165,9,663.46728515625,501.0274963378906,345.54815673828125,603.9771728515625,-1,-1,-1,-1
229,10,906.0828857421875,367.5916442871094,657.4033203125,718.253173828125,-1,-1,-1,-1
230,10,917.4779052734375,376.86126708984375,595.472900390625,712.9132690429688,-1,-1,-1,-1
231,10,864.4020385742188,396.0382385253906,464.87225341796875,714.0633544921875,-1,-1,-1,-1
232,10,865.5520629882812,396.3748779296875,469.06671142578125,702.6474609375,-1,-1,-1,-1
233,10,804.7793579101562,390.343994140625,480.31634521484375,715.1715087890625,-1,-1,-1,-1
234,10,838.272216796875,344.0709228515625,501.93310546875,752.817138671875,-1,-1,-1,-1
235,10,822.6765747070312,305.29437255859375,478.35101318359375,781.4915161132812,-1,-1,-1,-1
236,10,812.56884765625,298.715576171875,496.242431640625,791.28564453125,-1,-1,-1,-1
237,10,784.510498046875,228.43858337402344,582.45166015625,854.60302734375,-1,-1,-1,-1
238,10,742.37353515625,235.39126586914062,614.19873046875,851.3194580078125,-1,-1,-1,-1
239,10,748.4061889648438,239.81581115722656,639.2189331054688,846.0142822265625,-1,-1,-1,-1
240,10,777.06494140625,247.488525390625,575.2572021484375,835.0831298828125,-1,-1,-1,-1
241,10,771.7537231445312,252.96725463867188,543.3504028320312,834.5482177734375,-1,-1,-1,-1
242,10,763.4888916015625,256.70220947265625,564.642578125,833.4595336914062,-1,-1,-1,-1
243,10,749.887939453125,302.969482421875,562.55029296875,783.469970703125,-1,-1,-1,-1
244,10,773.4661254882812,344.2341003417969,528.0485229492188,739.8934326171875,-1,-1,-1,-1
245,10,756.3297119140625,344.1883850097656,566.2420654296875,739.471923828125,-1,-1,-1,-1
246,10,725.6732177734375,393.0354309082031,568.135498046875,692.914794921875,-1,-1,-1,-1
247,10,705.9275512695312,414.87457275390625,600.0778198242188,670.7631225585938,-1,-1,-1,-1
248,10,724.5313720703125,464.10369873046875,594.8729248046875,641.6536254882812,-1,-1,-1,-1
249,10,705.9410400390625,486.41119384765625,585.6981201171875,629.9490356445312,-1,-1,-1,-1
250,10,719.1181640625,494.142578125,525.245361328125,623.62060546875,-1,-1,-1,-1
251,10,725.290771484375,475.40576171875,464.92822265625,643.0638427734375,-1,-1,-1,-1
252,10,611.8019409179688,457.36480712890625,520.4032592773438,640.5724487304688,-1,-1,-1,-1
253,10,587.2880859375,466.1916809082031,556.3828125,633.9293212890625,-1,-1,-1,-1
254,10,603.6399536132812,506.4272155761719,349.7139892578125,579.6063232421875,-1,-1,-1,-1
255,10,650.4304809570312,484.9161071777344,324.03533935546875,604.9007568359375,-1,-1,-1,-1
256,10,811.5214233398438,452.4248962402344,341.58258056640625,657.790283203125,-1,-1,-1,-1
257,10,648.245361328125,514.8189086914062,356.4931640625,608.1101684570312,-1,-1,-1,-1
258,10,592.4098510742188,599.6739501953125,424.4808349609375,507.70166015625,-1,-1,-1,-1
259,10,670.6629638671875,606.8441772460938,301.786865234375,495.42132568359375,-1,-1,-1,-1
260,10,623.720947265625,618.1648559570312,258.133056640625,458.14801025390625,-1,-1,-1,-1
261,10,592.4253540039062,599.5777587890625,276.8392333984375,493.7969970703125,-1,-1,-1,-1
262,10,619.8252563476562,648.7606811523438,252.50189208984375,463.62420654296875,-1,-1,-1,-1
263,10,652.4808959960938,744.2777709960938,218.2789306640625,354.17523193359375,-1,-1,-1,-1
234,11,600.9917602539062,609.9266357421875,283.47564697265625,483.419677734375,-1,-1,-1,-1
235,11,579.3079223632812,564.9793090820312,277.61956787109375,524.4815063476562,-1,-1,-1,-1
236,11,563.6768188476562,561.5977172851562,304.685546875,528.2175903320312,-1,-1,-1,-1
237,11,564.14892578125,512.6851501464844,333.57537841796875,575.125,-1,-1,-1,-1
238,11,496.7610778808594,524.7194213867188,506.4843444824219,563.4531860351562,-1,-1,-1,-1
239,11,474.0172119140625,515.91357421875,522.0076904296875,570.7576904296875,-1,-1,-1,-1
240,11,471.75836181640625,509.87384033203125,509.67132568359375,577.0137329101562,-1,-1,-1,-1
241,11,429.110595703125,424.9801330566406,426.240478515625,665.9949951171875,-1,-1,-1,-1
242,11,366.40087890625,352.1939697265625,446.230224609375,737.9219970703125,-1,-1,-1,-1
243,11,444.7549743652344,385.9042663574219,352.1071472167969,701.705322265625,-1,-1,-1,-1
244,11,477.22454833984375,461.2243957519531,301.09759521484375,633.7781982421875,-1,-1,-1,-1
245,11,515.3147583007812,575.9674072265625,315.36212158203125,510.509521484375,-1,-1,-1,-1
246,11,485.28662109375,599.60009765625,364.14013671875,487.2939453125,-1,-1,-1,-1
247,11,449.3231506347656,596.2885131835938,433.6309509277344,494.99310302734375,-1,-1,-1,-1
248,11,467.9725646972656,674.0975341796875,437.4375915527344,415.8489990234375,-1,-1,-1,-1
249,11,437.279541015625,702.8338623046875,522.0108642578125,386.830810546875,-1,-1,-1,-1
250,11,447.8772277832031,693.6316528320312,529.444091796875,398.11041259765625,-1,-1,-1,-1
251,11,409.14501953125,664.9461669921875,492.061279296875,431.1749267578125,-1,-1,-1,-1
252,11,366.666015625,522.4999389648438,530.8035278320312,572.9218139648438,-1,-1,-1,-1
253,11,358.5357666015625,495.1600341796875,728.91064453125,597.4847412109375,-1,-1,-1,-1
254,11,373.6990051269531,435.96746826171875,569.933349609375,648.2315063476562,-1,-1,-1,-1
255,11,375.0005187988281,433.4801940917969,429.1103210449219,666.133544921875,-1,-1,-1,-1
256,11,619.1492919921875,497.5184020996094,287.20025634765625,540.3057861328125,-1,-1,-1,-1
257,11,590.5051879882812,464.9107666015625,392.32177734375,636.0107421875,-1,-1,-1,-1
258,11,580.107177734375,492.5700988769531,400.3643798828125,620.4779052734375,-1,-1,-1,-1
259,11,642.4644165039062,553.7888793945312,298.703857421875,549.9330444335938,-1,-1,-1,-1
260,11,636.101806640625,608.4425659179688,261.4840087890625,483.77545166015625,-1,-1,-1,-1
261,11,601.2638549804688,640.1506958007812,280.579833984375,451.73101806640625,-1,-1,-1,-1
262,11,635.4476928710938,694.3932495117188,239.427490234375,411.64385986328125,-1,-1,-1,-1
263,11,657.8505249023438,770.6815185546875,214.1038818359375,333.2425537109375,-1,-1,-1,-1
264,11,478.0981750488281,729.1812133789062,284.4267883300781,395.93927001953125,-1,-1,-1,-1
265,11,411.5911865234375,704.0929565429688,291.4212646484375,400.74554443359375,-1,-1,-1,-1
266,11,367.7873840332031,600.6619262695312,353.5878601074219,445.86273193359375,-1,-1,-1,-1
267,11,382.6297912597656,652.3203735351562,280.1763610839844,431.87506103515625,-1,-1,-1,-1
268,11,277.41217041015625,633.00732421875,332.546875,450.7071533203125,-1,-1,-1,-1
269,11,301.36151123046875,665.3352661132812,300.22119140625,424.39617919921875,-1,-1,-1,-1
270,11,370.11651611328125,606.8612670898438,356.10540771484375,482.15716552734375,-1,-1,-1,-1
271,11,516.7782592773438,579.4617919921875,419.5570068359375,507.4425048828125,-1,-1,-1,-1
272,11,497.7020263671875,548.738525390625,449.57781982421875,538.58837890625,-1,-1,-1,-1
273,11,509.56195068359375,549.2242431640625,393.18365478515625,539.8009033203125,-1,-1,-1,-1
274,11,456.8492431640625,576.3682250976562,440.81463623046875,512.9808959960938,-1,-1,-1,-1
275,11,479.3855895996094,572.7028198242188,385.7785339355469,513.2606811523438,-1,-1,-1,-1
276,11,412.49029541015625,621.4945678710938,402.06048583984375,461.81903076171875,-1,-1,-1,-1
277,11,401.3203430175781,620.431396484375,396.6448059082031,462.6396484375,-1,-1,-1,-1
278,11,317.0989685058594,657.0429077148438,447.8442077636719,424.22650146484375,-1,-1,-1,-1
279,11,287.5921936035156,680.9532470703125,441.4670104980469,404.4974365234375,-1,-1,-1,-1
280,11,299.9604797363281,674.282958984375,387.5880432128906,410.5281982421875,-1,-1,-1,-1
281,11,238.5954132080078,719.3569946289062,406.73321533203125,366.95037841796875,-1,-1,-1,-1
282,11,247.6949920654297,703.37744140625,348.614990234375,385.9490966796875,-1,-1,-1,-1
283,11,272.45855712890625,717.6743774414062,285.69677734375,373.19317626953125,-1,-1,-1,-1
284,11,280.1996765136719,719.7963256835938,273.0544128417969,369.85736083984375,-1,-1,-1,-1
285,11,227.1605682373047,726.7090454101562,296.19927978515625,363.05206298828125,-1,-1,-1,-1
286,11,229.692626953125,729.2330322265625,288.548583984375,361.4688720703125,-1,-1,-1,-1
287,11,233.47601318359375,726.692626953125,254.37564086914062,356.2530517578125,-1,-1,-1,-1
288,11,250.13673400878906,775.3640747070312,226.5232696533203,310.57110595703125,-1,-1,-1,-1
289,11,200.38706970214844,772.4189453125,273.99993896484375,310.743896484375,-1,-1,-1,-1
290,11,220.9570770263672,768.6053466796875,235.07298278808594,314.7203369140625,-1,-1,-1,-1
291,11,203.24757385253906,775.9181518554688,234.90321350097656,307.99871826171875,-1,-1,-1,-1
292,11,170.96853637695312,778.560546875,218.7454833984375,298.28857421875,-1,-1,-1,-1
293,11,139.0199432373047,761.623291015625,257.633544921875,325.7352294921875,-1,-1,-1,-1
294,11,93.9664535522461,766.2660522460938,251.12725830078125,315.89691162109375,-1,-1,-1,-1
295,11,3.6691484451293945,772.19091796875,301.0727233886719,314.9876708984375,-1,-1,-1,-1
296,11,-42.43379211425781,716.5970458984375,276.21087646484375,369.7681884765625,-1,-1,-1,-1
297,11,-86.15580749511719,691.9142456054688,313.58331298828125,397.83551025390625,-1,-1,-1,-1
298,11,-115.18970489501953,663.8709716796875,312.3604431152344,430.8414306640625,-1,-1,-1,-1
299,11,22.239347457885742,697.8887329101562,289.9095764160156,388.72833251953125,-1,-1,-1,-1
300,11,180.4500274658203,797.8794555664062,174.9446563720703,250.32086181640625,-1,-1,-1,-1
301,11,280.9136047363281,781.1114501953125,182.22207641601562,260.65966796875,-1,-1,-1,-1
302,11,214.33560180664062,711.464111328125,504.7794494628906,375.621826171875,-1,-1,-1,-1
303,11,122.66497039794922,642.1857299804688,630.9446411132812,444.81964111328125,-1,-1,-1,-1
304,11,135.24383544921875,629.3458862304688,611.4373168945312,456.13470458984375,-1,-1,-1,-1
305,11,45.27287292480469,558.948974609375,637.310791015625,525.6297607421875,-1,-1,-1,-1
306,11,77.7201156616211,525.9169921875,454.1188659667969,558.1944580078125,-1,-1,-1,-1
307,11,109.8875732421875,515.1671752929688,455.81707763671875,581.3809204101562,-1,-1,-1,-1
308,11,131.4039764404297,475.6386413574219,346.73883056640625,609.4027099609375,-1,-1,-1,-1
309,11,251.91952514648438,492.033935546875,277.5225524902344,584.99560546875,-1,-1,-1,-1
310,11,100.68753814697266,454.0462951660156,507.0935363769531,635.7374267578125,-1,-1,-1,-1
311,11,436.8967590332031,426.8482360839844,267.8706970214844,486.0044250488281,-1,-1,-1,-1
312,11,374.1537780761719,234.71839904785156,495.8077697753906,850.8985595703125,-1,-1,-1,-1
313,11,377.8937072753906,356.95654296875,403.5140075683594,602.9108276367188,-1,-1,-1,-1
314,11,381.5743713378906,299.2679748535156,355.1211853027344,661.6036376953125,-1,-1,-1,-1
315,11,380.4977111816406,224.08993530273438,344.3848571777344,724.741943359375,-1,-1,-1,-1
316,11,305.63970947265625,107.96925354003906,392.91131591796875,824.1527709960938,-1,-1,-1,-1
317,11,296.5005187988281,23.26314926147461,387.6341857910156,901.8319091796875,-1,-1,-1,-1
318,11,382.5806579589844,50.534908294677734,260.2897644042969,887.4363403320312,-1,-1,-1,-1
319,11,427.93682861328125,62.97978973388672,246.44989013671875,888.6104125976562,-1,-1,-1,-1
320,11,469.4179382324219,89.2100830078125,230.15914916992188,845.8153076171875,-1,-1,-1,-1
321,11,555.1895141601562,159.12252807617188,211.64727783203125,617.251953125,-1,-1,-1,-1
322,11,584.2296752929688,234.1886444091797,216.0733642578125,526.3638916015625,-1,-1,-1,-1
323,11,649.0294799804688,103.00770568847656,303.48724365234375,855.339599609375,-1,-1,-1,-1
324,11,629.610595703125,17.039438247680664,491.3203125,1059.0350341796875,-1,-1,-1,-1
325,11,752.7907104492188,267.82733154296875,439.58843994140625,807.8720092773438,-1,-1,-1,-1
303,12,1063.0545654296875,473.52056884765625,316.200927734375,602.9279174804688,-1,-1,-1,-1
304,12,1054.3609619140625,468.53778076171875,338.6806640625,620.4540405273438,-1,-1,-1,-1
305,12,1067.9019775390625,494.228759765625,348.582275390625,595.0380859375,-1,-1,-1,-1
306,12,1063.2666015625,518.0836791992188,331.46875,571.9266967773438,-1,-1,-1,-1
307,12,1054.76708984375,510.3077392578125,338.1138916015625,579.611328125,-1,-1,-1,-1
308,12,1024.5721435546875,519.9507446289062,330.9298095703125,572.3296508789062,-1,-1,-1,-1
309,12,1021.6049194335938,490.89886474609375,356.51641845703125,600.1879272460938,-1,-1,-1,-1
310,12,1014.1565551757812,495.49371337890625,373.00799560546875,596.2417602539062,-1,-1,-1,-1
311,12,987.5521240234375,465.82415771484375,360.4530029296875,627.1275024414062,-1,-1,-1,-1
312,12,990.2113647460938,467.0045166015625,350.40692138671875,625.107177734375,-1,-1,-1,-1
313,12,989.4266357421875,451.5804748535156,328.3985595703125,639.705078125,-1,-1,-1,-1
314,12,981.9939575195312,446.7600402832031,339.22625732421875,641.926513671875,-1,-1,-1,-1
315,12,978.4140014648438,445.83447265625,342.37457275390625,642.7371826171875,-1,-1,-1,-1
316,12,948.5609741210938,441.88427734375,369.04608154296875,647.654296875,-1,-1,-1,-1
317,12,935.073974609375,443.4343566894531,366.042236328125,655.7735595703125,-1,-1,-1,-1
318,12,1011.8040771484375,517.7430419921875,225.6722412109375,566.0662841796875,-1,-1,-1,-1
319,12,1036.06494140625,585.2410278320312,179.432373046875,492.15924072265625,-1,-1,-1,-1
320,12,1038.9273681640625,586.92431640625,175.8507080078125,490.551025390625,-1,-1,-1,-1
321,12,900.3471069335938,446.5805969238281,241.53167724609375,607.2442626953125,-1,-1,-1,-1
322,12,848.00537109375,444.3376159667969,393.7418212890625,649.939453125,-1,-1,-1,-1
323,12,779.315673828125,388.4577941894531,405.216552734375,720.818603515625,-1,-1,-1,-1
324,12,750.328857421875,376.6075439453125,427.2498779296875,717.5849609375,-1,-1,-1,-1
325,12,750.0057983398438,375.85247802734375,429.22418212890625,717.3855590820312,-1,-1,-1,-1
326,12,722.765380859375,360.7212219238281,412.769775390625,730.9312744140625,-1,-1,-1,-1
327,12,685.5521240234375,356.44610595703125,443.638427734375,731.6074829101562,-1,-1,-1,-1
328,12,599.9549560546875,359.6210021972656,459.9781494140625,737.040283203125,-1,-1,-1,-1
329,12,630.4820556640625,377.50677490234375,435.447998046875,718.8023071289062,-1,-1,-1,-1
330,12,599.1156616210938,401.59600830078125,412.45819091796875,689.0017700195312,-1,-1,-1,-1
331,12,580.9278564453125,404.8462829589844,436.5179443359375,685.5521240234375,-1,-1,-1,-1
332,12,700.2001342773438,428.0588073730469,318.85302734375,672.9005126953125,-1,-1,-1,-1
333,12,715.5887451171875,428.6399841308594,295.399169921875,674.176025390625,-1,-1,-1,-1
334,12,708.9080810546875,429.00799560546875,291.7763671875,670.2446899414062,-1,-1,-1,-1
335,12,772.6746826171875,408.9850158691406,331.099609375,679.3062744140625,-1,-1,-1,-1
336,12,742.1065673828125,413.98040771484375,390.34521484375,674.0446166992188,-1,-1,-1,-1
333,13,836.770751953125,570.0272827148438,175.6221923828125,512.3257446289062,-1,-1,-1,-1
334,13,833.2921142578125,573.69775390625,189.05877685546875,508.9169921875,-1,-1,-1,-1
335,13,857.5043334960938,463.2357177734375,267.44573974609375,636.2109375,-1,-1,-1,-1
336,13,856.9509887695312,450.986328125,302.22955322265625,641.002685546875,-1,-1,-1,-1
337,13,748.8988647460938,391.5146789550781,472.10406494140625,707.594970703125,-1,-1,-1,-1
338,13,738.3543701171875,375.33038330078125,507.0341796875,728.1338500976562,-1,-1,-1,-1
339,13,747.2931518554688,374.8681335449219,495.18768310546875,724.2657470703125,-1,-1,-1,-1
340,13,818.3424682617188,358.8198547363281,467.63677978515625,738.1202392578125,-1,-1,-1,-1
341,13,874.49609375,350.0400085449219,455.9107666015625,738.3770751953125,-1,-1,-1,-1
342,13,874.607666015625,350.2379455566406,451.548828125,739.80615234375,-1,-1,-1,-1
343,13,969.5579833984375,331.9253234863281,425.12841796875,753.29248046875,-1,-1,-1,-1
344,13,1004.7142333984375,343.2989196777344,487.1514892578125,744.88427734375,-1,-1,-1,-1
345,13,1004.3417358398438,339.4647216796875,490.32598876953125,751.0430908203125,-1,-1,-1,-1
346,13,1000.3030395507812,281.173095703125,435.33258056640625,816.2103271484375,-1,-1,-1,-1
347,13,878.5546264648438,248.96910095214844,602.4287719726562,845.1461181640625,-1,-1,-1,-1
348,13,852.2114868164062,206.02708435058594,586.6804809570312,888.1553955078125,-1,-1,-1,-1
349,13,780.0460205078125,174.15005493164062,446.78564453125,918.69921875,-1,-1,-1,-1
350,13,666.6082153320312,240.52935791015625,273.461669921875,858.0863647460938,-1,-1,-1,-1
351,13,518.4607543945312,301.3669738769531,411.77490234375,799.864013671875,-1,-1,-1,-1
352,13,531.9888916015625,291.4594421386719,411.61199951171875,812.80859375,-1,-1,-1,-1
353,13,482.39984130859375,275.4556884765625,471.712646484375,823.897216796875,-1,-1,-1,-1
354,13,485.862548828125,282.146728515625,418.49774169921875,810.3038330078125,-1,-1,-1,-1
355,13,595.432373046875,275.6408386230469,346.45458984375,814.67041015625,-1,-1,-1,-1
356,13,587.1338500976562,247.99978637695312,423.75115966796875,840.306640625,-1,-1,-1,-1
357,13,634.660888671875,266.1675720214844,332.8466796875,837.73779296875,-1,-1,-1,-1
358,13,681.0938720703125,270.1540832519531,301.6904296875,836.385986328125,-1,-1,-1,-1
359,13,672.0072021484375,251.86595153808594,331.67559814453125,859.2818603515625,-1,-1,-1,-1
360,13,739.3943481445312,278.7171325683594,305.39471435546875,837.150390625,-1,-1,-1,-1
361,13,743.3474731445312,319.4695129394531,305.26092529296875,790.7960205078125,-1,-1,-1,-1
362,13,752.0306396484375,332.597412109375,278.980224609375,781.24560546875,-1,-1,-1,-1
363,13,811.29150390625,339.1867980957031,296.5521240234375,772.6243896484375,-1,-1,-1,-1
364,13,821.0896606445312,355.189697265625,346.06414794921875,738.891357421875,-1,-1,-1,-1
365,13,814.2918090820312,341.25469970703125,362.10540771484375,762.6434936523438,-1,-1,-1,-1
366,13,859.2578125,349.0087890625,357.6695556640625,742.9404296875,-1,-1,-1,-1
367,13,875.0205078125,356.21453857421875,415.807373046875,740.2086791992188,-1,-1,-1,-1
368,13,861.8966064453125,353.0455017089844,463.2353515625,743.622802734375,-1,-1,-1,-1
369,13,992.9513549804688,374.5977783203125,433.97735595703125,716.0321044921875,-1,-1,-1,-1
370,13,982.9617919921875,387.7240295410156,464.5433349609375,705.029296875,-1,-1,-1,-1
371,13,781.7317504882812,427.1829833984375,251.15887451171875,655.830078125,-1,-1,-1,-1
372,13,648.0231323242188,272.4835205078125,304.666259765625,797.862060546875,-1,-1,-1,-1
373,13,641.596923828125,209.8085174560547,297.52593994140625,881.9868774414062,-1,-1,-1,-1
374,13,595.686767578125,134.07762145996094,323.1968994140625,977.548828125,-1,-1,-1,-1
375,13,619.3330078125,173.10296630859375,384.85906982421875,997.2561645507812,-1,-1,-1,-1
376,13,540.4279174804688,153.5803985595703,394.5172119140625,920.0117797851562,-1,-1,-1,-1
377,13,399.6728210449219,122.36865997314453,444.4166564941406,978.723876953125,-1,-1,-1,-1
378,13,445.3431701660156,175.23773193359375,557.728271484375,942.2158813476562,-1,-1,-1,-1
379,13,388.0592346191406,191.92718505859375,572.1468505859375,924.7583618164062,-1,-1,-1,-1
380,13,356.63934326171875,232.3192901611328,479.67694091796875,881.6995239257812,-1,-1,-1,-1
381,13,437.2142333984375,321.6961669921875,408.16339111328125,841.53515625,-1,-1,-1,-1
382,13,426.4137878417969,378.2416687011719,414.8958435058594,726.6474609375,-1,-1,-1,-1
383,13,438.9916687011719,471.7407531738281,446.9232482910156,633.941650390625,-1,-1,-1,-1
384,13,403.4222412109375,606.7913208007812,503.61041259765625,499.79217529296875,-1,-1,-1,-1
385,13,344.25433349609375,680.9266357421875,598.9204711914062,461.7257080078125,-1,-1,-1,-1
386,13,539.7491455078125,650.7003784179688,403.8721923828125,516.4768676757812,-1,-1,-1,-1
387,13,510.7379150390625,665.1994018554688,455.546875,510.17498779296875,-1,-1,-1,-1
388,13,471.1524353027344,592.5701293945312,534.0899658203125,607.5646362304688,-1,-1,-1,-1
389,13,406.303466796875,576.8001708984375,623.153564453125,586.2841796875,-1,-1,-1,-1
390,13,430.2113037109375,586.5405883789062,576.8271484375,562.4421997070312,-1,-1,-1,-1
391,13,452.0904235839844,650.29443359375,614.3944091796875,521.4544677734375,-1,-1,-1,-1
392,13,444.23858642578125,704.26953125,663.4379272460938,498.9434814453125,-1,-1,-1,-1
393,13,439.535888671875,705.8110961914062,662.9161376953125,537.4000854492188,-1,-1,-1,-1
394,13,469.86297607421875,741.6476440429688,630.1665649414062,531.6019897460938,-1,-1,-1,-1
395,13,536.320068359375,740.3964233398438,593.5355224609375,583.1492309570312,-1,-1,-1,-1
396,13,530.985595703125,737.7464599609375,595.0645751953125,599.528076171875,-1,-1,-1,-1
397,13,520.539794921875,752.6741943359375,645.6737060546875,567.2093505859375,-1,-1,-1,-1
398,13,540.9027099609375,747.72705078125,612.7552490234375,580.65478515625,-1,-1,-1,-1
399,13,552.294921875,747.047119140625,577.158203125,578.83154296875,-1,-1,-1,-1
400,13,618.0990600585938,721.1754760742188,536.4887084960938,590.8432006835938,-1,-1,-1,-1
401,13,620.4447631835938,692.7959594726562,515.9061889648438,596.0739135742188,-1,-1,-1,-1
402,13,593.4921875,700.5400390625,563.1279296875,556.401123046875,-1,-1,-1,-1
403,13,588.6168212890625,666.4623413085938,654.6217041015625,583.6491088867188,-1,-1,-1,-1
404,13,572.4354248046875,661.8404541015625,665.45361328125,598.83740234375,-1,-1,-1,-1
405,13,568.40869140625,661.0846557617188,670.414794921875,599.5741577148438,-1,-1,-1,-1
406,13,583.4451904296875,606.7869262695312,614.7379150390625,671.4186401367188,-1,-1,-1,-1
407,13,588.9395141601562,610.6714477539062,578.6787719726562,633.0610961914062,-1,-1,-1,-1
408,13,587.3175048828125,558.0628662109375,570.801513671875,618.319580078125,-1,-1,-1,-1
409,13,563.5963134765625,541.2581176757812,617.3685302734375,623.0519409179688,-1,-1,-1,-1
410,13,564.820556640625,545.7638549804688,610.8052978515625,608.0145874023438,-1,-1,-1,-1
411,13,508.7180480957031,507.5755615234375,655.097900390625,660.6539306640625,-1,-1,-1,-1
412,13,464.089111328125,485.544189453125,708.62841796875,670.931396484375,-1,-1,-1,-1
413,13,466.6751708984375,489.3724365234375,702.2381591796875,645.961669921875,-1,-1,-1,-1
414,13,471.783447265625,441.7677001953125,673.731201171875,683.70947265625,-1,-1,-1,-1
415,13,473.84320068359375,444.9490661621094,665.0924682617188,672.76904296875,-1,-1,-1,-1
416,13,473.2449645996094,339.6145935058594,619.7020263671875,764.9688720703125,-1,-1,-1,-1
417,13,422.820068359375,277.8290100097656,651.23486328125,816.6395263671875,-1,-1,-1,-1
418,13,383.8268127441406,278.6907043457031,698.6123046875,818.150390625,-1,-1,-1,-1
419,13,398.9923095703125,199.5428924560547,638.87890625,892.1207885742188,-1,-1,-1,-1
420,13,424.3689270019531,175.51039123535156,629.6651611328125,918.1168212890625,-1,-1,-1,-1
421,13,397.7662048339844,158.67034912109375,651.2125244140625,931.4963989257812,-1,-1,-1,-1
422,13,385.5914611816406,149.17251586914062,659.4581298828125,946.4676513671875,-1,-1,-1,-1
423,13,381.26953125,154.9969940185547,671.76806640625,936.0401000976562,-1,-1,-1,-1
424,13,376.2430419921875,158.5636749267578,680.242919921875,930.0936889648438,-1,-1,-1,-1
425,13,350.5284729003906,195.90321350097656,692.72802734375,897.4112548828125,-1,-1,-1,-1
426,13,346.5852966308594,203.740234375,699.2657470703125,886.1737060546875,-1,-1,-1,-1
427,13,354.1372375488281,201.9865264892578,694.415771484375,885.9500122070312,-1,-1,-1,-1
428,13,371.6624450683594,195.68907165527344,691.4013671875,889.005859375,-1,-1,-1,-1
429,13,308.5537109375,183.91064453125,805.165771484375,899.7646484375,-1,-1,-1,-1
430,13,293.7825622558594,183.0526580810547,833.8187255859375,904.4855346679688,-1,-1,-1,-1
431,13,246.49342346191406,182.41114807128906,907.291259765625,910.273681640625,-1,-1,-1,-1
432,13,309.364501953125,180.59695434570312,823.823486328125,905.9930419921875,-1,-1,-1,-1
433,13,316.57318115234375,170.22755432128906,823.5675659179688,917.412109375,-1,-1,-1,-1
434,13,398.14703369140625,184.61090087890625,739.9088745117188,903.7390747070312,-1,-1,-1,-1
435,13,432.0560302734375,192.23069763183594,724.0623779296875,894.80224609375,-1,-1,-1,-1
436,13,520.4757080078125,204.07147216796875,705.5020751953125,881.8165893554688,-1,-1,-1,-1
437,13,524.1895751953125,222.12783813476562,745.3880615234375,863.533203125,-1,-1,-1,-1
438,13,476.6544189453125,228.7339324951172,809.10009765625,859.7145385742188,-1,-1,-1,-1
439,13,616.0131225585938,226.9752655029297,667.1527709960938,863.4904174804688,-1,-1,-1,-1
440,13,565.4989624023438,229.8144989013672,700.1155395507812,854.8687133789062,-1,-1,-1,-1
441,13,610.7147827148438,219.5372772216797,648.7136840820312,871.2495727539062,-1,-1,-1,-1
442,13,566.867431640625,211.4109344482422,658.51123046875,874.5520629882812,-1,-1,-1,-1
443,13,596.3834228515625,197.118408203125,627.4815673828125,898.8165283203125,-1,-1,-1,-1
444,13,568.7322387695312,204.37152099609375,651.7440795898438,883.5934448242188,-1,-1,-1,-1
445,13,466.1424255371094,206.35623168945312,752.9405517578125,905.5565185546875,-1,-1,-1,-1
446,13,373.7840576171875,248.0177001953125,867.4697265625,855.20263671875,-1,-1,-1,-1
447,13,408.3092041015625,259.5832824707031,847.5623779296875,848.5052490234375,-1,-1,-1,-1
448,13,405.7995910644531,254.11460876464844,856.77294921875,853.123291015625,-1,-1,-1,-1
449,13,436.4815368652344,263.8927307128906,835.9041748046875,842.3670654296875,-1,-1,-1,-1
450,13,457.5360412597656,283.3515319824219,823.023193359375,817.9927978515625,-1,-1,-1,-1
451,13,466.4546813964844,283.1700439453125,828.4398193359375,819.1533203125,-1,-1,-1,-1
452,13,470.3758544921875,262.20587158203125,804.4359130859375,842.7111206054688,-1,-1,-1,-1
453,13,496.8310546875,267.45355224609375,750.4127197265625,833.8146362304688,-1,-1,-1,-1
454,13,499.8312072753906,265.7129211425781,745.6187744140625,835.62060546875,-1,-1,-1,-1
455,13,464.0305480957031,269.39007568359375,718.973876953125,830.4553833007812,-1,-1,-1,-1
456,13,448.5907287597656,269.9281311035156,740.5994873046875,835.3363037109375,-1,-1,-1,-1
457,13,438.70819091796875,265.5516052246094,721.7404174804688,835.0626220703125,-1,-1,-1,-1
458,13,443.3144226074219,212.77145385742188,717.55908203125,881.7879638671875,-1,-1,-1,-1
459,13,435.57745361328125,166.63314819335938,733.3764038085938,924.5213623046875,-1,-1,-1,-1
460,13,455.0267333984375,156.9490966796875,671.315673828125,944.4537353515625,-1,-1,-1,-1
461,13,424.61053466796875,165.18798828125,685.4605102539062,942.1983642578125,-1,-1,-1,-1
462,13,426.3787841796875,172.63291931152344,682.5423583984375,932.849853515625,-1,-1,-1,-1
463,13,498.9903564453125,165.68301391601562,671.9287109375,934.7545166015625,-1,-1,-1,-1
464,13,546.0344848632812,160.85142517089844,636.8052368164062,933.416015625,-1,-1,-1,-1
465,13,540.0888061523438,162.08468627929688,642.6091918945312,931.7142333984375,-1,-1,-1,-1
466,13,601.536865234375,171.8541259765625,591.031982421875,935.4788818359375,-1,-1,-1,-1
467,13,615.460693359375,184.52090454101562,605.8349609375,909.6431884765625,-1,-1,-1,-1
468,13,628.1231079101562,213.45152282714844,594.1073608398438,878.842041015625,-1,-1,-1,-1
469,13,634.2218627929688,204.69235229492188,575.1904907226562,895.911376953125,-1,-1,-1,-1
470,13,662.34716796875,190.7692413330078,574.4097900390625,915.6884155273438,-1,-1,-1,-1
471,13,644.5161743164062,188.57830810546875,596.2383422851562,911.8224487304688,-1,-1,-1,-1
472,13,652.8345336914062,222.9290008544922,604.2747192382812,880.3223266601562,-1,-1,-1,-1
473,13,673.1558837890625,222.95513916015625,567.650146484375,874.3602905273438,-1,-1,-1,-1
474,13,674.9348754882812,215.79444885253906,569.6671752929688,881.152099609375,-1,-1,-1,-1
475,13,681.7560424804688,230.90072631835938,551.0945434570312,861.020263671875,-1,-1,-1,-1
476,13,691.2098999023438,241.1183319091797,546.9523315429688,853.3214721679688,-1,-1,-1,-1
477,13,689.2686157226562,246.63919067382812,564.3562622070312,849.4364013671875,-1,-1,-1,-1
478,13,643.2085571289062,257.8428039550781,588.6265258789062,833.3863525390625,-1,-1,-1,-1
479,13,615.873046875,256.36695861816406,635.4798583984375,835.9896240234375,-1,-1,-1,-1
480,13,575.634521484375,287.5287780761719,658.754150390625,805.3243408203125,-1,-1,-1,-1
481,13,522.4282836914062,284.5635681152344,727.4627075195312,809.9080810546875,-1,-1,-1,-1
482,13,509.1402282714844,281.9444885253906,736.5841064453125,813.11474609375,-1,-1,-1,-1
483,13,499.51446533203125,299.8902587890625,729.6714477539062,793.5584716796875,-1,-1,-1,-1
484,13,474.4239196777344,307.0019226074219,757.55712890625,783.8699951171875,-1,-1,-1,-1
485,13,468.8659973144531,306.13055419921875,760.626220703125,784.3228149414062,-1,-1,-1,-1
486,13,427.7062683105469,306.82952880859375,790.139404296875,780.5667114257812,-1,-1,-1,-1
487,13,392.50885009765625,300.4392395019531,829.4535522460938,786.3900146484375,-1,-1,-1,-1
488,13,385.6533508300781,298.6083679199219,827.1707763671875,787.865478515625,-1,-1,-1,-1
489,13,322.5909118652344,307.9829406738281,879.6241455078125,780.4569091796875,-1,-1,-1,-1
490,13,312.550048828125,304.1372375488281,861.6893310546875,786.4959716796875,-1,-1,-1,-1
491,13,297.8382568359375,310.72833251953125,871.4921875,778.6459350585938,-1,-1,-1,-1
492,13,291.95361328125,311.3017883300781,871.49267578125,777.235595703125,-1,-1,-1,-1
493,13,296.4469909667969,311.1692199707031,865.8575439453125,777.3487548828125,-1,-1,-1,-1
494,13,270.34771728515625,318.9822692871094,911.2156372070312,768.08056640625,-1,-1,-1,-1
495,13,248.2701416015625,320.18475341796875,945.876220703125,767.8187866210938,-1,-1,-1,-1
496,13,260.2792663574219,325.2978515625,932.6146240234375,764.2596435546875,-1,-1,-1,-1
497,13,249.35153198242188,322.1851501464844,942.7646484375,770.416748046875,-1,-1,-1,-1
498,13,253.00302124023438,322.2270812988281,937.7347412109375,770.8360595703125,-1,-1,-1,-1
499,13,299.16387939453125,331.4692077636719,897.9279174804688,761.7559814453125,-1,-1,-1,-1
500,13,292.32373046875,332.9620361328125,912.6448974609375,760.2998046875,-1,-1,-1,-1
346,14,146.578125,322.01226806640625,514.856201171875,767.1112670898438,-1,-1,-1,-1
347,14,139.52200317382812,267.5892333984375,551.579833984375,820.3038330078125,-1,-1,-1,-1
348,14,76.55606842041016,239.9583282470703,648.50341796875,847.7474975585938,-1,-1,-1,-1
349,14,353.2129211425781,344.52081298828125,358.4571228027344,748.0925903320312,-1,-1,-1,-1
350,14,397.50970458984375,301.82867431640625,345.841552734375,805.2435913085938,-1,-1,-1,-1
351,14,383.01727294921875,309.4346618652344,424.97222900390625,788.2398681640625,-1,-1,-1,-1
352,14,449.4325256347656,306.6097106933594,371.4361877441406,784.7196044921875,-1,-1,-1,-1
353,14,489.6321716308594,313.9751892089844,324.8742980957031,771.2916259765625,-1,-1,-1,-1
354,14,485.47039794921875,318.5008850097656,307.1160888671875,766.4656982421875,-1,-1,-1,-1
355,14,600.2369384765625,270.0222473144531,263.1722412109375,816.50732421875,-1,-1,-1,-1
356,14,593.5098876953125,268.5185852050781,376.4993896484375,815.889892578125,-1,-1,-1,-1
361,15,1167.2957763671875,556.0574340820312,149.432861328125,371.3907470703125,-1,-1,-1,-1
362,15,1170.39892578125,565.1906127929688,144.3963623046875,362.058837890625,-1,-1,-1,-1
363,15,1212.2017822265625,514.764892578125,167.6180419921875,457.57928466796875,-1,-1,-1,-1
364,15,1219.3782958984375,407.8768615722656,205.434326171875,679.971435546875,-1,-1,-1,-1
365,15,1211.509521484375,393.4115295410156,218.6082763671875,697.2008056640625,-1,-1,-1,-1
366,15,1241.3311767578125,441.9297790527344,227.181884765625,646.1544189453125,-1,-1,-1,-1
367,15,1107.520751953125,468.2314147949219,196.8377685546875,610.542236328125,-1,-1,-1,-1
377,16,333.2286376953125,694.7401733398438,173.16192626953125,388.42034912109375,-1,-1,-1,-1
378,16,371.73077392578125,625.1397705078125,264.8499755859375,464.5145263671875,-1,-1,-1,-1
379,16,343.5256652832031,614.9152221679688,326.9502868652344,472.64324951171875,-1,-1,-1,-1
380,16,354.4671325683594,617.8831176757812,498.6155700683594,494.01312255859375,-1,-1,-1,-1
381,16,439.8558654785156,703.837646484375,452.9697570800781,468.7137451171875,-1,-1,-1,-1
382,16,451.80084228515625,710.829345703125,465.4090576171875,500.89697265625,-1,-1,-1,-1
383,16,406.4983825683594,697.0146484375,545.396484375,574.9720458984375,-1,-1,-1,-1
384,16,371.4752502441406,650.772216796875,597.2987060546875,624.8154296875,-1,-1,-1,-1
385,16,286.35504150390625,689.8772583007812,689.4231567382812,537.7219848632812,-1,-1,-1,-1
386,16,546.9317626953125,678.6323852539062,416.5552978515625,522.0653686523438,-1,-1,-1,-1
387,16,527.90576171875,681.4395751953125,447.43963623046875,520.034423828125,-1,-1,-1,-1
388,16,526.0173950195312,618.3843994140625,481.74212646484375,573.6754150390625,-1,-1,-1,-1
472,17,-51.81678771972656,533.7157592773438,430.17034912109375,557.0689086914062,-1,-1,-1,-1
473,17,-39.582435607910156,539.4827880859375,438.7629089355469,553.791015625,-1,-1,-1,-1
474,17,-62.28886032104492,538.8270263671875,468.36846923828125,559.4234619140625,-1,-1,-1,-1
475,17,-91.90823364257812,551.9227294921875,439.3777160644531,551.25830078125,-1,-1,-1,-1
476,17,-78.55489349365234,549.0521850585938,429.3580627441406,557.2998657226562,-1,-1,-1,-1
477,17,-77.89973449707031,554.9771728515625,417.8604736328125,547.849609375,-1,-1,-1,-1
478,17,-85.40400695800781,558.8663330078125,421.43548583984375,543.9937744140625,-1,-1,-1,-1
479,17,-87.57877349853516,559.4385986328125,426.2308654785156,541.0352783203125,-1,-1,-1,-1
480,17,-140.2753143310547,557.4063720703125,464.944091796875,551.401123046875,-1,-1,-1,-1
481,17,-131.4423370361328,562.4452514648438,424.82794189453125,548.3609008789062,-1,-1,-1,-1
482,17,-116.23606872558594,568.3208618164062,407.1414794921875,541.7702026367188,-1,-1,-1,-1
483,17,-174.9966583251953,580.1400146484375,466.84149169921875,532.71875,-1,-1,-1,-1
484,17,-154.8455810546875,597.2931518554688,431.4807434082031,512.7737426757812,-1,-1,-1,-1
485,17,-155.02243041992188,601.9675903320312,433.8464050292969,507.37005615234375,-1,-1,-1,-1
486,17,-165.1457061767578,603.502197265625,407.72796630859375,499.9732666015625,-1,-1,-1,-1
487,17,-189.1113739013672,599.1776123046875,421.8195495605469,508.3359375,-1,-1,-1,-1
488,17,-196.20028686523438,600.945556640625,421.6500244140625,509.48486328125,-1,-1,-1,-1
489,17,-189.9808349609375,599.6821899414062,391.4627685546875,512.6484985351562,-1,-1,-1,-1
490,17,-184.39138793945312,595.769775390625,375.6297607421875,515.121337890625,-1,-1,-1,-1
491,17,-179.72999572753906,598.1483154296875,364.056396484375,509.580078125,-1,-1,-1,-1
492,17,-178.7859649658203,611.4168090820312,361.05694580078125,494.89239501953125,-1,-1,-1,-1
493,17,-178.1662139892578,613.0274658203125,359.4781494140625,493.9317626953125,-1,-1,-1,-1
494,17,-177.34364318847656,617.3980102539062,357.7476806640625,484.03460693359375,-1,-1,-1,-1
495,17,-179.3372344970703,616.6907958984375,361.712646484375,483.86083984375,-1,-1,-1,-1
496,17,-178.13046264648438,617.1756591796875,359.299072265625,485.1436767578125,-1,-1,-1,-1
497,17,-180.20689392089844,613.116455078125,363.45196533203125,491.5130615234375,-1,-1,-1,-1
498,17,-179.09518432617188,612.2181396484375,361.22857666015625,494.3681640625,-1,-1,-1,-1
499,17,-185.3561248779297,601.5945434570312,373.796142578125,509.90118408203125,-1,-1,-1,-1
500,17,-184.6237335205078,604.7888793945312,372.4501647949219,508.16497802734375,-1,-1,-1,-1
