1,1,1019.8893432617188,454.5146789550781,123.35723876953125,267.1612854003906,-1,-1,-1,-1
2,1,798.0960083007812,567.8388671875,141.3359375,272.68896484375,-1,-1,-1,-1
6,1,452.0726013183594,555.10009765625,661.0687255859375,367.63922119140625,-1,-1,-1,-1
7,1,416.67724609375,471.9554138183594,629.727783203125,440.7987976074219,-1,-1,-1,-1
8,1,397.7857360839844,429.2784423828125,621.839111328125,496.0618896484375,-1,-1,-1,-1
9,1,457.3103332519531,407.4913330078125,580.807861328125,594.8576049804688,-1,-1,-1,-1
1,2,549.1683959960938,520.718017578125,281.023193359375,672.122314453125,-1,-1,-1,-1
2,2,577.970458984375,564.3065185546875,415.62225341796875,640.864013671875,-1,-1,-1,-1
3,2,548.1102294921875,586.9869384765625,582.4688720703125,623.2249755859375,-1,-1,-1,-1
4,2,468.5461120605469,550.8353271484375,708.132080078125,574.0213623046875,-1,-1,-1,-1
5,2,426.5697937011719,546.762939453125,724.446533203125,550.123046875,-1,-1,-1,-1
6,2,402.94219970703125,530.0570068359375,725.8368530273438,649.24755859375,-1,-1,-1,-1
7,2,372.7334899902344,470.3865966796875,682.0006103515625,601.5604248046875,-1,-1,-1,-1
8,2,395.01580810546875,425.811767578125,649.1050415039062,575.9251708984375,-1,-1,-1,-1
9,2,459.15740966796875,408.7507019042969,622.9188842773438,620.038818359375,-1,-1,-1,-1
10,2,538.887451171875,406.4813232421875,550.172607421875,660.8818359375,-1,-1,-1,-1
11,2,601.9959106445312,428.2578430175781,507.92523193359375,589.50390625,-1,-1,-1,-1
12,2,637.5305786132812,461.64984130859375,506.60504150390625,589.0508422851562,-1,-1,-1,-1
13,2,692.261962890625,484.5878601074219,492.8560791015625,584.3558349609375,-1,-1,-1,-1
14,2,753.68359375,502.0740051269531,463.0643310546875,592.74658203125,-1,-1,-1,-1
15,2,812.9989013671875,478.38446044921875,425.7049560546875,618.4508666992188,-1,-1,-1,-1
16,2,881.5722045898438,432.39935302734375,381.86102294921875,659.5659790039062,-1,-1,-1,-1
17,2,955.614990234375,391.4455261230469,335.4022216796875,709.645263671875,-1,-1,-1,-1
18,2,1024.2171630859375,354.0692138671875,283.4512939453125,746.80517578125,-1,-1,-1,-1
19,2,1071.6373291015625,336.5533447265625,250.668212890625,759.963623046875,-1,-1,-1,-1
20,2,1096.673095703125,348.5921630859375,265.7242431640625,754.41455078125,-1,-1,-1,-1
21,2,1107.845458984375,374.5257568359375,273.10302734375,739.7242431640625,-1,-1,-1,-1
22,2,1112.4896240234375,395.0896911621094,269.857177734375,716.4984130859375,-1,-1,-1,-1
23,2,1105.4642333984375,409.2876281738281,277.953369140625,700.903076171875,-1,-1,-1,-1
24,2,1109.0811767578125,419.142333984375,275.3203125,695.1820068359375,-1,-1,-1,-1
25,2,1115.792236328125,413.7523498535156,277.56689453125,693.7120361328125,-1,-1,-1,-1
26,2,1118.701171875,395.5940246582031,274.7777099609375,700.869384765625,-1,-1,-1,-1
27,2,1122.0438232421875,393.25164794921875,283.092529296875,704.6441040039062,-1,-1,-1,-1
28,2,1075.3575439453125,408.9821472167969,332.43310546875,699.7847900390625,-1,-1,-1,-1
29,2,1026.5731201171875,435.58575439453125,377.389892578125,677.7688598632812,-1,-1,-1,-1
30,2,996.1002197265625,456.29302978515625,408.7960205078125,638.1229858398438,-1,-1,-1,-1
31,2,986.8646240234375,474.5924987792969,417.041015625,621.5289306640625,-1,-1,-1,-1
32,2,987.1849975585938,469.49853515625,411.60321044921875,605.8072509765625,-1,-1,-1,-1
33,2,990.6033935546875,454.6138916015625,395.8055419921875,603.5767822265625,-1,-1,-1,-1
34,2,984.005859375,436.3011474609375,362.2449951171875,603.6712646484375,-1,-1,-1,-1
35,2,979.7479248046875,417.25213623046875,335.3709716796875,600.7103271484375,-1,-1,-1,-1
36,2,975.8370361328125,399.0938720703125,307.2725830078125,598.0530395507812,-1,-1,-1,-1
37,2,963.5638427734375,374.889892578125,260.377685546875,594.2950439453125,-1,-1,-1,-1
38,2,950.4010009765625,356.4790344238281,212.5242919921875,590.2169189453125,-1,-1,-1,-1
39,2,913.6332397460938,353.04119873046875,206.90972900390625,576.901611328125,-1,-1,-1,-1
40,2,874.453125,348.40338134765625,227.555908203125,566.8590698242188,-1,-1,-1,-1
41,2,852.136474609375,349.8865661621094,235.2061767578125,555.0238037109375,-1,-1,-1,-1
42,2,826.4361572265625,352.78228759765625,248.21630859375,541.9857788085938,-1,-1,-1,-1
43,2,801.227783203125,346.6710510253906,270.6639404296875,533.8809814453125,-1,-1,-1,-1
44,2,802.796142578125,326.627685546875,257.65234375,527.5552368164062,-1,-1,-1,-1
45,2,809.202392578125,314.01605224609375,247.6446533203125,516.1011962890625,-1,-1,-1,-1
46,2,815.5512084960938,285.5998229980469,242.52142333984375,513.9949951171875,-1,-1,-1,-1
47,2,825.7547607421875,258.3741760253906,220.91796875,510.8391418457031,-1,-1,-1,-1
48,2,839.7676391601562,230.15118408203125,188.26885986328125,507.04168701171875,-1,-1,-1,-1
49,2,842.3446044921875,198.68820190429688,159.3179931640625,502.0486145019531,-1,-1,-1,-1
50,2,840.31884765625,178.79893493652344,146.4505615234375,500.00994873046875,-1,-1,-1,-1
51,2,834.34912109375,173.1971435546875,162.07928466796875,491.22955322265625,-1,-1,-1,-1
52,2,828.8632202148438,175.459716796875,171.2886962890625,480.6324462890625,-1,-1,-1,-1
53,2,804.1883544921875,182.979248046875,189.87109375,465.1951904296875,-1,-1,-1,-1
54,2,800.6874389648438,204.23428344726562,182.97198486328125,448.4305725097656,-1,-1,-1,-1
55,2,807.0701904296875,229.2317657470703,173.3692626953125,431.422607421875,-1,-1,-1,-1
56,2,809.638671875,255.3682403564453,160.16748046875,416.47650146484375,-1,-1,-1,-1
57,2,802.7628173828125,276.150634765625,146.0653076171875,402.95208740234375,-1,-1,-1,-1
58,2,798.1804809570312,292.2953796386719,139.05914306640625,393.7039489746094,-1,-1,-1,-1
59,2,791.2931518554688,298.9258117675781,131.7435302734375,388.9629821777344,-1,-1,-1,-1
60,2,783.8370971679688,305.8872375488281,128.91796875,384.4048156738281,-1,-1,-1,-1
61,2,781.0853881835938,319.019775390625,129.323486328125,374.559814453125,-1,-1,-1,-1
62,2,778.5866088867188,327.7112731933594,124.69573974609375,365.5391540527344,-1,-1,-1,-1
63,2,758.3094482421875,334.4474792480469,131.2655029296875,357.8753967285156,-1,-1,-1,-1
64,2,760.024169921875,349.4588928222656,124.102783203125,349.9111022949219,-1,-1,-1,-1
65,2,760.899169921875,380.8994445800781,119.21356201171875,338.9292907714844,-1,-1,-1,-1
66,2,759.9493408203125,419.6326904296875,113.8990478515625,326.6177978515625,-1,-1,-1,-1
67,2,755.35888671875,453.400146484375,108.3448486328125,312.960693359375,-1,-1,-1,-1
68,2,749.6712036132812,481.6118469238281,103.31549072265625,300.0799255371094,-1,-1,-1,-1
69,2,738.4666748046875,502.6875,104.25927734375,292.249267578125,-1,-1,-1,-1
70,2,735.40478515625,521.2079467773438,103.25067138671875,287.56683349609375,-1,-1,-1,-1
71,2,729.9239501953125,539.4026489257812,105.80267333984375,286.08001708984375,-1,-1,-1,-1
72,2,731.67529296875,541.8546752929688,103.79937744140625,285.7333984375,-1,-1,-1,-1
73,2,728.684814453125,540.66064453125,100.12811279296875,286.083251953125,-1,-1,-1,-1
74,2,726.7598876953125,538.1057739257812,92.8729248046875,285.638671875,-1,-1,-1,-1
75,2,721.8724365234375,539.9149169921875,93.59765625,284.9736328125,-1,-1,-1,-1
76,2,718.0795288085938,541.522216796875,95.64288330078125,286.5972900390625,-1,-1,-1,-1
77,2,712.1558227539062,540.5152587890625,100.96490478515625,294.52166748046875,-1,-1,-1,-1
78,2,705.8524780273438,537.5729370117188,107.93310546875,305.93316650390625,-1,-1,-1,-1
79,2,698.8372802734375,549.7996215820312,115.82391357421875,314.9150390625,-1,-1,-1,-1
80,2,699.7523803710938,566.7251586914062,121.36199951171875,325.044921875,-1,-1,-1,-1
81,2,700.2647705078125,572.2954711914062,128.515380859375,334.5897216796875,-1,-1,-1,-1
82,2,693.8489990234375,571.4558715820312,134.09320068359375,346.69732666015625,-1,-1,-1,-1
83,2,687.774169921875,567.381103515625,130.21136474609375,360.034912109375,-1,-1,-1,-1
84,2,685.987060546875,559.6166381835938,124.03985595703125,367.70660400390625,-1,-1,-1,-1
85,2,685.8303833007812,552.1948852539062,113.8173828125,377.5123291015625,-1,-1,-1,-1
86,2,687.184814453125,542.9408569335938,107.2899169921875,386.1678466796875,-1,-1,-1,-1
87,2,689.1779174804688,535.0531616210938,108.2333984375,394.9326171875,-1,-1,-1,-1
88,2,688.8060302734375,531.4786987304688,109.088623046875,407.31195068359375,-1,-1,-1,-1
89,2,686.3001098632812,529.4209594726562,111.62054443359375,419.73046875,-1,-1,-1,-1
90,2,678.6587524414062,530.6664428710938,121.03753662109375,432.76812744140625,-1,-1,-1,-1
91,2,671.941162109375,548.9742431640625,126.52716064453125,446.09765625,-1,-1,-1,-1
92,2,667.6256713867188,566.5240478515625,133.8419189453125,456.2816162109375,-1,-1,-1,-1
93,2,666.0631103515625,582.5758056640625,149.07098388671875,465.0914306640625,-1,-1,-1,-1
94,2,663.09814453125,611.4894409179688,149.54534912109375,475.37762451171875,-1,-1,-1,-1
95,2,660.1516723632812,614.1065063476562,159.53607177734375,476.66241455078125,-1,-1,-1,-1
96,2,663.3411865234375,615.0157470703125,161.892333984375,480.9835205078125,-1,-1,-1,-1
97,2,669.6620483398438,611.4818115234375,163.8935546875,500.1900634765625,-1,-1,-1,-1
98,2,675.0884399414062,600.1312255859375,167.2518310546875,523.513916015625,-1,-1,-1,-1
99,2,679.9459228515625,591.3359375,176.297607421875,542.529541015625,-1,-1,-1,-1
100,2,686.5409545898438,588.1034545898438,179.83160400390625,553.8141479492188,-1,-1,-1,-1
101,2,689.4072265625,588.48681640625,176.77899169921875,577.7835693359375,-1,-1,-1,-1
102,2,690.8778686523438,589.18896484375,182.92724609375,587.51318359375,-1,-1,-1,-1
103,2,695.7347412109375,601.9432983398438,187.2674560546875,589.4651489257812,-1,-1,-1,-1
104,2,693.5038452148438,609.4581298828125,197.60650634765625,601.1614990234375,-1,-1,-1,-1
105,2,687.9344482421875,606.9601440429688,230.2589111328125,626.6121215820312,-1,-1,-1,-1
106,2,686.953857421875,611.0535278320312,277.2799072265625,672.5958862304688,-1,-1,-1,-1
107,2,684.7049560546875,604.028076171875,298.00860595703125,719.9779052734375,-1,-1,-1,-1
108,2,668.0283203125,604.0681762695312,289.64776611328125,701.2871704101562,-1,-1,-1,-1
109,2,624.6220703125,542.7410888671875,272.80859375,663.5853271484375,-1,-1,-1,-1
110,2,584.546875,479.5974426269531,256.05322265625,649.56396484375,-1,-1,-1,-1
111,2,550.1871337890625,462.16998291015625,253.26043701171875,672.3136596679688,-1,-1,-1,-1
112,2,557.7139282226562,438.9597473144531,236.41314697265625,710.0679931640625,-1,-1,-1,-1
113,2,584.9354248046875,433.0830078125,220.1644287109375,730.67578125,-1,-1,-1,-1
114,2,602.3380737304688,449.3252868652344,212.17437744140625,719.790283203125,-1,-1,-1,-1
115,2,614.1465454101562,481.13360595703125,199.99078369140625,681.9425659179688,-1,-1,-1,-1
116,2,619.1985473632812,459.51910400390625,365.60614013671875,711.6787719726562,-1,-1,-1,-1
117,2,627.50341796875,570.0947265625,215.01123046875,617.017822265625,-1,-1,-1,-1
118,2,650.9569091796875,597.2464599609375,173.05926513671875,596.0799560546875,-1,-1,-1,-1
119,2,662.9825439453125,614.3382568359375,171.7838134765625,593.6226806640625,-1,-1,-1,-1
120,2,681.2973022460938,605.8469848632812,167.9171142578125,598.5689086914062,-1,-1,-1,-1
121,2,685.150390625,577.6639404296875,166.3155517578125,593.6224365234375,-1,-1,-1,-1
122,2,680.852783203125,568.91845703125,165.67474365234375,575.453369140625,-1,-1,-1,-1
123,2,677.522216796875,576.8814086914062,170.68157958984375,544.3042602539062,-1,-1,-1,-1
124,2,679.0531005859375,591.6605224609375,173.22344970703125,506.7413330078125,-1,-1,-1,-1
125,2,679.0803833007812,619.8799438476562,174.23187255859375,483.42694091796875,-1,-1,-1,-1
126,2,686.0184936523438,629.239013671875,166.3375244140625,469.224609375,-1,-1,-1,-1
127,2,694.2162475585938,626.8121337890625,161.2572021484375,463.0325927734375,-1,-1,-1,-1
128,2,700.367919921875,618.9935913085938,146.869384765625,472.65557861328125,-1,-1,-1,-1
129,2,690.4882202148438,614.9832153320312,142.08319091796875,492.04913330078125,-1,-1,-1,-1
130,2,684.5968017578125,618.937255859375,141.79266357421875,502.008544921875,-1,-1,-1,-1
131,2,673.8992309570312,628.39013671875,150.7991943359375,499.5145263671875,-1,-1,-1,-1
132,2,662.9194946289062,639.9608764648438,149.68463134765625,500.73248291015625,-1,-1,-1,-1
133,2,657.7250366210938,649.56689453125,144.15863037109375,505.520751953125,-1,-1,-1,-1
134,2,649.2957763671875,651.9345703125,143.034423828125,501.120361328125,-1,-1,-1,-1
135,2,640.0171508789062,650.5154418945312,148.03521728515625,502.09271240234375,-1,-1,-1,-1
136,2,636.8723754882812,645.8676147460938,152.382080078125,498.70806884765625,-1,-1,-1,-1
137,2,637.4688110351562,645.3321533203125,157.82891845703125,497.3419189453125,-1,-1,-1,-1
138,2,633.675048828125,641.7627563476562,155.413818359375,492.09686279296875,-1,-1,-1,-1
139,2,625.7542114257812,641.6904296875,153.71759033203125,484.1116943359375,-1,-1,-1,-1
140,2,621.0179443359375,647.07470703125,157.1031494140625,377.5726318359375,-1,-1,-1,-1
141,2,619.508056640625,649.4724731445312,155.1065673828125,467.37091064453125,-1,-1,-1,-1
142,2,620.7445068359375,652.8905029296875,155.3218994140625,463.8570556640625,-1,-1,-1,-1
143,2,618.9835205078125,650.7288818359375,158.3900146484375,464.38134765625,-1,-1,-1,-1
144,2,617.0592651367188,651.8392333984375,162.93597412109375,466.41064453125,-1,-1,-1,-1
145,2,621.2945556640625,653.781005859375,164.1031494140625,473.69921875,-1,-1,-1,-1
146,2,630.4654541015625,666.4838256835938,159.85577392578125,480.81561279296875,-1,-1,-1,-1
147,2,635.9002075195312,675.3427734375,153.826416015625,490.072998046875,-1,-1,-1,-1
148,2,641.8687744140625,682.0289916992188,146.85943603515625,492.73785400390625,-1,-1,-1,-1
149,2,647.2579956054688,686.0374145507812,146.53045654296875,498.87725830078125,-1,-1,-1,-1
150,2,653.2749633789062,688.1812133789062,146.83740234375,498.78717041015625,-1,-1,-1,-1
151,2,654.3964233398438,688.9977416992188,147.75531005859375,492.82305908203125,-1,-1,-1,-1
152,2,657.8617553710938,685.3341674804688,146.4715576171875,484.46392822265625,-1,-1,-1,-1
153,2,664.0658569335938,683.1875,146.46429443359375,489.497802734375,-1,-1,-1,-1
154,2,666.3550415039062,672.362060546875,146.00421142578125,493.5081787109375,-1,-1,-1,-1
155,2,662.7088623046875,662.3749389648438,151.24188232421875,485.58306884765625,-1,-1,-1,-1
156,2,659.6697998046875,648.662841796875,158.3668212890625,480.3973388671875,-1,-1,-1,-1
157,2,653.846435546875,641.3560180664062,162.38494873046875,482.95086669921875,-1,-1,-1,-1
158,2,666.2794189453125,644.0501708984375,153.2073974609375,489.826416015625,-1,-1,-1,-1
159,2,670.7913208007812,645.6676025390625,152.271484375,493.0086669921875,-1,-1,-1,-1
160,2,668.2989501953125,646.4622192382812,156.360595703125,490.82757568359375,-1,-1,-1,-1
161,2,665.6610107421875,651.3353271484375,163.901611328125,485.2098388671875,-1,-1,-1,-1
162,2,673.6629028320312,653.56982421875,168.59100341796875,478.42529296875,-1,-1,-1,-1
163,2,677.65283203125,649.860107421875,172.99835205078125,479.45068359375,-1,-1,-1,-1
164,2,674.8723754882812,644.1009521484375,177.9041748046875,475.9193115234375,-1,-1,-1,-1
165,2,681.0534057617188,638.7984008789062,169.46197509765625,476.20855712890625,-1,-1,-1,-1
166,2,683.251220703125,634.5192260742188,170.62347412109375,473.37164306640625,-1,-1,-1,-1
167,2,687.4014282226562,621.5228271484375,165.2589111328125,477.291259765625,-1,-1,-1,-1
168,2,687.8810424804688,611.921875,154.90350341796875,476.0556640625,-1,-1,-1,-1
169,2,689.2926635742188,606.6825561523438,148.8643798828125,472.72723388671875,-1,-1,-1,-1
170,2,689.7774047851562,605.0916137695312,145.7720947265625,468.41107177734375,-1,-1,-1,-1
171,2,691.2495727539062,603.2359619140625,140.98785400390625,455.904296875,-1,-1,-1,-1
172,2,692.8240966796875,601.5985717773438,136.53631591796875,448.50494384765625,-1,-1,-1,-1
173,2,700.2711181640625,602.45751953125,129.69439697265625,449.5247802734375,-1,-1,-1,-1
174,2,702.5062255859375,603.755859375,130.4425048828125,450.9046630859375,-1,-1,-1,-1
175,2,700.667724609375,605.379638671875,132.71380615234375,442.462646484375,-1,-1,-1,-1
176,2,698.3609619140625,607.5875244140625,138.18365478515625,435.8487548828125,-1,-1,-1,-1
177,2,690.4102172851562,607.328369140625,144.43609619140625,428.6988525390625,-1,-1,-1,-1
178,2,684.4654541015625,610.3321533203125,144.980712890625,429.2066650390625,-1,-1,-1,-1
179,2,679.1360473632812,611.44921875,149.281982421875,431.9747314453125,-1,-1,-1,-1
180,2,679.4417114257812,608.7880249023438,151.54290771484375,437.97235107421875,-1,-1,-1,-1
181,2,684.44140625,604.0526123046875,153.845458984375,447.1107177734375,-1,-1,-1,-1
182,2,687.5230102539062,602.922119140625,152.48980712890625,460.9598388671875,-1,-1,-1,-1
183,2,689.555419921875,598.5221557617188,152.60650634765625,476.35345458984375,-1,-1,-1,-1
184,2,686.076171875,609.8143310546875,150.82342529296875,479.6805419921875,-1,-1,-1,-1
185,2,684.1533813476562,617.7435913085938,148.1761474609375,411.32379150390625,-1,-1,-1,-1
186,2,683.4054565429688,622.354248046875,151.34344482421875,493.203125,-1,-1,-1,-1
187,2,682.1978759765625,624.4700317382812,153.36212158203125,516.1181030273438,-1,-1,-1,-1
188,2,681.2693481445312,629.0366821289062,155.79107666015625,528.9369506835938,-1,-1,-1,-1
189,2,663.3555908203125,627.8173828125,168.07513427734375,542.70703125,-1,-1,-1,-1
190,2,688.61865234375,631.5601806640625,144.29443359375,542.515380859375,-1,-1,-1,-1
191,2,686.3896484375,627.4537353515625,147.20855712890625,548.1236572265625,-1,-1,-1,-1
192,2,683.1279907226562,625.3189697265625,154.07647705078125,552.0386962890625,-1,-1,-1,-1
193,2,679.8528442382812,628.1017456054688,154.36346435546875,554.9672241210938,-1,-1,-1,-1
194,2,673.1717529296875,630.91748046875,160.04510498046875,558.3199462890625,-1,-1,-1,-1
195,2,670.1958618164062,641.1044311523438,171.8887939453125,450.55853271484375,-1,-1,-1,-1
196,2,665.5723266601562,640.36572265625,171.47613525390625,448.4212646484375,-1,-1,-1,-1
197,2,659.4019165039062,640.688232421875,168.71563720703125,448.613037109375,-1,-1,-1,-1
198,2,657.1488647460938,645.5433959960938,167.9031982421875,452.92889404296875,-1,-1,-1,-1
199,2,664.53857421875,649.79150390625,162.45330810546875,442.49755859375,-1,-1,-1,-1
200,2,671.9957885742188,639.524658203125,156.35479736328125,434.1826171875,-1,-1,-1,-1
201,2,676.3148803710938,639.8636474609375,156.75982666015625,432.3572998046875,-1,-1,-1,-1
202,2,679.201171875,648.2373657226562,155.532958984375,436.55780029296875,-1,-1,-1,-1
203,2,679.8250122070312,649.6348266601562,154.45684814453125,441.89630126953125,-1,-1,-1,-1
204,2,682.535888671875,654.6321411132812,153.2662353515625,486.25689697265625,-1,-1,-1,-1
205,2,677.3983154296875,666.9564819335938,154.677978515625,559.8811645507812,-1,-1,-1,-1
206,2,662.1597900390625,675.6837158203125,161.1583251953125,558.36767578125,-1,-1,-1,-1
207,2,659.7022094726562,696.1259155273438,158.47796630859375,561.8816528320312,-1,-1,-1,-1
208,2,666.6459350585938,716.571533203125,153.10302734375,557.7979736328125,-1,-1,-1,-1
209,2,662.0607299804688,730.0210571289062,153.02105712890625,548.7810668945312,-1,-1,-1,-1
210,2,658.4611206054688,739.5712890625,154.82147216796875,540.854736328125,-1,-1,-1,-1
211,2,658.0739135742188,751.4270629882812,159.3836669921875,536.0530395507812,-1,-1,-1,-1
212,2,657.8961181640625,755.868896484375,163.75048828125,528.3009033203125,-1,-1,-1,-1
213,2,655.427001953125,759.7916259765625,166.74847412109375,523.577880859375,-1,-1,-1,-1
214,2,653.3004760742188,753.2022094726562,176.6776123046875,525.2711791992188,-1,-1,-1,-1
215,2,656.30712890625,749.5977783203125,177.62518310546875,536.06884765625,-1,-1,-1,-1
216,2,658.2398681640625,747.4322509765625,176.11676025390625,545.2822265625,-1,-1,-1,-1
217,2,659.8550415039062,743.363037109375,175.056640625,553.1966552734375,-1,-1,-1,-1
218,2,659.9019165039062,736.3255004882812,174.1378173828125,548.4736938476562,-1,-1,-1,-1
219,2,655.7071533203125,728.62255859375,171.1859130859375,550.539306640625,-1,-1,-1,-1
220,2,655.048583984375,723.8209838867188,174.63604736328125,545.4454956054688,-1,-1,-1,-1
221,2,655.5009155273438,728.093505859375,177.554931640625,532.214599609375,-1,-1,-1,-1
222,2,657.6700439453125,741.944580078125,181.48187255859375,534.4664306640625,-1,-1,-1,-1
223,2,659.7488403320312,750.3412475585938,181.73736572265625,530.1124877929688,-1,-1,-1,-1
224,2,662.8717651367188,752.6782836914062,179.4161376953125,516.1428833007812,-1,-1,-1,-1
225,2,669.5362548828125,754.6035766601562,175.0828857421875,503.01092529296875,-1,-1,-1,-1
226,2,675.9700927734375,752.0281372070312,170.86871337890625,494.35186767578125,-1,-1,-1,-1
227,2,681.5987548828125,758.8920288085938,167.96881103515625,492.45355224609375,-1,-1,-1,-1
228,2,677.4700317382812,761.510986328125,169.91705322265625,496.65234375,-1,-1,-1,-1
229,2,671.3253784179688,760.4856567382812,173.20904541015625,502.86712646484375,-1,-1,-1,-1
230,2,670.0068359375,752.38134765625,173.541748046875,514.625732421875,-1,-1,-1,-1
231,2,670.1900024414062,742.7573852539062,173.20977783203125,524.6845092773438,-1,-1,-1,-1
232,2,674.8297729492188,736.43701171875,169.73529052734375,533.010986328125,-1,-1,-1,-1
233,2,678.4345092773438,738.5691528320312,167.0340576171875,534.0305786132812,-1,-1,-1,-1
234,2,678.7752075195312,744.781982421875,163.51165771484375,535.880859375,-1,-1,-1,-1
235,2,681.8202514648438,756.3529663085938,154.82330322265625,470.55889892578125,-1,-1,-1,-1
236,2,682.16357421875,767.0654907226562,153.28857421875,455.74237060546875,-1,-1,-1,-1
237,2,674.9755249023438,776.68310546875,154.99688720703125,471.3416748046875,-1,-1,-1,-1
238,2,683.1634521484375,769.6021118164062,155.185302734375,500.01104736328125,-1,-1,-1,-1
239,2,696.0546875,764.26513671875,152.0987548828125,491.32763671875,-1,-1,-1,-1
240,2,698.0096435546875,760.73095703125,149.28302001953125,482.6951904296875,-1,-1,-1,-1
241,2,700.3485717773438,759.3877563476562,148.8328857421875,473.17718505859375,-1,-1,-1,-1
242,2,700.1741333007812,754.4959716796875,155.63153076171875,455.398681640625,-1,-1,-1,-1
243,2,694.035888671875,750.9334106445312,150.634033203125,373.88531494140625,-1,-1,-1,-1
244,2,688.8712768554688,739.9899291992188,146.21539306640625,369.44244384765625,-1,-1,-1,-1
245,2,687.589599609375,737.9049072265625,145.1396484375,367.2193603515625,-1,-1,-1,-1
246,2,689.1158447265625,733.5281372070312,142.4532470703125,366.08734130859375,-1,-1,-1,-1
247,2,690.7877807617188,715.5028076171875,135.94183349609375,366.04931640625,-1,-1,-1,-1
248,2,691.953125,724.7792358398438,134.37835693359375,371.59490966796875,-1,-1,-1,-1
249,2,692.9434814453125,724.078369140625,131.782958984375,372.5848388671875,-1,-1,-1,-1
250,2,688.4611206054688,720.5771484375,126.97332763671875,373.76220703125,-1,-1,-1,-1
251,2,682.6544189453125,720.7845458984375,124.21923828125,375.9525146484375,-1,-1,-1,-1
252,2,681.9971313476562,725.61474609375,124.64666748046875,380.168212890625,-1,-1,-1,-1
253,2,681.2022705078125,729.3538818359375,127.19970703125,384.4581298828125,-1,-1,-1,-1
254,2,677.3505859375,724.8610229492188,127.74053955078125,385.00372314453125,-1,-1,-1,-1
255,2,672.838623046875,718.6304321289062,127.32867431640625,389.04974365234375,-1,-1,-1,-1
256,2,672.7755126953125,717.85205078125,127.73419189453125,399.3726806640625,-1,-1,-1,-1
257,2,674.205322265625,713.6568603515625,130.2535400390625,411.3839111328125,-1,-1,-1,-1
258,2,678.319091796875,706.4669799804688,131.594482421875,428.73272705078125,-1,-1,-1,-1
259,2,683.5847778320312,703.9646606445312,129.2733154296875,427.32916259765625,-1,-1,-1,-1
260,2,692.1300048828125,699.9818725585938,130.037353515625,483.09075927734375,-1,-1,-1,-1
261,2,689.204833984375,699.9466552734375,137.15399169921875,494.2669677734375,-1,-1,-1,-1
262,2,680.5311279296875,704.8679809570312,143.867919921875,496.62188720703125,-1,-1,-1,-1
263,2,679.379150390625,703.712646484375,147.28173828125,502.090087890625,-1,-1,-1,-1
264,2,674.9265747070312,706.4688110351562,147.94842529296875,510.02215576171875,-1,-1,-1,-1
265,2,677.2684326171875,700.9403076171875,148.58123779296875,518.1185302734375,-1,-1,-1,-1
266,2,682.659423828125,685.0709838867188,151.253662109375,529.8220825195312,-1,-1,-1,-1
267,2,695.3449096679688,685.4302368164062,146.05401611328125,450.70086669921875,-1,-1,-1,-1
268,2,694.33349609375,682.973876953125,150.2186279296875,446.2330322265625,-1,-1,-1,-1
269,2,690.318603515625,676.0752563476562,159.07635498046875,559.7062377929688,-1,-1,-1,-1
270,2,671.8578491210938,684.9039306640625,175.8040771484375,565.3133544921875,-1,-1,-1,-1
271,2,666.814453125,694.6455078125,175.1187744140625,575.6944580078125,-1,-1,-1,-1
272,2,669.4681396484375,702.4055786132812,175.6416015625,578.4000854492188,-1,-1,-1,-1
273,2,673.9165649414062,707.27099609375,182.47515869140625,575.9962158203125,-1,-1,-1,-1
274,2,675.4866943359375,712.1314086914062,186.513671875,573.7813110351562,-1,-1,-1,-1
275,2,677.429931640625,717.8176879882812,187.1805419921875,569.4816284179688,-1,-1,-1,-1
276,2,676.4817504882812,717.2374267578125,182.04315185546875,568.81494140625,-1,-1,-1,-1
277,2,683.156494140625,716.6114501953125,171.254150390625,561.4381103515625,-1,-1,-1,-1
278,2,678.720947265625,713.5265502929688,169.4635009765625,550.7706909179688,-1,-1,-1,-1
279,2,680.2138061523438,701.9335327148438,167.85302734375,547.4414672851562,-1,-1,-1,-1
280,2,669.2757568359375,692.2792358398438,176.75445556640625,558.9631958007812,-1,-1,-1,-1
281,2,725.937255859375,692.1160278320312,164.8922119140625,575.4241333007812,-1,-1,-1,-1
282,2,753.9004516601562,698.1411743164062,190.8292236328125,592.9934692382812,-1,-1,-1,-1
283,2,731.9700317382812,716.7756958007812,191.9678955078125,611.8336791992188,-1,-1,-1,-1
284,2,686.19091796875,679.0728149414062,195.7960205078125,514.3688354492188,-1,-1,-1,-1
285,2,674.2442626953125,609.3770751953125,195.95294189453125,602.4027099609375,-1,-1,-1,-1
286,2,686.6370849609375,584.2200927734375,197.13360595703125,617.529052734375,-1,-1,-1,-1
287,2,745.1746826171875,616.3003540039062,203.658447265625,654.5870971679688,-1,-1,-1,-1
288,2,714.9483642578125,587.66796875,225.37744140625,694.72021484375,-1,-1,-1,-1
289,2,629.5546875,586.0615844726562,264.13037109375,631.6099243164062,-1,-1,-1,-1
290,2,618.547607421875,591.9337768554688,311.3896484375,635.7883911132812,-1,-1,-1,-1
291,2,614.4964599609375,572.5902099609375,355.38043212890625,699.1676025390625,-1,-1,-1,-1
292,2,545.04443359375,596.8126831054688,531.30908203125,810.1744995117188,-1,-1,-1,-1
293,2,631.3967895507812,539.6373291015625,560.4182739257812,867.8321533203125,-1,-1,-1,-1
294,2,584.0277709960938,491.9111633300781,572.2826538085938,909.57275390625,-1,-1,-1,-1
295,2,640.4092407226562,440.49609375,593.1109008789062,949.91748046875,-1,-1,-1,-1
296,2,696.125,407.8276672363281,418.872802734375,847.40625,-1,-1,-1,-1
297,2,704.6681518554688,368.24554443359375,375.24713134765625,837.2760620117188,-1,-1,-1,-1
298,2,732.061767578125,391.5596618652344,382.088623046875,936.604248046875,-1,-1,-1,-1
299,2,753.6614379882812,459.23333740234375,386.85687255859375,907.3759155273438,-1,-1,-1,-1
300,2,779.4267578125,534.2239990234375,393.632080078125,760.781494140625,-1,-1,-1,-1
301,2,801.7086181640625,594.4717407226562,422.606689453125,713.3051147460938,-1,-1,-1,-1
302,2,807.2855834960938,649.1402587890625,370.74859619140625,689.1282958984375,-1,-1,-1,-1
303,2,826.0369873046875,690.0380859375,414.3525390625,618.1473388671875,-1,-1,-1,-1
304,2,830.8709716796875,715.462890625,349.2830810546875,597.928955078125,-1,-1,-1,-1
305,2,834.714599609375,734.369384765625,327.044189453125,593.4927978515625,-1,-1,-1,-1
306,2,846.347412109375,757.7593383789062,291.5450439453125,572.8538208007812,-1,-1,-1,-1
307,2,850.4281005859375,781.009765625,275.5638427734375,552.9031982421875,-1,-1,-1,-1
308,2,866.2822265625,789.98583984375,256.576416015625,570.6676025390625,-1,-1,-1,-1
309,2,883.3369140625,786.31787109375,262.0380859375,538.4620361328125,-1,-1,-1,-1
310,2,906.5308227539062,775.102783203125,232.59368896484375,595.47998046875,-1,-1,-1,-1
311,2,936.8963012695312,759.4595336914062,231.06890869140625,587.0863647460938,-1,-1,-1,-1
22,3,1.7365164756774902,646.0270385742188,127.31385040283203,340.67474365234375,-1,-1,-1,-1
23,3,4.628740310668945,638.0689697265625,155.2570343017578,288.23382568359375,-1,-1,-1,-1
24,3,30.3574275970459,629.4398803710938,160.87713623046875,283.97119140625,-1,-1,-1,-1
25,3,65.02657318115234,621.529541015625,158.22250366210938,277.25537109375,-1,-1,-1,-1
26,3,92.87629699707031,617.5579223632812,153.80438232421875,272.16888427734375,-1,-1,-1,-1
27,3,134.93881225585938,605.7694091796875,143.95333862304688,266.580078125,-1,-1,-1,-1
28,3,173.6393280029297,592.716552734375,134.3767547607422,263.61859130859375,-1,-1,-1,-1
29,3,210.334228515625,583.5748291015625,126.96713256835938,257.11761474609375,-1,-1,-1,-1
30,3,239.88470458984375,576.169921875,122.48165893554688,250.2052001953125,-1,-1,-1,-1
31,3,274.2133483886719,556.116455078125,114.04562377929688,244.718994140625,-1,-1,-1,-1
32,3,305.9028015136719,538.8280639648438,109.84320068359375,242.3182373046875,-1,-1,-1,-1
33,3,335.5438537597656,528.5443725585938,107.54629516601562,231.97943115234375,-1,-1,-1,-1
34,3,354.85784912109375,513.47509765625,103.337646484375,230.2574462890625,-1,-1,-1,-1
35,3,368.4115905761719,503.0457763671875,103.14462280273438,231.2884521484375,-1,-1,-1,-1
36,3,381.3529968261719,495.6127014160156,99.49765014648438,220.47628784179688,-1,-1,-1,-1
37,3,386.5034484863281,473.5421142578125,97.3023681640625,229.35223388671875,-1,-1,-1,-1
38,3,393.0047607421875,461.2848205566406,95.67819213867188,224.04257202148438,-1,-1,-1,-1
39,3,396.4118347167969,464.5024719238281,98.71133422851562,221.13204956054688,-1,-1,-1,-1
40,3,403.1490173339844,453.2705078125,95.09576416015625,223.0439453125,-1,-1,-1,-1
41,3,421.474853515625,434.9541931152344,89.95639038085938,216.65328979492188,-1,-1,-1,-1
42,3,444.47357177734375,422.9863586425781,84.4132080078125,213.59231567382812,-1,-1,-1,-1
43,3,465.29278564453125,407.0767517089844,83.74481201171875,219.77462768554688,-1,-1,-1,-1
44,3,483.15130615234375,384.0614929199219,80.4344482421875,215.90115356445312,-1,-1,-1,-1
45,3,497.4389953613281,374.24114990234375,81.39151000976562,216.92657470703125,-1,-1,-1,-1
46,3,510.9195861816406,348.4370422363281,81.49130249023438,217.76779174804688,-1,-1,-1,-1
47,3,529.0149536132812,325.28204345703125,79.3226318359375,217.12811279296875,-1,-1,-1,-1
48,3,548.4735107421875,302.34124755859375,75.6678466796875,222.60028076171875,-1,-1,-1,-1
49,3,555.521728515625,280.626220703125,78.90924072265625,221.27587890625,-1,-1,-1,-1
50,3,565.7035522460938,270.6559753417969,78.3170166015625,221.994140625,-1,-1,-1,-1
51,3,580.9597778320312,265.34619140625,78.6929931640625,222.21511840820312,-1,-1,-1,-1
52,3,596.5278930664062,264.5478515625,76.61761474609375,221.97686767578125,-1,-1,-1,-1
53,3,604.6944580078125,265.9468994140625,73.96722412109375,218.22491455078125,-1,-1,-1,-1
54,3,615.3966674804688,278.18023681640625,72.034912109375,209.63485717773438,-1,-1,-1,-1
55,3,631.1954956054688,291.1662902832031,71.5845947265625,208.24960327148438,-1,-1,-1,-1
56,3,643.599609375,309.4750671386719,66.260498046875,202.19564819335938,-1,-1,-1,-1
57,3,647.1278686523438,324.721435546875,63.5635986328125,200.2872314453125,-1,-1,-1,-1
58,3,652.2699584960938,339.4789123535156,64.21490478515625,199.20693969726562,-1,-1,-1,-1
59,3,652.6445922851562,347.7723693847656,61.341552734375,194.02584838867188,-1,-1,-1,-1
60,3,651.6891479492188,356.0346984863281,59.64996337890625,190.06594848632812,-1,-1,-1,-1
61,3,656.9891967773438,365.1826477050781,59.541015625,191.52920532226562,-1,-1,-1,-1
62,3,655.0145874023438,370.7046813964844,59.21258544921875,190.18496704101562,-1,-1,-1,-1
63,3,647.0607299804688,373.270263671875,59.16998291015625,189.0997314453125,-1,-1,-1,-1
64,3,649.7955322265625,383.6448974609375,56.9951171875,183.200927734375,-1,-1,-1,-1
65,3,653.6218872070312,413.20782470703125,54.84588623046875,182.41705322265625,-1,-1,-1,-1
66,3,656.2265014648438,450.841552734375,53.09857177734375,176.47967529296875,-1,-1,-1,-1
67,3,652.1904296875,484.212158203125,54.359619140625,174.82049560546875,-1,-1,-1,-1
68,3,646.001708984375,511.740234375,55.37554931640625,168.0277099609375,-1,-1,-1,-1
69,3,633.895751953125,531.803466796875,55.8626708984375,170.55096435546875,-1,-1,-1,-1
70,3,631.9686279296875,548.5130004882812,52.65008544921875,165.8095703125,-1,-1,-1,-1
71,3,628.7440795898438,566.6685791015625,52.0753173828125,167.28656005859375,-1,-1,-1,-1
72,3,629.2416381835938,569.4512329101562,53.04833984375,166.3912353515625,-1,-1,-1,-1
73,3,622.9222412109375,567.6203002929688,53.411376953125,166.5316162109375,-1,-1,-1,-1
74,3,614.79931640625,564.232177734375,54.5355224609375,168.4088134765625,-1,-1,-1,-1
75,3,606.903076171875,564.96923828125,56.53485107421875,170.86871337890625,-1,-1,-1,-1
76,3,600.942626953125,569.380615234375,56.27691650390625,168.276611328125,-1,-1,-1,-1
77,3,593.0924072265625,573.09716796875,57.1319580078125,169.97369384765625,-1,-1,-1,-1
78,3,587.5390625,574.4998779296875,59.300048828125,169.70111083984375,-1,-1,-1,-1
79,3,579.7430419921875,588.2884521484375,62.6878662109375,175.2137451171875,-1,-1,-1,-1
80,3,579.6063232421875,604.3665771484375,64.35406494140625,173.858154296875,-1,-1,-1,-1
81,3,577.8675537109375,609.3818969726562,65.32940673828125,175.04541015625,-1,-1,-1,-1
82,3,573.5848388671875,605.2525634765625,63.79937744140625,178.27252197265625,-1,-1,-1,-1
83,3,563.611572265625,598.953857421875,65.5885009765625,176.2318115234375,-1,-1,-1,-1
84,3,560.291015625,587.5784912109375,63.04876708984375,179.73583984375,-1,-1,-1,-1
85,3,558.8163452148438,576.4414672851562,64.00579833984375,182.1497802734375,-1,-1,-1,-1
86,3,558.2404174804688,568.7064208984375,63.47308349609375,181.692138671875,-1,-1,-1,-1
87,3,556.2044677734375,562.0379638671875,64.8587646484375,184.1495361328125,-1,-1,-1,-1
88,3,550.0297241210938,565.4945068359375,68.50238037109375,183.7275390625,-1,-1,-1,-1
89,3,544.3914794921875,572.6343994140625,66.25140380859375,185.212158203125,-1,-1,-1,-1
90,3,537.8292236328125,582.350830078125,67.78985595703125,183.59735107421875,-1,-1,-1,-1
91,3,528.1015625,608.8328247070312,66.1929931640625,185.05242919921875,-1,-1,-1,-1
92,3,514.8074951171875,629.7229614257812,66.9169921875,184.88055419921875,-1,-1,-1,-1
93,3,503.5590515136719,648.4800415039062,71.54873657226562,194.83221435546875,-1,-1,-1,-1
94,3,486.4195251464844,682.7326049804688,77.40188598632812,196.89666748046875,-1,-1,-1,-1
95,3,470.48394775390625,684.062744140625,81.8228759765625,196.35321044921875,-1,-1,-1,-1
96,3,463.27728271484375,685.9036865234375,87.38092041015625,199.406494140625,-1,-1,-1,-1
97,3,453.52862548828125,677.6986694335938,95.56011962890625,204.0489501953125,-1,-1,-1,-1
98,3,440.926513671875,660.1748046875,99.4808349609375,209.430419921875,-1,-1,-1,-1
99,3,430.084716796875,647.6416625976562,107.39166259765625,204.324462890625,-1,-1,-1,-1
100,3,417.4309387207031,643.4559936523438,112.36618041992188,214.869384765625,-1,-1,-1,-1
101,3,406.44818115234375,643.4713134765625,116.45367431640625,215.05560302734375,-1,-1,-1,-1
102,3,392.8319396972656,647.9175415039062,113.23532104492188,218.413818359375,-1,-1,-1,-1
103,3,391.3870849609375,655.9688110351562,103.413330078125,219.66058349609375,-1,-1,-1,-1
104,3,377.46533203125,664.2117309570312,99.15304565429688,223.58135986328125,-1,-1,-1,-1
105,3,352.5162658691406,670.4339599609375,102.36581420898438,230.48638916015625,-1,-1,-1,-1
106,3,339.55450439453125,688.17822265625,102.71484375,234.34149169921875,-1,-1,-1,-1
107,3,331.8727111816406,687.6958618164062,100.010498046875,235.85260009765625,-1,-1,-1,-1
108,3,306.451904296875,672.0865478515625,101.24627685546875,236.61761474609375,-1,-1,-1,-1
109,3,250.2569122314453,602.6139526367188,112.69615173339844,238.51513671875,-1,-1,-1,-1
110,3,205.60183715820312,546.169189453125,122.68899536132812,242.90911865234375,-1,-1,-1,-1
111,3,193.96995544433594,531.6527099609375,118.64579772949219,246.3812255859375,-1,-1,-1,-1
112,3,247.61654663085938,508.0575256347656,107.71322631835938,241.83975219726562,-1,-1,-1,-1
113,3,293.8897399902344,521.9598388671875,99.2305908203125,230.1463623046875,-1,-1,-1,-1
114,3,329.30584716796875,550.197265625,96.5799560546875,225.98028564453125,-1,-1,-1,-1
115,3,363.42901611328125,570.5469360351562,91.85238647460938,218.0269775390625,-1,-1,-1,-1
116,3,390.2190246582031,593.343505859375,84.00482177734375,215.0382080078125,-1,-1,-1,-1
117,3,412.47320556640625,616.28662109375,81.96124267578125,207.30291748046875,-1,-1,-1,-1
118,3,440.61114501953125,632.5703125,73.20907592773438,195.46453857421875,-1,-1,-1,-1
119,3,469.4631042480469,651.0259399414062,69.47128295898438,187.69921875,-1,-1,-1,-1
120,3,501.82562255859375,656.0049438476562,65.9329833984375,185.6529541015625,-1,-1,-1,-1
121,3,519.3561401367188,646.5472412109375,63.7666015625,183.65576171875,-1,-1,-1,-1
122,3,530.1710815429688,643.2664794921875,62.12542724609375,178.07659912109375,-1,-1,-1,-1
123,3,539.22314453125,643.15673828125,60.90264892578125,180.145263671875,-1,-1,-1,-1
124,3,553.402587890625,641.405517578125,60.20806884765625,175.16778564453125,-1,-1,-1,-1
125,3,562.5675048828125,651.8336181640625,61.096923828125,173.42303466796875,-1,-1,-1,-1
126,3,578.3523559570312,649.3732299804688,59.17291259765625,174.18212890625,-1,-1,-1,-1
127,3,596.2413940429688,646.0390014648438,56.2652587890625,170.296630859375,-1,-1,-1,-1
128,3,602.7589111328125,644.7401123046875,55.1085205078125,168.1802978515625,-1,-1,-1,-1
129,3,601.155029296875,646.93505859375,55.4647216796875,167.740234375,-1,-1,-1,-1
130,3,602.531982421875,652.04541015625,55.177001953125,167.990966796875,-1,-1,-1,-1
131,3,607.6112670898438,656.5081787109375,55.21624755859375,167.05224609375,-1,-1,-1,-1
132,3,608.0851440429688,661.9688720703125,54.70867919921875,163.57647705078125,-1,-1,-1,-1
133,3,610.64453125,664.7807006835938,54.55792236328125,164.981201171875,-1,-1,-1,-1
134,3,613.3768310546875,664.7847900390625,51.68621826171875,164.57244873046875,-1,-1,-1,-1
135,3,618.5511474609375,668.018310546875,54.3978271484375,168.49639892578125,-1,-1,-1,-1
136,3,630.3062133789062,666.8037719726562,56.508056640625,174.13177490234375,-1,-1,-1,-1
137,3,644.170654296875,668.8807983398438,57.457275390625,170.802978515625,-1,-1,-1,-1
138,3,647.51220703125,648.7431030273438,81.1749267578125,193.98907470703125,-1,-1,-1,-1
139,3,644.6593017578125,644.5324096679688,86.0823974609375,184.362060546875,-1,-1,-1,-1
140,3,640.102294921875,646.4804077148438,86.01580810546875,161.08251953125,-1,-1,-1,-1
142,3,653.307861328125,647.5355224609375,64.91290283203125,136.90863037109375,-1,-1,-1,-1
143,3,657.8463134765625,648.5009765625,60.8719482421875,130.5360107421875,-1,-1,-1,-1
148,3,673.25830078125,677.6202392578125,63.85089111328125,127.14971923828125,-1,-1,-1,-1
168,4,689.3319091796875,619.4609375,77.06329345703125,188.333740234375,-1,-1,-1,-1
169,4,683.3665771484375,620.0223999023438,61.422607421875,187.21734619140625,-1,-1,-1,-1
170,4,673.9412841796875,623.9791870117188,58.79559326171875,183.86968994140625,-1,-1,-1,-1
171,4,667.7645263671875,628.2001342773438,53.79669189453125,172.22711181640625,-1,-1,-1,-1
172,4,660.7508544921875,631.9933471679688,53.18084716796875,166.99566650390625,-1,-1,-1,-1
173,4,657.6722412109375,635.2314453125,57.1854248046875,171.3604736328125,-1,-1,-1,-1
174,4,656.7994384765625,639.9159545898438,59.03271484375,170.434814453125,-1,-1,-1,-1
175,4,650.7686767578125,640.6610717773438,59.9775390625,172.27410888671875,-1,-1,-1,-1
176,4,649.2567138671875,644.6892700195312,59.5738525390625,172.3529052734375,-1,-1,-1,-1
177,4,641.4442749023438,645.5933837890625,60.84832763671875,170.3216552734375,-1,-1,-1,-1
178,4,631.2926635742188,648.13525390625,61.09771728515625,175.1234130859375,-1,-1,-1,-1
179,4,623.9071655273438,652.208984375,61.944580078125,173.42919921875,-1,-1,-1,-1
180,4,621.4254150390625,653.6112670898438,63.4783935546875,173.969970703125,-1,-1,-1,-1
181,4,622.035888671875,652.373046875,66.64276123046875,174.805908203125,-1,-1,-1,-1
182,4,617.5116577148438,657.9346313476562,67.58673095703125,176.06842041015625,-1,-1,-1,-1
183,4,613.8153076171875,655.8035278320312,68.8563232421875,175.91748046875,-1,-1,-1,-1
184,4,602.0360717773438,663.3563842773438,69.75091552734375,177.54364013671875,-1,-1,-1,-1
185,4,591.8712158203125,667.5546875,72.58770751953125,177.68109130859375,-1,-1,-1,-1
186,4,586.7935791015625,668.73876953125,68.5655517578125,180.85565185546875,-1,-1,-1,-1
187,4,578.7485961914062,668.462890625,71.2276611328125,183.50390625,-1,-1,-1,-1
188,4,571.724365234375,671.104736328125,68.90576171875,184.507568359375,-1,-1,-1,-1
189,4,564.0475463867188,671.8243408203125,70.2198486328125,184.7938232421875,-1,-1,-1,-1
190,4,557.9110717773438,670.6983032226562,68.27655029296875,185.5538330078125,-1,-1,-1,-1
191,4,551.0120239257812,669.4072875976562,65.98529052734375,197.2421875,-1,-1,-1,-1
192,4,516.8599243164062,661.9667358398438,94.157470703125,192.51068115234375,-1,-1,-1,-1
193,4,528.4013061523438,676.79296875,69.80126953125,188.1025390625,-1,-1,-1,-1
194,4,516.210693359375,682.2435913085938,71.00372314453125,188.72662353515625,-1,-1,-1,-1
195,4,502.30718994140625,695.5888061523438,76.37554931640625,189.6727294921875,-1,-1,-1,-1
196,4,487.2199401855469,695.2093505859375,78.00839233398438,189.8585205078125,-1,-1,-1,-1
197,4,466.6988830566406,692.33251953125,83.44235229492188,192.971435546875,-1,-1,-1,-1
198,4,454.54302978515625,696.7061157226562,83.87261962890625,195.35455322265625,-1,-1,-1,-1
199,4,455.84881591796875,690.0543212890625,84.01116943359375,194.6981201171875,-1,-1,-1,-1
200,4,459.1004638671875,672.5380859375,80.52490234375,196.5650634765625,-1,-1,-1,-1
201,4,456.5203552246094,673.7488403320312,82.37185668945312,197.24542236328125,-1,-1,-1,-1
202,4,450.0519714355469,688.0131225585938,82.59658813476562,199.62554931640625,-1,-1,-1,-1
203,4,444.5977478027344,698.4673461914062,81.77590942382812,200.8414306640625,-1,-1,-1,-1
204,4,438.8937683105469,716.8030395507812,82.78659057617188,206.82940673828125,-1,-1,-1,-1
205,4,432.0088195800781,736.1114501953125,80.45553588867188,207.52862548828125,-1,-1,-1,-1
206,4,413.512451171875,751.0166015625,83.6832275390625,209.90631103515625,-1,-1,-1,-1
207,4,412.3160400390625,766.9030151367188,82.73495483398438,210.75262451171875,-1,-1,-1,-1
208,4,422.6079406738281,772.8897094726562,81.14938354492188,209.16510009765625,-1,-1,-1,-1
209,4,427.694091796875,762.39599609375,75.63873291015625,207.5994873046875,-1,-1,-1,-1
210,4,433.9548034667969,748.1889038085938,72.62094116210938,207.07476806640625,-1,-1,-1,-1
211,4,447.4449768066406,736.16845703125,70.27554321289062,205.080078125,-1,-1,-1,-1
212,4,460.7104797363281,722.16943359375,69.48043823242188,204.39678955078125,-1,-1,-1,-1
213,4,469.989990234375,716.6890869140625,68.09735107421875,205.43206787109375,-1,-1,-1,-1
214,4,478.3275146484375,709.427490234375,67.55523681640625,202.41748046875,-1,-1,-1,-1
215,4,491.4059143066406,712.3792114257812,68.53915405273438,201.14727783203125,-1,-1,-1,-1
216,4,501.867919921875,721.054931640625,67.60174560546875,202.369384765625,-1,-1,-1,-1
217,4,513.8682250976562,729.7978515625,67.42462158203125,204.93994140625,-1,-1,-1,-1
218,4,525.595458984375,730.4717407226562,66.91754150390625,205.75579833984375,-1,-1,-1,-1
219,4,530.0935668945312,730.2584228515625,67.0423583984375,205.640869140625,-1,-1,-1,-1
220,4,544.9603881835938,730.5565185546875,66.3309326171875,205.0595703125,-1,-1,-1,-1
221,4,561.0284423828125,738.5943603515625,65.69775390625,201.4935302734375,-1,-1,-1,-1
222,4,576.7865600585938,748.897705078125,66.266357421875,202.2691650390625,-1,-1,-1,-1
223,4,588.6077270507812,747.6882934570312,65.14630126953125,201.19189453125,-1,-1,-1,-1
224,4,593.1210327148438,735.7695922851562,66.52459716796875,201.4599609375,-1,-1,-1,-1
225,4,598.9876708984375,722.7789916992188,66.72412109375,198.74603271484375,-1,-1,-1,-1
226,4,601.21435546875,711.0552978515625,68.357177734375,196.83599853515625,-1,-1,-1,-1
227,4,603.6697387695312,713.6063232421875,72.20977783203125,195.4268798828125,-1,-1,-1,-1
228,4,598.7478637695312,717.94482421875,76.130859375,196.015869140625,-1,-1,-1,-1
229,4,593.5587158203125,724.3701171875,80.4608154296875,197.3792724609375,-1,-1,-1,-1
230,4,589.8992919921875,728.1012573242188,83.36083984375,196.98028564453125,-1,-1,-1,-1
231,4,588.2927856445312,730.1174926757812,82.88897705078125,197.78765869140625,-1,-1,-1,-1
232,4,586.953125,733.9976196289062,80.6494140625,199.4910888671875,-1,-1,-1,-1
233,4,583.2411499023438,743.17138671875,79.3160400390625,200.79742431640625,-1,-1,-1,-1
234,4,574.6361694335938,755.38671875,76.5220947265625,200.57879638671875,-1,-1,-1,-1
235,4,561.3551025390625,772.2027587890625,77.010986328125,208.063720703125,-1,-1,-1,-1
236,4,547.3299560546875,788.5079956054688,80.00225830078125,209.5318603515625,-1,-1,-1,-1
237,4,531.0022583007812,801.2453002929688,83.78814697265625,213.5135498046875,-1,-1,-1,-1
238,4,528.320068359375,794.931884765625,83.28912353515625,211.30169677734375,-1,-1,-1,-1
239,4,531.621826171875,780.3186645507812,88.146240234375,210.15631103515625,-1,-1,-1,-1
240,4,527.71728515625,767.45947265625,82.95245361328125,210.3187255859375,-1,-1,-1,-1
241,4,523.8297729492188,757.937255859375,83.1138916015625,205.97015380859375,-1,-1,-1,-1
242,4,516.59228515625,748.1094970703125,80.11572265625,207.16070556640625,-1,-1,-1,-1
243,4,503.8946533203125,744.60888671875,82.38812255859375,205.73016357421875,-1,-1,-1,-1
244,4,483.4686584472656,739.0977783203125,89.56539916992188,207.52850341796875,-1,-1,-1,-1
245,4,477.0672302246094,743.1058349609375,86.09451293945312,207.203125,-1,-1,-1,-1
246,4,469.07635498046875,745.1646728515625,88.2659912109375,207.72503662109375,-1,-1,-1,-1
247,4,459.5033874511719,736.243896484375,88.45803833007812,211.31494140625,-1,-1,-1,-1
248,4,452.4912414550781,752.5225830078125,89.26065063476562,211.24761962890625,-1,-1,-1,-1
249,4,445.48797607421875,757.931640625,89.00799560546875,208.89306640625,-1,-1,-1,-1
250,4,426.3409729003906,757.7389526367188,96.28030395507812,212.2550048828125,-1,-1,-1,-1
251,4,409.65765380859375,763.8799438476562,97.77484130859375,217.53192138671875,-1,-1,-1,-1
252,4,407.0946044921875,771.1082763671875,92.06411743164062,220.01507568359375,-1,-1,-1,-1
253,4,392.7165222167969,776.538330078125,105.10025024414062,220.405029296875,-1,-1,-1,-1
254,4,393.23992919921875,773.1051025390625,97.96966552734375,220.85821533203125,-1,-1,-1,-1
255,4,379.6437683105469,768.0599365234375,108.61959838867188,222.8741455078125,-1,-1,-1,-1
256,4,379.3389892578125,770.3756713867188,103.89849853515625,224.49053955078125,-1,-1,-1,-1
257,4,381.6218566894531,769.72509765625,99.6280517578125,227.183837890625,-1,-1,-1,-1
258,4,382.3335876464844,762.887939453125,104.80538940429688,229.99713134765625,-1,-1,-1,-1
259,4,381.14105224609375,756.771728515625,106.15325927734375,229.677978515625,-1,-1,-1,-1
260,4,379.2803955078125,745.1292114257812,115.83673095703125,228.26605224609375,-1,-1,-1,-1
261,4,385.414306640625,736.647216796875,107.90069580078125,227.18853759765625,-1,-1,-1,-1
262,4,384.13116455078125,734.5083618164062,109.203369140625,228.74395751953125,-1,-1,-1,-1
263,4,382.8885498046875,731.9868774414062,112.67904663085938,231.00634765625,-1,-1,-1,-1
264,4,381.7402648925781,736.3931274414062,107.03244018554688,227.9014892578125,-1,-1,-1,-1
265,4,383.11529541015625,734.3020629882812,111.1143798828125,231.32208251953125,-1,-1,-1,-1
266,4,393.37481689453125,732.4254150390625,106.24044799804688,232.03253173828125,-1,-1,-1,-1
267,4,403.0391540527344,738.1932983398438,106.25717163085938,235.6751708984375,-1,-1,-1,-1
268,4,412.17919921875,745.3327026367188,117.2412109375,236.2216796875,-1,-1,-1,-1
269,4,418.14788818359375,750.7086791992188,106.32073974609375,231.95062255859375,-1,-1,-1,-1
270,4,423.7376403808594,754.81982421875,105.79367065429688,235.93548583984375,-1,-1,-1,-1
271,4,426.4981384277344,760.218017578125,111.15603637695312,234.8389892578125,-1,-1,-1,-1
272,4,439.61334228515625,759.8404541015625,114.738037109375,230.39691162109375,-1,-1,-1,-1
273,4,453.2730407714844,758.8389892578125,115.27346801757812,228.94317626953125,-1,-1,-1,-1
274,4,460.7968444824219,759.16162109375,124.30459594726562,226.9439697265625,-1,-1,-1,-1
275,4,467.784423828125,761.8217163085938,122.1751708984375,224.3206787109375,-1,-1,-1,-1
276,4,470.868896484375,761.14599609375,119.36785888671875,222.14434814453125,-1,-1,-1,-1
277,4,470.717041015625,761.3278198242188,123.48077392578125,222.31793212890625,-1,-1,-1,-1
278,4,466.1907653808594,763.2135009765625,123.30459594726562,226.9810791015625,-1,-1,-1,-1
279,4,467.37725830078125,755.2843627929688,119.02679443359375,226.04864501953125,-1,-1,-1,-1
280,4,470.74322509765625,748.7395629882812,123.6827392578125,226.614013671875,-1,-1,-1,-1
281,4,518.75,751.4713745117188,126.04302978515625,224.37255859375,-1,-1,-1,-1
282,4,543.3230590820312,758.84033203125,126.31201171875,221.1168212890625,-1,-1,-1,-1
283,4,523.4157104492188,787.9070434570312,124.4290771484375,236.59613037109375,-1,-1,-1,-1
284,4,480.19317626953125,743.08984375,122.4666748046875,237.68182373046875,-1,-1,-1,-1
285,4,467.4306945800781,667.7008056640625,123.49276733398438,229.775146484375,-1,-1,-1,-1
286,4,466.7513732910156,648.8987426757812,134.89181518554688,231.9471435546875,-1,-1,-1,-1
287,4,511.6129150390625,672.1077270507812,144.68389892578125,230.49114990234375,-1,-1,-1,-1
288,4,501.40130615234375,664.89697265625,137.7520751953125,240.47711181640625,-1,-1,-1,-1
289,4,445.1868591308594,674.3817138671875,142.25247192382812,254.7091064453125,-1,-1,-1,-1
290,4,470.9600524902344,707.4725341796875,144.94406127929688,259.3231201171875,-1,-1,-1,-1
291,4,487.5415344238281,733.726318359375,135.49392700195312,281.67169189453125,-1,-1,-1,-1
292,4,445.0158996582031,790.232177734375,145.17391967773438,291.68310546875,-1,-1,-1,-1
293,4,534.1065063476562,774.7212524414062,140.0533447265625,311.34246826171875,-1,-1,-1,-1
294,4,498.5074462890625,736.1989135742188,146.63140869140625,317.72735595703125,-1,-1,-1,-1
295,4,522.715576171875,715.194580078125,147.125732421875,322.68115234375,-1,-1,-1,-1
296,4,540.3572387695312,685.5930786132812,146.895263671875,322.41143798828125,-1,-1,-1,-1
297,4,527.835693359375,654.5006713867188,149.74053955078125,325.38116455078125,-1,-1,-1,-1
298,4,561.4283447265625,674.2420043945312,150.413330078125,327.06854248046875,-1,-1,-1,-1
299,4,580.0164794921875,722.8472900390625,151.2601318359375,329.822265625,-1,-1,-1,-1
300,4,608.2320556640625,776.902587890625,152.698974609375,337.6175537109375,-1,-1,-1,-1
301,4,640.785888671875,818.486572265625,161.01849365234375,343.5379638671875,-1,-1,-1,-1
302,4,656.547119140625,857.9063110351562,167.70849609375,347.55133056640625,-1,-1,-1,-1
303,4,670.5811157226562,883.1340942382812,170.2481689453125,346.01068115234375,-1,-1,-1,-1
304,4,674.6631469726562,892.59423828125,167.82177734375,340.7919921875,-1,-1,-1,-1
305,4,673.27490234375,900.6016235351562,162.33001708984375,333.32086181640625,-1,-1,-1,-1
306,4,671.8532104492188,910.6256103515625,152.73590087890625,328.0928955078125,-1,-1,-1,-1
307,4,669.51416015625,922.755859375,151.3267822265625,326.736572265625,-1,-1,-1,-1
308,4,680.531005859375,923.7342529296875,147.16070556640625,323.43310546875,-1,-1,-1,-1
309,4,695.728515625,914.2474975585938,142.51251220703125,314.25531005859375,-1,-1,-1,-1
310,4,715.460693359375,898.0681762695312,136.58001708984375,307.37139892578125,-1,-1,-1,-1
311,4,746.8272094726562,880.7252197265625,134.4644775390625,302.066650390625,-1,-1,-1,-1
