1,1,371.6314392089844,622.2171630859375,155.60794067382812,276.24102783203125,-1,-1,-1,-1
2,1,355.16387939453125,623.6800537109375,162.76971435546875,276.7578125,-1,-1,-1,-1
3,1,341.49932861328125,617.605224609375,162.27313232421875,282.29376220703125,-1,-1,-1,-1
4,1,332.3971252441406,622.244873046875,161.57427978515625,277.802978515625,-1,-1,-1,-1
5,1,322.6780700683594,626.1210327148438,161.33856201171875,275.26751708984375,-1,-1,-1,-1
6,1,312.9170837402344,626.1830444335938,159.59405517578125,276.829345703125,-1,-1,-1,-1
7,1,305.6925354003906,625.0904541015625,150.02963256835938,280.435546875,-1,-1,-1,-1
8,1,296.8276672363281,622.3858032226562,143.57620239257812,284.1707763671875,-1,-1,-1,-1
9,1,287.4056396484375,618.7469482421875,142.56903076171875,288.770751953125,-1,-1,-1,-1
10,1,277.4505615234375,612.9542846679688,143.05059814453125,292.57958984375,-1,-1,-1,-1
11,1,277.43316650390625,604.02978515625,138.16220092773438,294.6068115234375,-1,-1,-1,-1
12,1,289.74505615234375,592.7184448242188,132.18997192382812,300.25164794921875,-1,-1,-1,-1
13,1,302.95111083984375,584.514404296875,128.73724365234375,300.2664794921875,-1,-1,-1,-1
14,1,331.6153869628906,578.292236328125,115.9249267578125,301.96466064453125,-1,-1,-1,-1
15,1,383.48944091796875,574.8180541992188,105.111328125,300.64013671875,-1,-1,-1,-1
16,1,441.5036315917969,571.8624267578125,96.75888061523438,295.5718994140625,-1,-1,-1,-1
17,1,480.1746520996094,571.643310546875,92.63589477539062,291.37890625,-1,-1,-1,-1
18,1,497.97613525390625,569.7462768554688,93.60162353515625,289.02825927734375,-1,-1,-1,-1
19,1,505.78643798828125,570.3884887695312,91.6500244140625,286.25054931640625,-1,-1,-1,-1
20,1,511.97607421875,570.8082275390625,91.79364013671875,286.98175048828125,-1,-1,-1,-1
21,1,516.05615234375,572.9555053710938,91.3641357421875,285.0986328125,-1,-1,-1,-1
22,1,520.0499877929688,571.562255859375,94.4952392578125,287.642333984375,-1,-1,-1,-1
23,1,523.6998291015625,570.784912109375,105.90838623046875,290.9329833984375,-1,-1,-1,-1
24,1,524.3162231445312,572.326171875,111.4083251953125,295.23626708984375,-1,-1,-1,-1
25,1,525.446044921875,573.9782104492188,113.13421630859375,300.99639892578125,-1,-1,-1,-1
26,1,526.5919189453125,577.1740112304688,114.7374267578125,301.73992919921875,-1,-1,-1,-1
27,1,525.8544311523438,579.3331909179688,124.12518310546875,303.69403076171875,-1,-1,-1,-1
28,1,526.0941162109375,581.8401489257812,129.817138671875,306.82574462890625,-1,-1,-1,-1
29,1,525.6650390625,583.345703125,131.26824951171875,309.3011474609375,-1,-1,-1,-1
30,1,524.2637939453125,583.7874755859375,134.7474365234375,310.20819091796875,-1,-1,-1,-1
31,1,522.4947509765625,583.76953125,139.7242431640625,311.394287109375,-1,-1,-1,-1
32,1,520.8421020507812,583.5674438476562,148.041259765625,312.67138671875,-1,-1,-1,-1
33,1,518.54345703125,582.6697998046875,144.21923828125,313.8648681640625,-1,-1,-1,-1
34,1,520.0226440429688,583.1812744140625,134.54815673828125,314.7864990234375,-1,-1,-1,-1
35,1,522.7377319335938,583.65478515625,137.35308837890625,315.03338623046875,-1,-1,-1,-1
36,1,526.254638671875,583.6083374023438,127.112060546875,312.6585693359375,-1,-1,-1,-1
37,1,530.0233764648438,583.0512084960938,116.45074462890625,311.81707763671875,-1,-1,-1,-1
38,1,520.0101318359375,581.249267578125,116.3516845703125,312.2276611328125,-1,-1,-1,-1
39,1,498.5377502441406,577.1026000976562,121.51535034179688,313.5242919921875,-1,-1,-1,-1
40,1,477.7099914550781,573.6714477539062,123.47775268554688,314.4530029296875,-1,-1,-1,-1
41,1,455.550537109375,570.4832763671875,128.09906005859375,316.58837890625,-1,-1,-1,-1
42,1,435.3828430175781,573.1239624023438,137.89852905273438,320.46893310546875,-1,-1,-1,-1
43,1,415.40863037109375,582.6183471679688,138.7945556640625,321.86865234375,-1,-1,-1,-1
44,1,394.6690673828125,592.1385498046875,134.1260986328125,323.90496826171875,-1,-1,-1,-1
45,1,368.10638427734375,594.9686279296875,141.2354736328125,326.9708251953125,-1,-1,-1,-1
46,1,340.50079345703125,590.2135009765625,142.681884765625,329.36260986328125,-1,-1,-1,-1
47,1,314.2705383300781,573.6376953125,151.60427856445312,331.0382080078125,-1,-1,-1,-1
48,1,294.500244140625,551.4346923828125,145.39999389648438,330.56549072265625,-1,-1,-1,-1
49,1,281.3949890136719,541.7764892578125,139.18618774414062,329.72369384765625,-1,-1,-1,-1
50,1,269.6113586425781,543.6004638671875,135.942626953125,332.0321044921875,-1,-1,-1,-1
51,1,262.96795654296875,550.5023803710938,124.07028198242188,331.7176513671875,-1,-1,-1,-1
52,1,256.8998107910156,557.34375,110.64385986328125,334.4378662109375,-1,-1,-1,-1
53,1,252.30323791503906,562.8375244140625,98.06108093261719,329.3358154296875,-1,-1,-1,-1
54,1,247.8345489501953,565.3689575195312,98.24559020996094,323.3367919921875,-1,-1,-1,-1
55,1,245.86683654785156,567.5530395507812,100.75410461425781,317.16455078125,-1,-1,-1,-1
56,1,245.5860595703125,572.4147338867188,104.5924072265625,310.469482421875,-1,-1,-1,-1
57,1,251.84910583496094,575.9486694335938,108.54957580566406,306.88458251953125,-1,-1,-1,-1
58,1,259.7900085449219,578.6546020507812,109.36114501953125,306.1260986328125,-1,-1,-1,-1
59,1,267.5713806152344,576.575439453125,108.14151000976562,303.59320068359375,-1,-1,-1,-1
60,1,271.373779296875,569.0233154296875,106.038330078125,307.6207275390625,-1,-1,-1,-1
61,1,280.7147216796875,559.3593139648438,103.20428466796875,309.54168701171875,-1,-1,-1,-1
62,1,298.20782470703125,544.7216796875,100.11825561523438,313.41741943359375,-1,-1,-1,-1
63,1,327.0852966308594,531.501220703125,106.12118530273438,314.87274169921875,-1,-1,-1,-1
64,1,365.42132568359375,520.55078125,112.92327880859375,312.1107177734375,-1,-1,-1,-1
65,1,402.73138427734375,513.855224609375,116.96258544921875,307.41650390625,-1,-1,-1,-1
66,1,432.64752197265625,514.404541015625,120.547607421875,304.63006591796875,-1,-1,-1,-1
67,1,453.2698974609375,519.8300170898438,112.439208984375,301.281982421875,-1,-1,-1,-1
68,1,464.0285949707031,523.9382934570312,109.12020874023438,299.205078125,-1,-1,-1,-1
69,1,473.7477722167969,525.4766235351562,99.58792114257812,298.70806884765625,-1,-1,-1,-1
70,1,479.6002197265625,528.935546875,99.18255615234375,297.7840576171875,-1,-1,-1,-1
71,1,481.9664611816406,534.0365600585938,113.13461303710938,298.8006591796875,-1,-1,-1,-1
72,1,481.8337097167969,543.337890625,111.19888305664062,295.27978515625,-1,-1,-1,-1
73,1,482.4392395019531,555.3051147460938,117.41793823242188,292.34893798828125,-1,-1,-1,-1
74,1,483.16546630859375,567.2164916992188,134.769775390625,285.85211181640625,-1,-1,-1,-1
75,1,483.66033935546875,579.3817138671875,143.3922119140625,280.976318359375,-1,-1,-1,-1
76,1,483.8885498046875,591.8986206054688,141.65576171875,272.37432861328125,-1,-1,-1,-1
77,1,486.0184631347656,599.316162109375,137.97891235351562,267.38714599609375,-1,-1,-1,-1
78,1,494.88079833984375,597.589111328125,123.34967041015625,270.1732177734375,-1,-1,-1,-1
79,1,503.2064208984375,592.9417724609375,114.55096435546875,274.7784423828125,-1,-1,-1,-1
80,1,514.5022583007812,585.7415161132812,112.66839599609375,283.0013427734375,-1,-1,-1,-1
81,1,520.4549560546875,582.3628540039062,109.78057861328125,288.553955078125,-1,-1,-1,-1
82,1,522.7815551757812,583.1906127929688,113.19384765625,285.03387451171875,-1,-1,-1,-1
83,1,523.033447265625,588.4658813476562,117.22967529296875,276.62017822265625,-1,-1,-1,-1
84,1,524.877685546875,594.2670288085938,119.60736083984375,268.28863525390625,-1,-1,-1,-1
85,1,525.6485595703125,598.4228515625,119.65936279296875,263.6634521484375,-1,-1,-1,-1
86,1,528.109375,601.2374267578125,120.07928466796875,260.00372314453125,-1,-1,-1,-1
87,1,534.93701171875,600.1058349609375,118.654541015625,262.1153564453125,-1,-1,-1,-1
88,1,540.1240844726562,597.3035888671875,115.0504150390625,266.82080078125,-1,-1,-1,-1
89,1,546.9886474609375,594.3349609375,112.25531005859375,273.5665283203125,-1,-1,-1,-1
90,1,550.063232421875,591.7241821289062,111.350341796875,277.78314208984375,-1,-1,-1,-1
91,1,551.1665649414062,590.9971923828125,112.195068359375,274.143310546875,-1,-1,-1,-1
92,1,552.7631225585938,593.3936157226562,111.9261474609375,268.59765625,-1,-1,-1,-1
93,1,554.1908569335938,598.4241333007812,110.745361328125,262.67333984375,-1,-1,-1,-1
94,1,555.807373046875,606.5469970703125,111.764892578125,250.67193603515625,-1,-1,-1,-1
95,1,558.908935546875,610.585205078125,112.33935546875,246.70257568359375,-1,-1,-1,-1
96,1,563.1472778320312,608.1085815429688,106.491455078125,246.81329345703125,-1,-1,-1,-1
97,1,562.7674560546875,599.7161865234375,103.87518310546875,251.951416015625,-1,-1,-1,-1
98,1,563.4651489257812,591.715576171875,100.90350341796875,260.7388916015625,-1,-1,-1,-1
99,1,566.6528930664062,586.4166259765625,93.59130859375,264.15576171875,-1,-1,-1,-1
100,1,563.5983276367188,586.6590576171875,103.0284423828125,265.52801513671875,-1,-1,-1,-1
101,1,548.9321899414062,592.880615234375,116.16650390625,262.8560791015625,-1,-1,-1,-1
102,1,537.2587280273438,601.121337890625,118.7109375,260.22296142578125,-1,-1,-1,-1
103,1,524.4808349609375,604.345458984375,115.8690185546875,263.14727783203125,-1,-1,-1,-1
104,1,511.0015869140625,595.2100830078125,115.55487060546875,268.37384033203125,-1,-1,-1,-1
105,1,503.12164306640625,587.1966552734375,116.031982421875,256.028564453125,-1,-1,-1,-1
106,1,492.2497253417969,585.167724609375,127.01541137695312,256.39935302734375,-1,-1,-1,-1
107,1,485.1148376464844,590.8372802734375,124.93051147460938,252.56488037109375,-1,-1,-1,-1
109,1,522.8201904296875,613.2400512695312,94.00177001953125,223.33258056640625,-1,-1,-1,-1
110,1,523.7616577148438,613.8621215820312,100.7733154296875,233.6932373046875,-1,-1,-1,-1
112,1,524.9692993164062,621.8746337890625,97.36016845703125,229.0433349609375,-1,-1,-1,-1
113,1,516.0059814453125,620.6747436523438,114.520263671875,248.85296630859375,-1,-1,-1,-1
114,1,520.8829956054688,614.8683471679688,109.6572265625,249.566650390625,-1,-1,-1,-1
115,1,526.9512939453125,606.5703125,104.51934814453125,245.55316162109375,-1,-1,-1,-1
116,1,534.4188232421875,609.8300170898438,107.731689453125,249.45892333984375,-1,-1,-1,-1
117,1,553.8489379882812,623.7659912109375,99.7291259765625,228.0074462890625,-1,-1,-1,-1
118,1,558.845703125,651.0584716796875,110.57794189453125,237.02117919921875,-1,-1,-1,-1
119,1,556.9536743164062,659.5335083007812,114.29486083984375,256.07427978515625,-1,-1,-1,-1
120,1,549.2395629882812,650.5367431640625,110.04730224609375,265.473876953125,-1,-1,-1,-1
121,1,544.1591796875,630.7484741210938,105.7633056640625,278.05596923828125,-1,-1,-1,-1
122,1,533.3707885742188,614.2388916015625,103.62371826171875,291.0604248046875,-1,-1,-1,-1
123,1,526.2681884765625,602.8937377929688,97.96533203125,304.0487060546875,-1,-1,-1,-1
124,1,517.1795043945312,595.2162475585938,94.66534423828125,304.81317138671875,-1,-1,-1,-1
125,1,510.7911376953125,582.287109375,98.45751953125,297.5859375,-1,-1,-1,-1
126,1,510.24835205078125,570.7735595703125,104.33245849609375,293.87066650390625,-1,-1,-1,-1
127,1,511.03350830078125,567.5619506835938,108.29498291015625,288.7398681640625,-1,-1,-1,-1
128,1,516.3562622070312,572.0641479492188,103.4779052734375,283.58953857421875,-1,-1,-1,-1
129,1,511.6852722167969,582.1304321289062,102.89443969726562,281.75616455078125,-1,-1,-1,-1
130,1,510.7396545410156,592.1351318359375,101.27407836914062,279.314697265625,-1,-1,-1,-1
131,1,514.2244262695312,594.5056762695312,104.957763671875,276.00775146484375,-1,-1,-1,-1
132,1,525.8429565429688,592.6795043945312,115.03411865234375,271.19256591796875,-1,-1,-1,-1
133,1,538.9979858398438,592.0192260742188,94.779296875,271.18212890625,-1,-1,-1,-1
134,1,553.1064453125,592.2459716796875,93.36370849609375,271.296630859375,-1,-1,-1,-1
135,1,568.0675048828125,594.9510498046875,89.90802001953125,265.321533203125,-1,-1,-1,-1
136,1,578.9138793945312,596.6963500976562,86.57952880859375,258.07177734375,-1,-1,-1,-1
137,1,585.4138793945312,594.7208862304688,87.60699462890625,256.52117919921875,-1,-1,-1,-1
138,1,588.0745849609375,594.6712646484375,87.806884765625,251.46722412109375,-1,-1,-1,-1
139,1,590.984375,597.0372314453125,86.5543212890625,248.89697265625,-1,-1,-1,-1
140,1,591.5747680664062,600.9837036132812,83.84613037109375,244.21533203125,-1,-1,-1,-1
141,1,595.4542846679688,609.6135864257812,84.037353515625,237.04156494140625,-1,-1,-1,-1
142,1,596.7222900390625,620.1466064453125,87.9405517578125,230.2906494140625,-1,-1,-1,-1
143,1,597.2478637695312,629.3792724609375,83.30975341796875,225.391357421875,-1,-1,-1,-1
144,1,595.3544311523438,631.1439208984375,84.3033447265625,230.24432373046875,-1,-1,-1,-1
145,1,594.0303955078125,628.29736328125,81.18218994140625,236.624755859375,-1,-1,-1,-1
146,1,593.8385620117188,622.2860107421875,78.10687255859375,241.88446044921875,-1,-1,-1,-1
147,1,595.1172485351562,617.8717651367188,73.06536865234375,242.1063232421875,-1,-1,-1,-1
148,1,592.3722534179688,614.4989013671875,75.49749755859375,237.013427734375,-1,-1,-1,-1
149,1,584.5916748046875,612.7113647460938,80.4583740234375,231.85430908203125,-1,-1,-1,-1
150,1,579.0695190429688,611.1682739257812,84.2197265625,229.0740966796875,-1,-1,-1,-1
151,1,574.606689453125,610.6600952148438,85.35772705078125,228.726318359375,-1,-1,-1,-1
152,1,572.508544921875,610.2952270507812,82.15167236328125,228.998046875,-1,-1,-1,-1
153,1,571.0104370117188,609.3942260742188,82.2608642578125,235.66265869140625,-1,-1,-1,-1
154,1,569.004638671875,607.8118896484375,89.647216796875,244.9613037109375,-1,-1,-1,-1
155,1,567.9677734375,605.2798461914062,89.4185791015625,250.844970703125,-1,-1,-1,-1
156,1,566.6588134765625,606.2157592773438,90.7159423828125,252.6845703125,-1,-1,-1,-1
157,1,566.1697387695312,610.3143310546875,91.27313232421875,254.6243896484375,-1,-1,-1,-1
158,1,566.6517944335938,615.160888671875,97.6617431640625,249.570556640625,-1,-1,-1,-1
159,1,567.3441162109375,616.2964477539062,107.0479736328125,249.75048828125,-1,-1,-1,-1
160,1,571.7671508789062,619.244140625,113.01953125,248.4248046875,-1,-1,-1,-1
161,1,572.7811279296875,628.3540649414062,113.1815185546875,247.32794189453125,-1,-1,-1,-1
162,1,576.857177734375,640.7459716796875,122.24871826171875,235.1689453125,-1,-1,-1,-1
163,1,578.4700927734375,646.1449584960938,122.0006103515625,229.612060546875,-1,-1,-1,-1
164,1,567.64697265625,641.4334716796875,129.84185791015625,234.2906494140625,-1,-1,-1,-1
165,1,563.7913208007812,632.7691040039062,121.552978515625,243.2381591796875,-1,-1,-1,-1
166,1,566.1549072265625,621.959716796875,118.94293212890625,251.7208251953125,-1,-1,-1,-1
167,1,569.3565673828125,614.6309204101562,108.51922607421875,255.69024658203125,-1,-1,-1,-1
168,1,570.7239990234375,610.4255981445312,101.0755615234375,253.67352294921875,-1,-1,-1,-1
169,1,568.1224365234375,608.6473388671875,98.6092529296875,249.99652099609375,-1,-1,-1,-1
170,1,565.6838989257812,608.5870361328125,98.03436279296875,248.479248046875,-1,-1,-1,-1
171,1,566.0997924804688,608.8602905273438,97.87750244140625,250.337646484375,-1,-1,-1,-1
172,1,566.0059814453125,609.1881103515625,99.56982421875,251.60699462890625,-1,-1,-1,-1
173,1,566.07177734375,610.1632080078125,101.99530029296875,253.2216796875,-1,-1,-1,-1
174,1,567.1754760742188,610.950439453125,103.01507568359375,254.7957763671875,-1,-1,-1,-1
175,1,568.58740234375,611.305908203125,102.1435546875,256.6107177734375,-1,-1,-1,-1
176,1,575.52587890625,611.3096923828125,97.083740234375,256.6895751953125,-1,-1,-1,-1
177,1,577.7677001953125,612.8909301757812,102.42010498046875,255.16522216796875,-1,-1,-1,-1
178,1,580.941162109375,615.67822265625,98.5611572265625,252.34869384765625,-1,-1,-1,-1
179,1,579.1737060546875,620.0423583984375,101.8421630859375,248.3583984375,-1,-1,-1,-1
180,1,578.6845092773438,622.818603515625,104.22320556640625,245.37249755859375,-1,-1,-1,-1
181,1,579.2412109375,623.7012329101562,106.6517333984375,244.800048828125,-1,-1,-1,-1
182,1,580.2349243164062,621.9368896484375,107.468017578125,246.92205810546875,-1,-1,-1,-1
183,1,579.958984375,620.2745361328125,107.29583740234375,247.8282470703125,-1,-1,-1,-1
184,1,579.281982421875,619.1791381835938,111.6005859375,248.90399169921875,-1,-1,-1,-1
185,1,578.0380249023438,619.775390625,115.2764892578125,248.7261962890625,-1,-1,-1,-1
186,1,577.338134765625,621.2347412109375,117.653076171875,247.64862060546875,-1,-1,-1,-1
187,1,576.4067993164062,623.9361572265625,110.948486328125,244.61773681640625,-1,-1,-1,-1
188,1,576.990478515625,629.076171875,105.21405029296875,242.32574462890625,-1,-1,-1,-1
189,1,576.8347778320312,635.0186157226562,104.76214599609375,238.4991455078125,-1,-1,-1,-1
190,1,577.1930541992188,638.0475463867188,98.28118896484375,235.17132568359375,-1,-1,-1,-1
191,1,578.653564453125,639.2545776367188,96.5830078125,232.975341796875,-1,-1,-1,-1
192,1,582.6537475585938,636.9140625,97.61529541015625,232.0699462890625,-1,-1,-1,-1
193,1,588.9791870117188,636.2236328125,98.2069091796875,232.4176025390625,-1,-1,-1,-1
194,1,599.0513916015625,635.352783203125,102.223388671875,231.25360107421875,-1,-1,-1,-1
195,1,611.8408813476562,623.5012817382812,121.15423583984375,231.1290283203125,-1,-1,-1,-1
196,1,627.0123291015625,606.0183715820312,119.21990966796875,234.03009033203125,-1,-1,-1,-1
197,1,638.9376220703125,589.5997314453125,111.4306640625,237.869384765625,-1,-1,-1,-1
198,1,648.2523193359375,583.1181640625,101.06671142578125,241.8076171875,-1,-1,-1,-1
199,1,651.7846069335938,582.2959594726562,92.13702392578125,245.409423828125,-1,-1,-1,-1
200,1,653.302001953125,583.7744750976562,90.33502197265625,249.15814208984375,-1,-1,-1,-1
201,1,653.0469360351562,586.4003295898438,90.36358642578125,252.07366943359375,-1,-1,-1,-1
202,1,651.302978515625,589.4630126953125,90.0540771484375,252.78375244140625,-1,-1,-1,-1
203,1,645.4244384765625,594.4449462890625,94.7813720703125,255.002685546875,-1,-1,-1,-1
204,1,639.7518920898438,601.060791015625,95.77093505859375,254.8150634765625,-1,-1,-1,-1
205,1,636.8037109375,605.7361450195312,96.1162109375,255.74761962890625,-1,-1,-1,-1
206,1,634.8416748046875,609.5377197265625,95.157958984375,255.4949951171875,-1,-1,-1,-1
207,1,625.6396484375,613.0404052734375,101.9779052734375,253.06829833984375,-1,-1,-1,-1
208,1,617.5126953125,617.5547485351562,106.9063720703125,251.47576904296875,-1,-1,-1,-1
209,1,612.9896240234375,622.0079345703125,109.573974609375,250.3140869140625,-1,-1,-1,-1
210,1,614.48095703125,626.1729125976562,105.4627685546875,247.33447265625,-1,-1,-1,-1
211,1,609.7734375,628.4156494140625,105.39703369140625,244.9576416015625,-1,-1,-1,-1
212,1,604.3003540039062,627.3158569335938,104.6361083984375,244.78607177734375,-1,-1,-1,-1
213,1,596.5316772460938,622.9003295898438,110.84136962890625,247.4732666015625,-1,-1,-1,-1
214,1,592.669921875,616.3760986328125,113.418212890625,249.6492919921875,-1,-1,-1,-1
215,1,587.0809936523438,610.5040283203125,118.9984130859375,251.81243896484375,-1,-1,-1,-1
216,1,580.172607421875,608.3356323242188,129.285888671875,254.20855712890625,-1,-1,-1,-1
217,1,574.0687255859375,608.6871948242188,130.69866943359375,254.2896728515625,-1,-1,-1,-1
218,1,569.2542724609375,609.86962890625,138.4703369140625,254.81658935546875,-1,-1,-1,-1
219,1,563.5725708007812,610.41552734375,146.55572509765625,254.49566650390625,-1,-1,-1,-1
220,1,555.3480834960938,612.1998901367188,140.9049072265625,253.60455322265625,-1,-1,-1,-1
221,1,551.906005859375,612.736328125,144.70361328125,252.919189453125,-1,-1,-1,-1
222,1,545.7550659179688,613.6307373046875,144.96868896484375,250.99066162109375,-1,-1,-1,-1
223,1,539.4347534179688,614.5267944335938,149.11297607421875,249.1517333984375,-1,-1,-1,-1
224,1,531.811279296875,614.0274658203125,152.4765625,246.4075927734375,-1,-1,-1,-1
225,1,526.1463012695312,613.7705688476562,155.58453369140625,244.00897216796875,-1,-1,-1,-1
226,1,523.673095703125,614.8810424804688,152.85675048828125,244.92919921875,-1,-1,-1,-1
227,1,522.6257934570312,617.258056640625,154.6258544921875,245.225341796875,-1,-1,-1,-1
228,1,517.2404174804688,620.603515625,159.995849609375,243.49041748046875,-1,-1,-1,-1
229,1,513.7806396484375,621.3112182617188,162.5233154296875,244.06585693359375,-1,-1,-1,-1
230,1,512.7567138671875,618.8666381835938,154.5032958984375,245.47015380859375,-1,-1,-1,-1
231,1,513.2313842773438,615.71142578125,149.6942138671875,243.42669677734375,-1,-1,-1,-1
232,1,514.8527221679688,612.8589477539062,147.81512451171875,243.327392578125,-1,-1,-1,-1
233,1,514.0733642578125,610.1431274414062,144.87969970703125,241.54193115234375,-1,-1,-1,-1
234,1,513.362548828125,609.2158813476562,142.87652587890625,240.89666748046875,-1,-1,-1,-1
235,1,511.63299560546875,608.9197998046875,134.06903076171875,241.34130859375,-1,-1,-1,-1
236,1,508.9122009277344,608.9404296875,132.63424682617188,241.7857666015625,-1,-1,-1,-1
237,1,507.8087158203125,609.1985473632812,132.76116943359375,241.46978759765625,-1,-1,-1,-1
238,1,507.2571105957031,609.531005859375,131.96218872070312,241.1671142578125,-1,-1,-1,-1
239,1,505.9930114746094,610.0711059570312,132.08456420898438,240.28240966796875,-1,-1,-1,-1
240,1,502.5635681152344,609.8217163085938,133.27096557617188,239.0277099609375,-1,-1,-1,-1
241,1,499.3340148925781,610.6187744140625,134.25112915039062,237.28192138671875,-1,-1,-1,-1
242,1,498.223876953125,611.9319458007812,135.2279052734375,233.3355712890625,-1,-1,-1,-1
243,1,501.7481689453125,614.41845703125,134.93963623046875,229.26751708984375,-1,-1,-1,-1
244,1,510.2212829589844,620.4080200195312,128.55215454101562,221.27294921875,-1,-1,-1,-1
245,1,511.6005554199219,623.0671997070312,126.44577026367188,220.02947998046875,-1,-1,-1,-1
246,1,507.11041259765625,617.6857299804688,129.97271728515625,227.1556396484375,-1,-1,-1,-1
247,1,503.21728515625,608.9688720703125,132.10992431640625,236.67535400390625,-1,-1,-1,-1
248,1,500.0034484863281,597.3868408203125,129.12606811523438,243.31842041015625,-1,-1,-1,-1
249,1,501.149658203125,591.6514282226562,121.13507080078125,241.79473876953125,-1,-1,-1,-1
250,1,505.46221923828125,590.7089233398438,112.74761962890625,231.94378662109375,-1,-1,-1,-1
251,1,502.79107666015625,590.4384155273438,116.0662841796875,231.83746337890625,-1,-1,-1,-1
252,1,502.22137451171875,589.950439453125,114.5255126953125,233.99700927734375,-1,-1,-1,-1
253,1,499.3476257324219,589.197998046875,113.86874389648438,233.14666748046875,-1,-1,-1,-1
254,1,496.4323425292969,589.580322265625,109.70663452148438,223.784423828125,-1,-1,-1,-1
255,1,496.13226318359375,592.8568115234375,106.65618896484375,217.6854248046875,-1,-1,-1,-1
256,1,498.0671691894531,592.4740600585938,104.39254760742188,217.00054931640625,-1,-1,-1,-1
257,1,500.67462158203125,586.7691650390625,102.61627197265625,221.0372314453125,-1,-1,-1,-1
258,1,504.33172607421875,579.5182495117188,97.69622802734375,224.36370849609375,-1,-1,-1,-1
259,1,509.7823181152344,573.4437866210938,92.78048706054688,223.03948974609375,-1,-1,-1,-1
260,1,508.79498291015625,570.0966796875,94.380859375,220.2896728515625,-1,-1,-1,-1
261,1,502.8031921386719,569.9252319335938,101.90585327148438,217.7017822265625,-1,-1,-1,-1
262,1,499.2950744628906,573.5925903320312,105.61306762695312,213.857421875,-1,-1,-1,-1
263,1,495.0351867675781,579.4749755859375,109.65939331054688,207.56829833984375,-1,-1,-1,-1
264,1,494.6390075683594,584.9428100585938,107.93496704101562,204.00592041015625,-1,-1,-1,-1
265,1,494.3941650390625,588.0941772460938,106.017333984375,203.8079833984375,-1,-1,-1,-1
266,1,496.2135009765625,585.965576171875,105.20361328125,208.33917236328125,-1,-1,-1,-1
267,1,497.2012023925781,579.388916015625,102.96585083007812,215.8160400390625,-1,-1,-1,-1
268,1,500.28717041015625,575.6411743164062,105.28375244140625,217.27423095703125,-1,-1,-1,-1
269,1,507.8861389160156,575.587890625,102.37911987304688,215.07891845703125,-1,-1,-1,-1
270,1,513.0868530273438,579.2344360351562,98.90380859375,209.978759765625,-1,-1,-1,-1
271,1,513.1055297851562,584.9299926757812,99.1956787109375,203.330810546875,-1,-1,-1,-1
272,1,512.2796936035156,590.8483276367188,100.12057495117188,199.56597900390625,-1,-1,-1,-1
273,1,512.478759765625,594.6766967773438,96.708984375,198.65362548828125,-1,-1,-1,-1
274,1,512.9931030273438,595.2484741210938,96.3935546875,199.27117919921875,-1,-1,-1,-1
275,1,515.1897583007812,593.7493896484375,93.34063720703125,202.6322021484375,-1,-1,-1,-1
276,1,515.3607788085938,593.0436401367188,92.9150390625,207.95574951171875,-1,-1,-1,-1
277,1,515.6669921875,593.1295776367188,95.28778076171875,211.1468505859375,-1,-1,-1,-1
278,1,516.20068359375,594.5721435546875,95.3070068359375,207.70648193359375,-1,-1,-1,-1
279,1,515.835693359375,597.6912841796875,96.848876953125,210.1728515625,-1,-1,-1,-1
280,1,516.7239379882812,601.592529296875,98.80316162109375,213.7119140625,-1,-1,-1,-1
281,1,516.04541015625,604.5589599609375,99.9632568359375,214.8388671875,-1,-1,-1,-1
282,1,519.6704711914062,604.4713134765625,98.88604736328125,214.9342041015625,-1,-1,-1,-1
283,1,521.7703857421875,602.8528442382812,97.7060546875,217.47528076171875,-1,-1,-1,-1
284,1,526.4392700195312,599.639892578125,94.01458740234375,220.27471923828125,-1,-1,-1,-1
285,1,530.0014038085938,596.8568115234375,90.0810546875,223.0191650390625,-1,-1,-1,-1
286,1,530.7326049804688,597.5469970703125,89.31951904296875,222.68853759765625,-1,-1,-1,-1
287,1,541.6405029296875,601.80712890625,79.98797607421875,219.83782958984375,-1,-1,-1,-1
288,1,530.584716796875,607.8535766601562,93.682861328125,213.67901611328125,-1,-1,-1,-1
289,1,527.0855712890625,615.0923461914062,121.68353271484375,205.61334228515625,-1,-1,-1,-1
290,1,527.8082275390625,618.1458740234375,125.81512451171875,203.6871337890625,-1,-1,-1,-1
291,1,537.3274536132812,619.312255859375,134.5927734375,210.1339111328125,-1,-1,-1,-1
292,1,548.1602172851562,626.720703125,125.4776611328125,202.5972900390625,-1,-1,-1,-1
293,1,549.09375,633.5341796875,127.06884765625,198.80242919921875,-1,-1,-1,-1
294,1,554.9835205078125,633.1572875976562,133.5313720703125,198.25140380859375,-1,-1,-1,-1
295,1,555.3532104492188,623.1427001953125,163.2298583984375,226.46173095703125,-1,-1,-1,-1
296,1,562.90673828125,612.9639892578125,166.04620361328125,299.1593017578125,-1,-1,-1,-1
297,1,560.0375366210938,607.7498779296875,174.034423828125,309.9605712890625,-1,-1,-1,-1
1,2,719.9833984375,600.2841796875,181.1414794921875,451.042236328125,-1,-1,-1,-1
2,2,712.2360229492188,600.1556396484375,185.39605712890625,450.0694580078125,-1,-1,-1,-1
3,2,704.3286743164062,599.0294799804688,186.09429931640625,448.31878662109375,-1,-1,-1,-1
4,2,696.818115234375,598.5131225585938,188.22796630859375,446.82830810546875,-1,-1,-1,-1
5,2,690.499755859375,598.044921875,190.4241943359375,444.32373046875,-1,-1,-1,-1
6,2,683.4669799804688,598.8967895507812,192.91424560546875,440.95501708984375,-1,-1,-1,-1
7,2,679.84130859375,598.6699829101562,203.8228759765625,438.35467529296875,-1,-1,-1,-1
8,2,677.3101806640625,592.0435791015625,207.2596435546875,444.205322265625,-1,-1,-1,-1
9,2,677.626708984375,593.281005859375,200.43511962890625,440.346435546875,-1,-1,-1,-1
10,2,674.8101806640625,593.8980712890625,196.5830078125,436.8577880859375,-1,-1,-1,-1
11,2,681.4974365234375,590.3048095703125,193.29705810546875,437.3626708984375,-1,-1,-1,-1
12,2,726.5980834960938,586.7630615234375,166.72222900390625,438.7740478515625,-1,-1,-1,-1
13,2,755.3348388671875,585.0887451171875,155.5767822265625,438.98699951171875,-1,-1,-1,-1
14,2,776.470947265625,585.153076171875,163.6788330078125,441.7696533203125,-1,-1,-1,-1
15,2,807.0404052734375,585.5280151367188,187.13958740234375,449.44952392578125,-1,-1,-1,-1
16,2,853.6478881835938,586.2719116210938,200.47723388671875,456.32586669921875,-1,-1,-1,-1
17,2,869.681396484375,590.6089477539062,228.4017333984375,462.68426513671875,-1,-1,-1,-1
18,2,865.6302490234375,595.7403564453125,253.4320068359375,466.0877685546875,-1,-1,-1,-1
19,2,858.3460693359375,600.4202880859375,268.9844970703125,467.0523681640625,-1,-1,-1,-1
20,2,849.8478393554688,607.627685546875,279.32843017578125,465.253173828125,-1,-1,-1,-1
21,2,845.9927368164062,611.163818359375,282.16912841796875,465.375,-1,-1,-1,-1
22,2,845.4225463867188,614.680419921875,279.41009521484375,464.585205078125,-1,-1,-1,-1
23,2,844.76171875,616.2515869140625,276.994384765625,467.1068115234375,-1,-1,-1,-1
24,2,844.0661010742188,618.1248168945312,270.46527099609375,468.64202880859375,-1,-1,-1,-1
25,2,843.7735595703125,619.6513671875,259.9775390625,470.9146728515625,-1,-1,-1,-1
26,2,844.6287841796875,619.5244750976562,246.9554443359375,472.75103759765625,-1,-1,-1,-1
27,2,844.6519775390625,619.3942260742188,238.5777587890625,474.55999755859375,-1,-1,-1,-1
28,2,841.2409057617188,618.1157836914062,235.11236572265625,476.38372802734375,-1,-1,-1,-1
29,2,837.7120361328125,617.4071044921875,232.3663330078125,481.386474609375,-1,-1,-1,-1
30,2,828.9473266601562,616.5909423828125,235.46319580078125,489.28125,-1,-1,-1,-1
31,2,823.974365234375,618.7752075195312,232.454345703125,494.82452392578125,-1,-1,-1,-1
32,2,821.2039794921875,620.1720581054688,234.0245361328125,498.92852783203125,-1,-1,-1,-1
33,2,826.6505737304688,621.5427856445312,230.23272705078125,503.11163330078125,-1,-1,-1,-1
34,2,824.8443603515625,623.6023559570312,232.5244140625,507.15960693359375,-1,-1,-1,-1
35,2,826.1524047851562,625.658203125,232.68548583984375,509.05517578125,-1,-1,-1,-1
36,2,822.3192749023438,625.5933837890625,235.88470458984375,508.3663330078125,-1,-1,-1,-1
37,2,816.6968383789062,624.9603271484375,238.39483642578125,505.95849609375,-1,-1,-1,-1
38,2,808.9942016601562,621.592041015625,239.52618408203125,502.04443359375,-1,-1,-1,-1
39,2,798.1683349609375,614.9090576171875,243.2767333984375,498.9259033203125,-1,-1,-1,-1
40,2,783.1154174804688,610.1004028320312,247.64569091796875,495.51666259765625,-1,-1,-1,-1
41,2,772.781494140625,603.7002563476562,250.40594482421875,493.16888427734375,-1,-1,-1,-1
42,2,771.3294067382812,602.3888549804688,242.08441162109375,493.47625732421875,-1,-1,-1,-1
43,2,773.70166015625,605.7647705078125,233.3450927734375,493.708740234375,-1,-1,-1,-1
44,2,773.6743774414062,609.60400390625,224.65484619140625,492.1759033203125,-1,-1,-1,-1
45,2,766.002197265625,610.0211791992188,218.178466796875,491.72430419921875,-1,-1,-1,-1
46,2,746.8062744140625,606.590087890625,218.29144287109375,488.2606201171875,-1,-1,-1,-1
47,2,713.3785400390625,597.6187744140625,229.5596923828125,483.2906494140625,-1,-1,-1,-1
48,2,687.7679443359375,585.0010986328125,234.80438232421875,479.27880859375,-1,-1,-1,-1
49,2,668.6162719726562,582.839111328125,241.36688232421875,475.10546875,-1,-1,-1,-1
50,2,647.032958984375,588.6423950195312,245.7003173828125,473.33428955078125,-1,-1,-1,-1
51,2,627.9735107421875,600.013916015625,251.37200927734375,473.024658203125,-1,-1,-1,-1
52,2,616.5892944335938,609.7638549804688,248.87493896484375,470.12200927734375,-1,-1,-1,-1
53,2,610.4060668945312,613.4403076171875,246.99090576171875,469.8138427734375,-1,-1,-1,-1
54,2,608.1986083984375,615.9638671875,238.6668701171875,465.9913330078125,-1,-1,-1,-1
55,2,607.2451171875,615.901123046875,237.47314453125,463.664306640625,-1,-1,-1,-1
56,2,605.7359619140625,614.6939086914062,239.93780517578125,465.03582763671875,-1,-1,-1,-1
57,2,607.1282348632812,614.6116333007812,241.40899658203125,466.29571533203125,-1,-1,-1,-1
58,2,610.4686889648438,613.0370483398438,240.32354736328125,468.02630615234375,-1,-1,-1,-1
59,2,610.5934448242188,606.005615234375,234.53472900390625,468.772216796875,-1,-1,-1,-1
60,2,612.3137817382812,595.5982666015625,216.71331787109375,469.6619873046875,-1,-1,-1,-1
61,2,618.7623901367188,583.0701293945312,188.443115234375,457.80682373046875,-1,-1,-1,-1
62,2,629.1085205078125,565.3372802734375,164.03662109375,451.634765625,-1,-1,-1,-1
63,2,653.2919921875,545.303466796875,135.37249755859375,449.83642578125,-1,-1,-1,-1
64,2,680.601318359375,525.5091552734375,128.2161865234375,450.72381591796875,-1,-1,-1,-1
65,2,699.0919799804688,509.74151611328125,133.0224609375,457.1759033203125,-1,-1,-1,-1
66,2,691.126953125,505.0643615722656,166.68280029296875,456.6842956542969,-1,-1,-1,-1
67,2,674.9895629882812,509.66290283203125,173.1842041015625,456.8671875,-1,-1,-1,-1
68,2,659.3034057617188,517.1212158203125,214.80694580078125,454.7581787109375,-1,-1,-1,-1
69,2,645.6368408203125,524.822021484375,232.32855224609375,450.79119873046875,-1,-1,-1,-1
70,2,637.53125,534.3535766601562,213.9437255859375,448.93310546875,-1,-1,-1,-1
71,2,630.2872314453125,543.8829345703125,220.6070556640625,451.335205078125,-1,-1,-1,-1
72,2,625.29833984375,555.9656372070312,225.29437255859375,450.884521484375,-1,-1,-1,-1
73,2,626.8814697265625,566.911865234375,226.7900390625,449.7423095703125,-1,-1,-1,-1
74,2,631.62939453125,574.595458984375,225.422119140625,453.3533935546875,-1,-1,-1,-1
75,2,636.2233276367188,578.5884399414062,224.40289306640625,456.50103759765625,-1,-1,-1,-1
76,2,636.1907348632812,581.489013671875,208.76416015625,459.878173828125,-1,-1,-1,-1
77,2,638.3236083984375,581.8213500976562,196.08966064453125,462.39520263671875,-1,-1,-1,-1
78,2,645.8872680664062,581.564453125,184.90557861328125,464.123291015625,-1,-1,-1,-1
79,2,654.6265258789062,581.1858520507812,176.62567138671875,466.14447021484375,-1,-1,-1,-1
80,2,664.53759765625,581.9786987304688,168.17852783203125,467.44525146484375,-1,-1,-1,-1
81,2,668.6926879882812,584.0257568359375,163.30584716796875,469.9530029296875,-1,-1,-1,-1
82,2,673.7764282226562,585.8883056640625,156.88201904296875,471.228271484375,-1,-1,-1,-1
83,2,658.6005249023438,587.6534423828125,169.960693359375,469.854736328125,-1,-1,-1,-1
84,2,640.4047241210938,588.1416015625,182.78466796875,470.8302001953125,-1,-1,-1,-1
85,2,626.1492309570312,586.6851196289062,192.14215087890625,472.04144287109375,-1,-1,-1,-1
86,2,622.8986206054688,587.3724365234375,192.658935546875,469.57373046875,-1,-1,-1,-1
87,2,624.6481323242188,589.8555908203125,186.5355224609375,468.8397216796875,-1,-1,-1,-1
88,2,628.2482299804688,592.3204345703125,178.361572265625,468.460693359375,-1,-1,-1,-1
89,2,631.7564697265625,593.8565673828125,171.856689453125,468.7850341796875,-1,-1,-1,-1
90,2,633.8218994140625,594.3734130859375,163.12664794921875,465.626953125,-1,-1,-1,-1
91,2,636.6502075195312,593.9144287109375,153.7491455078125,459.6768798828125,-1,-1,-1,-1
92,2,642.6153564453125,591.9354248046875,144.3729248046875,454.822021484375,-1,-1,-1,-1
93,2,637.8045043945312,589.7781372070312,144.5535888671875,458.28253173828125,-1,-1,-1,-1
94,2,628.8803100585938,588.0977783203125,150.06097412109375,460.070556640625,-1,-1,-1,-1
95,2,598.1430053710938,586.0184936523438,178.74102783203125,458.74310302734375,-1,-1,-1,-1
96,2,572.8640747070312,584.624755859375,199.2786865234375,455.6788330078125,-1,-1,-1,-1
97,2,554.38427734375,584.6028442382812,208.26861572265625,449.51959228515625,-1,-1,-1,-1
98,2,546.2711181640625,585.6310424804688,206.08123779296875,445.69049072265625,-1,-1,-1,-1
99,2,540.79150390625,588.648193359375,202.6348876953125,443.33740234375,-1,-1,-1,-1
100,2,540.841064453125,593.6909790039062,192.84173583984375,442.82769775390625,-1,-1,-1,-1
101,2,536.6102294921875,596.1492309570312,182.08880615234375,446.26153564453125,-1,-1,-1,-1
102,2,522.0360107421875,601.73486328125,178.80303955078125,450.608642578125,-1,-1,-1,-1
103,2,504.1060791015625,603.2293701171875,175.28668212890625,450.3382568359375,-1,-1,-1,-1
104,2,489.3707275390625,592.9783935546875,173.08538818359375,453.5762939453125,-1,-1,-1,-1
105,2,482.1485290527344,585.5994262695312,177.76724243164062,452.64666748046875,-1,-1,-1,-1
106,2,479.9122009277344,585.6233520507812,187.86984252929688,453.94476318359375,-1,-1,-1,-1
107,2,478.7816162109375,590.9090576171875,200.2398681640625,455.304443359375,-1,-1,-1,-1
108,2,488.82318115234375,602.18994140625,204.5428466796875,455.3427734375,-1,-1,-1,-1
109,2,489.2106018066406,612.1228637695312,212.39627075195312,453.64202880859375,-1,-1,-1,-1
110,2,488.1617431640625,614.4717407226562,211.228759765625,449.10211181640625,-1,-1,-1,-1
111,2,489.60125732421875,614.861328125,210.58795166015625,443.800048828125,-1,-1,-1,-1
112,2,492.9217224121094,620.5078125,210.98440551757812,439.5457763671875,-1,-1,-1,-1
113,2,493.1640930175781,621.1766357421875,211.24417114257812,437.7489013671875,-1,-1,-1,-1
114,2,490.7105712890625,615.32275390625,211.07464599609375,434.4920654296875,-1,-1,-1,-1
115,2,488.8614807128906,608.7083129882812,208.19345092773438,429.73699951171875,-1,-1,-1,-1
116,2,488.29327392578125,608.64404296875,211.0943603515625,425.3157958984375,-1,-1,-1,-1
117,2,507.004150390625,616.8290405273438,205.8162841796875,426.71343994140625,-1,-1,-1,-1
118,2,547.19287109375,628.8892822265625,178.31048583984375,419.0999755859375,-1,-1,-1,-1
119,2,569.6932983398438,631.3049926757812,165.43243408203125,416.10467529296875,-1,-1,-1,-1
120,2,585.8931884765625,625.1002197265625,158.61981201171875,422.5355224609375,-1,-1,-1,-1
121,2,578.0020141601562,612.9509887695312,202.59136962890625,436.15447998046875,-1,-1,-1,-1
122,2,565.226318359375,609.893798828125,246.4573974609375,445.6160888671875,-1,-1,-1,-1
123,2,550.90625,618.788330078125,274.6075439453125,451.386474609375,-1,-1,-1,-1
124,2,550.0587768554688,627.3635864257812,269.9627685546875,454.23712158203125,-1,-1,-1,-1
125,2,546.4342651367188,623.2125244140625,262.742919921875,458.87939453125,-1,-1,-1,-1
126,2,558.4420776367188,614.2896728515625,243.94818115234375,461.449951171875,-1,-1,-1,-1
127,2,574.6382446289062,605.1383666992188,229.00262451171875,464.29559326171875,-1,-1,-1,-1
128,2,587.1962890625,601.2102661132812,217.1695556640625,469.22125244140625,-1,-1,-1,-1
129,2,590.18798828125,605.4117431640625,216.0611572265625,472.86279296875,-1,-1,-1,-1
130,2,602.4789428710938,610.4427490234375,206.5709228515625,473.263427734375,-1,-1,-1,-1
131,2,610.2454223632812,615.3272094726562,205.14825439453125,470.50616455078125,-1,-1,-1,-1
132,2,622.3588256835938,618.1505737304688,202.3717041015625,465.01959228515625,-1,-1,-1,-1
133,2,635.3946533203125,623.028564453125,196.7642822265625,463.358154296875,-1,-1,-1,-1
134,2,652.6157836914062,628.0523071289062,192.01397705078125,460.71099853515625,-1,-1,-1,-1
135,2,662.108154296875,633.2260131835938,195.5322265625,456.47174072265625,-1,-1,-1,-1
136,2,672.2633056640625,633.130615234375,203.04638671875,447.62451171875,-1,-1,-1,-1
137,2,684.39990234375,627.0278930664062,204.27911376953125,438.98126220703125,-1,-1,-1,-1
138,2,694.8739013671875,619.8016357421875,210.95166015625,432.9498291015625,-1,-1,-1,-1
139,2,703.298095703125,617.127685546875,214.3992919921875,430.97802734375,-1,-1,-1,-1
140,2,712.3109130859375,613.1282348632812,216.111083984375,434.65679931640625,-1,-1,-1,-1
141,2,718.3738403320312,611.1561889648438,219.71429443359375,438.86309814453125,-1,-1,-1,-1
142,2,725.6290893554688,608.4674072265625,217.3802490234375,445.4630126953125,-1,-1,-1,-1
143,2,731.642333984375,616.786376953125,212.8721923828125,442.79345703125,-1,-1,-1,-1
144,2,733.8015747070312,620.2769775390625,209.8563232421875,445.4234619140625,-1,-1,-1,-1
145,2,738.6201782226562,623.7223510742188,202.977294921875,446.84771728515625,-1,-1,-1,-1
146,2,741.6040649414062,624.8992919921875,196.193603515625,446.009033203125,-1,-1,-1,-1
147,2,743.6143188476562,621.7891235351562,193.90533447265625,446.17279052734375,-1,-1,-1,-1
148,2,743.0884399414062,616.7437133789062,190.596435546875,446.50286865234375,-1,-1,-1,-1
149,2,736.0773315429688,609.70947265625,190.9769287109375,445.1119384765625,-1,-1,-1,-1
150,2,730.1233520507812,605.1326293945312,192.98626708984375,445.29339599609375,-1,-1,-1,-1
151,2,726.1558227539062,603.6012573242188,190.7427978515625,445.33221435546875,-1,-1,-1,-1
152,2,720.203369140625,604.0156860351562,194.1732177734375,444.72491455078125,-1,-1,-1,-1
153,2,717.3494873046875,606.0833129882812,193.153076171875,442.98516845703125,-1,-1,-1,-1
154,2,707.98095703125,605.635986328125,197.7938232421875,442.4910888671875,-1,-1,-1,-1
155,2,701.5322265625,604.130615234375,198.27252197265625,440.923583984375,-1,-1,-1,-1
156,2,693.8154296875,604.018798828125,201.37469482421875,437.992919921875,-1,-1,-1,-1
157,2,689.501220703125,605.9737548828125,197.74676513671875,434.051513671875,-1,-1,-1,-1
158,2,687.92041015625,608.2865600585938,192.17706298828125,428.80242919921875,-1,-1,-1,-1
159,2,684.2970581054688,609.3885498046875,177.32965087890625,420.98291015625,-1,-1,-1,-1
160,2,678.88134765625,611.9054565429688,161.35638427734375,413.38348388671875,-1,-1,-1,-1
161,2,678.9485473632812,614.87255859375,143.33734130859375,414.2724609375,-1,-1,-1,-1
162,2,677.822998046875,617.3980712890625,136.844482421875,417.2171630859375,-1,-1,-1,-1
163,2,661.6852416992188,619.29296875,146.886962890625,424.5050048828125,-1,-1,-1,-1
164,2,632.0927124023438,621.033203125,169.8931884765625,439.52880859375,-1,-1,-1,-1
165,2,620.29052734375,623.0429077148438,175.353515625,451.57989501953125,-1,-1,-1,-1
166,2,620.2723999023438,626.8502197265625,171.22760009765625,454.01416015625,-1,-1,-1,-1
167,2,619.6535034179688,631.1149291992188,168.9241943359375,452.86505126953125,-1,-1,-1,-1
168,2,618.822021484375,633.8738403320312,167.50177001953125,449.28289794921875,-1,-1,-1,-1
169,2,617.549560546875,634.325439453125,167.17193603515625,448.312255859375,-1,-1,-1,-1
170,2,613.7931518554688,635.4595336914062,169.52203369140625,446.87835693359375,-1,-1,-1,-1
171,2,612.7698974609375,637.460205078125,169.065673828125,446.381591796875,-1,-1,-1,-1
172,2,614.2063598632812,639.6161499023438,168.16986083984375,447.03106689453125,-1,-1,-1,-1
173,2,617.930908203125,641.2415771484375,166.369873046875,449.033447265625,-1,-1,-1,-1
174,2,620.1116333007812,641.7210693359375,164.8865966796875,451.9737548828125,-1,-1,-1,-1
175,2,620.2074584960938,641.4215087890625,168.29986572265625,454.5118408203125,-1,-1,-1,-1
176,2,619.1434936523438,639.9815063476562,172.5653076171875,455.89044189453125,-1,-1,-1,-1
177,2,619.58837890625,638.95068359375,177.54095458984375,453.7703857421875,-1,-1,-1,-1
178,2,633.6663208007812,638.9141235351562,167.99530029296875,447.92266845703125,-1,-1,-1,-1
179,2,655.1776733398438,639.1196899414062,150.62066650390625,439.72918701171875,-1,-1,-1,-1
180,2,682.7842407226562,635.54638671875,125.24176025390625,433.4134521484375,-1,-1,-1,-1
181,2,686.6317749023438,635.8795776367188,126.74871826171875,420.03826904296875,-1,-1,-1,-1
182,2,688.3871459960938,635.6571044921875,139.73565673828125,413.6800537109375,-1,-1,-1,-1
183,2,689.0535888671875,634.1952514648438,155.25518798828125,417.16253662109375,-1,-1,-1,-1
184,2,688.5452880859375,633.0051879882812,165.16632080078125,422.45916748046875,-1,-1,-1,-1
185,2,688.8191528320312,628.6829833984375,172.49114990234375,436.474365234375,-1,-1,-1,-1
186,2,691.601806640625,631.51904296875,175.02056884765625,438.8153076171875,-1,-1,-1,-1
187,2,694.4771728515625,630.3274536132812,181.5872802734375,449.72027587890625,-1,-1,-1,-1
188,2,697.3646850585938,630.1826171875,181.23602294921875,451.2574462890625,-1,-1,-1,-1
189,2,701.6021728515625,630.557373046875,177.9676513671875,453.35205078125,-1,-1,-1,-1
190,2,703.1868896484375,629.6071166992188,180.2225341796875,454.88031005859375,-1,-1,-1,-1
191,2,706.02490234375,628.526611328125,179.98663330078125,455.0108642578125,-1,-1,-1,-1
192,2,709.873291015625,627.1744384765625,185.68316650390625,454.3551025390625,-1,-1,-1,-1
193,2,731.0682373046875,626.351318359375,174.48333740234375,454.8369140625,-1,-1,-1,-1
194,2,750.4549560546875,625.3978881835938,173.44891357421875,457.19720458984375,-1,-1,-1,-1
195,2,776.2719116210938,613.455078125,174.17547607421875,458.43505859375,-1,-1,-1,-1
196,2,801.6064453125,595.3396606445312,194.45318603515625,458.84613037109375,-1,-1,-1,-1
197,2,819.3291625976562,580.939208984375,201.57696533203125,458.4180908203125,-1,-1,-1,-1
198,2,834.1372680664062,576.2493286132812,205.68060302734375,457.54937744140625,-1,-1,-1,-1
199,2,839.9717407226562,578.9302978515625,215.20965576171875,455.9617919921875,-1,-1,-1,-1
200,2,844.2890014648438,584.7894287109375,217.25421142578125,454.9698486328125,-1,-1,-1,-1
201,2,842.6497192382812,593.3197021484375,222.99554443359375,451.4244384765625,-1,-1,-1,-1
202,2,835.9595947265625,603.3467407226562,228.877197265625,447.55010986328125,-1,-1,-1,-1
203,2,828.9767456054688,614.3329467773438,232.84197998046875,443.26287841796875,-1,-1,-1,-1
204,2,821.205810546875,626.9199829101562,230.60498046875,441.03228759765625,-1,-1,-1,-1
205,2,813.2269287109375,637.9849853515625,227.4273681640625,434.2926025390625,-1,-1,-1,-1
206,2,807.2998657226562,648.1843872070312,224.54705810546875,429.23114013671875,-1,-1,-1,-1
207,2,803.772705078125,655.01025390625,231.31640625,423.720703125,-1,-1,-1,-1
208,2,802.7940063476562,661.5809326171875,235.67926025390625,418.830078125,-1,-1,-1,-1
209,2,804.1109619140625,665.5498657226562,239.0908203125,416.03826904296875,-1,-1,-1,-1
210,2,806.1974487304688,669.2266845703125,237.24688720703125,411.6917724609375,-1,-1,-1,-1
211,2,806.978515625,670.2647094726562,235.017333984375,406.81683349609375,-1,-1,-1,-1
212,2,815.2710571289062,669.264404296875,222.32049560546875,398.859130859375,-1,-1,-1,-1
213,2,825.1466674804688,666.5953369140625,204.26251220703125,389.202880859375,-1,-1,-1,-1
214,2,835.794921875,661.6702270507812,189.66943359375,378.02069091796875,-1,-1,-1,-1
215,2,841.970458984375,654.7037353515625,177.5513916015625,374.428466796875,-1,-1,-1,-1
216,2,835.8590698242188,653.1094970703125,175.72955322265625,368.2520751953125,-1,-1,-1,-1
217,2,822.79345703125,652.014892578125,180.5345458984375,370.09539794921875,-1,-1,-1,-1
218,2,814.5253295898438,651.3087158203125,180.37908935546875,367.085205078125,-1,-1,-1,-1
219,2,807.7456665039062,650.6375732421875,177.91558837890625,366.532470703125,-1,-1,-1,-1
220,2,795.14892578125,650.2802734375,178.11553955078125,364.7926025390625,-1,-1,-1,-1
221,2,781.586181640625,648.9052734375,184.00555419921875,366.16424560546875,-1,-1,-1,-1
222,2,771.8486328125,650.1857299804688,185.107666015625,363.68359375,-1,-1,-1,-1
223,2,764.0947875976562,650.0689086914062,181.86419677734375,361.09844970703125,-1,-1,-1,-1
224,2,760.6392211914062,647.8897705078125,180.1241455078125,357.1644287109375,-1,-1,-1,-1
225,2,756.6377563476562,648.1070556640625,178.9151611328125,349.92181396484375,-1,-1,-1,-1
226,2,754.0656127929688,650.7443237304688,182.56158447265625,353.26434326171875,-1,-1,-1,-1
227,2,757.8367309570312,653.84228515625,199.2471923828125,359.92852783203125,-1,-1,-1,-1
228,2,763.5514526367188,657.54443359375,213.65618896484375,368.3675537109375,-1,-1,-1,-1
229,2,763.5562744140625,662.947021484375,227.37847900390625,373.970947265625,-1,-1,-1,-1
230,2,764.4595947265625,667.14599609375,235.144287109375,372.4302978515625,-1,-1,-1,-1
231,2,763.988525390625,670.5695190429688,239.2938232421875,369.63629150390625,-1,-1,-1,-1
232,2,762.290283203125,670.8944091796875,242.69769287109375,368.66259765625,-1,-1,-1,-1
233,2,762.4550170898438,668.784912109375,244.0916748046875,369.7796630859375,-1,-1,-1,-1
234,2,763.0573120117188,663.9290771484375,241.239990234375,373.6326904296875,-1,-1,-1,-1
235,2,759.768310546875,656.0122680664062,240.50579833984375,378.11956787109375,-1,-1,-1,-1
236,2,757.9319458007812,647.857177734375,237.57574462890625,378.3377685546875,-1,-1,-1,-1
237,2,725.9584350585938,639.5037231445312,248.33013916015625,379.1961669921875,-1,-1,-1,-1
238,2,725.3739624023438,633.406494140625,222.83258056640625,356.65789794921875,-1,-1,-1,-1
239,2,723.1358642578125,631.2130126953125,194.94561767578125,326.99383544921875,-1,-1,-1,-1
240,2,719.8356323242188,635.0289306640625,155.416748046875,317.58148193359375,-1,-1,-1,-1
241,2,721.0775146484375,637.2457885742188,145.89031982421875,320.62847900390625,-1,-1,-1,-1
242,2,719.4950561523438,636.7171020507812,136.04473876953125,325.75091552734375,-1,-1,-1,-1
243,2,718.31201171875,630.596923828125,125.51251220703125,329.15283203125,-1,-1,-1,-1
244,2,712.70751953125,620.6082153320312,122.4273681640625,338.1566162109375,-1,-1,-1,-1
245,2,714.4683837890625,613.87841796875,114.3814697265625,340.7965087890625,-1,-1,-1,-1
246,2,707.1464233398438,611.905517578125,116.3692626953125,334.92828369140625,-1,-1,-1,-1
247,2,688.9511108398438,613.4830932617188,130.2117919921875,328.60235595703125,-1,-1,-1,-1
248,2,685.6679077148438,618.3849487304688,131.4857177734375,323.05377197265625,-1,-1,-1,-1
249,2,676.3820190429688,623.1538696289062,139.20782470703125,318.3350830078125,-1,-1,-1,-1
250,2,671.1683959960938,621.6690673828125,145.18365478515625,321.04937744140625,-1,-1,-1,-1
251,2,677.9385986328125,620.3626708984375,135.37701416015625,327.5943603515625,-1,-1,-1,-1
252,2,680.9258422851562,623.8194580078125,131.28021240234375,333.80303955078125,-1,-1,-1,-1
253,2,645.4033813476562,629.4295043945312,170.01824951171875,328.86212158203125,-1,-1,-1,-1
254,2,634.3236083984375,626.8768310546875,185.37188720703125,330.22607421875,-1,-1,-1,-1
255,2,625.172119140625,621.545654296875,198.55352783203125,333.307373046875,-1,-1,-1,-1
256,2,636.0016479492188,621.9091186523438,190.306640625,329.6778564453125,-1,-1,-1,-1
257,2,639.1738891601562,626.5843505859375,187.32843017578125,319.1446533203125,-1,-1,-1,-1
258,2,637.9478759765625,631.03564453125,180.64593505859375,309.15576171875,-1,-1,-1,-1
259,2,642.0130004882812,630.8015747070312,165.66162109375,305.3267822265625,-1,-1,-1,-1
260,2,644.8303833007812,626.0631103515625,158.37091064453125,307.99212646484375,-1,-1,-1,-1
261,2,642.2724609375,617.1347045898438,160.87896728515625,315.74005126953125,-1,-1,-1,-1
262,2,642.6857299804688,608.4287719726562,163.32470703125,325.08673095703125,-1,-1,-1,-1
263,2,649.6182861328125,601.9130859375,161.6065673828125,331.99786376953125,-1,-1,-1,-1
264,2,660.3986206054688,599.6067504882812,155.06182861328125,334.2628173828125,-1,-1,-1,-1
265,2,668.9638061523438,602.1997680664062,143.87030029296875,339.3792724609375,-1,-1,-1,-1
266,2,674.0859985351562,607.7037963867188,135.27618408203125,340.67803955078125,-1,-1,-1,-1
267,2,676.14208984375,613.4783325195312,135.56689453125,338.88812255859375,-1,-1,-1,-1
268,2,678.998046875,616.5140991210938,139.05255126953125,339.977783203125,-1,-1,-1,-1
269,2,677.5111694335938,619.2633056640625,145.66131591796875,342.9403076171875,-1,-1,-1,-1
270,2,679.3165893554688,619.3389282226562,146.1278076171875,345.4813232421875,-1,-1,-1,-1
271,2,680.6054077148438,618.2446899414062,146.3458251953125,347.42626953125,-1,-1,-1,-1
272,2,679.8764038085938,618.2371215820312,147.30963134765625,351.3572998046875,-1,-1,-1,-1
273,2,687.1561279296875,618.935791015625,139.68115234375,354.0716552734375,-1,-1,-1,-1
274,2,684.7882690429688,620.8184814453125,142.18597412109375,353.81256103515625,-1,-1,-1,-1
275,2,690.3223876953125,622.810791015625,137.3724365234375,354.130859375,-1,-1,-1,-1
276,2,688.1332397460938,623.85791015625,140.09521484375,354.20294189453125,-1,-1,-1,-1
277,2,679.984375,623.5101318359375,148.9390869140625,355.1458740234375,-1,-1,-1,-1
278,2,672.8175659179688,622.5267944335938,156.9879150390625,355.6444091796875,-1,-1,-1,-1
279,2,665.3071899414062,621.2657470703125,163.78558349609375,356.7606201171875,-1,-1,-1,-1
280,2,659.1890869140625,622.6965942382812,170.275634765625,354.70361328125,-1,-1,-1,-1
281,2,659.8170776367188,622.9325561523438,169.57904052734375,353.1522216796875,-1,-1,-1,-1
282,2,659.1187744140625,622.75830078125,163.3887939453125,351.03082275390625,-1,-1,-1,-1
283,2,657.9244384765625,621.6529541015625,147.96112060546875,348.5997314453125,-1,-1,-1,-1
284,2,659.0816040039062,619.7928466796875,126.56842041015625,344.7662353515625,-1,-1,-1,-1
285,2,656.9483642578125,611.0877075195312,113.14471435546875,340.88665771484375,-1,-1,-1,-1
286,2,642.901611328125,607.9861450195312,118.60260009765625,344.5928955078125,-1,-1,-1,-1
287,2,627.80810546875,605.1285400390625,129.644287109375,346.906005859375,-1,-1,-1,-1
288,2,592.87109375,606.4749755859375,156.1630859375,345.03076171875,-1,-1,-1,-1
289,2,543.7738647460938,611.9820556640625,197.17425537109375,338.767578125,-1,-1,-1,-1
290,2,526.2364501953125,621.9329833984375,206.30682373046875,330.90673828125,-1,-1,-1,-1
291,2,524.8488159179688,634.673828125,197.32379150390625,319.14801025390625,-1,-1,-1,-1
292,2,524.3248901367188,641.65625,189.90936279296875,310.4788818359375,-1,-1,-1,-1
293,2,521.5424194335938,636.873779296875,192.8404541015625,311.8927001953125,-1,-1,-1,-1
294,2,523.3242797851562,630.1358642578125,196.083251953125,320.41455078125,-1,-1,-1,-1
295,2,542.0464477539062,621.2022705078125,183.27569580078125,334.6734619140625,-1,-1,-1,-1
296,2,557.9959106445312,608.5980834960938,172.65679931640625,355.78741455078125,-1,-1,-1,-1
297,2,553.859619140625,603.0359497070312,182.5936279296875,371.6907958984375,-1,-1,-1,-1
298,2,556.9862060546875,602.2323608398438,192.5794677734375,389.09320068359375,-1,-1,-1,-1
299,2,564.4312744140625,608.1199340820312,201.68463134765625,399.97607421875,-1,-1,-1,-1
300,2,580.7116088867188,606.951171875,196.064208984375,406.29132080078125,-1,-1,-1,-1
301,2,602.2462158203125,594.9476318359375,186.68756103515625,420.215576171875,-1,-1,-1,-1
302,2,626.7431030273438,598.2166137695312,179.8253173828125,419.9501953125,-1,-1,-1,-1
303,2,622.4069213867188,600.5108642578125,160.3634033203125,420.832275390625,-1,-1,-1,-1
304,2,620.2987060546875,596.7885131835938,175.7283935546875,427.7174072265625,-1,-1,-1,-1
305,2,610.7822875976562,609.9935913085938,165.712158203125,414.66986083984375,-1,-1,-1,-1
306,2,599.7406005859375,633.40966796875,151.18017578125,389.5382080078125,-1,-1,-1,-1
307,2,587.9960327148438,631.7051391601562,146.72296142578125,387.62811279296875,-1,-1,-1,-1
308,2,556.22705078125,629.1223754882812,148.7015380859375,389.68426513671875,-1,-1,-1,-1
309,2,520.8027954101562,631.0496215820312,151.01763916015625,390.11273193359375,-1,-1,-1,-1
310,2,479.3392333984375,625.7789916992188,147.22601318359375,392.86248779296875,-1,-1,-1,-1
311,2,430.33612060546875,608.8760375976562,153.7288818359375,397.8489990234375,-1,-1,-1,-1
1,3,846.3575439453125,624.3341674804688,98.20086669921875,240.403564453125,-1,-1,-1,-1
2,3,839.6513671875,622.9814453125,94.64569091796875,235.0035400390625,-1,-1,-1,-1
3,3,830.3240966796875,620.7410888671875,94.43719482421875,236.2777099609375,-1,-1,-1,-1
4,3,823.1859741210938,618.2825317382812,94.4091796875,232.6549072265625,-1,-1,-1,-1
5,3,814.8605346679688,617.66796875,93.36212158203125,228.5531005859375,-1,-1,-1,-1
6,3,806.8276977539062,615.1410522460938,94.33538818359375,229.3731689453125,-1,-1,-1,-1
7,3,779.33544921875,613.5963745117188,112.20477294921875,229.51202392578125,-1,-1,-1,-1
8,3,763.11767578125,611.3714599609375,121.0404052734375,250.88995361328125,-1,-1,-1,-1
9,3,738.346923828125,603.3267211914062,136.90985107421875,271.04864501953125,-1,-1,-1,-1
10,3,736.5466918945312,598.8194580078125,132.06207275390625,270.15673828125,-1,-1,-1,-1
11,3,747.2410278320312,594.1876831054688,122.40887451171875,248.64959716796875,-1,-1,-1,-1
16,3,812.5181274414062,645.1815185546875,65.94830322265625,156.20928955078125,-1,-1,-1,-1
23,4,1003.6434936523438,630.2352294921875,119.57598876953125,273.27783203125,-1,-1,-1,-1
24,4,1008.6663818359375,633.0396118164062,116.512939453125,258.48089599609375,-1,-1,-1,-1
25,4,1006.4293823242188,635.836669921875,121.67791748046875,259.92144775390625,-1,-1,-1,-1
26,4,1012.5404052734375,638.685302734375,117.65234375,253.0341796875,-1,-1,-1,-1
27,4,1017.5681762695312,639.6124877929688,112.70721435546875,256.60009765625,-1,-1,-1,-1
28,4,1017.7471313476562,639.05859375,113.11688232421875,256.993896484375,-1,-1,-1,-1
29,4,1018.6605224609375,638.642333984375,110.34228515625,257.87841796875,-1,-1,-1,-1
30,4,1014.5621337890625,638.1558227539062,110.416748046875,260.3209228515625,-1,-1,-1,-1
31,4,1013.5458984375,638.4326171875,108.5338134765625,260.17950439453125,-1,-1,-1,-1
32,4,1011.58935546875,638.2332763671875,109.1461181640625,259.3626708984375,-1,-1,-1,-1
33,4,1006.8001708984375,638.1199951171875,108.8739013671875,258.4375,-1,-1,-1,-1
34,4,1002.46435546875,637.8126220703125,107.345947265625,258.57049560546875,-1,-1,-1,-1
35,4,999.9712524414062,637.2939453125,105.49505615234375,258.30560302734375,-1,-1,-1,-1
36,4,994.145263671875,635.5547485351562,104.1741943359375,252.46734619140625,-1,-1,-1,-1
37,4,988.758544921875,631.70166015625,103.0296630859375,250.06048583984375,-1,-1,-1,-1
38,4,970.3255615234375,625.4765014648438,110.3004150390625,253.4234619140625,-1,-1,-1,-1
39,4,945.3224487304688,618.946533203125,118.76910400390625,260.07586669921875,-1,-1,-1,-1
40,4,926.9166259765625,613.4000244140625,115.9566650390625,264.490234375,-1,-1,-1,-1
41,4,906.9244995117188,608.8499145507812,116.728759765625,271.70172119140625,-1,-1,-1,-1
42,4,876.2406005859375,606.8267211914062,130.4581298828125,274.72906494140625,-1,-1,-1,-1
43,4,839.9623413085938,606.3690795898438,157.0406494140625,302.4561767578125,-1,-1,-1,-1
44,4,797.8983764648438,612.26611328125,191.7674560546875,352.9825439453125,-1,-1,-1,-1
45,4,779.8613891601562,615.6931762695312,197.2490234375,362.94354248046875,-1,-1,-1,-1
46,4,760.0902099609375,616.902587890625,193.39630126953125,350.0472412109375,-1,-1,-1,-1
47,4,725.8131713867188,605.75390625,209.14935302734375,422.5313720703125,-1,-1,-1,-1
55,5,741.2385864257812,621.772705078125,113.3824462890625,234.79736328125,-1,-1,-1,-1
56,5,759.2108154296875,623.5391235351562,99.08721923828125,227.6494140625,-1,-1,-1,-1
57,5,772.7388305664062,625.4390869140625,91.09619140625,231.470458984375,-1,-1,-1,-1
58,5,778.5201416015625,625.37548828125,90.22808837890625,232.90447998046875,-1,-1,-1,-1
59,5,781.7291259765625,620.7628173828125,90.52685546875,233.4879150390625,-1,-1,-1,-1
60,5,781.6383056640625,612.6126708984375,92.75604248046875,232.61181640625,-1,-1,-1,-1
61,5,789.5398559570312,601.8475341796875,89.10455322265625,236.148681640625,-1,-1,-1,-1
62,5,799.8807373046875,586.8125,91.0975341796875,236.88299560546875,-1,-1,-1,-1
63,5,820.2656860351562,568.39111328125,95.4542236328125,236.423095703125,-1,-1,-1,-1
64,5,850.989990234375,550.2908325195312,97.46405029296875,236.97479248046875,-1,-1,-1,-1
65,5,884.5885009765625,533.7285766601562,98.31829833984375,243.98419189453125,-1,-1,-1,-1
66,5,911.5519409179688,526.51806640625,99.48388671875,244.85894775390625,-1,-1,-1,-1
67,5,928.5418090820312,527.1544799804688,98.58856201171875,245.68267822265625,-1,-1,-1,-1
68,5,934.4620361328125,531.6732788085938,104.1929931640625,249.38128662109375,-1,-1,-1,-1
69,5,942.4432983398438,537.3427734375,102.31231689453125,247.65216064453125,-1,-1,-1,-1
70,5,944.4413452148438,543.7439575195312,106.17596435546875,248.4310302734375,-1,-1,-1,-1
71,5,947.2106323242188,555.019775390625,106.63043212890625,246.4881591796875,-1,-1,-1,-1
72,5,950.2670288085938,568.3342895507812,108.87799072265625,246.7052001953125,-1,-1,-1,-1
73,5,963.4214477539062,584.2327880859375,102.58599853515625,243.70428466796875,-1,-1,-1,-1
74,5,966.0355834960938,596.3690185546875,107.61102294921875,244.34515380859375,-1,-1,-1,-1
75,5,967.08837890625,604.9078979492188,110.927490234375,248.06207275390625,-1,-1,-1,-1
76,5,973.8873291015625,612.7085571289062,106.629638671875,244.06011962890625,-1,-1,-1,-1
77,5,973.4359130859375,618.0231323242188,112.334228515625,246.3887939453125,-1,-1,-1,-1
78,5,979.5114135742188,622.2702026367188,113.98065185546875,245.75384521484375,-1,-1,-1,-1
79,5,990.9761962890625,626.8555297851562,113.02099609375,245.16790771484375,-1,-1,-1,-1
80,5,995.89501953125,630.6259765625,117.878173828125,248.51861572265625,-1,-1,-1,-1
81,5,1004.6484375,635.62353515625,115.7645263671875,246.7025146484375,-1,-1,-1,-1
82,5,1010.0111694335938,639.1388549804688,116.98870849609375,247.83319091796875,-1,-1,-1,-1
83,5,1015.8848876953125,642.1366577148438,119.496826171875,245.9700927734375,-1,-1,-1,-1
84,5,1016.7754516601562,641.3237915039062,121.88531494140625,248.55810546875,-1,-1,-1,-1
85,5,1021.4974365234375,640.349365234375,120.3436279296875,246.84918212890625,-1,-1,-1,-1
86,5,1023.9884033203125,640.6776123046875,124.275390625,248.084228515625,-1,-1,-1,-1
87,5,1033.5185546875,643.6920776367188,121.2681884765625,250.88677978515625,-1,-1,-1,-1
88,5,1045.5487060546875,647.6627197265625,117.1732177734375,249.6749267578125,-1,-1,-1,-1
89,5,1045.679443359375,652.3267822265625,121.4500732421875,249.75164794921875,-1,-1,-1,-1
90,5,1046.5728759765625,654.08447265625,122.659912109375,251.2777099609375,-1,-1,-1,-1
91,5,1048.5848388671875,654.4483032226562,122.8052978515625,252.16741943359375,-1,-1,-1,-1
92,5,1047.990478515625,654.4512939453125,128.54736328125,252.8831787109375,-1,-1,-1,-1
93,5,1053.0223388671875,653.8380126953125,125.8399658203125,252.5714111328125,-1,-1,-1,-1
94,5,1058.6641845703125,655.4031372070312,124.63232421875,253.81103515625,-1,-1,-1,-1
95,5,1061.0001220703125,655.5313720703125,129.7841796875,252.584228515625,-1,-1,-1,-1
96,5,1060.8868408203125,653.52783203125,130.8358154296875,253.832275390625,-1,-1,-1,-1
97,5,1059.9134521484375,651.4815063476562,128.5382080078125,254.50909423828125,-1,-1,-1,-1
98,5,1060.0169677734375,649.486328125,124.859130859375,254.14556884765625,-1,-1,-1,-1
99,5,1061.2529296875,648.6324462890625,120.8607177734375,251.84539794921875,-1,-1,-1,-1
100,5,1058.0240478515625,646.9915161132812,122.939453125,253.83819580078125,-1,-1,-1,-1
101,5,1057.2230224609375,644.6170654296875,119.7774658203125,253.4288330078125,-1,-1,-1,-1
102,5,1049.55419921875,642.1045532226562,116.79541015625,253.94671630859375,-1,-1,-1,-1
103,5,1039.405029296875,637.5968627929688,111.7327880859375,255.6148681640625,-1,-1,-1,-1
104,5,1029.410888671875,630.2543334960938,108.632568359375,252.96942138671875,-1,-1,-1,-1
105,5,1022.6514282226562,624.7509765625,111.63128662109375,254.018798828125,-1,-1,-1,-1
106,5,1019.769287109375,622.35791015625,115.575439453125,254.486572265625,-1,-1,-1,-1
107,5,1024.5701904296875,622.311279296875,112.2625732421875,257.462646484375,-1,-1,-1,-1
108,5,1032.129150390625,629.0518798828125,112.614013671875,259.190185546875,-1,-1,-1,-1
109,5,1044.9346923828125,638.3211669921875,107.34716796875,259.83514404296875,-1,-1,-1,-1
110,5,1045.0267333984375,642.9547729492188,110.59765625,264.29022216796875,-1,-1,-1,-1
111,5,1045.0484619140625,639.7506103515625,115.8922119140625,265.6964111328125,-1,-1,-1,-1
112,5,1048.52001953125,625.793701171875,113.869384765625,268.398681640625,-1,-1,-1,-1
113,5,1047.2371826171875,613.2147827148438,116.932373046875,267.80340576171875,-1,-1,-1,-1
114,5,1049.9871826171875,605.4305419921875,114.7548828125,266.95001220703125,-1,-1,-1,-1
115,5,1056.0115966796875,600.5960083007812,112.218017578125,269.92779541015625,-1,-1,-1,-1
116,5,1056.740966796875,603.776123046875,118.959716796875,268.987548828125,-1,-1,-1,-1
117,5,1067.9058837890625,609.2620849609375,117.01806640625,273.247802734375,-1,-1,-1,-1
118,5,1070.3271484375,613.015380859375,123.0400390625,277.51116943359375,-1,-1,-1,-1
119,5,1075.2457275390625,609.332275390625,119.55322265625,277.81634521484375,-1,-1,-1,-1
120,5,1072.7806396484375,599.6100463867188,117.69775390625,281.5909423828125,-1,-1,-1,-1
121,5,1069.385498046875,589.6497802734375,116.7821044921875,280.4833984375,-1,-1,-1,-1
122,5,1066.6680908203125,591.4034423828125,117.2633056640625,280.11578369140625,-1,-1,-1,-1
123,5,1054.4642333984375,604.2879028320312,124.299072265625,279.8265380859375,-1,-1,-1,-1
124,5,1047.7672119140625,621.8849487304688,126.38818359375,277.7255859375,-1,-1,-1,-1
125,5,1039.1759033203125,632.1294555664062,135.642578125,278.20550537109375,-1,-1,-1,-1
126,5,1036.26806640625,635.444091796875,143.9346923828125,277.0384521484375,-1,-1,-1,-1
127,5,1042.754638671875,635.3196411132812,145.8079833984375,276.73583984375,-1,-1,-1,-1
128,5,1049.636962890625,635.2346801757812,144.8809814453125,278.61639404296875,-1,-1,-1,-1
129,5,1056.4757080078125,640.3106079101562,142.5941162109375,279.05548095703125,-1,-1,-1,-1
130,5,1055.5948486328125,646.0711059570312,149.067626953125,282.6468505859375,-1,-1,-1,-1
131,5,1074.0576171875,648.9879150390625,139.5072021484375,282.00567626953125,-1,-1,-1,-1
132,5,1086.6998291015625,649.6708374023438,140.266357421875,287.22943115234375,-1,-1,-1,-1
133,5,1091.5921630859375,655.295654296875,150.101318359375,288.861083984375,-1,-1,-1,-1
134,5,1107.2974853515625,660.2042846679688,149.0684814453125,291.83099365234375,-1,-1,-1,-1
135,5,1118.308837890625,660.2227172851562,151.619873046875,293.2886962890625,-1,-1,-1,-1
136,5,1135.685302734375,653.1116333007812,148.6754150390625,298.51123046875,-1,-1,-1,-1
137,5,1155.21728515625,638.6773681640625,141.083740234375,302.92681884765625,-1,-1,-1,-1
138,5,1159.239990234375,625.748779296875,147.6221923828125,302.54071044921875,-1,-1,-1,-1
139,5,1171.738525390625,616.3079833984375,144.2451171875,306.052734375,-1,-1,-1,-1
140,5,1177.625244140625,610.6318359375,143.264404296875,307.80633544921875,-1,-1,-1,-1
141,5,1182.8551025390625,608.2014770507812,140.9888916015625,307.17535400390625,-1,-1,-1,-1
142,5,1186.0489501953125,609.4008178710938,141.7767333984375,307.6295166015625,-1,-1,-1,-1
143,5,1189.6790771484375,613.2435302734375,138.3291015625,311.36468505859375,-1,-1,-1,-1
144,5,1183.8306884765625,619.642822265625,142.2803955078125,307.8148193359375,-1,-1,-1,-1
145,5,1186.673095703125,625.037841796875,134.80517578125,307.8621826171875,-1,-1,-1,-1
146,5,1177.3271484375,625.7734985351562,141.5750732421875,308.05987548828125,-1,-1,-1,-1
147,5,1178.228271484375,624.5264892578125,138.662109375,307.97967529296875,-1,-1,-1,-1
148,5,1169.9329833984375,618.1469116210938,143.015380859375,308.860595703125,-1,-1,-1,-1
149,5,1171.6082763671875,610.3511962890625,133.3843994140625,306.32855224609375,-1,-1,-1,-1
150,5,1163.2100830078125,606.7974243164062,133.7313232421875,305.7545166015625,-1,-1,-1,-1
151,5,1154.9583740234375,606.510009765625,134.8670654296875,300.9688720703125,-1,-1,-1,-1
152,5,1147.6451416015625,607.7964477539062,136.40478515625,300.2379150390625,-1,-1,-1,-1
153,5,1146.8961181640625,609.02099609375,133.799072265625,302.16461181640625,-1,-1,-1,-1
154,5,1140.272705078125,609.0775756835938,134.495849609375,298.33905029296875,-1,-1,-1,-1
155,5,1141.579833984375,608.3006591796875,128.348876953125,299.311767578125,-1,-1,-1,-1
156,5,1137.6949462890625,607.7175903320312,128.1015625,298.48150634765625,-1,-1,-1,-1
157,5,1133.05126953125,609.122314453125,130.571044921875,297.2552490234375,-1,-1,-1,-1
158,5,1132.0472412109375,609.4944458007812,132.771728515625,296.9818115234375,-1,-1,-1,-1
159,5,1132.232421875,608.3131103515625,134.86865234375,296.63427734375,-1,-1,-1,-1
160,5,1128.935791015625,607.7005615234375,138.4464111328125,297.89111328125,-1,-1,-1,-1
161,5,1132.70556640625,608.314453125,133.73388671875,296.38360595703125,-1,-1,-1,-1
162,5,1132.365234375,608.9822387695312,132.52783203125,296.53173828125,-1,-1,-1,-1
163,5,1126.22607421875,609.7216796875,136.0107421875,295.30621337890625,-1,-1,-1,-1
164,5,1125.033203125,610.7710571289062,135.10595703125,293.89178466796875,-1,-1,-1,-1
165,5,1120.661376953125,610.1033325195312,139.0330810546875,296.1500244140625,-1,-1,-1,-1
166,5,1128.4005126953125,609.177490234375,130.2213134765625,297.230712890625,-1,-1,-1,-1
167,5,1122.72412109375,607.9846801757812,137.0023193359375,296.7421875,-1,-1,-1,-1
168,5,1121.0423583984375,606.5770263671875,138.1619873046875,293.4930419921875,-1,-1,-1,-1
169,5,1118.724609375,603.86962890625,140.97705078125,295.08245849609375,-1,-1,-1,-1
170,5,1118.661376953125,603.9010620117188,138.5078125,293.6964111328125,-1,-1,-1,-1
171,5,1117.5938720703125,606.0581665039062,139.267822265625,295.01416015625,-1,-1,-1,-1
172,5,1127.883544921875,608.9169921875,129.186279296875,295.8443603515625,-1,-1,-1,-1
173,5,1121.6993408203125,611.0185546875,136.1221923828125,292.93597412109375,-1,-1,-1,-1
174,5,1122.151611328125,613.3150024414062,136.8157958984375,295.54156494140625,-1,-1,-1,-1
175,5,1125.067138671875,614.9385375976562,132.99365234375,295.05865478515625,-1,-1,-1,-1
176,5,1120.0701904296875,615.2006225585938,140.088623046875,297.1112060546875,-1,-1,-1,-1
177,5,1128.3714599609375,616.3903198242188,131.0972900390625,293.78839111328125,-1,-1,-1,-1
178,5,1127.743896484375,616.4821166992188,131.815185546875,292.8974609375,-1,-1,-1,-1
179,5,1127.477294921875,616.3896484375,130.203125,293.96075439453125,-1,-1,-1,-1
180,5,1126.551025390625,616.403076171875,131.1043701171875,295.5426025390625,-1,-1,-1,-1
181,5,1120.1590576171875,616.4390258789062,138.9920654296875,294.2088623046875,-1,-1,-1,-1
182,5,1121.1231689453125,615.84423828125,137.7720947265625,295.21270751953125,-1,-1,-1,-1
183,5,1121.0640869140625,615.053466796875,137.4364013671875,295.4835205078125,-1,-1,-1,-1
184,5,1115.9205322265625,614.0438842773438,140.577880859375,297.68548583984375,-1,-1,-1,-1
185,5,1119.0968017578125,613.9218139648438,137.346923828125,296.7867431640625,-1,-1,-1,-1
186,5,1115.3375244140625,613.803955078125,139.242919921875,296.30609130859375,-1,-1,-1,-1
187,5,1117.707763671875,613.4864501953125,135.957763671875,295.8878173828125,-1,-1,-1,-1
188,5,1116.986083984375,614.0010375976562,134.553466796875,297.57281494140625,-1,-1,-1,-1
189,5,1114.98095703125,614.6154174804688,134.14599609375,295.63616943359375,-1,-1,-1,-1
190,5,1113.5516357421875,614.458251953125,134.8837890625,293.6778564453125,-1,-1,-1,-1
191,5,1116.841552734375,613.7349853515625,130.54443359375,294.8580322265625,-1,-1,-1,-1
192,5,1118.5958251953125,611.9114990234375,132.6551513671875,292.8359375,-1,-1,-1,-1
193,5,1122.0408935546875,615.503173828125,139.7275390625,292.7230224609375,-1,-1,-1,-1
194,5,1134.7789306640625,617.8999633789062,144.5093994140625,295.82623291015625,-1,-1,-1,-1
195,5,1158.71142578125,606.974609375,140.150146484375,296.02142333984375,-1,-1,-1,-1
196,5,1175.08203125,585.2058715820312,144.57275390625,304.3350830078125,-1,-1,-1,-1
197,5,1182.2078857421875,565.9351806640625,147.47021484375,307.03466796875,-1,-1,-1,-1
198,5,1188.37841796875,558.4700927734375,145.5721435546875,309.56597900390625,-1,-1,-1,-1
199,5,1190.3345947265625,559.1556396484375,142.5570068359375,309.64068603515625,-1,-1,-1,-1
200,5,1182.725341796875,566.2210693359375,145.855712890625,307.10992431640625,-1,-1,-1,-1
201,5,1179.165771484375,574.8152465820312,142.9437255859375,304.71405029296875,-1,-1,-1,-1
202,5,1170.715576171875,586.2635498046875,144.3480224609375,301.27691650390625,-1,-1,-1,-1
203,5,1160.0982666015625,599.9872436523438,146.6995849609375,297.87945556640625,-1,-1,-1,-1
204,5,1149.276123046875,613.3497924804688,144.339599609375,295.635986328125,-1,-1,-1,-1
205,5,1136.1265869140625,625.5658569335938,145.8717041015625,292.93389892578125,-1,-1,-1,-1
206,5,1128.4862060546875,635.3388671875,139.4866943359375,286.3406982421875,-1,-1,-1,-1
207,5,1112.09423828125,642.2352294921875,145.5369873046875,285.4947509765625,-1,-1,-1,-1
208,5,1106.294921875,648.7525634765625,141.493408203125,278.71826171875,-1,-1,-1,-1
209,5,1100.644775390625,653.0340576171875,137.138671875,280.14129638671875,-1,-1,-1,-1
210,5,1087.517333984375,657.3580322265625,140.4912109375,277.00408935546875,-1,-1,-1,-1
211,5,1077.734375,660.7003173828125,138.9066162109375,275.78564453125,-1,-1,-1,-1
212,5,1068.012939453125,662.1444091796875,135.32666015625,267.45538330078125,-1,-1,-1,-1
213,5,1056.10205078125,659.711669921875,136.1910400390625,267.39141845703125,-1,-1,-1,-1
214,5,1043.5289306640625,655.8096923828125,137.4163818359375,267.01849365234375,-1,-1,-1,-1
215,5,1040.5067138671875,651.9771728515625,133.191162109375,259.890380859375,-1,-1,-1,-1
216,5,1028.1883544921875,650.4520874023438,135.989501953125,259.64215087890625,-1,-1,-1,-1
217,5,1019.0125732421875,649.4733276367188,134.217041015625,258.56488037109375,-1,-1,-1,-1
218,5,1013.7545776367188,648.2744140625,129.17913818359375,257.406005859375,-1,-1,-1,-1
219,5,1007.4288330078125,648.6632690429688,126.677734375,254.88690185546875,-1,-1,-1,-1
220,5,990.0689697265625,648.9492797851562,133.3360595703125,252.3072509765625,-1,-1,-1,-1
221,5,985.8817749023438,650.019775390625,128.13348388671875,249.20111083984375,-1,-1,-1,-1
222,5,974.3883666992188,651.8929443359375,135.16302490234375,250.2947998046875,-1,-1,-1,-1
223,5,968.6434936523438,653.3489379882812,132.54364013671875,249.49468994140625,-1,-1,-1,-1
224,5,967.3990478515625,651.2906494140625,128.322021484375,246.97900390625,-1,-1,-1,-1
225,5,964.29052734375,650.004638671875,129.060791015625,245.5738525390625,-1,-1,-1,-1
226,5,959.67626953125,649.9332275390625,132.851806640625,246.8408203125,-1,-1,-1,-1
227,5,963.719482421875,651.3049926757812,130.542236328125,247.32757568359375,-1,-1,-1,-1
228,5,972.0172729492188,652.8338623046875,122.57928466796875,247.1474609375,-1,-1,-1,-1
229,5,968.2685546875,652.6995849609375,125.8946533203125,247.756591796875,-1,-1,-1,-1
230,5,965.8838500976562,652.5311889648438,128.42218017578125,248.96966552734375,-1,-1,-1,-1
231,5,967.224853515625,652.5909423828125,127.599365234375,247.926513671875,-1,-1,-1,-1
232,5,971.4389038085938,651.2664794921875,124.57794189453125,247.25372314453125,-1,-1,-1,-1
233,5,970.5725708007812,649.8680419921875,125.59893798828125,247.852294921875,-1,-1,-1,-1
234,5,963.637939453125,647.3787231445312,131.345458984375,249.927734375,-1,-1,-1,-1
235,5,963.6939697265625,645.361328125,129.2681884765625,249.392333984375,-1,-1,-1,-1
236,5,962.1904296875,643.6650390625,128.3408203125,248.48291015625,-1,-1,-1,-1
237,5,962.375732421875,641.4982299804688,124.483154296875,248.9879150390625,-1,-1,-1,-1
238,5,962.2698364257812,639.4953002929688,123.46343994140625,248.22021484375,-1,-1,-1,-1
239,5,963.2428588867188,638.7750244140625,122.70037841796875,247.95245361328125,-1,-1,-1,-1
240,5,962.9398803710938,638.4447021484375,122.22723388671875,247.10845947265625,-1,-1,-1,-1
241,5,962.7637939453125,638.1226806640625,124.275390625,247.796142578125,-1,-1,-1,-1
242,5,966.1143188476562,637.4234008789062,122.68743896484375,247.4969482421875,-1,-1,-1,-1
243,5,969.0183715820312,635.9281616210938,121.84747314453125,246.1510009765625,-1,-1,-1,-1
244,5,973.087158203125,634.701171875,120.0484619140625,248.36572265625,-1,-1,-1,-1
245,5,972.15380859375,635.3023681640625,122.041259765625,248.035888671875,-1,-1,-1,-1
246,5,973.42578125,636.783203125,121.6021728515625,247.480224609375,-1,-1,-1,-1
247,5,973.3197631835938,637.1350708007812,122.93475341796875,247.98858642578125,-1,-1,-1,-1
248,5,975.2423095703125,637.4039916992188,123.0849609375,246.46697998046875,-1,-1,-1,-1
249,5,979.2598876953125,638.27587890625,124.55810546875,248.30096435546875,-1,-1,-1,-1
250,5,986.7742919921875,639.5797119140625,123.95556640625,249.5682373046875,-1,-1,-1,-1
251,5,989.6021118164062,641.4341430664062,126.10479736328125,250.52813720703125,-1,-1,-1,-1
252,5,991.3748779296875,643.486572265625,130.186767578125,250.4920654296875,-1,-1,-1,-1
253,5,997.29052734375,644.9338989257812,126.8226318359375,251.42120361328125,-1,-1,-1,-1
254,5,997.720947265625,644.0565795898438,128.8004150390625,252.42889404296875,-1,-1,-1,-1
255,5,999.0118408203125,644.6463623046875,133.60205078125,251.56890869140625,-1,-1,-1,-1
256,5,1010.331298828125,645.250732421875,128.0115966796875,251.5953369140625,-1,-1,-1,-1
257,5,1013.1683349609375,645.6287841796875,128.6690673828125,252.640625,-1,-1,-1,-1
258,5,1016.5321044921875,647.7943115234375,130.351318359375,250.3184814453125,-1,-1,-1,-1
259,5,1021.6002197265625,648.929443359375,128.2498779296875,252.6414794921875,-1,-1,-1,-1
260,5,1021.5095825195312,649.9297485351562,130.10491943359375,254.1507568359375,-1,-1,-1,-1
261,5,1021.4093017578125,650.4999389648438,133.3997802734375,255.21270751953125,-1,-1,-1,-1
262,5,1024.7943115234375,651.7846069335938,131.3316650390625,254.54168701171875,-1,-1,-1,-1
263,5,1024.6532592773438,652.8427124023438,134.44146728515625,255.68353271484375,-1,-1,-1,-1
264,5,1026.0382080078125,653.8638916015625,134.5238037109375,255.22119140625,-1,-1,-1,-1
265,5,1027.54052734375,656.224609375,133.703857421875,254.5595703125,-1,-1,-1,-1
266,5,1031.5338134765625,659.1002807617188,131.9697265625,253.3590087890625,-1,-1,-1,-1
267,5,1031.1962890625,662.5200805664062,134.361328125,254.72662353515625,-1,-1,-1,-1
268,5,1034.6376953125,665.1568603515625,132.989990234375,254.49072265625,-1,-1,-1,-1
269,5,1033.4129638671875,667.4010620117188,135.256591796875,254.8203125,-1,-1,-1,-1
270,5,1034.84228515625,669.6085205078125,135.208984375,254.3773193359375,-1,-1,-1,-1
271,5,1036.702880859375,672.180419921875,133.33154296875,256.85577392578125,-1,-1,-1,-1
272,5,1037.2952880859375,674.77197265625,133.3150634765625,257.33209228515625,-1,-1,-1,-1
273,5,1036.862060546875,677.0758666992188,134.3974609375,257.16705322265625,-1,-1,-1,-1
274,5,1037.56591796875,678.8306884765625,134.3228759765625,257.44805908203125,-1,-1,-1,-1
275,5,1038.8270263671875,680.9720458984375,133.4786376953125,255.412109375,-1,-1,-1,-1
276,5,1039.623046875,681.1629028320312,134.4400634765625,256.58050537109375,-1,-1,-1,-1
277,5,1039.74462890625,681.845703125,134.67919921875,255.9837646484375,-1,-1,-1,-1
278,5,1040.5714111328125,681.585205078125,135.9898681640625,256.1143798828125,-1,-1,-1,-1
279,5,1043.0377197265625,681.900634765625,133.8656005859375,256.32818603515625,-1,-1,-1,-1
280,5,1043.480712890625,681.8751220703125,134.2684326171875,255.41558837890625,-1,-1,-1,-1
281,5,1048.1405029296875,681.6233520507812,130.4248046875,254.67706298828125,-1,-1,-1,-1
282,5,1047.2921142578125,681.2073364257812,131.627197265625,256.915283203125,-1,-1,-1,-1
283,5,1046.8458251953125,681.0529174804688,132.282470703125,255.21661376953125,-1,-1,-1,-1
284,5,1049.08154296875,680.3776245117188,129.68408203125,256.19891357421875,-1,-1,-1,-1
285,5,1044.1685791015625,679.0869140625,134.081787109375,254.97503662109375,-1,-1,-1,-1
286,5,1043.646240234375,678.1536865234375,133.003173828125,256.2957763671875,-1,-1,-1,-1
287,5,1046.61865234375,677.9824829101562,129.6859130859375,254.48504638671875,-1,-1,-1,-1
288,5,1042.778564453125,677.0314331054688,132.231689453125,255.13653564453125,-1,-1,-1,-1
289,5,1041.7177734375,674.9880981445312,132.895263671875,257.76715087890625,-1,-1,-1,-1
290,5,1043.748046875,673.783935546875,130.4849853515625,254.5931396484375,-1,-1,-1,-1
291,5,1044.7440185546875,671.057861328125,127.2972412109375,255.14825439453125,-1,-1,-1,-1
292,5,1034.05126953125,667.998046875,136.22509765625,255.5626220703125,-1,-1,-1,-1
293,5,1033.65478515625,666.6455078125,135.692626953125,254.442138671875,-1,-1,-1,-1
294,5,1037.9991455078125,664.6028442382812,128.6680908203125,253.10052490234375,-1,-1,-1,-1
295,5,1030.0765380859375,662.2322387695312,133.7279052734375,251.48883056640625,-1,-1,-1,-1
296,5,1033.032958984375,660.3762817382812,125.8507080078125,253.0506591796875,-1,-1,-1,-1
297,5,1025.411376953125,660.3781127929688,129.6256103515625,252.546630859375,-1,-1,-1,-1
298,5,1030.2322998046875,660.5904541015625,122.2655029296875,254.7049560546875,-1,-1,-1,-1
299,5,1019.8179931640625,660.0703735351562,127.986572265625,251.880126953125,-1,-1,-1,-1
300,5,1019.4274291992188,660.4295654296875,123.09381103515625,251.21124267578125,-1,-1,-1,-1
301,5,1015.2572021484375,660.8801879882812,123.8289794921875,251.4031982421875,-1,-1,-1,-1
302,5,1012.033447265625,660.940185546875,123.5491943359375,252.7156982421875,-1,-1,-1,-1
303,5,1005.481201171875,661.9205322265625,122.948486328125,250.2001953125,-1,-1,-1,-1
304,5,1002.6473999023438,662.883544921875,121.97601318359375,248.82598876953125,-1,-1,-1,-1
305,5,1002.892333984375,660.8453979492188,116.0975341796875,250.20111083984375,-1,-1,-1,-1
306,5,985.6362915039062,656.3298950195312,122.79705810546875,251.16339111328125,-1,-1,-1,-1
307,5,968.7349853515625,645.8189697265625,121.87841796875,251.4783935546875,-1,-1,-1,-1
308,5,943.1401977539062,635.2228393554688,113.35247802734375,246.6961669921875,-1,-1,-1,-1
309,5,906.8466186523438,625.0114135742188,103.5548095703125,242.04913330078125,-1,-1,-1,-1
310,5,860.9462890625,610.0548095703125,93.9351806640625,238.18536376953125,-1,-1,-1,-1
311,5,812.6546020507812,590.0659790039062,91.0316162109375,235.75439453125,-1,-1,-1,-1
303,6,646.7964477539062,602.3461303710938,175.009033203125,308.83642578125,-1,-1,-1,-1
304,6,676.3694458007812,597.101806640625,160.37347412109375,323.307373046875,-1,-1,-1,-1
305,6,666.872802734375,593.5405883789062,185.55950927734375,342.835205078125,-1,-1,-1,-1
306,6,680.3800659179688,593.53076171875,182.24273681640625,368.847900390625,-1,-1,-1,-1
307,6,696.1618041992188,593.8963012695312,170.666259765625,385.97308349609375,-1,-1,-1,-1
308,6,688.7781372070312,599.3782348632812,163.96417236328125,378.69219970703125,-1,-1,-1,-1
309,6,711.4049682617188,603.1029663085938,159.35272216796875,363.85662841796875,-1,-1,-1,-1
310,6,690.25,588.254638671875,130.539306640625,363.63330078125,-1,-1,-1,-1
311,6,662.0985717773438,558.6298828125,117.06378173828125,373.69818115234375,-1,-1,-1,-1
