1,1,171.3018798828125,192.03884887695312,586.7073974609375,838.4400634765625,-1,-1,-1,-1
2,1,1.260498046875,243.3398895263672,570.9607543945312,806.8309936523438,-1,-1,-1,-1
3,1,5.129762649536133,326.0260314941406,379.6952819824219,763.07666015625,-1,-1,-1,-1
4,1,5.54461669921875,471.38775634765625,260.3773193359375,684.5292358398438,-1,-1,-1,-1
5,1,1.587998390197754,598.3001708984375,189.8624725341797,520.7342529296875,-1,-1,-1,-1
6,1,3.8704404830932617,674.0458984375,143.20423889160156,463.474365234375,-1,-1,-1,-1
7,1,2.1248559951782227,612.8259887695312,119.19405364990234,437.75567626953125,-1,-1,-1,-1
8,1,1.6165428161621094,449.05731201171875,161.85789489746094,503.83209228515625,-1,-1,-1,-1
9,1,6.750049591064453,439.5362854003906,206.54275512695312,442.8815002441406,-1,-1,-1,-1
10,1,-8.216996192932129,397.5484924316406,241.2261505126953,481.1444396972656,-1,-1,-1,-1
11,1,1.3740043640136719,444.483154296875,258.21307373046875,473.98052978515625,-1,-1,-1,-1
12,1,-2.421921730041504,359.65155029296875,341.66180419921875,682.8536987304688,-1,-1,-1,-1
13,1,2.5637855529785156,376.4452819824219,394.24365234375,664.438720703125,-1,-1,-1,-1
14,1,13.38507080078125,400.3707275390625,429.927734375,647.7783203125,-1,-1,-1,-1
15,1,34.36437225341797,398.38861083984375,458.4798278808594,629.2037963867188,-1,-1,-1,-1
16,1,38.49086380004883,371.14306640625,468.1189880371094,616.4976806640625,-1,-1,-1,-1
17,1,33.655494689941406,328.2557373046875,474.7425537109375,620.0897827148438,-1,-1,-1,-1
18,1,23.584400177001953,296.8356628417969,482.5389404296875,623.6256103515625,-1,-1,-1,-1
19,1,14.807445526123047,260.2811279296875,473.8857421875,631.214111328125,-1,-1,-1,-1
20,1,5.868350982666016,232.28985595703125,467.43402099609375,624.3171997070312,-1,-1,-1,-1
21,1,4.999198913574219,207.65707397460938,442.4991455078125,627.032470703125,-1,-1,-1,-1
22,1,0.9829216003417969,198.9183807373047,400.4398193359375,614.8970947265625,-1,-1,-1,-1
23,1,1.3074426651000977,90.62696075439453,347.7054138183594,697.4644775390625,-1,-1,-1,-1
24,1,1.3383159637451172,173.00608825683594,365.6412658691406,583.6278076171875,-1,-1,-1,-1
25,1,0.2230377197265625,214.9958038330078,371.664306640625,547.957763671875,-1,-1,-1,-1
26,1,1.96612548828125,261.9489440917969,364.8597412109375,527.74853515625,-1,-1,-1,-1
27,1,3.9153499603271484,321.983154296875,359.1158142089844,507.1844482421875,-1,-1,-1,-1
28,1,5.0232954025268555,368.75732421875,344.0709228515625,478.0123291015625,-1,-1,-1,-1
29,1,2.12479305267334,455.6836853027344,316.5976257324219,390.3409118652344,-1,-1,-1,-1
30,1,1.5093936920166016,419.0445556640625,271.35101318359375,271.987548828125,-1,-1,-1,-1
31,1,1.070967674255371,435.08197021484375,226.20118713378906,305.12005615234375,-1,-1,-1,-1
32,1,7.072955131530762,563.0538940429688,184.4339141845703,286.58660888671875,-1,-1,-1,-1
33,1,3.403071403503418,674.341064453125,194.26918029785156,198.26934814453125,-1,-1,-1,-1
34,1,4.997363090515137,716.7099609375,177.2125244140625,188.00341796875,-1,-1,-1,-1
36,1,4.5956220626831055,773.322509765625,152.25973510742188,263.9312744140625,-1,-1,-1,-1
39,1,53.383365631103516,954.6051025390625,68.22113037109375,112.39501953125,-1,-1,-1,-1
4,2,179.3462677001953,391.6378479003906,111.19255065917969,252.11337280273438,-1,-1,-1,-1
5,2,180.33560180664062,412.14093017578125,103.81381225585938,253.4559326171875,-1,-1,-1,-1
6,2,193.75103759765625,442.066162109375,95.372802734375,251.4493408203125,-1,-1,-1,-1
7,2,264.43365478515625,432.2063903808594,87.70172119140625,246.98587036132812,-1,-1,-1,-1
8,2,340.5690002441406,394.35040283203125,86.32177734375,241.5758056640625,-1,-1,-1,-1
9,2,403.0970458984375,367.15728759765625,82.17803955078125,238.832763671875,-1,-1,-1,-1
10,2,485.5162658691406,374.39794921875,79.79940795898438,236.17242431640625,-1,-1,-1,-1
11,2,583.16748046875,404.80902099609375,76.50054931640625,228.19573974609375,-1,-1,-1,-1
12,2,676.8956298828125,454.4249267578125,72.1163330078125,220.1650390625,-1,-1,-1,-1
13,2,746.87890625,480.16119384765625,71.58709716796875,219.20245361328125,-1,-1,-1,-1
14,2,788.82763671875,470.80718994140625,72.1717529296875,222.76727294921875,-1,-1,-1,-1
15,2,819.8863525390625,393.4248352050781,74.4581298828125,235.90768432617188,-1,-1,-1,-1
16,2,837.3475341796875,327.5254821777344,77.1817626953125,243.04446411132812,-1,-1,-1,-1
17,2,847.6436767578125,270.0654602050781,81.01654052734375,251.05874633789062,-1,-1,-1,-1
18,2,855.4378662109375,224.01980590820312,85.57037353515625,259.2201232910156,-1,-1,-1,-1
19,2,868.2177734375,186.28335571289062,89.10577392578125,265.49127197265625,-1,-1,-1,-1
20,2,890.8668823242188,152.4849395751953,89.859375,272.153564453125,-1,-1,-1,-1
21,2,910.3402709960938,146.8047637939453,95.29461669921875,272.5712890625,-1,-1,-1,-1
22,2,932.6085815429688,142.8962860107422,97.87408447265625,274.70404052734375,-1,-1,-1,-1
23,2,957.134765625,100.27473449707031,101.8974609375,273.66094970703125,-1,-1,-1,-1
24,2,982.5817260742188,51.54596710205078,107.49456787109375,262.1991271972656,-1,-1,-1,-1
25,2,1006.262451171875,27.64177894592285,101.9483642578125,247.98486328125,-1,-1,-1,-1
26,2,975.6211547851562,12.031261444091797,139.63726806640625,235.76670837402344,-1,-1,-1,-1
27,2,979.3711547851562,20.334070205688477,130.71661376953125,213.52964782714844,-1,-1,-1,-1
28,2,983.0015869140625,18.957569122314453,122.3907470703125,212.9297332763672,-1,-1,-1,-1
29,3,544.4723510742188,865.9837646484375,441.9542236328125,542.2288818359375,-1,-1,-1,-1
30,3,543.3787841796875,853.8479614257812,466.9483642578125,553.3439331054688,-1,-1,-1,-1
31,3,544.24267578125,888.4354248046875,434.514404296875,519.7034912109375,-1,-1,-1,-1
32,3,551.773681640625,907.0341186523438,426.08685302734375,500.96075439453125,-1,-1,-1,-1
33,3,574.8426513671875,935.7940673828125,399.99249267578125,471.9808349609375,-1,-1,-1,-1
34,3,585.251220703125,976.6281127929688,405.833740234375,431.14239501953125,-1,-1,-1,-1
35,3,557.94384765625,1034.74560546875,422.4193115234375,372.482177734375,-1,-1,-1,-1
36,3,582.7833862304688,1079.116943359375,309.1275634765625,327.06689453125,-1,-1,-1,-1
37,3,617.2647094726562,1113.2352294921875,251.13348388671875,294.542724609375,-1,-1,-1,-1
38,3,643.3182373046875,1149.5562744140625,171.79132080078125,247.0072021484375,-1,-1,-1,-1
39,3,675.998046875,1190.37109375,141.90594482421875,180.4556884765625,-1,-1,-1,-1
40,3,555.652099609375,1140.3004150390625,503.4573974609375,266.8740234375,-1,-1,-1,-1
41,3,565.0444946289062,1083.3546142578125,523.6605834960938,324.708984375,-1,-1,-1,-1
42,3,342.7579040527344,971.6926879882812,718.6781005859375,430.19805908203125,-1,-1,-1,-1
43,3,239.58544921875,912.94287109375,807.0770263671875,492.51318359375,-1,-1,-1,-1
44,3,226.55987548828125,948.9197998046875,767.8555908203125,456.6302490234375,-1,-1,-1,-1
45,3,229.7040252685547,997.1002807617188,721.3961791992188,407.43450927734375,-1,-1,-1,-1
46,3,221.2581024169922,1072.6539306640625,711.86865234375,330.7779541015625,-1,-1,-1,-1
47,3,325.310302734375,1148.5162353515625,637.16650390625,254.0792236328125,-1,-1,-1,-1
48,4,2.5601401329040527,460.178955078125,122.85926055908203,225.66522216796875,-1,-1,-1,-1
49,4,111.53279876708984,423.69549560546875,144.49627685546875,226.09088134765625,-1,-1,-1,-1
50,4,259.36187744140625,414.0042419433594,125.91717529296875,209.73733520507812,-1,-1,-1,-1
51,4,382.4531555175781,404.184814453125,104.44894409179688,203.15911865234375,-1,-1,-1,-1
52,4,462.6806640625,393.57147216796875,95.5374755859375,200.84222412109375,-1,-1,-1,-1
53,4,507.7518310546875,389.2413635253906,86.4124755859375,200.02444458007812,-1,-1,-1,-1
54,4,525.640625,385.4696960449219,75.685791015625,200.09219360351562,-1,-1,-1,-1
55,4,533.5226440429688,381.8815002441406,73.56414794921875,199.41073608398438,-1,-1,-1,-1
56,4,543.2127685546875,378.2556457519531,70.3756103515625,200.94833374023438,-1,-1,-1,-1
57,4,562.9732666015625,373.50531005859375,71.48089599609375,198.146240234375,-1,-1,-1,-1
58,4,591.4476318359375,367.48504638671875,69.89471435546875,199.088623046875,-1,-1,-1,-1
59,4,629.6919555664062,374.3065490722656,65.4774169921875,196.36410522460938,-1,-1,-1,-1
60,4,664.6170654296875,392.1049499511719,68.88671875,192.97305297851562,-1,-1,-1,-1
61,4,704.2726440429688,411.90008544921875,67.0142822265625,189.61004638671875,-1,-1,-1,-1
62,4,740.6871337890625,430.3400573730469,63.61334228515625,190.17276000976562,-1,-1,-1,-1
63,4,775.31591796875,449.2036437988281,64.8883056640625,187.52908325195312,-1,-1,-1,-1
64,4,810.5654296875,471.4805908203125,63.71368408203125,185.66424560546875,-1,-1,-1,-1
65,4,841.0820922851562,486.5221252441406,65.06561279296875,185.44491577148438,-1,-1,-1,-1
66,4,860.6554565429688,501.4075927734375,67.883056640625,186.9193115234375,-1,-1,-1,-1
67,4,875.5738525390625,511.88043212890625,67.9520263671875,186.7603759765625,-1,-1,-1,-1
68,4,888.8681640625,523.2758178710938,67.5035400390625,187.58038330078125,-1,-1,-1,-1
69,4,891.2540893554688,535.4806518554688,67.28216552734375,185.7545166015625,-1,-1,-1,-1
70,4,890.9924926757812,537.443115234375,67.75579833984375,185.20074462890625,-1,-1,-1,-1
71,4,896.0875854492188,536.2196044921875,67.43792724609375,185.403076171875,-1,-1,-1,-1
72,4,904.9221801757812,534.1702880859375,67.81793212890625,186.0855712890625,-1,-1,-1,-1
73,4,917.1832275390625,531.3060913085938,68.653076171875,188.13580322265625,-1,-1,-1,-1
74,4,927.6201782226562,531.4279174804688,68.34326171875,187.83892822265625,-1,-1,-1,-1
75,4,936.0387573242188,529.33837890625,69.7835693359375,189.966552734375,-1,-1,-1,-1
76,4,943.992431640625,526.5723266601562,71.59698486328125,190.4249267578125,-1,-1,-1,-1
77,4,945.902587890625,517.3821411132812,71.87158203125,191.96136474609375,-1,-1,-1,-1
78,4,948.6807861328125,512.6700439453125,72.658447265625,195.0531005859375,-1,-1,-1,-1
79,4,948.3525390625,518.2626953125,73.0780029296875,193.476318359375,-1,-1,-1,-1
80,4,946.0656127929688,522.9122314453125,72.41693115234375,193.11334228515625,-1,-1,-1,-1
81,4,942.7672119140625,521.99072265625,75.22735595703125,195.51995849609375,-1,-1,-1,-1
82,4,944.7738647460938,528.4326171875,75.83477783203125,198.18121337890625,-1,-1,-1,-1
83,4,944.5839233398438,540.0457763671875,75.93212890625,199.46197509765625,-1,-1,-1,-1
84,4,947.5880737304688,549.7040405273438,76.8416748046875,201.2130126953125,-1,-1,-1,-1
85,4,950.7474975585938,547.63134765625,79.13079833984375,202.680908203125,-1,-1,-1,-1
86,4,951.76904296875,547.6306762695312,78.8460693359375,201.92889404296875,-1,-1,-1,-1
87,4,948.720458984375,544.2326049804688,79.3411865234375,205.233154296875,-1,-1,-1,-1
88,4,946.001220703125,546.3109130859375,77.84124755859375,204.3492431640625,-1,-1,-1,-1
89,4,942.3060302734375,550.5328369140625,78.37176513671875,204.828857421875,-1,-1,-1,-1
90,4,936.506591796875,553.6228637695312,79.824462890625,203.14398193359375,-1,-1,-1,-1
91,4,924.73486328125,551.1832275390625,79.15380859375,202.90380859375,-1,-1,-1,-1
92,4,903.2437133789062,543.9044189453125,81.30352783203125,202.022705078125,-1,-1,-1,-1
93,4,885.7976684570312,538.09130859375,81.65435791015625,201.40350341796875,-1,-1,-1,-1
94,4,872.6647338867188,531.2760009765625,81.70501708984375,200.1484375,-1,-1,-1,-1
95,4,856.2243041992188,529.1004638671875,82.390380859375,199.07122802734375,-1,-1,-1,-1
96,4,837.2188720703125,525.8380126953125,82.337646484375,198.80889892578125,-1,-1,-1,-1
97,4,821.8823852539062,514.0394897460938,83.88671875,201.59869384765625,-1,-1,-1,-1
98,4,804.308837890625,510.6820983886719,84.16400146484375,207.51321411132812,-1,-1,-1,-1
99,4,792.825439453125,505.1399230957031,81.04156494140625,211.16415405273438,-1,-1,-1,-1
100,4,784.8679809570312,510.63018798828125,79.25128173828125,219.51324462890625,-1,-1,-1,-1
101,4,768.830078125,517.9111328125,83.3016357421875,215.72601318359375,-1,-1,-1,-1
102,4,867.6648559570312,551.900634765625,46.0223388671875,141.7901611328125,-1,-1,-1,-1
104,4,883.6862182617188,587.3449096679688,31.96405029296875,82.4046630859375,-1,-1,-1,-1
105,4,863.0888061523438,560.413330078125,57.45977783203125,137.880615234375,-1,-1,-1,-1
106,4,830.9857788085938,538.0115966796875,81.81280517578125,166.419189453125,-1,-1,-1,-1
50,5,-0.9828147888183594,507.49615478515625,305.9966125488281,433.5355224609375,-1,-1,-1,-1
51,5,77.9168701171875,472.46002197265625,298.37799072265625,421.6290283203125,-1,-1,-1,-1
52,5,152.81668090820312,436.2555236816406,247.35568237304688,414.6099548339844,-1,-1,-1,-1
53,5,188.0875244140625,405.3060607910156,209.81387329101562,417.5119323730469,-1,-1,-1,-1
54,5,194.99412536621094,382.7187194824219,188.67759704589844,417.4342346191406,-1,-1,-1,-1
55,5,196.14315795898438,362.26531982421875,190.67703247070312,421.15936279296875,-1,-1,-1,-1
56,5,200.11459350585938,345.8415832519531,200.43130493164062,390.4498596191406,-1,-1,-1,-1
57,5,222.6075897216797,333.5310974121094,211.5716094970703,409.2481994628906,-1,-1,-1,-1
58,5,255.04933166503906,331.65008544921875,214.35923767089844,386.71319580078125,-1,-1,-1,-1
59,5,298.1959533691406,343.9558410644531,212.4044189453125,388.1610412597656,-1,-1,-1,-1
60,5,345.3315124511719,365.59893798828125,223.69760131835938,373.6385498046875,-1,-1,-1,-1
61,5,391.9087829589844,387.68988037109375,208.05307006835938,359.3604736328125,-1,-1,-1,-1
62,5,434.5278015136719,408.1860656738281,189.01144409179688,346.7295837402344,-1,-1,-1,-1
63,5,474.87506103515625,424.4590759277344,166.68695068359375,334.0653381347656,-1,-1,-1,-1
64,5,516.5055541992188,445.42962646484375,141.98614501953125,323.72711181640625,-1,-1,-1,-1
65,5,549.6257934570312,462.09808349609375,121.04132080078125,313.79351806640625,-1,-1,-1,-1
66,5,570.9419555664062,483.1377868652344,103.34796142578125,304.9587097167969,-1,-1,-1,-1
67,5,587.814453125,495.68133544921875,91.50885009765625,298.6087646484375,-1,-1,-1,-1
68,5,601.27001953125,508.8019104003906,87.7781982421875,290.7601013183594,-1,-1,-1,-1
69,5,604.7227172851562,522.3621826171875,85.03363037109375,288.1053466796875,-1,-1,-1,-1
70,5,606.404541015625,528.564453125,83.47784423828125,287.515625,-1,-1,-1,-1
71,5,614.61083984375,532.9832763671875,82.8233642578125,288.68585205078125,-1,-1,-1,-1
72,5,625.2508544921875,538.026123046875,88.07330322265625,290.50213623046875,-1,-1,-1,-1
73,5,640.4856567382812,540.3350830078125,91.91558837890625,293.22705078125,-1,-1,-1,-1
74,5,650.3472900390625,545.5259399414062,99.05914306640625,291.7220458984375,-1,-1,-1,-1
75,5,660.5028076171875,548.6497802734375,102.50177001953125,292.34869384765625,-1,-1,-1,-1
76,5,666.067626953125,544.2822265625,104.46856689453125,295.85675048828125,-1,-1,-1,-1
77,5,671.390380859375,536.5513916015625,108.70452880859375,302.33447265625,-1,-1,-1,-1
78,5,674.615478515625,535.1809692382812,108.80621337890625,307.3712158203125,-1,-1,-1,-1
79,5,676.2612915039062,541.627197265625,110.244873046875,312.61724853515625,-1,-1,-1,-1
80,5,672.5821533203125,545.5881958007812,112.13214111328125,318.8118896484375,-1,-1,-1,-1
81,5,672.7799072265625,542.8357543945312,110.4410400390625,324.8294677734375,-1,-1,-1,-1
82,5,674.7503662109375,545.8161010742188,111.72479248046875,332.71343994140625,-1,-1,-1,-1
83,5,674.7880859375,555.5870971679688,115.46673583984375,342.04046630859375,-1,-1,-1,-1
84,5,677.3574829101562,560.2322998046875,120.40313720703125,352.4932861328125,-1,-1,-1,-1
85,5,678.82958984375,552.3071899414062,126.047607421875,361.99151611328125,-1,-1,-1,-1
86,5,681.6073608398438,548.85986328125,131.43011474609375,367.5869140625,-1,-1,-1,-1
87,5,683.1557006835938,548.140380859375,154.0103759765625,376.40826416015625,-1,-1,-1,-1
88,5,688.1343383789062,556.196044921875,181.90533447265625,382.87432861328125,-1,-1,-1,-1
89,5,692.6641235351562,568.2020874023438,201.74359130859375,388.3614501953125,-1,-1,-1,-1
90,5,695.3143920898438,576.2242431640625,212.57647705078125,394.1912841796875,-1,-1,-1,-1
91,5,693.1552124023438,579.9163818359375,222.6220703125,398.89447021484375,-1,-1,-1,-1
92,5,685.81591796875,581.0886840820312,229.8089599609375,400.70257568359375,-1,-1,-1,-1
93,5,674.707763671875,576.7821655273438,236.3743896484375,407.406982421875,-1,-1,-1,-1
94,5,662.9866943359375,561.1141357421875,237.9815673828125,425.22540283203125,-1,-1,-1,-1
95,5,654.4633178710938,548.5501708984375,231.294189453125,434.96038818359375,-1,-1,-1,-1
96,5,661.6198120117188,530.79296875,209.2098388671875,449.9658203125,-1,-1,-1,-1
97,5,676.3807373046875,504.12628173828125,194.10089111328125,469.63934326171875,-1,-1,-1,-1
98,5,679.3001708984375,488.6108093261719,193.73931884765625,485.0444641113281,-1,-1,-1,-1
99,5,684.3214111328125,477.176513671875,191.910400390625,489.82843017578125,-1,-1,-1,-1
100,5,693.2455444335938,479.71844482421875,204.16162109375,502.13446044921875,-1,-1,-1,-1
101,5,703.054443359375,495.9173278808594,248.12701416015625,500.4385681152344,-1,-1,-1,-1
102,5,718.8631591796875,491.259521484375,283.98760986328125,503.292236328125,-1,-1,-1,-1
103,5,736.686767578125,505.67291259765625,302.6697998046875,499.76446533203125,-1,-1,-1,-1
104,5,761.3923950195312,539.5845947265625,296.61090087890625,497.546142578125,-1,-1,-1,-1
105,5,787.9569091796875,554.8054809570312,293.379638671875,505.83160400390625,-1,-1,-1,-1
106,5,796.4688110351562,536.511474609375,291.80767822265625,518.0792236328125,-1,-1,-1,-1
107,5,810.4451293945312,518.814697265625,310.36456298828125,554.831298828125,-1,-1,-1,-1
108,5,791.0950317382812,493.5822448730469,333.49420166015625,603.8575439453125,-1,-1,-1,-1
109,5,757.4742431640625,492.1556396484375,380.8255615234375,620.7413330078125,-1,-1,-1,-1
110,5,722.249267578125,502.61346435546875,406.843505859375,633.2217407226562,-1,-1,-1,-1
111,5,705.2193603515625,524.6339111328125,422.3114013671875,630.095703125,-1,-1,-1,-1
112,5,700.3846435546875,542.986572265625,408.3563232421875,615.29052734375,-1,-1,-1,-1
113,5,698.0559692382812,500.2837829589844,352.46466064453125,655.9739990234375,-1,-1,-1,-1
114,5,683.380615234375,496.970703125,299.86767578125,662.79150390625,-1,-1,-1,-1
115,5,673.9906005859375,571.3423461914062,254.0179443359375,601.3389282226562,-1,-1,-1,-1
116,5,672.6051025390625,579.193115234375,238.60626220703125,608.58154296875,-1,-1,-1,-1
117,5,680.4332275390625,585.9630737304688,216.22711181640625,607.1708374023438,-1,-1,-1,-1
118,5,685.737548828125,592.241455078125,208.8773193359375,599.041259765625,-1,-1,-1,-1
119,5,689.496337890625,602.81396484375,214.91387939453125,583.7557373046875,-1,-1,-1,-1
120,5,692.4833984375,629.7261962890625,238.7760009765625,564.0484619140625,-1,-1,-1,-1
121,5,700.43115234375,638.7227783203125,246.67584228515625,534.9183349609375,-1,-1,-1,-1
122,5,700.7955932617188,632.5657958984375,238.61907958984375,511.9342041015625,-1,-1,-1,-1
123,5,698.1644897460938,612.7836303710938,209.77044677734375,506.26397705078125,-1,-1,-1,-1
124,5,691.2550659179688,590.275634765625,188.07098388671875,495.9964599609375,-1,-1,-1,-1
125,5,687.2740478515625,580.2181396484375,175.907470703125,484.8155517578125,-1,-1,-1,-1
126,5,688.727294921875,583.125,160.55181884765625,470.7760009765625,-1,-1,-1,-1
127,5,684.51806640625,585.57568359375,154.3173828125,454.298828125,-1,-1,-1,-1
128,5,679.8148803710938,587.0548706054688,155.66473388671875,435.40234375,-1,-1,-1,-1
129,5,679.4381713867188,589.9755249023438,153.20166015625,433.3359375,-1,-1,-1,-1
130,5,665.8402709960938,596.7598876953125,176.3638916015625,440.9581298828125,-1,-1,-1,-1
131,5,662.0965576171875,592.360595703125,194.76873779296875,450.707275390625,-1,-1,-1,-1
132,5,648.092529296875,579.671630859375,219.9920654296875,457.685302734375,-1,-1,-1,-1
133,5,640.1570434570312,573.2600708007812,240.54388427734375,463.79302978515625,-1,-1,-1,-1
134,5,644.502197265625,568.388916015625,243.9722900390625,464.889892578125,-1,-1,-1,-1
135,5,651.3165893554688,558.4087524414062,241.799072265625,456.79608154296875,-1,-1,-1,-1
136,5,664.688232421875,553.6596069335938,226.9600830078125,455.2646484375,-1,-1,-1,-1
137,5,660.50048828125,536.5586547851562,220.9906005859375,468.11627197265625,-1,-1,-1,-1
138,5,646.8836669921875,524.9932250976562,213.26678466796875,481.90045166015625,-1,-1,-1,-1
139,5,634.3590087890625,514.3704833984375,209.5394287109375,484.7122802734375,-1,-1,-1,-1
140,5,631.1946411132812,507.0991516113281,194.15203857421875,487.3468933105469,-1,-1,-1,-1
141,5,629.3711547851562,501.60791015625,194.39898681640625,488.70709228515625,-1,-1,-1,-1
142,5,620.3858032226562,498.8622131347656,207.5794677734375,489.4675598144531,-1,-1,-1,-1
143,5,614.6666870117188,505.7417297363281,213.31011962890625,489.5894470214844,-1,-1,-1,-1
144,5,618.747802734375,512.6861572265625,208.24261474609375,486.203125,-1,-1,-1,-1
145,5,625.4342651367188,519.1218872070312,193.65789794921875,482.0897216796875,-1,-1,-1,-1
146,5,624.2070922851562,529.7297973632812,190.86767578125,475.0089111328125,-1,-1,-1,-1
147,5,628.8609619140625,540.9185180664062,186.3353271484375,469.01019287109375,-1,-1,-1,-1
148,5,629.2527465820312,542.1636962890625,189.67657470703125,462.304443359375,-1,-1,-1,-1
149,5,643.3893432617188,535.4694213867188,180.61407470703125,455.96484375,-1,-1,-1,-1
150,5,645.3951416015625,530.055908203125,180.85760498046875,448.8251953125,-1,-1,-1,-1
151,5,654.5554809570312,527.54931640625,173.923828125,437.92919921875,-1,-1,-1,-1
152,5,657.6824340820312,522.2456665039062,171.0609130859375,438.74517822265625,-1,-1,-1,-1
153,5,659.7347412109375,525.471923828125,169.83868408203125,455.2939453125,-1,-1,-1,-1
154,5,658.0904541015625,536.0067749023438,171.9609375,468.54583740234375,-1,-1,-1,-1
155,5,655.9854736328125,544.42236328125,179.15582275390625,475.834716796875,-1,-1,-1,-1
156,5,652.7548217773438,550.9918823242188,185.08477783203125,486.40875244140625,-1,-1,-1,-1
157,5,652.7918701171875,553.0078125,194.00201416015625,494.837646484375,-1,-1,-1,-1
158,5,654.3803100585938,547.670654296875,211.04071044921875,499.848876953125,-1,-1,-1,-1
159,5,653.268798828125,536.7473754882812,231.04949951171875,505.61102294921875,-1,-1,-1,-1
160,5,649.2691650390625,518.932861328125,259.076904296875,514.4775390625,-1,-1,-1,-1
161,5,647.5152587890625,501.29974365234375,284.81817626953125,521.5451049804688,-1,-1,-1,-1
162,5,648.2139892578125,478.14801025390625,306.75,529.5335693359375,-1,-1,-1,-1
163,5,650.0403442382812,460.81011962890625,323.46807861328125,534.7611694335938,-1,-1,-1,-1
164,5,647.562255859375,439.0801696777344,333.6357421875,552.280029296875,-1,-1,-1,-1
165,5,651.6614379882812,443.556640625,318.77117919921875,548.3416748046875,-1,-1,-1,-1
166,5,654.9596557617188,447.50506591796875,302.3590087890625,551.8036499023438,-1,-1,-1,-1
167,5,658.0291748046875,460.14886474609375,285.46575927734375,543.7814331054688,-1,-1,-1,-1
168,5,661.0576782226562,482.4020690917969,266.2774658203125,520.842529296875,-1,-1,-1,-1
169,5,665.0900268554688,489.1510009765625,248.6025390625,511.675537109375,-1,-1,-1,-1
170,5,686.8042602539062,493.0591125488281,227.5594482421875,503.6310119628906,-1,-1,-1,-1
171,5,688.9141845703125,487.8736267089844,226.68328857421875,491.1974182128906,-1,-1,-1,-1
172,5,683.0809326171875,480.58984375,235.3046875,473.928466796875,-1,-1,-1,-1
173,5,712.1578979492188,481.4505615234375,199.2769775390625,456.6661376953125,-1,-1,-1,-1
174,5,722.4100341796875,492.6137390136719,182.8929443359375,430.6839294433594,-1,-1,-1,-1
175,5,651.369384765625,480.302001953125,242.54010009765625,429.64715576171875,-1,-1,-1,-1
176,5,713.744140625,486.1671142578125,169.4835205078125,414.0914306640625,-1,-1,-1,-1
177,5,681.2864990234375,484.19207763671875,193.16424560546875,412.8966064453125,-1,-1,-1,-1
178,5,666.5724487304688,487.64019775390625,199.6661376953125,412.09197998046875,-1,-1,-1,-1
179,5,645.6192016601562,490.6109619140625,212.0875244140625,414.9283447265625,-1,-1,-1,-1
180,5,659.2837524414062,502.81640625,199.20916748046875,412.78497314453125,-1,-1,-1,-1
181,5,669.3492431640625,514.2953491210938,193.9544677734375,414.914306640625,-1,-1,-1,-1
182,5,671.7579956054688,518.2144165039062,198.36492919921875,421.41815185546875,-1,-1,-1,-1
183,5,681.0663452148438,521.3592529296875,197.70758056640625,424.6475830078125,-1,-1,-1,-1
184,5,688.8112182617188,525.6808471679688,190.71697998046875,432.72314453125,-1,-1,-1,-1
185,5,700.6805419921875,530.3477783203125,176.02783203125,440.663330078125,-1,-1,-1,-1
186,5,709.224853515625,533.6751098632812,163.16424560546875,452.400146484375,-1,-1,-1,-1
187,5,709.4243774414062,540.2974853515625,158.17498779296875,464.07330322265625,-1,-1,-1,-1
188,5,709.2891845703125,540.8495483398438,152.7169189453125,475.4931640625,-1,-1,-1,-1
189,5,707.6993408203125,544.1982421875,176.7119140625,484.58447265625,-1,-1,-1,-1
190,5,704.9697265625,549.9953002929688,212.135986328125,493.15679931640625,-1,-1,-1,-1
191,5,701.8303833007812,554.5527954101562,236.99407958984375,497.31085205078125,-1,-1,-1,-1
192,5,699.457763671875,555.5064697265625,244.2760009765625,500.0146484375,-1,-1,-1,-1
193,5,693.2549438476562,555.533935546875,251.62628173828125,502.4578857421875,-1,-1,-1,-1
194,5,689.8707885742188,552.296142578125,251.59588623046875,506.03759765625,-1,-1,-1,-1
195,5,684.6810913085938,546.1901245117188,248.05023193359375,510.69085693359375,-1,-1,-1,-1
196,5,681.1182861328125,536.5997314453125,246.3582763671875,518.8294677734375,-1,-1,-1,-1
197,5,683.7923583984375,525.015380859375,234.93695068359375,527.722900390625,-1,-1,-1,-1
198,5,695.3419189453125,513.6866455078125,213.49249267578125,531.6204833984375,-1,-1,-1,-1
199,5,702.9993286132812,504.41741943359375,197.54443359375,533.6100463867188,-1,-1,-1,-1
200,5,695.08056640625,498.3184814453125,193.19305419921875,533.2777099609375,-1,-1,-1,-1
201,5,689.7332763671875,501.87554931640625,202.5889892578125,523.47216796875,-1,-1,-1,-1
202,5,689.8345336914062,514.2704467773438,211.59356689453125,509.90911865234375,-1,-1,-1,-1
203,5,690.5485229492188,531.171630859375,235.23199462890625,484.46673583984375,-1,-1,-1,-1
204,5,689.4879760742188,548.1229248046875,203.030029296875,462.85919189453125,-1,-1,-1,-1
205,5,687.4117431640625,555.9033203125,198.5230712890625,451.66748046875,-1,-1,-1,-1
206,5,677.79541015625,556.2947998046875,199.3978271484375,452.008544921875,-1,-1,-1,-1
207,5,671.0338134765625,548.32470703125,212.1407470703125,472.101806640625,-1,-1,-1,-1
208,5,660.3677368164062,528.2446899414062,231.90380859375,502.59246826171875,-1,-1,-1,-1
209,5,649.16796875,505.6365051269531,254.7750244140625,524.6427001953125,-1,-1,-1,-1
210,5,642.8935546875,473.2064208984375,263.87237548828125,544.7639770507812,-1,-1,-1,-1
211,5,643.7903442382812,446.5059509277344,238.53863525390625,562.009033203125,-1,-1,-1,-1
212,5,642.5020141601562,423.6378173828125,218.03558349609375,579.1065673828125,-1,-1,-1,-1
213,5,635.9236450195312,407.31268310546875,215.87091064453125,602.6492309570312,-1,-1,-1,-1
214,5,637.855224609375,412.89642333984375,217.92620849609375,600.8157348632812,-1,-1,-1,-1
215,5,618.5582275390625,428.1817626953125,235.4093017578125,576.6840209960938,-1,-1,-1,-1
216,5,567.2931518554688,445.8471984863281,281.0057373046875,559.315673828125,-1,-1,-1,-1
217,5,530.94091796875,462.8113098144531,314.996826171875,550.237548828125,-1,-1,-1,-1
218,5,512.0179138183594,467.18231201171875,342.6593933105469,547.7755126953125,-1,-1,-1,-1
219,5,520.4254150390625,475.1324462890625,349.44580078125,532.7698364257812,-1,-1,-1,-1
220,5,536.3529663085938,492.1777648925781,348.8052978515625,520.128662109375,-1,-1,-1,-1
221,5,554.2894287109375,499.5167236328125,346.2811279296875,519.1264038085938,-1,-1,-1,-1
222,5,580.6553344726562,489.3296813964844,326.04412841796875,517.95751953125,-1,-1,-1,-1
223,5,605.4676513671875,468.0829772949219,298.01812744140625,529.1785888671875,-1,-1,-1,-1
224,5,619.6434326171875,452.3214111328125,271.81390380859375,548.9266357421875,-1,-1,-1,-1
225,5,621.539794921875,435.006103515625,243.09716796875,564.4032592773438,-1,-1,-1,-1
226,5,622.8146362304688,420.69775390625,220.2677001953125,574.7486572265625,-1,-1,-1,-1
227,5,632.0286865234375,416.3749694824219,205.406005859375,583.6048583984375,-1,-1,-1,-1
228,5,635.5455322265625,421.6053161621094,199.74359130859375,582.64501953125,-1,-1,-1,-1
229,5,640.6492919921875,438.7355041503906,195.9410400390625,559.855224609375,-1,-1,-1,-1
230,5,644.6774291992188,460.776123046875,196.06365966796875,534.6298828125,-1,-1,-1,-1
231,5,648.4981079101562,481.61993408203125,209.06610107421875,509.12054443359375,-1,-1,-1,-1
232,5,647.2708740234375,498.0593566894531,238.70843505859375,491.3772888183594,-1,-1,-1,-1
233,5,649.3760986328125,512.1053466796875,273.9830322265625,479.59100341796875,-1,-1,-1,-1
234,5,650.6928100585938,519.8309326171875,289.60943603515625,475.22998046875,-1,-1,-1,-1
235,5,642.6815185546875,519.8421020507812,287.26239013671875,475.42803955078125,-1,-1,-1,-1
236,5,628.6452026367188,521.181396484375,286.85498046875,478.186767578125,-1,-1,-1,-1
237,5,614.3778076171875,516.9254150390625,286.89190673828125,490.641845703125,-1,-1,-1,-1
238,5,629.4866333007812,503.0549011230469,260.362548828125,510.5605773925781,-1,-1,-1,-1
239,5,669.9345703125,480.8877258300781,214.82891845703125,527.18994140625,-1,-1,-1,-1
240,5,688.9324340820312,462.2451171875,203.51544189453125,532.7797241210938,-1,-1,-1,-1
241,5,698.5579223632812,445.9158935546875,207.5054931640625,542.418701171875,-1,-1,-1,-1
242,5,703.0340576171875,445.92437744140625,200.135009765625,532.9412231445312,-1,-1,-1,-1
243,5,699.0433959960938,448.9934997558594,228.47064208984375,517.146484375,-1,-1,-1,-1
244,5,699.3792114257812,455.8247985839844,254.84918212890625,494.2292785644531,-1,-1,-1,-1
245,5,701.0628051757812,464.8728332519531,266.41815185546875,474.7395935058594,-1,-1,-1,-1
246,5,703.4594116210938,479.31640625,266.900390625,458.10235595703125,-1,-1,-1,-1
247,5,709.6176147460938,496.78082275390625,247.21966552734375,440.250732421875,-1,-1,-1,-1
248,5,715.2876586914062,509.6619567871094,231.63275146484375,428.3746032714844,-1,-1,-1,-1
249,5,720.4544067382812,517.52490234375,211.36846923828125,420.89166259765625,-1,-1,-1,-1
250,5,720.6314697265625,521.3390502929688,195.357421875,413.7716064453125,-1,-1,-1,-1
251,5,718.1654052734375,523.8973388671875,185.49267578125,409.00921630859375,-1,-1,-1,-1
252,5,719.188720703125,526.0399169921875,180.062744140625,409.09356689453125,-1,-1,-1,-1
253,5,716.1553955078125,525.804443359375,181.29119873046875,413.72271728515625,-1,-1,-1,-1
254,5,707.135498046875,521.7120361328125,188.37884521484375,428.6910400390625,-1,-1,-1,-1
255,5,697.398193359375,518.6323852539062,193.73822021484375,451.31988525390625,-1,-1,-1,-1
256,5,690.5288696289062,517.7147216796875,200.8349609375,473.32763671875,-1,-1,-1,-1
257,5,687.2337036132812,513.2982788085938,208.69512939453125,491.8194580078125,-1,-1,-1,-1
258,5,688.4793701171875,504.6009216308594,206.8602294921875,497.6875915527344,-1,-1,-1,-1
259,5,689.9904174804688,491.9814147949219,202.280517578125,509.3882751464844,-1,-1,-1,-1
260,5,695.7254638671875,483.5237121582031,193.9560546875,513.4266357421875,-1,-1,-1,-1
261,5,697.9254760742188,471.0686340332031,219.72686767578125,522.0247802734375,-1,-1,-1,-1
262,5,697.0311279296875,455.39788818359375,178.66119384765625,527.6293334960938,-1,-1,-1,-1
263,5,634.5604248046875,437.76190185546875,224.2119140625,539.1834106445312,-1,-1,-1,-1
264,5,681.055908203125,444.888916015625,174.6881103515625,526.9306030273438,-1,-1,-1,-1
265,5,683.7041015625,452.2532958984375,180.86737060546875,521.0903930664062,-1,-1,-1,-1
266,5,677.5415649414062,464.8873596191406,193.7227783203125,520.566650390625,-1,-1,-1,-1
267,5,632.7186279296875,481.95892333984375,241.4769287109375,514.284423828125,-1,-1,-1,-1
268,5,585.624755859375,490.5732727050781,298.8992919921875,511.6062316894531,-1,-1,-1,-1
269,5,568.8663940429688,496.153564453125,326.41021728515625,523.6084594726562,-1,-1,-1,-1
270,5,577.0269775390625,501.5022277832031,329.5152587890625,515.785888671875,-1,-1,-1,-1
271,5,589.2825317382812,501.0065002441406,327.6363525390625,505.0736389160156,-1,-1,-1,-1
272,5,607.1680297851562,499.209228515625,318.659423828125,498.0782470703125,-1,-1,-1,-1
273,5,629.3740234375,495.38751220703125,296.98248291015625,492.108642578125,-1,-1,-1,-1
274,5,646.7122192382812,488.4285888671875,260.8978271484375,485.571533203125,-1,-1,-1,-1
275,5,653.2050170898438,485.80181884765625,240.33245849609375,486.158447265625,-1,-1,-1,-1
276,5,656.1602783203125,474.977783203125,211.34027099609375,485.81890869140625,-1,-1,-1,-1
277,5,645.5172729492188,475.02947998046875,202.64892578125,485.2967529296875,-1,-1,-1,-1
278,5,646.4652099609375,486.73712158203125,202.3922119140625,479.5836181640625,-1,-1,-1,-1
279,5,642.6929931640625,494.3456115722656,215.97161865234375,469.6663513183594,-1,-1,-1,-1
280,5,635.9863891601562,495.11865234375,269.17822265625,461.537841796875,-1,-1,-1,-1
281,5,635.5823364257812,497.2332458496094,315.18560791015625,457.0010070800781,-1,-1,-1,-1
282,5,657.089111328125,496.6667175292969,247.20556640625,478.2673034667969,-1,-1,-1,-1
283,5,680.3158569335938,487.1658020019531,278.45428466796875,504.2266540527344,-1,-1,-1,-1
284,5,674.0301513671875,475.1480712890625,268.7347412109375,457.48590087890625,-1,-1,-1,-1
285,5,661.0928955078125,467.6895446777344,271.2027587890625,520.15966796875,-1,-1,-1,-1
286,5,643.9036254882812,488.837890625,266.0302734375,497.88092041015625,-1,-1,-1,-1
287,5,635.1370239257812,513.2788696289062,290.32366943359375,536.0368041992188,-1,-1,-1,-1
288,5,645.018798828125,505.5751037597656,329.86907958984375,642.8463134765625,-1,-1,-1,-1
289,5,665.3382568359375,499.0435791015625,353.87030029296875,744.8182373046875,-1,-1,-1,-1
290,5,687.4798583984375,439.0809631347656,325.97918701171875,856.7901611328125,-1,-1,-1,-1
291,5,694.3917236328125,399.94842529296875,267.815185546875,863.3831176757812,-1,-1,-1,-1
292,5,751.6287841796875,452.2566833496094,258.7489013671875,645.2978515625,-1,-1,-1,-1
293,5,851.8936767578125,472.05914306640625,335.255615234375,864.6148071289062,-1,-1,-1,-1
294,5,914.2149047851562,499.8984375,373.62518310546875,818.1239013671875,-1,-1,-1,-1
295,5,542.6278686523438,761.1383056640625,396.1485595703125,651.6497802734375,-1,-1,-1,-1
104,6,776.0728149414062,545.044921875,85.18536376953125,211.1348876953125,-1,-1,-1,-1
105,6,785.0609130859375,554.2501831054688,87.95867919921875,209.66448974609375,-1,-1,-1,-1
106,6,777.3966064453125,532.134765625,92.3438720703125,214.765869140625,-1,-1,-1,-1
107,6,770.2435913085938,529.704345703125,83.82177734375,216.07684326171875,-1,-1,-1,-1
108,6,759.2835693359375,525.6422119140625,84.5062255859375,219.29168701171875,-1,-1,-1,-1
109,6,746.6864013671875,540.378173828125,91.9415283203125,223.966064453125,-1,-1,-1,-1
110,6,748.46044921875,554.044921875,92.77825927734375,219.16455078125,-1,-1,-1,-1
111,6,754.1412353515625,562.690673828125,101.73583984375,214.84332275390625,-1,-1,-1,-1
112,6,702.3560180664062,569.4774169921875,181.39208984375,212.763427734375,-1,-1,-1,-1
113,6,700.1365356445312,527.9807739257812,199.15777587890625,325.57330322265625,-1,-1,-1,-1
114,6,691.39453125,501.2909851074219,182.541748046875,406.4914245605469,-1,-1,-1,-1
115,6,683.196044921875,542.9767456054688,154.20489501953125,325.4422607421875,-1,-1,-1,-1
116,6,741.219970703125,586.6192626953125,127.65673828125,256.1605224609375,-1,-1,-1,-1
117,6,788.7772216796875,604.15673828125,89.404541015625,225.44708251953125,-1,-1,-1,-1
118,6,801.0177612304688,606.2064208984375,86.97796630859375,227.46649169921875,-1,-1,-1,-1
119,6,811.9599609375,602.3685913085938,88.8966064453125,220.5462646484375,-1,-1,-1,-1
120,6,825.3082885742188,610.1474609375,90.3167724609375,217.46484375,-1,-1,-1,-1
121,6,844.36279296875,608.7675170898438,89.0618896484375,219.4658203125,-1,-1,-1,-1
122,6,866.3033447265625,602.7579345703125,83.53338623046875,221.9808349609375,-1,-1,-1,-1
123,6,882.5875244140625,596.2030029296875,82.8201904296875,222.3780517578125,-1,-1,-1,-1
124,6,891.5447387695312,586.5599975585938,85.48193359375,222.87420654296875,-1,-1,-1,-1
125,6,898.1580200195312,583.0277709960938,85.49420166015625,223.86309814453125,-1,-1,-1,-1
126,6,912.5701293945312,593.430908203125,85.68048095703125,224.3382568359375,-1,-1,-1,-1
127,6,919.183837890625,596.130615234375,87.0498046875,226.8365478515625,-1,-1,-1,-1
128,6,924.285400390625,593.2337036132812,88.4512939453125,228.14813232421875,-1,-1,-1,-1
129,6,935.7788696289062,596.0496215820312,92.56488037109375,230.6016845703125,-1,-1,-1,-1
130,6,949.9239501953125,605.2278442382812,95.099853515625,232.3302001953125,-1,-1,-1,-1
131,6,971.2926025390625,605.7430419921875,98.2296142578125,237.164306640625,-1,-1,-1,-1
132,6,989.9278564453125,598.4688110351562,105.322265625,242.19903564453125,-1,-1,-1,-1
133,6,1005.0760498046875,591.7301025390625,110.96826171875,245.97576904296875,-1,-1,-1,-1
134,6,1023.055419921875,587.7196655273438,117.1763916015625,251.89202880859375,-1,-1,-1,-1
135,6,1032.7586669921875,570.6873779296875,123.0235595703125,256.655517578125,-1,-1,-1,-1
136,6,1050.701171875,556.60107421875,122.419921875,259.80487060546875,-1,-1,-1,-1
137,6,1071.0382080078125,538.5746459960938,128.15673828125,264.60357666015625,-1,-1,-1,-1
138,6,1081.899169921875,528.6423950195312,130.7652587890625,267.80096435546875,-1,-1,-1,-1
139,6,1092.246826171875,525.3011474609375,134.634521484375,271.97247314453125,-1,-1,-1,-1
140,6,1103.8853759765625,522.7384033203125,136.036865234375,274.42962646484375,-1,-1,-1,-1
141,6,1113.230224609375,515.9190063476562,137.29541015625,276.41510009765625,-1,-1,-1,-1
142,6,1117.3438720703125,512.3358764648438,139.435546875,277.72845458984375,-1,-1,-1,-1
143,6,1117.78369140625,514.79443359375,140.0963134765625,277.36505126953125,-1,-1,-1,-1
144,6,1127.333740234375,510.95916748046875,134.0975341796875,277.76300048828125,-1,-1,-1,-1
145,6,1133.2335205078125,513.2962036132812,137.557861328125,276.87939453125,-1,-1,-1,-1
146,6,1138.840087890625,520.5117797851562,134.1478271484375,274.40093994140625,-1,-1,-1,-1
147,6,1140.6248779296875,530.0035400390625,134.0841064453125,272.4599609375,-1,-1,-1,-1
148,6,1142.379638671875,534.0660400390625,132.65966796875,271.7923583984375,-1,-1,-1,-1
149,6,1145.6529541015625,529.5425415039062,131.841064453125,273.284423828125,-1,-1,-1,-1
150,6,1144.5537109375,524.68603515625,131.1878662109375,268.19476318359375,-1,-1,-1,-1
151,6,1146.5081787109375,522.8419189453125,130.04736328125,266.1619873046875,-1,-1,-1,-1
152,6,1143.71728515625,520.0418701171875,131.5255126953125,261.242919921875,-1,-1,-1,-1
153,6,1142.3516845703125,523.3921508789062,133.383544921875,260.71771240234375,-1,-1,-1,-1
154,6,1139.8021240234375,532.3246459960938,132.911865234375,258.54351806640625,-1,-1,-1,-1
155,6,1143.1444091796875,538.619873046875,133.00830078125,259.17755126953125,-1,-1,-1,-1
156,6,1146.3302001953125,541.8160400390625,135.3450927734375,259.6142578125,-1,-1,-1,-1
157,6,1155.54248046875,539.3924560546875,132.719970703125,261.4049072265625,-1,-1,-1,-1
158,6,1165.1038818359375,536.0733642578125,135.256103515625,262.13909912109375,-1,-1,-1,-1
159,6,1174.0330810546875,532.01953125,139.946044921875,265.009521484375,-1,-1,-1,-1
160,6,1181.1787109375,518.9298706054688,137.369384765625,263.3663330078125,-1,-1,-1,-1
161,6,1186.24462890625,507.1120910644531,138.6087646484375,267.0046081542969,-1,-1,-1,-1
162,6,1192.083740234375,495.47259521484375,136.07080078125,268.7171630859375,-1,-1,-1,-1
163,6,1191.6051025390625,487.72161865234375,139.3297119140625,269.049560546875,-1,-1,-1,-1
164,6,1187.5892333984375,485.9742736816406,136.3543701171875,266.8562927246094,-1,-1,-1,-1
165,6,1179.7677001953125,491.5754699707031,134.4556884765625,264.1436462402344,-1,-1,-1,-1
166,6,1172.126953125,500.68145751953125,131.124267578125,260.74859619140625,-1,-1,-1,-1
167,6,1167.096435546875,509.7984313964844,128.7152099609375,258.2290344238281,-1,-1,-1,-1
168,6,1156.28076171875,518.9744873046875,122.02734375,251.886474609375,-1,-1,-1,-1
169,6,1134.06298828125,520.3269653320312,119.62109375,246.3507080078125,-1,-1,-1,-1
170,6,1118.548583984375,525.3927612304688,117.791259765625,241.9530029296875,-1,-1,-1,-1
171,6,1114.0318603515625,520.8204345703125,115.7823486328125,238.85809326171875,-1,-1,-1,-1
172,6,1104.6776123046875,513.051025390625,116.95751953125,238.3548583984375,-1,-1,-1,-1
173,6,1089.0941162109375,509.89544677734375,117.0843505859375,234.43707275390625,-1,-1,-1,-1
174,6,1074.40234375,507.9111633300781,116.80615234375,229.90200805664062,-1,-1,-1,-1
175,6,1057.1099853515625,504.35504150390625,118.44970703125,226.03912353515625,-1,-1,-1,-1
176,6,1044.194580078125,498.7569274902344,117.0025634765625,224.06985473632812,-1,-1,-1,-1
177,6,1023.9189453125,492.4410705566406,114.8570556640625,222.31210327148438,-1,-1,-1,-1
178,6,1004.1043090820312,489.6888732910156,113.93463134765625,219.04629516601562,-1,-1,-1,-1
179,6,991.873291015625,492.9341125488281,112.4962158203125,219.82223510742188,-1,-1,-1,-1
180,6,987.808837890625,497.7548828125,105.06494140625,219.34130859375,-1,-1,-1,-1
181,6,976.5794677734375,503.9738464355469,103.8829345703125,216.53311157226562,-1,-1,-1,-1
182,6,971.4583740234375,506.87939453125,104.8724365234375,217.4796142578125,-1,-1,-1,-1
183,6,966.9796142578125,509.3857421875,102.3099365234375,216.82147216796875,-1,-1,-1,-1
184,6,961.384765625,516.765380859375,99.42041015625,217.00006103515625,-1,-1,-1,-1
185,6,965.0526123046875,525.2769775390625,91.956298828125,218.24261474609375,-1,-1,-1,-1
186,6,950.2195434570312,535.1806030273438,97.81292724609375,217.3541259765625,-1,-1,-1,-1
187,6,947.9483642578125,546.1473999023438,94.3599853515625,216.37579345703125,-1,-1,-1,-1
188,6,937.2622680664062,550.6363525390625,95.87835693359375,217.71551513671875,-1,-1,-1,-1
189,6,932.260009765625,553.48828125,91.901123046875,217.7681884765625,-1,-1,-1,-1
190,6,919.548095703125,559.170166015625,94.13323974609375,218.6556396484375,-1,-1,-1,-1
191,6,906.9817504882812,562.0326538085938,95.53863525390625,217.825927734375,-1,-1,-1,-1
192,6,894.4608154296875,558.5371704101562,95.29559326171875,218.0343017578125,-1,-1,-1,-1
193,6,891.0379028320312,557.4600830078125,84.93841552734375,218.2200927734375,-1,-1,-1,-1
194,6,875.1605224609375,554.0265502929688,91.47540283203125,217.171630859375,-1,-1,-1,-1
195,6,846.4070434570312,550.6721801757812,114.1649169921875,216.273681640625,-1,-1,-1,-1
196,6,860.5242919921875,547.26953125,86.000732421875,217.16192626953125,-1,-1,-1,-1
197,6,848.9950561523438,542.2919921875,84.00543212890625,217.56549072265625,-1,-1,-1,-1
198,6,835.33154296875,540.6921997070312,84.05035400390625,215.67425537109375,-1,-1,-1,-1
199,6,827.1900634765625,539.4644165039062,78.49041748046875,215.62371826171875,-1,-1,-1,-1
200,6,816.9498901367188,539.8272094726562,74.84124755859375,214.46917724609375,-1,-1,-1,-1
201,6,803.3497314453125,540.7728881835938,76.01287841796875,212.75543212890625,-1,-1,-1,-1
202,6,796.477783203125,543.0836791992188,78.12371826171875,210.38018798828125,-1,-1,-1,-1
203,6,791.213134765625,543.1887817382812,75.8126220703125,211.80401611328125,-1,-1,-1,-1
204,6,780.5117797851562,544.0133056640625,78.32464599609375,214.04425048828125,-1,-1,-1,-1
205,6,777.1550903320312,544.4219360351562,73.480224609375,207.23590087890625,-1,-1,-1,-1
206,6,773.0945434570312,543.7033081054688,74.4259033203125,206.98992919921875,-1,-1,-1,-1
207,6,775.3214111328125,543.0748901367188,73.614990234375,208.82879638671875,-1,-1,-1,-1
208,6,788.1812133789062,540.7776489257812,72.67388916015625,205.8338623046875,-1,-1,-1,-1
209,6,799.2577514648438,537.1693725585938,76.155029296875,206.58428955078125,-1,-1,-1,-1
210,6,809.6644897460938,527.5155029296875,81.93365478515625,209.05340576171875,-1,-1,-1,-1
211,6,833.3067016601562,520.6710205078125,87.31951904296875,209.8302001953125,-1,-1,-1,-1
212,6,860.79443359375,513.9031372070312,84.3768310546875,211.81610107421875,-1,-1,-1,-1
213,6,864.7092895507812,501.51025390625,87.62567138671875,213.62774658203125,-1,-1,-1,-1
214,6,878.3311767578125,497.10174560546875,91.37335205078125,213.577880859375,-1,-1,-1,-1
215,6,896.5674438476562,495.4046630859375,90.2415771484375,214.04052734375,-1,-1,-1,-1
216,6,906.0892333984375,495.688232421875,91.4129638671875,213.889404296875,-1,-1,-1,-1
217,6,921.1534423828125,496.2980041503906,86.0557861328125,213.68148803710938,-1,-1,-1,-1
218,6,935.5043334960938,492.494873046875,91.44708251953125,215.548828125,-1,-1,-1,-1
219,6,951.5191650390625,492.6494445800781,95.3701171875,215.98056030273438,-1,-1,-1,-1
220,6,980.489013671875,500.562744140625,85.9835205078125,216.78057861328125,-1,-1,-1,-1
221,6,992.979248046875,505.2392578125,99.180908203125,219.5726318359375,-1,-1,-1,-1
222,6,1019.0045166015625,499.628173828125,101.7547607421875,222.8297119140625,-1,-1,-1,-1
223,6,1046.7298583984375,493.4016418457031,107.279052734375,225.64053344726562,-1,-1,-1,-1
224,6,1063.913818359375,496.00164794921875,107.9248046875,227.76568603515625,-1,-1,-1,-1
225,6,1068.27294921875,496.2436218261719,103.93994140625,227.47030639648438,-1,-1,-1,-1
226,6,1065.0546875,494.0147399902344,102.8148193359375,225.73104858398438,-1,-1,-1,-1
227,6,1064.44140625,490.75933837890625,99.969482421875,224.34466552734375,-1,-1,-1,-1
228,6,1060.724609375,487.5595397949219,99.99853515625,223.71353149414062,-1,-1,-1,-1
229,6,1062.39111328125,489.6070861816406,95.9569091796875,221.13937377929688,-1,-1,-1,-1
230,6,1058.660888671875,491.9423828125,96.66455078125,221.595458984375,-1,-1,-1,-1
231,6,1048.973876953125,493.0176086425781,97.0394287109375,218.07571411132812,-1,-1,-1,-1
232,6,1053.3006591796875,497.0103454589844,81.8050537109375,215.62063598632812,-1,-1,-1,-1
233,6,1039.631591796875,503.0914001464844,86.2357177734375,213.81393432617188,-1,-1,-1,-1
234,6,1016.97998046875,506.7824401855469,96.0029296875,211.17727661132812,-1,-1,-1,-1
235,6,1004.3050537109375,511.15478515625,92.8955078125,208.69390869140625,-1,-1,-1,-1
236,6,992.0673217773438,519.9490356445312,84.67291259765625,206.10595703125,-1,-1,-1,-1
237,6,977.7748413085938,527.834228515625,82.03326416015625,205.26824951171875,-1,-1,-1,-1
238,6,962.0975341796875,530.761962890625,84.7371826171875,203.23193359375,-1,-1,-1,-1
239,6,950.957763671875,528.2379150390625,80.2567138671875,203.44378662109375,-1,-1,-1,-1
240,6,939.0755615234375,525.50048828125,86.08966064453125,202.53839111328125,-1,-1,-1,-1
241,6,935.8086547851562,526.8350219726562,81.27349853515625,201.68255615234375,-1,-1,-1,-1
242,6,923.3640747070312,525.1943969726562,79.259521484375,200.93890380859375,-1,-1,-1,-1
243,6,898.3668212890625,521.4896850585938,83.99346923828125,197.87359619140625,-1,-1,-1,-1
244,6,876.3858642578125,514.168701171875,85.687255859375,197.11737060546875,-1,-1,-1,-1
245,6,869.5142822265625,510.75494384765625,75.67108154296875,195.68255615234375,-1,-1,-1,-1
246,6,851.6765747070312,514.5916137695312,79.34747314453125,192.4158935546875,-1,-1,-1,-1
247,6,845.4605712890625,522.1007690429688,73.39324951171875,189.5709228515625,-1,-1,-1,-1
248,6,833.6326904296875,529.5966796875,72.665771484375,190.51727294921875,-1,-1,-1,-1
249,6,822.962646484375,534.47314453125,72.7413330078125,191.51422119140625,-1,-1,-1,-1
250,6,815.6163940429688,536.3464965820312,66.469970703125,183.50897216796875,-1,-1,-1,-1
251,6,804.3406982421875,536.5690307617188,65.202880859375,178.5869140625,-1,-1,-1,-1
252,6,805.4130249023438,539.0204467773438,54.89404296875,153.0382080078125,-1,-1,-1,-1
253,6,779.728515625,533.8919677734375,73.07574462890625,187.199951171875,-1,-1,-1,-1
254,6,768.3922729492188,526.4533081054688,81.757568359375,215.1138916015625,-1,-1,-1,-1
255,6,761.3046875,523.7980346679688,81.833740234375,222.79107666015625,-1,-1,-1,-1
256,6,751.5965576171875,524.1883544921875,95.46563720703125,216.703369140625,-1,-1,-1,-1
257,6,738.442626953125,518.4534912109375,107.84161376953125,224.3795166015625,-1,-1,-1,-1
258,6,727.483642578125,508.281982421875,111.26824951171875,257.79644775390625,-1,-1,-1,-1
259,6,731.3795166015625,494.6609191894531,105.61700439453125,266.7654724121094,-1,-1,-1,-1
260,6,729.7911376953125,486.8858337402344,110.25054931640625,289.5569763183594,-1,-1,-1,-1
261,6,716.2241821289062,474.1005859375,131.70538330078125,289.57598876953125,-1,-1,-1,-1
262,6,708.6478271484375,465.89471435546875,152.23907470703125,375.21783447265625,-1,-1,-1,-1
263,6,644.2904663085938,458.2123107910156,194.00469970703125,403.5807800292969,-1,-1,-1,-1
264,6,684.000732421875,463.1224365234375,157.9971923828125,415.27886962890625,-1,-1,-1,-1
265,6,694.5519409179688,457.70562744140625,151.008056640625,404.27764892578125,-1,-1,-1,-1
266,6,682.5519409179688,470.06353759765625,164.38818359375,393.09149169921875,-1,-1,-1,-1
267,6,691.3177490234375,487.1663513183594,137.759033203125,292.5620422363281,-1,-1,-1,-1
268,6,747.704833984375,498.8548583984375,81.4429931640625,206.41119384765625,-1,-1,-1,-1
269,6,769.350341796875,500.03790283203125,65.82586669921875,165.65118408203125,-1,-1,-1,-1
270,6,781.27392578125,500.2064514160156,66.02630615234375,174.20553588867188,-1,-1,-1,-1
271,6,790.4714965820312,497.52783203125,66.58941650390625,176.7689208984375,-1,-1,-1,-1
272,6,803.2545776367188,496.3880615234375,66.72491455078125,174.98199462890625,-1,-1,-1,-1
273,6,823.0111694335938,496.87255859375,67.17388916015625,174.0313720703125,-1,-1,-1,-1
274,6,846.8609008789062,495.4181213378906,67.23333740234375,175.08505249023438,-1,-1,-1,-1
275,6,863.3237915039062,496.562744140625,68.0450439453125,175.56365966796875,-1,-1,-1,-1
276,6,876.013427734375,490.7973327636719,68.02691650390625,176.80697631835938,-1,-1,-1,-1
277,6,875.188232421875,490.459716796875,67.69586181640625,176.86700439453125,-1,-1,-1,-1
278,6,881.6914672851562,497.1939697265625,69.67547607421875,177.5093994140625,-1,-1,-1,-1
279,6,891.853271484375,502.1185302734375,68.537353515625,176.192626953125,-1,-1,-1,-1
280,6,893.8490600585938,496.6612854003906,73.681640625,176.70480346679688,-1,-1,-1,-1
281,6,901.8768310546875,496.02996826171875,72.7430419921875,176.71661376953125,-1,-1,-1,-1
282,6,909.0892333984375,496.8953857421875,74.9649658203125,176.804443359375,-1,-1,-1,-1
283,6,913.5533447265625,491.7756652832031,73.860595703125,179.42037963867188,-1,-1,-1,-1
284,6,922.7682495117188,488.46099853515625,71.61358642578125,179.52239990234375,-1,-1,-1,-1
285,6,909.045654296875,485.1875305175781,83.03961181640625,180.98434448242188,-1,-1,-1,-1
286,6,899.843994140625,490.6046142578125,74.6453857421875,177.658203125,-1,-1,-1,-1
287,6,904.1688232421875,502.6297302246094,71.60906982421875,175.76724243164062,-1,-1,-1,-1
288,6,915.1402587890625,503.9708251953125,74.39617919921875,175.50482177734375,-1,-1,-1,-1
289,6,940.3613891601562,500.5361328125,78.90472412109375,175.26336669921875,-1,-1,-1,-1
290,6,944.1864013671875,451.29705810546875,71.3524169921875,177.73699951171875,-1,-1,-1,-1
291,6,979.8655395507812,392.44580078125,80.21307373046875,181.91717529296875,-1,-1,-1,-1
292,6,1016.97216796875,385.12139892578125,98.9307861328125,183.8914794921875,-1,-1,-1,-1
293,6,1179.6331787109375,370.56927490234375,79.3355712890625,195.38311767578125,-1,-1,-1,-1
294,6,1169.402099609375,343.4763488769531,143.7889404296875,202.22329711914062,-1,-1,-1,-1
105,7,475.99896240234375,596.529052734375,60.21429443359375,107.12530517578125,-1,-1,-1,-1
106,7,461.69659423828125,579.0728759765625,53.5870361328125,104.94842529296875,-1,-1,-1,-1
107,7,450.8257141113281,591.7069091796875,54.4713134765625,111.5076904296875,-1,-1,-1,-1
108,7,435.0192565917969,588.745361328125,52.400604248046875,114.346923828125,-1,-1,-1,-1
109,7,422.74383544921875,606.3153686523438,64.17654418945312,117.89404296875,-1,-1,-1,-1
110,7,424.1012268066406,616.3643798828125,58.332672119140625,114.9337158203125,-1,-1,-1,-1
111,7,436.7544860839844,613.99658203125,50.696197509765625,115.09600830078125,-1,-1,-1,-1
112,7,438.6125793457031,607.6536865234375,55.4427490234375,112.88897705078125,-1,-1,-1,-1
113,7,437.6033630371094,600.4356079101562,62.085784912109375,120.08319091796875,-1,-1,-1,-1
114,7,439.59344482421875,601.420166015625,68.659912109375,126.14874267578125,-1,-1,-1,-1
115,7,448.68988037109375,614.1480102539062,50.5111083984375,116.95074462890625,-1,-1,-1,-1
116,7,457.9613342285156,634.1382446289062,52.626434326171875,112.0836181640625,-1,-1,-1,-1
117,7,471.33807373046875,649.428466796875,49.81781005859375,110.75262451171875,-1,-1,-1,-1
118,7,477.73248291015625,656.119384765625,49.0108642578125,109.53985595703125,-1,-1,-1,-1
119,7,490.730712890625,651.6373291015625,47.45599365234375,110.93389892578125,-1,-1,-1,-1
120,7,502.45166015625,663.8629760742188,48.7701416015625,112.6241455078125,-1,-1,-1,-1
121,7,524.493408203125,657.2760009765625,44.48614501953125,105.75091552734375,-1,-1,-1,-1
122,7,545.0283203125,641.1071166992188,45.21368408203125,102.27325439453125,-1,-1,-1,-1
123,7,558.3070068359375,625.9169311523438,47.1072998046875,104.95367431640625,-1,-1,-1,-1
124,7,568.3452758789062,616.685302734375,42.82171630859375,95.7470703125,-1,-1,-1,-1
125,7,574.8997802734375,620.3925170898438,46.3157958984375,100.6322021484375,-1,-1,-1,-1
126,7,585.9052124023438,625.77783203125,47.61273193359375,102.20849609375,-1,-1,-1,-1
127,7,591.984130859375,624.2161254882812,47.1387939453125,112.09234619140625,-1,-1,-1,-1
128,7,596.6751098632812,621.9915771484375,47.1356201171875,104.808837890625,-1,-1,-1,-1
129,7,609.2659912109375,620.2122802734375,42.77178955078125,104.8812255859375,-1,-1,-1,-1
130,7,622.05126953125,627.3840942382812,42.7186279296875,102.65960693359375,-1,-1,-1,-1
131,7,636.8162841796875,627.5829467773438,49.46661376953125,103.94793701171875,-1,-1,-1,-1
132,7,653.418701171875,617.3258666992188,46.592529296875,106.3233642578125,-1,-1,-1,-1
133,7,667.2681884765625,613.8171997070312,52.57159423828125,116.27691650390625,-1,-1,-1,-1
134,7,683.633056640625,603.8853759765625,56.04095458984375,113.17413330078125,-1,-1,-1,-1
135,7,689.100830078125,572.8377075195312,86.61572265625,173.61669921875,-1,-1,-1,-1
140,7,659.2560424804688,514.1043090820312,156.7347412109375,337.85205078125,-1,-1,-1,-1
141,7,675.15771484375,517.4765014648438,141.78643798828125,319.127197265625,-1,-1,-1,-1
142,7,699.474853515625,536.4883422851562,115.82373046875,246.00543212890625,-1,-1,-1,-1
143,7,741.2879638671875,551.5474243164062,64.1304931640625,161.199951171875,-1,-1,-1,-1
144,7,758.810302734375,552.1565551757812,49.4951171875,107.48712158203125,-1,-1,-1,-1
145,7,768.5213012695312,555.3883666992188,51.1561279296875,102.60699462890625,-1,-1,-1,-1
146,7,773.2498779296875,562.7471923828125,44.9986572265625,93.73663330078125,-1,-1,-1,-1
147,7,775.1807250976562,573.0684814453125,44.54046630859375,96.97613525390625,-1,-1,-1,-1
148,7,783.1173706054688,574.7429809570312,42.027587890625,86.3094482421875,-1,-1,-1,-1
149,7,785.4255981445312,570.706298828125,45.89495849609375,98.60784912109375,-1,-1,-1,-1
150,7,790.6808471679688,565.5616455078125,42.794677734375,104.636962890625,-1,-1,-1,-1
151,7,791.417724609375,561.3536987304688,44.198486328125,103.94683837890625,-1,-1,-1,-1
152,7,793.5277709960938,554.835205078125,47.108154296875,111.222412109375,-1,-1,-1,-1
153,7,796.4580688476562,554.0037231445312,43.87457275390625,113.89288330078125,-1,-1,-1,-1
154,7,795.7056884765625,558.7770385742188,44.234130859375,110.5087890625,-1,-1,-1,-1
155,7,800.1033325195312,560.8778076171875,45.60491943359375,116.200439453125,-1,-1,-1,-1
156,7,804.135009765625,560.802734375,41.98968505859375,113.36663818359375,-1,-1,-1,-1
157,7,806.7455444335938,558.8665161132812,43.7650146484375,107.47027587890625,-1,-1,-1,-1
158,7,815.2098388671875,552.8062133789062,48.7213134765625,115.58306884765625,-1,-1,-1,-1
159,7,827.2188720703125,550.711669921875,42.68896484375,93.2056884765625,-1,-1,-1,-1
160,7,829.0283203125,542.7039184570312,46.67138671875,86.96807861328125,-1,-1,-1,-1
161,7,829.7365112304688,534.659423828125,55.72943115234375,89.4927978515625,-1,-1,-1,-1
162,7,830.6786499023438,524.094482421875,101.9591064453125,117.04632568359375,-1,-1,-1,-1
164,7,796.35791015625,481.34381103515625,172.827880859375,209.6094970703125,-1,-1,-1,-1
115,8,752.0458374023438,578.2234497070312,100.4610595703125,244.1951904296875,-1,-1,-1,-1
116,8,760.1910400390625,589.6441650390625,104.05230712890625,240.3743896484375,-1,-1,-1,-1
282,9,617.7257690429688,527.150390625,35.2320556640625,81.87445068359375,-1,-1,-1,-1
283,9,621.6585693359375,520.44189453125,40.44384765625,98.22564697265625,-1,-1,-1,-1
284,9,626.1505126953125,515.3850708007812,36.56817626953125,92.32037353515625,-1,-1,-1,-1
285,9,625.5457763671875,509.6164245605469,34.29364013671875,85.70126342773438,-1,-1,-1,-1
286,9,613.8394775390625,518.421142578125,37.3985595703125,90.9334716796875,-1,-1,-1,-1
287,9,616.8941040039062,537.6774291992188,37.64208984375,87.17510986328125,-1,-1,-1,-1
288,9,630.3428955078125,543.3963012695312,37.97930908203125,83.83038330078125,-1,-1,-1,-1
289,9,648.0770874023438,541.2303466796875,42.03875732421875,90.546875,-1,-1,-1,-1
290,9,656.3264770507812,492.0516662597656,38.0020751953125,91.55068969726562,-1,-1,-1,-1
291,9,689.4827880859375,412.8980712890625,40.6312255859375,105.86260986328125,-1,-1,-1,-1
292,9,732.864501953125,412.89593505859375,72.826416015625,141.99200439453125,-1,-1,-1,-1
293,9,864.9896850585938,408.60272216796875,41.310546875,113.9603271484375,-1,-1,-1,-1
294,9,816.6017456054688,477.5941162109375,72.77313232421875,128.177978515625,-1,-1,-1,-1
