1,1,652.53369140625,591.8299560546875,98.0057373046875,204.3355712890625,-1,-1,-1,-1
2,1,648.714111328125,605.092529296875,105.541748046875,193.1729736328125,-1,-1,-1,-1
3,1,652.4104614257812,613.1571044921875,110.6575927734375,191.8272705078125,-1,-1,-1,-1
4,1,650.89111328125,610.5665893554688,119.20098876953125,194.23248291015625,-1,-1,-1,-1
5,1,648.188232421875,605.2916259765625,114.45867919921875,199.39996337890625,-1,-1,-1,-1
6,1,648.2505493164062,603.3890380859375,121.26568603515625,197.398193359375,-1,-1,-1,-1
7,1,641.3336181640625,606.7208862304688,132.58514404296875,192.28314208984375,-1,-1,-1,-1
8,1,632.4535522460938,609.7747192382812,126.332275390625,190.41363525390625,-1,-1,-1,-1
9,1,619.9689331054688,609.0313110351562,152.43902587890625,191.5255126953125,-1,-1,-1,-1
10,1,599.3271484375,606.3920288085938,162.0721435546875,191.08056640625,-1,-1,-1,-1
11,1,585.1068115234375,603.3017578125,160.67724609375,193.0303955078125,-1,-1,-1,-1
12,1,581.5117797851562,605.0145263671875,146.95989990234375,194.16552734375,-1,-1,-1,-1
13,1,586.08935546875,613.0382690429688,126.35601806640625,197.33233642578125,-1,-1,-1,-1
14,1,593.6943359375,620.4846801757812,96.6700439453125,202.87139892578125,-1,-1,-1,-1
15,1,584.5382690429688,622.81103515625,95.14483642578125,210.6036376953125,-1,-1,-1,-1
16,1,581.16015625,616.0411987304688,92.66748046875,213.403076171875,-1,-1,-1,-1
17,1,579.1163940429688,604.733642578125,90.490478515625,214.62615966796875,-1,-1,-1,-1
18,1,577.8314819335938,597.150390625,89.50408935546875,215.60943603515625,-1,-1,-1,-1
19,1,566.36572265625,595.0657348632812,95.207763671875,218.8099365234375,-1,-1,-1,-1
20,1,558.8265380859375,597.820556640625,96.81494140625,221.108642578125,-1,-1,-1,-1
21,1,553.4642333984375,596.7092895507812,98.28125,224.10009765625,-1,-1,-1,-1
22,1,559.8423461914062,595.5123291015625,92.30853271484375,227.590087890625,-1,-1,-1,-1
23,1,565.2163696289062,593.5538940429688,90.80645751953125,229.03436279296875,-1,-1,-1,-1
24,1,563.59912109375,590.4039306640625,89.73199462890625,228.28094482421875,-1,-1,-1,-1
25,1,558.515869140625,590.0894165039062,93.44482421875,228.64813232421875,-1,-1,-1,-1
26,1,557.2576293945312,597.4102783203125,98.42742919921875,232.18310546875,-1,-1,-1,-1
27,1,556.022705078125,602.8348388671875,106.830322265625,236.2095947265625,-1,-1,-1,-1
28,1,557.512939453125,605.3158569335938,114.21917724609375,241.1187744140625,-1,-1,-1,-1
29,1,565.5704345703125,602.6691284179688,112.88592529296875,242.0443115234375,-1,-1,-1,-1
30,1,573.3408203125,592.448486328125,115.38525390625,243.802490234375,-1,-1,-1,-1
31,1,587.7259521484375,591.3160400390625,111.82464599609375,243.813720703125,-1,-1,-1,-1
32,1,607.1011352539062,595.9601440429688,99.1009521484375,247.41705322265625,-1,-1,-1,-1
33,1,622.2138671875,595.2116088867188,93.25042724609375,249.98260498046875,-1,-1,-1,-1
34,1,635.2997436523438,593.5779418945312,91.84429931640625,252.29852294921875,-1,-1,-1,-1
35,1,649.275390625,589.339111328125,95.70263671875,253.78485107421875,-1,-1,-1,-1
36,1,658.4501953125,589.3802490234375,100.75836181640625,258.4271240234375,-1,-1,-1,-1
37,1,662.007568359375,594.7437133789062,102.79388427734375,266.0460205078125,-1,-1,-1,-1
38,1,656.33740234375,599.5365600585938,108.28546142578125,270.22991943359375,-1,-1,-1,-1
39,1,649.3109741210938,596.0716552734375,111.27276611328125,269.8643798828125,-1,-1,-1,-1
40,1,646.5315551757812,585.6731567382812,106.59368896484375,272.00750732421875,-1,-1,-1,-1
41,1,642.6876220703125,567.6676025390625,98.43438720703125,272.6083984375,-1,-1,-1,-1
42,1,620.057861328125,538.2666625976562,85.4241943359375,278.063232421875,-1,-1,-1,-1
43,1,543.3929443359375,502.52020263671875,86.0357666015625,283.22174072265625,-1,-1,-1,-1
44,1,422.40997314453125,469.3104553222656,101.6025390625,299.3044738769531,-1,-1,-1,-1
45,1,264.403564453125,431.1431884765625,150.03948974609375,318.869384765625,-1,-1,-1,-1
46,1,100.84103393554688,393.79180908203125,192.81185913085938,343.25677490234375,-1,-1,-1,-1
1,2,439.3746032714844,601.5410766601562,47.651641845703125,137.64508056640625,-1,-1,-1,-1
2,2,442.8550109863281,603.3150024414062,48.517059326171875,136.818359375,-1,-1,-1,-1
3,2,444.73193359375,604.5349731445312,51.161590576171875,135.60638427734375,-1,-1,-1,-1
4,2,455.03363037109375,601.4739990234375,46.57464599609375,137.47772216796875,-1,-1,-1,-1
5,2,459.4375915527344,597.546875,47.60882568359375,139.834716796875,-1,-1,-1,-1
6,2,463.7037048339844,594.0687866210938,48.050689697265625,137.14117431640625,-1,-1,-1,-1
7,2,463.271728515625,594.0186157226562,49.018768310546875,136.2413330078125,-1,-1,-1,-1
8,2,456.6136779785156,594.4136962890625,49.812408447265625,135.6558837890625,-1,-1,-1,-1
9,2,447.55291748046875,592.572998046875,50.2337646484375,135.78515625,-1,-1,-1,-1
10,2,437.51922607421875,587.4104614257812,49.86126708984375,138.83819580078125,-1,-1,-1,-1
11,2,427.93194580078125,586.8480224609375,49.45306396484375,139.06817626953125,-1,-1,-1,-1
12,2,422.88922119140625,592.09716796875,48.664337158203125,138.51873779296875,-1,-1,-1,-1
13,2,413.75531005859375,599.0692138671875,51.00018310546875,140.45648193359375,-1,-1,-1,-1
14,2,408.5779724121094,606.44482421875,49.887451171875,141.39532470703125,-1,-1,-1,-1
15,2,399.8949279785156,608.1141967773438,49.159759521484375,139.1705322265625,-1,-1,-1,-1
16,2,390.295654296875,595.4690551757812,52.515411376953125,143.81097412109375,-1,-1,-1,-1
17,2,383.50299072265625,580.1001586914062,53.67877197265625,144.902099609375,-1,-1,-1,-1
18,2,380.299560546875,571.7999267578125,51.633209228515625,143.88037109375,-1,-1,-1,-1
19,2,369.4197998046875,568.8222045898438,52.175537109375,144.32489013671875,-1,-1,-1,-1
20,2,356.7436218261719,571.4439086914062,53.970550537109375,144.40093994140625,-1,-1,-1,-1
21,2,344.8612976074219,568.631103515625,56.765289306640625,145.830810546875,-1,-1,-1,-1
22,2,338.9358825683594,568.963623046875,55.19378662109375,146.22027587890625,-1,-1,-1,-1
23,2,339.1258544921875,568.2784423828125,53.741180419921875,146.135009765625,-1,-1,-1,-1
24,2,333.7554016113281,565.1580200195312,53.941375732421875,147.5692138671875,-1,-1,-1,-1
25,2,327.61004638671875,563.7431640625,55.09765625,148.199462890625,-1,-1,-1,-1
26,2,325.32696533203125,568.1973266601562,56.169921875,146.99603271484375,-1,-1,-1,-1
27,2,324.29058837890625,570.1699829101562,56.862548828125,146.3909912109375,-1,-1,-1,-1
28,2,327.0160827636719,572.1683349609375,56.628326416015625,145.1722412109375,-1,-1,-1,-1
29,2,334.58428955078125,568.442138671875,55.262298583984375,145.6610107421875,-1,-1,-1,-1
30,2,340.60150146484375,560.904541015625,54.010772705078125,146.37890625,-1,-1,-1,-1
31,2,343.6817321777344,560.593994140625,54.2930908203125,145.78515625,-1,-1,-1,-1
32,2,346.3427734375,564.0286865234375,53.987518310546875,147.0340576171875,-1,-1,-1,-1
33,2,345.5087585449219,563.09765625,53.92523193359375,146.7628173828125,-1,-1,-1,-1
34,2,351.80743408203125,560.9556884765625,53.1971435546875,145.1043701171875,-1,-1,-1,-1
35,2,357.1683349609375,552.8445434570312,56.881622314453125,145.09576416015625,-1,-1,-1,-1
36,2,365.7455749511719,550.7086791992188,52.326324462890625,144.95159912109375,-1,-1,-1,-1
37,2,363.6736755371094,552.9943237304688,53.814788818359375,144.7154541015625,-1,-1,-1,-1
38,2,356.13909912109375,556.3055419921875,55.6495361328125,144.30120849609375,-1,-1,-1,-1
39,2,342.0770568847656,554.6107788085938,55.203125,145.40216064453125,-1,-1,-1,-1
40,2,326.4581298828125,549.1968383789062,55.682373046875,148.1007080078125,-1,-1,-1,-1
41,2,303.99658203125,537.3095703125,56.163818359375,149.7305908203125,-1,-1,-1,-1
42,2,246.9785919189453,521.4164428710938,56.61054992675781,156.494140625,-1,-1,-1,-1
43,2,546.360107421875,509.611328125,78.01220703125,195.9803466796875,-1,-1,-1,-1
44,2,425.046630859375,474.1861572265625,96.61016845703125,281.8267822265625,-1,-1,-1,-1
1,3,754.4317626953125,619.4814453125,136.0762939453125,259.4453125,-1,-1,-1,-1
2,3,767.2820434570312,625.9036865234375,125.322021484375,255.2939453125,-1,-1,-1,-1
3,3,782.8524780273438,632.9224243164062,101.72515869140625,249.49334716796875,-1,-1,-1,-1
4,3,790.9173583984375,638.4414672851562,93.740478515625,240.83868408203125,-1,-1,-1,-1
5,3,804.1394653320312,642.6478271484375,85.37469482421875,231.907470703125,-1,-1,-1,-1
6,3,813.2839965820312,646.4814453125,81.3385009765625,220.89154052734375,-1,-1,-1,-1
7,3,821.455078125,645.251953125,75.963623046875,214.18408203125,-1,-1,-1,-1
8,3,805.074462890625,638.0733032226562,89.3956298828125,211.02557373046875,-1,-1,-1,-1
9,3,792.777587890625,629.1055908203125,96.7330322265625,215.0921630859375,-1,-1,-1,-1
10,3,780.2825927734375,620.9307861328125,99.7569580078125,216.1688232421875,-1,-1,-1,-1
11,3,774.9210815429688,616.8031616210938,94.8026123046875,212.308349609375,-1,-1,-1,-1
12,3,766.30908203125,621.3703002929688,96.44183349609375,207.74798583984375,-1,-1,-1,-1
13,3,765.7074584960938,633.6697998046875,88.89373779296875,198.46270751953125,-1,-1,-1,-1
14,3,761.5125732421875,643.1517333984375,86.392822265625,192.79962158203125,-1,-1,-1,-1
15,3,753.1815795898438,642.6217041015625,86.3798828125,189.9031982421875,-1,-1,-1,-1
16,3,743.1815185546875,628.140625,91.7818603515625,191.95977783203125,-1,-1,-1,-1
17,3,747.3524780273438,608.8319702148438,82.2086181640625,194.92120361328125,-1,-1,-1,-1
18,3,738.4158935546875,597.55859375,85.69158935546875,195.1064453125,-1,-1,-1,-1
19,3,731.8062744140625,594.1244506835938,84.48626708984375,198.41302490234375,-1,-1,-1,-1
20,3,729.399169921875,601.2994384765625,75.95684814453125,194.0009765625,-1,-1,-1,-1
21,3,722.5231323242188,606.9094848632812,73.51177978515625,192.5556640625,-1,-1,-1,-1
22,3,704.8798828125,613.3005981445312,83.8436279296875,189.910400390625,-1,-1,-1,-1
23,3,699.9813232421875,616.6610107421875,86.33514404296875,185.87408447265625,-1,-1,-1,-1
24,3,696.6682739257812,614.314453125,83.9739990234375,181.302734375,-1,-1,-1,-1
25,3,689.1915283203125,610.4312744140625,87.1939697265625,179.7320556640625,-1,-1,-1,-1
26,3,688.9143676757812,615.2511596679688,82.657958984375,177.23486328125,-1,-1,-1,-1
27,3,679.5521850585938,617.6279296875,89.63140869140625,177.63543701171875,-1,-1,-1,-1
28,3,669.1054077148438,620.1381225585938,103.677490234375,176.25140380859375,-1,-1,-1,-1
29,3,679.7235717773438,618.1917724609375,100.50189208984375,176.947509765625,-1,-1,-1,-1
30,3,678.4297485351562,612.7431030273438,106.09613037109375,174.56298828125,-1,-1,-1,-1
31,3,683.5814819335938,614.1493530273438,101.86395263671875,172.55474853515625,-1,-1,-1,-1
32,3,683.8790283203125,620.4598388671875,100.16571044921875,172.05572509765625,-1,-1,-1,-1
33,3,683.9213256835938,618.3800048828125,96.566162109375,172.6868896484375,-1,-1,-1,-1
34,3,683.9213256835938,614.2547607421875,98.10333251953125,173.7535400390625,-1,-1,-1,-1
35,3,685.1187133789062,599.528564453125,97.24639892578125,182.31927490234375,-1,-1,-1,-1
36,3,687.0345458984375,591.924560546875,79.1024169921875,187.7205810546875,-1,-1,-1,-1
37,3,677.4949951171875,598.474853515625,85.6427001953125,214.95703125,-1,-1,-1,-1
38,3,662.3673095703125,606.3111572265625,95.5997314453125,223.6151123046875,-1,-1,-1,-1
39,3,649.983642578125,596.5126342773438,98.3134765625,231.1549072265625,-1,-1,-1,-1
40,3,647.8554077148438,583.1069946289062,68.55377197265625,183.27166748046875,-1,-1,-1,-1
41,3,621.9655151367188,566.0222778320312,73.64068603515625,180.880859375,-1,-1,-1,-1
42,3,561.1822509765625,539.2044677734375,85.658203125,185.546875,-1,-1,-1,-1
43,3,458.49951171875,507.80902099609375,104.57012939453125,192.817626953125,-1,-1,-1,-1
44,3,320.8363952636719,479.3656311035156,121.71261596679688,206.37521362304688,-1,-1,-1,-1
45,3,150.96307373046875,444.2229919433594,140.30007934570312,229.78359985351562,-1,-1,-1,-1
46,3,103.97321319580078,392.4776306152344,196.57745361328125,295.8927307128906,-1,-1,-1,-1
47,3,12.027201652526855,395.85906982421875,194.48915100097656,342.2672119140625,-1,-1,-1,-1
48,3,0.5193710327148438,404.46014404296875,163.23300170898438,353.4271240234375,-1,-1,-1,-1
49,3,0.5501918792724609,446.11181640625,146.21453857421875,335.300537109375,-1,-1,-1,-1
50,3,-2.505692958831787,432.5896301269531,133.2133331298828,368.9972839355469,-1,-1,-1,-1
51,3,-1.8130054473876953,504.27716064453125,118.58042907714844,301.99688720703125,-1,-1,-1,-1
52,3,-1.039069652557373,525.1376342773438,99.49971771240234,301.8668212890625,-1,-1,-1,-1
53,3,-1.6156806945800781,495.91302490234375,97.36492919921875,342.32781982421875,-1,-1,-1,-1
54,3,-0.17200779914855957,518.2513427734375,87.719482421875,327.2099609375,-1,-1,-1,-1
55,3,-0.1744992733001709,527.9197998046875,88.05962371826172,316.3992919921875,-1,-1,-1,-1
56,3,2.6476826667785645,551.8742065429688,121.65245819091797,288.846923828125,-1,-1,-1,-1
57,3,3.887587070465088,546.554931640625,131.55551147460938,285.46307373046875,-1,-1,-1,-1
58,3,1.1960606575012207,538.3975219726562,149.8654022216797,289.06488037109375,-1,-1,-1,-1
59,3,2.221813678741455,531.1635131835938,164.84332275390625,293.06573486328125,-1,-1,-1,-1
60,3,1.6051397323608398,516.804931640625,188.9254608154297,297.069091796875,-1,-1,-1,-1
61,3,1.7385149002075195,443.6434326171875,213.67027282714844,358.19091796875,-1,-1,-1,-1
62,3,2.6012048721313477,431.6759033203125,229.7156982421875,363.39495849609375,-1,-1,-1,-1
63,3,1.8020763397216797,426.8806457519531,244.76473999023438,360.2530822753906,-1,-1,-1,-1
64,3,1.1988563537597656,434.3145751953125,262.332763671875,346.15765380859375,-1,-1,-1,-1
65,3,4.158664703369141,421.6086730957031,291.140380859375,348.4859313964844,-1,-1,-1,-1
66,3,89.56773376464844,411.8782958984375,288.2557373046875,344.15093994140625,-1,-1,-1,-1
67,3,248.87518310546875,425.34747314453125,264.47076416015625,325.8426513671875,-1,-1,-1,-1
68,3,434.8501892089844,443.97198486328125,228.47463989257812,308.10894775390625,-1,-1,-1,-1
69,3,613.0446166992188,459.8282470703125,205.8280029296875,300.7967529296875,-1,-1,-1,-1
70,3,764.7538452148438,473.0877685546875,192.386474609375,305.67596435546875,-1,-1,-1,-1
71,3,827.7819213867188,490.06060791015625,210.59222412109375,321.0623779296875,-1,-1,-1,-1
72,3,872.6707763671875,512.2962646484375,207.236083984375,327.88861083984375,-1,-1,-1,-1
73,3,885.385986328125,532.5029907226562,207.5296630859375,335.18505859375,-1,-1,-1,-1
74,3,906.0267944335938,549.7022705078125,205.36541748046875,338.96209716796875,-1,-1,-1,-1
75,3,929.1434326171875,564.9163208007812,209.97900390625,343.83758544921875,-1,-1,-1,-1
76,3,963.9768676757812,580.1506958007812,214.03228759765625,351.85089111328125,-1,-1,-1,-1
77,3,1004.773193359375,592.681884765625,221.5367431640625,360.140380859375,-1,-1,-1,-1
78,3,1038.751953125,605.0145874023438,218.0108642578125,367.61187744140625,-1,-1,-1,-1
79,3,1055.811767578125,614.0296020507812,217.3673095703125,371.01934814453125,-1,-1,-1,-1
80,3,1056.4588623046875,618.764892578125,217.4046630859375,372.68927001953125,-1,-1,-1,-1
81,3,1055.058349609375,616.2290649414062,211.9537353515625,374.1553955078125,-1,-1,-1,-1
82,3,1052.510986328125,612.8535766601562,200.958740234375,377.4249267578125,-1,-1,-1,-1
83,3,1052.5562744140625,611.078125,177.74169921875,368.5340576171875,-1,-1,-1,-1
84,3,1043.311767578125,607.6463012695312,158.8856201171875,363.8885498046875,-1,-1,-1,-1
85,3,1034.8502197265625,602.1541748046875,137.2342529296875,362.52288818359375,-1,-1,-1,-1
86,3,1037.4443359375,595.3702392578125,114.070068359375,356.8818359375,-1,-1,-1,-1
87,3,1023.253173828125,592.4867553710938,127.638671875,350.87738037109375,-1,-1,-1,-1
88,3,989.8353271484375,597.89892578125,161.049560546875,346.44378662109375,-1,-1,-1,-1
89,3,957.3826904296875,605.2669067382812,177.5806884765625,338.8941650390625,-1,-1,-1,-1
90,3,938.3333129882812,611.6826782226562,195.09356689453125,331.95001220703125,-1,-1,-1,-1
91,3,924.6808471679688,618.6351318359375,207.53094482421875,325.2296142578125,-1,-1,-1,-1
92,3,912.3405151367188,623.7506103515625,221.34100341796875,318.3040771484375,-1,-1,-1,-1
93,3,904.8662719726562,625.7018432617188,228.80670166015625,315.0859375,-1,-1,-1,-1
94,3,907.517822265625,625.2069702148438,222.5015869140625,312.61083984375,-1,-1,-1,-1
95,3,907.5308837890625,618.468994140625,213.7635498046875,315.404541015625,-1,-1,-1,-1
96,3,896.017333984375,612.8193969726562,210.454345703125,315.04388427734375,-1,-1,-1,-1
97,3,884.7147216796875,606.740478515625,182.7950439453125,322.5517578125,-1,-1,-1,-1
98,3,872.9270629882812,603.76318359375,156.29718017578125,325.08392333984375,-1,-1,-1,-1
99,3,856.8527221679688,605.0587768554688,144.7586669921875,322.86029052734375,-1,-1,-1,-1
100,3,852.721435546875,608.9341430664062,136.25823974609375,321.24957275390625,-1,-1,-1,-1
101,3,840.3873291015625,615.9513549804688,129.774169921875,315.26458740234375,-1,-1,-1,-1
102,3,813.9734497070312,628.6121215820312,150.307861328125,306.49285888671875,-1,-1,-1,-1
103,3,790.7880859375,641.8063354492188,162.14324951171875,297.28997802734375,-1,-1,-1,-1
104,3,781.5989990234375,652.0706176757812,161.8231201171875,290.14544677734375,-1,-1,-1,-1
105,3,779.6497802734375,658.041015625,154.83404541015625,285.4697265625,-1,-1,-1,-1
106,3,778.5228271484375,669.997314453125,149.57147216796875,273.53521728515625,-1,-1,-1,-1
107,3,774.94873046875,673.8101806640625,148.841064453125,269.330810546875,-1,-1,-1,-1
108,3,772.4965209960938,673.5628051757812,149.84661865234375,269.99951171875,-1,-1,-1,-1
109,3,774.1000366210938,672.450439453125,146.24212646484375,277.71923828125,-1,-1,-1,-1
110,3,772.7921142578125,672.9888305664062,147.091552734375,285.38775634765625,-1,-1,-1,-1
111,3,771.1060180664062,675.4706420898438,151.4080810546875,291.97967529296875,-1,-1,-1,-1
112,3,767.2858276367188,678.3071899414062,150.9345703125,299.86962890625,-1,-1,-1,-1
113,3,756.4794921875,674.3897705078125,150.62677001953125,306.07196044921875,-1,-1,-1,-1
114,3,759.515869140625,658.496826171875,137.02978515625,309.52081298828125,-1,-1,-1,-1
115,3,770.697265625,638.0916748046875,116.19049072265625,312.99224853515625,-1,-1,-1,-1
116,3,768.3294067382812,622.9117431640625,108.9044189453125,321.06951904296875,-1,-1,-1,-1
117,3,747.251220703125,610.1237182617188,126.906982421875,334.20611572265625,-1,-1,-1,-1
118,3,761.2186279296875,607.781494140625,126.55657958984375,337.93408203125,-1,-1,-1,-1
119,3,762.3671264648438,610.2039184570312,140.29095458984375,344.62835693359375,-1,-1,-1,-1
120,3,750.5846557617188,624.2699584960938,164.35540771484375,341.68756103515625,-1,-1,-1,-1
121,3,738.6048583984375,633.2802734375,177.88604736328125,345.6298828125,-1,-1,-1,-1
122,3,729.9359741210938,639.8384399414062,181.05096435546875,346.16827392578125,-1,-1,-1,-1
123,3,730.8812866210938,637.28759765625,175.5570068359375,347.48223876953125,-1,-1,-1,-1
124,3,746.91796875,621.8751831054688,152.5450439453125,360.63250732421875,-1,-1,-1,-1
125,3,762.0719604492188,599.6295166015625,137.0828857421875,355.9388427734375,-1,-1,-1,-1
126,3,778.095947265625,582.3284301757812,122.442626953125,364.45269775390625,-1,-1,-1,-1
127,3,793.6378784179688,573.5276489257812,113.6881103515625,359.29144287109375,-1,-1,-1,-1
128,3,802.0596923828125,573.2764282226562,112.6807861328125,356.99713134765625,-1,-1,-1,-1
129,3,802.6517944335938,580.368896484375,123.85888671875,361.13299560546875,-1,-1,-1,-1
130,3,800.6676635742188,589.773193359375,162.3095703125,364.901123046875,-1,-1,-1,-1
131,3,801.5001831054688,601.2479858398438,169.6654052734375,362.10791015625,-1,-1,-1,-1
132,3,798.9482421875,607.794189453125,196.544921875,360.84619140625,-1,-1,-1,-1
133,3,796.8933715820312,609.3305053710938,201.99456787109375,356.26983642578125,-1,-1,-1,-1
134,3,793.8056640625,605.3751831054688,217.3883056640625,352.4207763671875,-1,-1,-1,-1
135,3,793.2816162109375,601.7274780273438,228.006591796875,347.994140625,-1,-1,-1,-1
136,3,799.0686645507812,602.8917236328125,216.8204345703125,347.25848388671875,-1,-1,-1,-1
137,3,808.0462036132812,608.312255859375,205.54296875,347.5460205078125,-1,-1,-1,-1
138,3,822.55126953125,614.3505249023438,193.30224609375,348.7608642578125,-1,-1,-1,-1
139,3,833.2860717773438,616.4857177734375,170.39959716796875,349.543212890625,-1,-1,-1,-1
140,3,837.8919677734375,614.6046752929688,157.17779541015625,346.33380126953125,-1,-1,-1,-1
141,3,846.4940795898438,605.845947265625,142.94830322265625,344.88641357421875,-1,-1,-1,-1
142,3,854.01513671875,594.501708984375,132.90228271484375,345.8887939453125,-1,-1,-1,-1
143,3,857.9157104492188,586.7431030273438,125.316650390625,346.497802734375,-1,-1,-1,-1
144,3,853.7826538085938,586.2422485351562,123.3472900390625,344.6407470703125,-1,-1,-1,-1
145,3,848.7412109375,590.818115234375,121.37005615234375,342.35247802734375,-1,-1,-1,-1
146,3,844.5459594726562,597.8265991210938,120.41217041015625,336.66839599609375,-1,-1,-1,-1
147,3,841.2904052734375,601.4532470703125,119.21612548828125,334.5740966796875,-1,-1,-1,-1
148,3,847.4389038085938,600.574951171875,113.6278076171875,330.900634765625,-1,-1,-1,-1
149,3,853.1093139648438,592.8782958984375,114.728759765625,327.10870361328125,-1,-1,-1,-1
150,3,869.9214477539062,585.2130737304688,111.23114013671875,311.1802978515625,-1,-1,-1,-1
151,3,888.23193359375,583.4242553710938,107.61199951171875,308.33837890625,-1,-1,-1,-1
152,3,896.5641479492188,586.9161376953125,111.10040283203125,310.34429931640625,-1,-1,-1,-1
153,3,892.370361328125,592.5826416015625,117.937744140625,314.385986328125,-1,-1,-1,-1
154,3,907.963134765625,599.3280029296875,103.13604736328125,312.1224365234375,-1,-1,-1,-1
155,3,899.258056640625,602.1710205078125,110.95465087890625,310.832763671875,-1,-1,-1,-1
156,3,887.4672241210938,601.1546630859375,121.11663818359375,307.68206787109375,-1,-1,-1,-1
157,3,885.6737670898438,591.0701904296875,120.44927978515625,306.128662109375,-1,-1,-1,-1
158,3,883.5234375,585.5489501953125,118.89715576171875,302.2940673828125,-1,-1,-1,-1
159,3,883.1176147460938,587.2952270507812,118.18304443359375,302.85675048828125,-1,-1,-1,-1
160,3,885.6813354492188,595.0648193359375,113.84246826171875,302.31512451171875,-1,-1,-1,-1
161,3,886.23095703125,606.0507202148438,110.793701171875,304.25445556640625,-1,-1,-1,-1
162,3,884.0478515625,615.0765380859375,112.75518798828125,305.972900390625,-1,-1,-1,-1
163,3,881.2013549804688,621.6040649414062,114.5794677734375,304.89495849609375,-1,-1,-1,-1
164,3,883.0753173828125,618.40234375,106.26055908203125,307.353271484375,-1,-1,-1,-1
165,3,880.4586791992188,602.7291259765625,104.60235595703125,313.446044921875,-1,-1,-1,-1
166,3,879.38623046875,576.87451171875,100.59637451171875,325.5018310546875,-1,-1,-1,-1
167,3,876.0782470703125,584.1773071289062,100.42547607421875,310.77734375,-1,-1,-1,-1
168,3,869.6615600585938,586.04541015625,106.50238037109375,311.15008544921875,-1,-1,-1,-1
169,3,861.3242797851562,597.1732177734375,113.2362060546875,309.02984619140625,-1,-1,-1,-1
170,3,860.5620727539062,607.3742065429688,104.71295166015625,304.68603515625,-1,-1,-1,-1
171,3,853.2527465820312,609.6339111328125,104.389892578125,304.083251953125,-1,-1,-1,-1
172,3,843.378662109375,603.57177734375,110.5045166015625,306.2593994140625,-1,-1,-1,-1
173,3,833.9346313476562,586.460693359375,112.38067626953125,315.33721923828125,-1,-1,-1,-1
174,3,825.0648193359375,584.5790405273438,116.29876708984375,311.44720458984375,-1,-1,-1,-1
175,3,822.615966796875,589.6099853515625,112.15777587890625,309.08245849609375,-1,-1,-1,-1
176,3,810.6682739257812,597.4707641601562,122.43389892578125,309.11785888671875,-1,-1,-1,-1
177,3,794.0554809570312,601.1752319335938,141.6273193359375,308.23162841796875,-1,-1,-1,-1
178,3,777.7205200195312,602.1162109375,158.7822265625,306.6766357421875,-1,-1,-1,-1
179,3,766.1311645507812,601.9149169921875,158.373046875,304.484619140625,-1,-1,-1,-1
180,3,753.659912109375,600.8687744140625,168.49822998046875,302.01519775390625,-1,-1,-1,-1
181,3,748.9249877929688,603.2841796875,171.4346923828125,300.91583251953125,-1,-1,-1,-1
182,3,745.4876708984375,606.4703369140625,172.80096435546875,299.9658203125,-1,-1,-1,-1
183,3,749.3833618164062,607.5335083007812,166.25262451171875,299.43634033203125,-1,-1,-1,-1
184,3,751.3663330078125,605.40087890625,153.3201904296875,299.0845947265625,-1,-1,-1,-1
185,3,752.6279907226562,601.9192504882812,139.614013671875,294.90863037109375,-1,-1,-1,-1
186,3,750.3764038085938,601.00537109375,123.6707763671875,292.45404052734375,-1,-1,-1,-1
187,3,754.317626953125,600.466552734375,106.3115234375,294.75030517578125,-1,-1,-1,-1
188,3,754.8839721679688,598.5137939453125,101.75732421875,297.573974609375,-1,-1,-1,-1
189,3,740.7481689453125,596.2626953125,114.2275390625,298.91510009765625,-1,-1,-1,-1
190,3,717.0270385742188,596.0877685546875,137.12335205078125,295.064208984375,-1,-1,-1,-1
191,3,696.2692260742188,598.2349243164062,155.83587646484375,290.26239013671875,-1,-1,-1,-1
192,3,684.5292358398438,600.0475463867188,163.92041015625,287.896240234375,-1,-1,-1,-1
193,3,678.5958251953125,602.0342407226562,160.260009765625,285.28936767578125,-1,-1,-1,-1
194,3,675.5787963867188,601.8617553710938,157.00579833984375,285.4017333984375,-1,-1,-1,-1
195,3,674.9000854492188,600.4558715820312,153.1820068359375,285.453125,-1,-1,-1,-1
196,3,672.6932983398438,599.3682250976562,147.40863037109375,287.02197265625,-1,-1,-1,-1
197,3,670.11767578125,597.1788330078125,140.27447509765625,291.77520751953125,-1,-1,-1,-1
198,3,668.6612548828125,594.0859375,131.81292724609375,294.77734375,-1,-1,-1,-1
199,3,667.788330078125,588.753173828125,124.047119140625,299.1007080078125,-1,-1,-1,-1
200,3,664.8839111328125,586.0223999023438,123.02520751953125,297.68731689453125,-1,-1,-1,-1
201,3,661.2933349609375,585.3203125,125.879150390625,296.15802001953125,-1,-1,-1,-1
202,3,647.9883422851562,586.7880249023438,135.58642578125,295.50848388671875,-1,-1,-1,-1
203,3,643.0684204101562,594.7791137695312,133.75347900390625,293.9080810546875,-1,-1,-1,-1
204,3,642.0828857421875,605.0704345703125,133.59613037109375,287.5213623046875,-1,-1,-1,-1
205,3,647.9238891601562,612.88232421875,124.6748046875,277.1453857421875,-1,-1,-1,-1
206,3,647.8433227539062,615.9307861328125,126.14349365234375,277.28369140625,-1,-1,-1,-1
207,3,649.6632080078125,614.3241577148438,131.31060791015625,280.926513671875,-1,-1,-1,-1
208,3,648.9069213867188,608.8547973632812,139.0977783203125,288.03228759765625,-1,-1,-1,-1
209,3,648.9525146484375,600.278076171875,149.8790283203125,290.98553466796875,-1,-1,-1,-1
210,3,649.2366943359375,595.2841186523438,158.673828125,292.0487060546875,-1,-1,-1,-1
211,3,670.43115234375,593.1635131835938,147.56805419921875,290.0870361328125,-1,-1,-1,-1
212,3,699.5767211914062,589.6138305664062,125.51763916015625,289.73333740234375,-1,-1,-1,-1
213,3,726.1810913085938,588.2601318359375,107.49603271484375,283.9815673828125,-1,-1,-1,-1
214,3,739.0728759765625,592.8751831054688,98.810791015625,278.47760009765625,-1,-1,-1,-1
215,3,738.61865234375,599.7092895507812,102.03985595703125,274.79205322265625,-1,-1,-1,-1
216,3,742.2734375,607.2274780273438,108.262939453125,268.30487060546875,-1,-1,-1,-1
217,3,742.7654418945312,613.9801635742188,118.26202392578125,261.96148681640625,-1,-1,-1,-1
218,3,745.881103515625,617.6859741210938,124.44195556640625,257.31378173828125,-1,-1,-1,-1
219,3,747.1561889648438,620.0135498046875,131.5694580078125,252.84716796875,-1,-1,-1,-1
220,3,745.0939331054688,624.4947509765625,136.98638916015625,248.4912109375,-1,-1,-1,-1
221,3,742.7914428710938,629.3273315429688,140.0772705078125,245.0186767578125,-1,-1,-1,-1
222,3,741.5512084960938,632.2705688476562,139.42803955078125,241.7652587890625,-1,-1,-1,-1
223,3,749.4714965820312,632.0354614257812,131.57025146484375,242.18914794921875,-1,-1,-1,-1
224,3,760.4476318359375,629.163818359375,119.940185546875,242.8258056640625,-1,-1,-1,-1
225,3,772.1380004882812,622.301513671875,107.29644775390625,244.86578369140625,-1,-1,-1,-1
226,3,781.9119873046875,617.3795776367188,96.13397216796875,246.2119140625,-1,-1,-1,-1
227,3,786.0216674804688,614.8143920898438,91.881103515625,247.09844970703125,-1,-1,-1,-1
228,3,787.4746704101562,616.1910400390625,89.14532470703125,244.94091796875,-1,-1,-1,-1
229,3,784.9635009765625,619.8306884765625,89.443603515625,243.39776611328125,-1,-1,-1,-1
230,3,782.9763793945312,624.470947265625,89.0018310546875,237.48553466796875,-1,-1,-1,-1
231,3,778.135986328125,629.9669799804688,91.1640625,230.96978759765625,-1,-1,-1,-1
232,3,769.2665405273438,633.5043334960938,98.27508544921875,226.2841796875,-1,-1,-1,-1
233,3,749.2275390625,635.4002075195312,113.06585693359375,223.85455322265625,-1,-1,-1,-1
234,3,733.7738037109375,635.279541015625,126.17047119140625,221.1630859375,-1,-1,-1,-1
235,3,730.7247924804688,633.0628662109375,128.53961181640625,225.64093017578125,-1,-1,-1,-1
236,3,733.839111328125,630.1373291015625,124.747314453125,233.1153564453125,-1,-1,-1,-1
237,3,733.72021484375,624.8433227539062,120.59228515625,240.31756591796875,-1,-1,-1,-1
238,3,735.1515502929688,617.2100219726562,115.73040771484375,247.714599609375,-1,-1,-1,-1
239,3,732.9290771484375,609.6886596679688,108.33831787109375,253.078857421875,-1,-1,-1,-1
240,3,735.6658325195312,602.2462158203125,100.84527587890625,255.60809326171875,-1,-1,-1,-1
241,3,732.2274780273438,599.7462158203125,101.765625,262.44873046875,-1,-1,-1,-1
242,3,725.3671875,598.8163452148438,106.1866455078125,265.14996337890625,-1,-1,-1,-1
243,3,706.9407958984375,599.5361328125,116.856689453125,268.5225830078125,-1,-1,-1,-1
244,3,680.1998291015625,603.3826293945312,136.40399169921875,269.40771484375,-1,-1,-1,-1
245,3,657.0015258789062,609.8241577148438,152.552001953125,266.6650390625,-1,-1,-1,-1
246,3,647.1651000976562,611.4380493164062,154.88275146484375,266.74798583984375,-1,-1,-1,-1
247,3,644.2430419921875,618.6702270507812,152.84539794921875,259.12066650390625,-1,-1,-1,-1
248,3,643.9623413085938,621.7545166015625,142.66961669921875,256.38909912109375,-1,-1,-1,-1
249,3,645.306396484375,621.932861328125,135.91400146484375,257.04974365234375,-1,-1,-1,-1
250,3,643.8037109375,622.2789306640625,129.03558349609375,255.946044921875,-1,-1,-1,-1
251,3,645.4788818359375,621.918212890625,124.32684326171875,255.74951171875,-1,-1,-1,-1
252,3,645.5430908203125,622.0262451171875,118.64239501953125,257.1214599609375,-1,-1,-1,-1
253,3,645.9857177734375,621.9103393554688,117.1099853515625,257.20440673828125,-1,-1,-1,-1
254,3,646.322509765625,620.3408203125,114.91021728515625,258.0677490234375,-1,-1,-1,-1
255,3,646.8350219726562,618.927001953125,107.058837890625,259.94873046875,-1,-1,-1,-1
256,3,647.88134765625,617.6679077148438,102.51123046875,261.57470703125,-1,-1,-1,-1
257,3,647.0726928710938,615.6224975585938,102.9642333984375,263.57781982421875,-1,-1,-1,-1
258,3,648.2959594726562,613.432373046875,100.3787841796875,264.9573974609375,-1,-1,-1,-1
259,3,649.3252563476562,612.6707153320312,95.7076416015625,259.70025634765625,-1,-1,-1,-1
260,3,649.2736206054688,612.1949462890625,94.5733642578125,254.8538818359375,-1,-1,-1,-1
261,3,648.4194946289062,611.66064453125,93.53509521484375,247.34417724609375,-1,-1,-1,-1
262,3,647.11669921875,610.5827026367188,107.55438232421875,242.1541748046875,-1,-1,-1,-1
263,3,649.0093994140625,610.5714111328125,95.72515869140625,236.32720947265625,-1,-1,-1,-1
264,3,652.8804321289062,610.5844116210938,89.41497802734375,231.7999267578125,-1,-1,-1,-1
265,3,648.1478271484375,614.2366333007812,93.56439208984375,222.58984375,-1,-1,-1,-1
266,3,647.8075561523438,617.8135375976562,94.09088134765625,220.98773193359375,-1,-1,-1,-1
267,3,646.4232788085938,622.4567260742188,96.14019775390625,217.70477294921875,-1,-1,-1,-1
268,3,645.619384765625,626.6129150390625,112.875244140625,213.16876220703125,-1,-1,-1,-1
269,3,645.1715087890625,629.6415405273438,123.596923828125,210.07354736328125,-1,-1,-1,-1
270,3,643.548828125,632.37060546875,133.1790771484375,206.84100341796875,-1,-1,-1,-1
271,3,643.449462890625,632.3297119140625,135.9957275390625,207.412109375,-1,-1,-1,-1
272,3,641.9965209960938,633.7276611328125,137.08038330078125,206.67584228515625,-1,-1,-1,-1
273,3,641.2958984375,633.7230224609375,138.16717529296875,206.00048828125,-1,-1,-1,-1
274,3,654.5579833984375,632.5760498046875,123.5272216796875,207.1419677734375,-1,-1,-1,-1
275,3,670.2899780273438,631.1795654296875,107.784912109375,209.11474609375,-1,-1,-1,-1
276,3,686.1597290039062,629.7896728515625,92.9522705078125,211.08428955078125,-1,-1,-1,-1
277,3,695.878173828125,628.6954956054688,86.20806884765625,213.01690673828125,-1,-1,-1,-1
278,3,701.0119018554688,627.0571899414062,83.92120361328125,215.69134521484375,-1,-1,-1,-1
279,3,703.7884521484375,627.8135986328125,83.28326416015625,215.0537109375,-1,-1,-1,-1
280,3,698.81005859375,630.4933471679688,88.5023193359375,211.4073486328125,-1,-1,-1,-1
281,3,698.3187255859375,633.0255737304688,87.56951904296875,207.55029296875,-1,-1,-1,-1
282,3,700.0684814453125,633.3942260742188,84.82177734375,205.535888671875,-1,-1,-1,-1
283,3,700.5514526367188,635.3153076171875,82.247314453125,203.69915771484375,-1,-1,-1,-1
284,3,699.7845458984375,635.4147338867188,81.611328125,202.635009765625,-1,-1,-1,-1
285,3,679.255126953125,634.9196166992188,107.44952392578125,198.45672607421875,-1,-1,-1,-1
286,3,689.7943115234375,635.2140502929688,99.10626220703125,189.0374755859375,-1,-1,-1,-1
287,3,689.94140625,637.9630737304688,93.1859130859375,183.5528564453125,-1,-1,-1,-1
288,3,681.9456176757812,639.5532836914062,87.22821044921875,182.84576416015625,-1,-1,-1,-1
289,3,695.292236328125,637.689453125,64.21710205078125,185.4537353515625,-1,-1,-1,-1
290,3,697.97900390625,635.952880859375,55.62457275390625,186.67620849609375,-1,-1,-1,-1
291,3,696.9747924804688,635.3488159179688,53.46783447265625,184.447021484375,-1,-1,-1,-1
292,3,693.0166625976562,636.3659057617188,52.84552001953125,177.33062744140625,-1,-1,-1,-1
293,3,683.2313232421875,639.544189453125,66.84429931640625,170.7025146484375,-1,-1,-1,-1
294,3,685.1563110351562,643.7079467773438,79.34783935546875,160.6280517578125,-1,-1,-1,-1
295,3,677.3477172851562,647.0990600585938,88.27508544921875,154.33148193359375,-1,-1,-1,-1
296,3,677.1284790039062,648.2969970703125,79.52001953125,148.45263671875,-1,-1,-1,-1
297,3,674.3563232421875,646.241943359375,84.39276123046875,148.09527587890625,-1,-1,-1,-1
298,3,673.2473754882812,643.550048828125,90.2054443359375,148.7496337890625,-1,-1,-1,-1
299,3,673.52587890625,641.0430297851562,88.454833984375,151.83978271484375,-1,-1,-1,-1
300,3,669.9155883789062,637.43701171875,85.1632080078125,154.24853515625,-1,-1,-1,-1
301,3,671.1624755859375,634.5197143554688,74.974365234375,156.601318359375,-1,-1,-1,-1
302,3,669.3053588867188,631.518798828125,63.3079833984375,156.80670166015625,-1,-1,-1,-1
303,3,668.6246948242188,627.4353637695312,60.89459228515625,158.569091796875,-1,-1,-1,-1
304,3,670.3276977539062,621.845458984375,62.60467529296875,165.20294189453125,-1,-1,-1,-1
305,3,673.3359985351562,618.0343017578125,64.14752197265625,170.3040771484375,-1,-1,-1,-1
306,3,674.8746948242188,616.7955932617188,66.02972412109375,171.6588134765625,-1,-1,-1,-1
307,3,673.7493896484375,618.354248046875,69.7213134765625,171.508056640625,-1,-1,-1,-1
308,3,671.6397705078125,619.4905395507812,74.10833740234375,172.263671875,-1,-1,-1,-1
309,3,668.2025756835938,620.9930419921875,77.617431640625,171.80810546875,-1,-1,-1,-1
310,3,669.6678466796875,621.266845703125,79.48883056640625,172.43524169921875,-1,-1,-1,-1
311,3,676.2578125,622.45068359375,79.3179931640625,172.97198486328125,-1,-1,-1,-1
21,4,644.752197265625,1235.1064453125,213.84686279296875,177.876708984375,-1,-1,-1,-1
22,4,609.359130859375,1218.4854736328125,124.89056396484375,192.3970947265625,-1,-1,-1,-1
23,4,579.9369506835938,1212.20556640625,158.37335205078125,199.2630615234375,-1,-1,-1,-1
24,4,642.3246459960938,1218.1517333984375,124.37225341796875,192.248779296875,-1,-1,-1,-1
25,4,705.4247436523438,1236.534912109375,157.49420166015625,174.664306640625,-1,-1,-1,-1
26,4,703.411376953125,1246.81591796875,150.52783203125,164.1893310546875,-1,-1,-1,-1
27,4,771.5986938476562,1259.578857421875,107.94171142578125,151.2457275390625,-1,-1,-1,-1
28,4,824.570556640625,1241.9351806640625,107.9945068359375,168.9891357421875,-1,-1,-1,-1
29,4,848.983154296875,1236.8619384765625,104.29052734375,173.18994140625,-1,-1,-1,-1
30,4,694.1015625,1232.3472900390625,170.0230712890625,179.3668212890625,-1,-1,-1,-1
31,4,705.0337524414062,1222.01806640625,161.88372802734375,188.794189453125,-1,-1,-1,-1
32,4,681.499755859375,1238.36865234375,163.4298095703125,173.08837890625,-1,-1,-1,-1
33,4,599.3682861328125,1206.3818359375,142.8804931640625,204.59228515625,-1,-1,-1,-1
34,4,553.4064331054688,1186.283447265625,170.912353515625,224.0472412109375,-1,-1,-1,-1
35,4,587.6286010742188,1177.97119140625,147.6566162109375,232.36083984375,-1,-1,-1,-1
36,4,697.4367065429688,1200.471435546875,187.53887939453125,209.8978271484375,-1,-1,-1,-1
37,4,695.5753173828125,1208.00830078125,189.03125,203.3228759765625,-1,-1,-1,-1
38,4,668.1224975585938,1213.7850341796875,223.027099609375,197.405029296875,-1,-1,-1,-1
39,4,610.1681518554688,1202.7655029296875,212.03564453125,208.3204345703125,-1,-1,-1,-1
40,4,583.6075439453125,1186.9990234375,154.73004150390625,223.8590087890625,-1,-1,-1,-1
41,4,596.145751953125,1181.3685302734375,150.53717041015625,228.9420166015625,-1,-1,-1,-1
42,4,633.2257080078125,1180.3468017578125,276.2979736328125,230.286865234375,-1,-1,-1,-1
43,4,664.7478637695312,1159.944091796875,231.21600341796875,250.807861328125,-1,-1,-1,-1
44,4,546.044189453125,1165.76220703125,330.91064453125,244.508056640625,-1,-1,-1,-1
45,4,434.1435852050781,1159.8582763671875,330.0893249511719,250.783447265625,-1,-1,-1,-1
37,5,179.72296142578125,997.2000122070312,212.37646484375,413.13079833984375,-1,-1,-1,-1
38,5,176.94244384765625,1010.2741088867188,215.96969604492188,400.35870361328125,-1,-1,-1,-1
39,5,170.2976837158203,1014.86474609375,221.38023376464844,395.08544921875,-1,-1,-1,-1
40,5,160.7659912109375,1022.4652099609375,235.74685668945312,386.8092041015625,-1,-1,-1,-1
41,5,148.6649627685547,1021.81982421875,244.43663024902344,387.166259765625,-1,-1,-1,-1
42,5,120.2432861328125,1076.0902099609375,248.0838623046875,330.4423828125,-1,-1,-1,-1
43,5,26.451452255249023,1076.379638671875,319.78594970703125,331.0982666015625,-1,-1,-1,-1
44,5,-1.0919151306152344,1097.7681884765625,302.37744140625,312.507080078125,-1,-1,-1,-1
46,6,1.8532800674438477,422.1142272949219,128.29926300048828,248.92929077148438,-1,-1,-1,-1
53,7,1169.5567626953125,336.6577453613281,113.7974853515625,165.16586303710938,-1,-1,-1,-1
54,7,1166.0899658203125,319.1505126953125,115.4271240234375,162.32467651367188,-1,-1,-1,-1
55,7,1160.3800048828125,302.6572570800781,119.1112060546875,172.8497314453125,-1,-1,-1,-1
56,7,1160.155029296875,288.6790466308594,109.6409912109375,170.76324462890625,-1,-1,-1,-1
57,7,1163.3236083984375,280.8912658691406,111.71435546875,167.933349609375,-1,-1,-1,-1
58,7,1167.97119140625,275.0069274902344,134.23583984375,167.45852661132812,-1,-1,-1,-1
59,7,1171.7745361328125,275.8281555175781,110.3927001953125,163.96353149414062,-1,-1,-1,-1
60,7,1174.5457763671875,278.6536865234375,121.8358154296875,166.95703125,-1,-1,-1,-1
61,7,1198.484619140625,280.77606201171875,128.5863037109375,167.25173950195312,-1,-1,-1,-1
62,7,1210.4620361328125,281.8096008300781,135.4287109375,162.4603271484375,-1,-1,-1,-1
63,7,1236.3006591796875,285.099609375,117.5113525390625,166.28616333007812,-1,-1,-1,-1
64,7,1252.1358642578125,288.2911682128906,105.8746337890625,165.58746337890625,-1,-1,-1,-1
65,7,1279.080078125,299.2815246582031,116.68798828125,166.29403686523438,-1,-1,-1,-1
68,8,135.13644409179688,571.777099609375,151.71987915039062,198.39678955078125,-1,-1,-1,-1
69,8,340.73760986328125,572.9874267578125,110.26165771484375,185.30438232421875,-1,-1,-1,-1
70,8,491.058349609375,585.1183471679688,90.1768798828125,171.13543701171875,-1,-1,-1,-1
71,8,573.3663940429688,596.7637939453125,78.13824462890625,168.3199462890625,-1,-1,-1,-1
72,8,609.3363647460938,608.6567993164062,72.337890625,168.17254638671875,-1,-1,-1,-1
73,8,627.0761108398438,619.9513549804688,67.573486328125,166.8111572265625,-1,-1,-1,-1
74,8,644.1874389648438,627.3071899414062,65.1282958984375,167.2762451171875,-1,-1,-1,-1
75,8,669.2269897460938,634.3858032226562,62.78009033203125,164.58135986328125,-1,-1,-1,-1
76,8,703.4824829101562,639.2276611328125,61.91546630859375,167.718017578125,-1,-1,-1,-1
77,8,742.7937622070312,641.8336181640625,62.48797607421875,169.55615234375,-1,-1,-1,-1
78,8,772.2422485351562,643.661376953125,62.7138671875,170.71234130859375,-1,-1,-1,-1
79,8,787.31103515625,643.5281982421875,64.86865234375,169.79949951171875,-1,-1,-1,-1
80,8,794.1815795898438,643.19970703125,65.92425537109375,171.878662109375,-1,-1,-1,-1
81,8,798.6783447265625,638.5768432617188,70.6416015625,178.32781982421875,-1,-1,-1,-1
82,8,801.7969360351562,636.0873413085938,72.77728271484375,182.148193359375,-1,-1,-1,-1
83,8,802.69189453125,636.7442016601562,72.54296875,182.7447509765625,-1,-1,-1,-1
84,8,802.1466064453125,636.5850830078125,71.78179931640625,182.6373291015625,-1,-1,-1,-1
85,8,812.1727294921875,634.509521484375,65.64495849609375,185.70166015625,-1,-1,-1,-1
86,8,813.7943725585938,627.7837524414062,66.230224609375,190.03765869140625,-1,-1,-1,-1
87,8,813.4763793945312,625.6928100585938,67.8902587890625,191.13037109375,-1,-1,-1,-1
88,8,814.93115234375,628.1083984375,66.44061279296875,194.0679931640625,-1,-1,-1,-1
89,8,814.8294067382812,628.6624145507812,70.29547119140625,197.3546142578125,-1,-1,-1,-1
90,8,819.1901245117188,627.3955688476562,67.43218994140625,198.32769775390625,-1,-1,-1,-1
91,8,821.3419189453125,626.2994384765625,67.31640625,199.345703125,-1,-1,-1,-1
92,8,822.3004760742188,625.3167724609375,68.54754638671875,200.474365234375,-1,-1,-1,-1
93,8,820.8540649414062,623.770263671875,71.3782958984375,200.9259033203125,-1,-1,-1,-1
94,8,824.6724853515625,623.050048828125,69.219482421875,199.66162109375,-1,-1,-1,-1
95,8,824.1476440429688,622.3385620117188,70.62579345703125,199.361328125,-1,-1,-1,-1
96,8,824.7176513671875,622.734619140625,70.96588134765625,198.52197265625,-1,-1,-1,-1
97,8,825.2666015625,622.6387939453125,72.822265625,199.84820556640625,-1,-1,-1,-1
98,8,825.3729248046875,623.3202514648438,75.3779296875,198.648193359375,-1,-1,-1,-1
99,8,828.573486328125,626.9083862304688,71.29742431640625,187.95947265625,-1,-1,-1,-1
100,8,831.2936401367188,632.4699096679688,65.70452880859375,185.47283935546875,-1,-1,-1,-1
101,8,828.6739501953125,635.855712890625,64.768310546875,189.51434326171875,-1,-1,-1,-1
102,8,829.2508544921875,638.6765747070312,73.47802734375,189.808349609375,-1,-1,-1,-1
103,8,809.1716918945312,645.1449584960938,98.61260986328125,199.5599365234375,-1,-1,-1,-1
104,8,790.039794921875,652.203125,127.56744384765625,209.925537109375,-1,-1,-1,-1
105,8,794.3226318359375,661.002197265625,131.0526123046875,207.431396484375,-1,-1,-1,-1
106,8,816.6294555664062,658.3465576171875,120.36297607421875,217.2318115234375,-1,-1,-1,-1
107,8,831.1327514648438,659.53369140625,103.0333251953125,211.0030517578125,-1,-1,-1,-1
108,8,835.4596557617188,666.1624755859375,93.50921630859375,207.0499267578125,-1,-1,-1,-1
109,8,835.883056640625,672.0372924804688,92.25469970703125,208.14239501953125,-1,-1,-1,-1
110,8,831.4708251953125,676.57275390625,97.8193359375,211.44647216796875,-1,-1,-1,-1
111,8,822.5613403320312,680.927734375,104.14581298828125,216.40802001953125,-1,-1,-1,-1
112,8,794.5281372070312,683.81689453125,122.3468017578125,222.9429931640625,-1,-1,-1,-1
113,8,778.2847290039062,679.019775390625,126.0108642578125,232.2698974609375,-1,-1,-1,-1
114,8,773.5906982421875,663.866455078125,118.36614990234375,238.3695068359375,-1,-1,-1,-1
115,8,771.179443359375,636.657470703125,102.093017578125,244.00244140625,-1,-1,-1,-1
116,8,760.5541381835938,624.8983764648438,86.10211181640625,246.07696533203125,-1,-1,-1,-1
117,8,741.5547485351562,619.0576171875,84.80267333984375,200.56805419921875,-1,-1,-1,-1
118,8,717.8235473632812,621.2894287109375,92.58184814453125,206.38604736328125,-1,-1,-1,-1
119,8,722.396728515625,622.8790283203125,74.195068359375,206.38739013671875,-1,-1,-1,-1
120,8,709.0386352539062,623.8936157226562,72.86236572265625,212.2056884765625,-1,-1,-1,-1
121,8,697.1755981445312,625.3963012695312,73.9368896484375,217.6588134765625,-1,-1,-1,-1
122,8,689.2964477539062,625.0479736328125,74.84832763671875,219.10467529296875,-1,-1,-1,-1
123,8,683.9531860351562,622.4786987304688,76.88031005859375,217.85418701171875,-1,-1,-1,-1
124,8,680.0388793945312,613.7111206054688,73.83642578125,210.453369140625,-1,-1,-1,-1
125,8,672.1098022460938,599.0296020507812,77.47491455078125,206.63568115234375,-1,-1,-1,-1
126,8,667.8018188476562,588.0933837890625,75.12689208984375,202.2171630859375,-1,-1,-1,-1
127,8,662.2328491210938,579.4150390625,75.11077880859375,202.199951171875,-1,-1,-1,-1
128,8,662.3441772460938,577.08447265625,71.49151611328125,204.88165283203125,-1,-1,-1,-1
129,8,660.0452880859375,580.2642211914062,70.35430908203125,209.58306884765625,-1,-1,-1,-1
130,8,657.9684448242188,587.2869262695312,69.8648681640625,212.7313232421875,-1,-1,-1,-1
131,8,655.1632690429688,596.3768310546875,72.5269775390625,213.8333740234375,-1,-1,-1,-1
132,8,652.1432495117188,604.640869140625,72.92388916015625,213.493408203125,-1,-1,-1,-1
133,8,646.6846313476562,606.9898071289062,73.83526611328125,213.99102783203125,-1,-1,-1,-1
134,8,642.3590087890625,601.0579223632812,74.7735595703125,214.69903564453125,-1,-1,-1,-1
135,8,643.5836181640625,591.3197021484375,72.66998291015625,215.20562744140625,-1,-1,-1,-1
136,8,641.4780883789062,584.4415283203125,74.8248291015625,217.04345703125,-1,-1,-1,-1
137,8,640.2620239257812,586.470947265625,77.75537109375,218.53668212890625,-1,-1,-1,-1
138,8,637.5022583007812,592.65087890625,79.76666259765625,220.33465576171875,-1,-1,-1,-1
139,8,624.7940673828125,598.5383911132812,84.955322265625,220.27838134765625,-1,-1,-1,-1
140,8,617.1045532226562,599.6830444335938,84.584716796875,218.052490234375,-1,-1,-1,-1
141,8,608.2887573242188,593.6763916015625,87.1531982421875,217.77923583984375,-1,-1,-1,-1
142,8,604.093994140625,584.004638671875,86.890380859375,215.3511962890625,-1,-1,-1,-1
143,8,597.7374267578125,574.2911376953125,86.537109375,214.32855224609375,-1,-1,-1,-1
144,8,590.4532470703125,570.128662109375,88.24310302734375,215.805908203125,-1,-1,-1,-1
145,8,587.2810668945312,571.5390625,100.3985595703125,216.874267578125,-1,-1,-1,-1
146,8,583.0406494140625,576.1429443359375,92.56036376953125,218.1197509765625,-1,-1,-1,-1
147,8,577.3363037109375,578.6485595703125,91.5950927734375,219.6585693359375,-1,-1,-1,-1
148,8,578.6277465820312,578.6235961914062,88.3743896484375,217.8668212890625,-1,-1,-1,-1
149,8,586.59375,572.1162719726562,85.748779296875,218.45123291015625,-1,-1,-1,-1
150,8,599.5493774414062,567.6525268554688,83.97406005859375,215.77008056640625,-1,-1,-1,-1
151,8,615.8602905273438,568.4314575195312,82.3349609375,213.74322509765625,-1,-1,-1,-1
152,8,628.103759765625,572.6610107421875,80.3594970703125,211.839111328125,-1,-1,-1,-1
153,8,634.9912109375,577.7738037109375,79.9349365234375,209.90399169921875,-1,-1,-1,-1
154,8,639.1111450195312,578.9003295898438,82.4918212890625,211.11749267578125,-1,-1,-1,-1
155,8,641.987060546875,579.4805908203125,85.86279296875,209.5181884765625,-1,-1,-1,-1
156,8,644.1112060546875,574.1876831054688,90.2052001953125,206.9808349609375,-1,-1,-1,-1
157,8,644.1851806640625,560.325927734375,96.9937744140625,208.26727294921875,-1,-1,-1,-1
158,8,645.085693359375,552.543212890625,87.31121826171875,207.55438232421875,-1,-1,-1,-1
159,8,648.0045166015625,557.301025390625,85.98870849609375,206.34710693359375,-1,-1,-1,-1
160,8,650.2744140625,569.5065307617188,89.57086181640625,203.7176513671875,-1,-1,-1,-1
161,8,653.638427734375,587.0798950195312,84.65374755859375,199.2806396484375,-1,-1,-1,-1
162,8,652.1240844726562,600.7073974609375,84.073486328125,195.804931640625,-1,-1,-1,-1
163,8,653.3951416015625,609.4743041992188,83.55194091796875,193.62615966796875,-1,-1,-1,-1
164,8,650.3455200195312,609.055419921875,90.24884033203125,193.43902587890625,-1,-1,-1,-1
165,8,645.2996215820312,600.3986206054688,83.27862548828125,190.97821044921875,-1,-1,-1,-1
166,8,640.7176513671875,583.752197265625,84.0831298828125,193.43408203125,-1,-1,-1,-1
167,8,639.739501953125,574.9530029296875,84.41705322265625,193.431640625,-1,-1,-1,-1
168,8,635.6802368164062,577.5787963867188,80.06182861328125,194.17071533203125,-1,-1,-1,-1
169,8,634.7800903320312,583.9727783203125,82.23895263671875,195.4285888671875,-1,-1,-1,-1
170,8,634.361572265625,589.3549194335938,78.42303466796875,193.13812255859375,-1,-1,-1,-1
171,8,629.4501342773438,589.3068237304688,75.85528564453125,193.19732666015625,-1,-1,-1,-1
172,8,624.9237670898438,581.531005859375,72.30517578125,195.33831787109375,-1,-1,-1,-1
173,8,620.477294921875,572.3097534179688,69.042724609375,197.33062744140625,-1,-1,-1,-1
174,8,617.07080078125,566.4736938476562,67.29803466796875,197.18804931640625,-1,-1,-1,-1
175,8,615.1016845703125,567.9057006835938,66.59228515625,197.38507080078125,-1,-1,-1,-1
176,8,614.753662109375,574.0095825195312,64.94464111328125,195.89239501953125,-1,-1,-1,-1
177,8,614.7073974609375,577.6831665039062,64.941162109375,194.73089599609375,-1,-1,-1,-1
178,8,614.3761596679688,578.3894653320312,64.8287353515625,193.674560546875,-1,-1,-1,-1
179,8,613.3329467773438,575.563720703125,64.60260009765625,193.67144775390625,-1,-1,-1,-1
180,8,611.2227172851562,572.8238525390625,65.5677490234375,195.7974853515625,-1,-1,-1,-1
181,8,611.1591186523438,572.8661499023438,65.7144775390625,195.05322265625,-1,-1,-1,-1
182,8,612.9011840820312,575.4382934570312,67.0714111328125,194.15716552734375,-1,-1,-1,-1
183,8,613.8552856445312,576.3416137695312,71.2271728515625,193.9293212890625,-1,-1,-1,-1
184,8,620.7213745117188,575.7872314453125,70.6351318359375,194.70550537109375,-1,-1,-1,-1
185,8,624.2613525390625,575.99267578125,69.75616455078125,194.98681640625,-1,-1,-1,-1
186,8,624.884033203125,579.3549194335938,70.77294921875,196.13128662109375,-1,-1,-1,-1
187,8,627.2466430664062,583.9057006835938,71.40753173828125,194.401123046875,-1,-1,-1,-1
188,8,628.6906127929688,585.6171875,74.92462158203125,194.87811279296875,-1,-1,-1,-1
189,8,633.976318359375,586.93603515625,74.4066162109375,194.5504150390625,-1,-1,-1,-1
190,8,638.1266479492188,586.8165283203125,74.8851318359375,195.4207763671875,-1,-1,-1,-1
191,8,638.9713745117188,588.423828125,75.87298583984375,194.5772705078125,-1,-1,-1,-1
192,8,639.9581298828125,589.3670043945312,76.17462158203125,195.21832275390625,-1,-1,-1,-1
193,8,639.6472778320312,590.4600830078125,76.74139404296875,194.47637939453125,-1,-1,-1,-1
194,8,643.6477661132812,590.8779296875,75.32635498046875,192.73052978515625,-1,-1,-1,-1
195,8,646.615966796875,591.4345703125,75.0787353515625,191.80914306640625,-1,-1,-1,-1
196,8,648.1434326171875,592.6761474609375,96.311767578125,191.69903564453125,-1,-1,-1,-1
197,8,644.790283203125,594.4441528320312,102.36474609375,192.02459716796875,-1,-1,-1,-1
198,8,642.81103515625,594.6331176757812,94.0830078125,190.9405517578125,-1,-1,-1,-1
199,8,645.5870971679688,595.1340942382812,87.0802001953125,189.91424560546875,-1,-1,-1,-1
200,8,647.7236328125,594.9295654296875,79.5223388671875,190.2420654296875,-1,-1,-1,-1
201,8,647.6305541992188,594.1771240234375,77.131591796875,190.0687255859375,-1,-1,-1,-1
202,8,646.383056640625,594.3955078125,76.10284423828125,189.2431640625,-1,-1,-1,-1
203,8,647.8707275390625,595.3032836914062,72.4517822265625,187.07501220703125,-1,-1,-1,-1
204,8,648.3453369140625,596.7470092773438,69.920166015625,183.885009765625,-1,-1,-1,-1
205,8,648.039794921875,597.2067260742188,70.2476806640625,183.58795166015625,-1,-1,-1,-1
206,8,648.4556274414062,597.9389038085938,71.252685546875,183.33251953125,-1,-1,-1,-1
207,8,647.5610961914062,599.4683837890625,72.78021240234375,182.24163818359375,-1,-1,-1,-1
208,8,648.4423828125,600.3114013671875,74.05963134765625,182.49169921875,-1,-1,-1,-1
209,8,648.2373046875,602.259765625,75.1136474609375,180.5260009765625,-1,-1,-1,-1
210,8,645.67431640625,604.9935302734375,77.21661376953125,181.45294189453125,-1,-1,-1,-1
211,8,645.9617919921875,607.6591796875,74.765380859375,178.65484619140625,-1,-1,-1,-1
212,8,648.4207153320312,610.5729370117188,72.90814208984375,175.902099609375,-1,-1,-1,-1
213,8,653.083984375,613.1094970703125,70.96539306640625,172.8526611328125,-1,-1,-1,-1
214,8,656.1107788085938,615.5325317382812,68.49224853515625,170.65289306640625,-1,-1,-1,-1
215,8,653.614501953125,616.6737670898438,71.13934326171875,170.93389892578125,-1,-1,-1,-1
216,8,650.6707153320312,616.748046875,73.81854248046875,170.77783203125,-1,-1,-1,-1
217,8,651.6219482421875,616.5839233398438,73.111328125,168.94512939453125,-1,-1,-1,-1
218,8,650.1153564453125,615.3192138671875,74.43572998046875,167.95867919921875,-1,-1,-1,-1
219,8,648.9347534179688,613.1112670898438,73.9493408203125,166.3397216796875,-1,-1,-1,-1
220,8,647.6780395507812,612.8820190429688,74.42132568359375,167.69293212890625,-1,-1,-1,-1
221,8,645.814208984375,614.409423828125,74.93841552734375,167.19683837890625,-1,-1,-1,-1
222,8,640.7162475585938,616.308837890625,80.10125732421875,165.605712890625,-1,-1,-1,-1
223,8,641.8331298828125,619.0341186523438,77.82958984375,163.2803955078125,-1,-1,-1,-1
224,8,640.817138671875,621.7717895507812,77.9334716796875,162.57183837890625,-1,-1,-1,-1
225,8,637.3912963867188,622.2981567382812,78.94921875,161.58978271484375,-1,-1,-1,-1
226,8,636.1596069335938,622.050537109375,80.1146240234375,158.907470703125,-1,-1,-1,-1
227,8,637.7361450195312,622.0137939453125,78.48931884765625,157.95684814453125,-1,-1,-1,-1
228,8,638.3665771484375,623.0225219726562,78.54351806640625,157.22271728515625,-1,-1,-1,-1
229,8,637.3357543945312,623.0896606445312,78.73297119140625,157.4013671875,-1,-1,-1,-1
230,8,635.0555419921875,622.240966796875,77.666748046875,157.69903564453125,-1,-1,-1,-1
231,8,634.7565307617188,621.0706176757812,77.0198974609375,158.47601318359375,-1,-1,-1,-1
232,8,634.2251586914062,619.5294799804688,77.25518798828125,158.03802490234375,-1,-1,-1,-1
233,8,635.2373657226562,617.56787109375,75.15533447265625,156.5684814453125,-1,-1,-1,-1
234,8,634.9920043945312,615.5645751953125,74.86773681640625,157.01812744140625,-1,-1,-1,-1
235,8,635.86865234375,614.9110717773438,73.6900634765625,155.1253662109375,-1,-1,-1,-1
236,8,636.37548828125,614.22021484375,74.26361083984375,156.2982177734375,-1,-1,-1,-1
237,8,638.6629028320312,612.4888916015625,73.52459716796875,157.36529541015625,-1,-1,-1,-1
238,8,638.4602661132812,611.0621948242188,75.6427001953125,157.49176025390625,-1,-1,-1,-1
239,8,638.6231689453125,611.5582885742188,77.734130859375,159.01190185546875,-1,-1,-1,-1
240,8,639.5722045898438,614.074462890625,78.03045654296875,157.13336181640625,-1,-1,-1,-1
241,8,641.052490234375,617.3804321289062,77.37890625,155.0426025390625,-1,-1,-1,-1
242,8,642.9019165039062,619.2012329101562,76.4566650390625,153.16217041015625,-1,-1,-1,-1
243,8,643.572021484375,619.8092041015625,76.40264892578125,153.434814453125,-1,-1,-1,-1
244,8,643.64013671875,620.7763671875,77.14263916015625,152.56756591796875,-1,-1,-1,-1
245,8,644.399658203125,621.4352416992188,77.252197265625,153.23590087890625,-1,-1,-1,-1
246,8,646.8278198242188,621.773193359375,76.43756103515625,155.2015380859375,-1,-1,-1,-1
247,8,647.1485595703125,621.1480102539062,76.37579345703125,154.42340087890625,-1,-1,-1,-1
248,8,647.658203125,621.2530517578125,76.74072265625,151.90557861328125,-1,-1,-1,-1
249,8,647.281494140625,620.7686767578125,76.2528076171875,149.65069580078125,-1,-1,-1,-1
250,8,649.5599365234375,621.446533203125,73.77667236328125,150.11376953125,-1,-1,-1,-1
251,8,651.71826171875,622.3242797851562,73.5977783203125,148.5653076171875,-1,-1,-1,-1
252,8,650.8834838867188,622.7251586914062,74.72979736328125,147.7275390625,-1,-1,-1,-1
253,8,652.8737182617188,622.4820556640625,76.81072998046875,156.42047119140625,-1,-1,-1,-1
254,8,652.38525390625,621.3331298828125,80.483642578125,163.67120361328125,-1,-1,-1,-1
255,8,652.43408203125,619.9592895507812,78.61273193359375,162.58526611328125,-1,-1,-1,-1
256,8,653.3381958007812,619.3778686523438,73.55084228515625,151.712890625,-1,-1,-1,-1
257,8,652.7311401367188,617.7412109375,71.8785400390625,151.48052978515625,-1,-1,-1,-1
258,8,650.10400390625,613.5021362304688,70.9600830078125,157.35443115234375,-1,-1,-1,-1
259,8,650.1142578125,613.98388671875,67.455810546875,157.0570068359375,-1,-1,-1,-1
260,8,652.5606689453125,613.554931640625,66.8323974609375,156.1026611328125,-1,-1,-1,-1
261,8,652.4161376953125,615.6183471679688,68.54974365234375,161.88323974609375,-1,-1,-1,-1
262,8,652.1991577148438,617.1505737304688,76.04595947265625,175.84027099609375,-1,-1,-1,-1
263,8,653.427734375,616.5933227539062,74.016845703125,180.6273193359375,-1,-1,-1,-1
264,8,651.0951538085938,616.4065551757812,72.13287353515625,176.3394775390625,-1,-1,-1,-1
265,8,649.185791015625,618.8011474609375,73.05780029296875,163.786865234375,-1,-1,-1,-1
266,8,650.271728515625,620.3658447265625,70.4808349609375,161.71209716796875,-1,-1,-1,-1
267,8,647.6257934570312,621.0693359375,71.412353515625,160.628173828125,-1,-1,-1,-1
268,8,648.2142333984375,621.5680541992188,68.52593994140625,158.48944091796875,-1,-1,-1,-1
269,8,647.07861328125,622.4367065429688,67.79595947265625,155.34869384765625,-1,-1,-1,-1
270,8,642.1618041992188,623.0971069335938,69.280517578125,148.0506591796875,-1,-1,-1,-1
271,8,639.4119262695312,622.2288208007812,70.806396484375,149.88690185546875,-1,-1,-1,-1
272,8,638.607666015625,622.2400512695312,73.65057373046875,151.98736572265625,-1,-1,-1,-1
273,8,637.0086059570312,622.2960205078125,71.50927734375,152.84381103515625,-1,-1,-1,-1
274,8,631.1220092773438,622.7825317382812,69.654541015625,151.41937255859375,-1,-1,-1,-1
275,8,631.8435668945312,623.0673217773438,67.41650390625,151.33807373046875,-1,-1,-1,-1
276,8,632.211669921875,622.874267578125,71.31512451171875,149.72259521484375,-1,-1,-1,-1
277,8,632.0126953125,622.4169311523438,76.03192138671875,151.20184326171875,-1,-1,-1,-1
278,8,631.2295532226562,622.0552978515625,80.57568359375,149.80078125,-1,-1,-1,-1
279,8,634.666259765625,622.0410766601562,83.060791015625,149.21563720703125,-1,-1,-1,-1
280,8,635.2752075195312,621.4168701171875,80.5919189453125,148.73858642578125,-1,-1,-1,-1
281,8,634.475830078125,621.2557983398438,69.28094482421875,148.23956298828125,-1,-1,-1,-1
282,8,635.610107421875,622.460205078125,68.52655029296875,147.08660888671875,-1,-1,-1,-1
283,8,636.2348022460938,623.3786010742188,69.3675537109375,146.73565673828125,-1,-1,-1,-1
284,8,636.8143310546875,624.0224609375,92.6627197265625,144.77703857421875,-1,-1,-1,-1
285,8,632.6903686523438,625.0104370117188,91.56103515625,145.26495361328125,-1,-1,-1,-1
286,8,632.3563232421875,624.0925903320312,91.86920166015625,144.45489501953125,-1,-1,-1,-1
287,8,626.6259765625,625.5907592773438,78.18731689453125,144.51910400390625,-1,-1,-1,-1
288,8,628.9037475585938,624.385009765625,94.14984130859375,147.22467041015625,-1,-1,-1,-1
289,8,634.85400390625,623.5938720703125,90.9346923828125,149.32952880859375,-1,-1,-1,-1
290,8,641.3460693359375,622.129150390625,94.19512939453125,156.1754150390625,-1,-1,-1,-1
291,8,628.1011962890625,616.497314453125,88.4029541015625,154.7169189453125,-1,-1,-1,-1
292,8,626.9308471679688,613.9915771484375,77.07049560546875,155.6829833984375,-1,-1,-1,-1
293,8,625.8233032226562,611.6174926757812,73.33380126953125,153.4847412109375,-1,-1,-1,-1
294,8,625.3446655273438,612.3596801757812,72.41387939453125,151.52825927734375,-1,-1,-1,-1
295,8,622.5165405273438,611.6034545898438,68.947021484375,150.69415283203125,-1,-1,-1,-1
296,8,623.4172973632812,609.93896484375,68.7142333984375,151.73443603515625,-1,-1,-1,-1
297,8,623.232666015625,609.2699584960938,65.55645751953125,151.591796875,-1,-1,-1,-1
298,8,622.716552734375,607.4590454101562,60.4171142578125,150.24615478515625,-1,-1,-1,-1
299,8,618.8817138671875,607.301513671875,66.66180419921875,148.45074462890625,-1,-1,-1,-1
300,8,615.9767456054688,607.2906494140625,68.07916259765625,146.5855712890625,-1,-1,-1,-1
301,8,615.0333251953125,607.8501586914062,74.667236328125,145.45062255859375,-1,-1,-1,-1
302,8,615.54248046875,608.1690673828125,76.4664306640625,146.18536376953125,-1,-1,-1,-1
303,8,614.680419921875,608.265625,74.442626953125,146.2215576171875,-1,-1,-1,-1
304,8,614.3895874023438,608.1427001953125,68.10577392578125,146.68707275390625,-1,-1,-1,-1
305,8,616.1829223632812,607.7877197265625,66.99639892578125,147.90252685546875,-1,-1,-1,-1
306,8,614.4522094726562,608.6276245117188,71.798828125,149.79150390625,-1,-1,-1,-1
307,8,615.84375,610.7511596679688,74.1024169921875,147.67022705078125,-1,-1,-1,-1
308,8,614.9950561523438,612.7550048828125,72.475830078125,146.8118896484375,-1,-1,-1,-1
309,8,613.94287109375,614.8040771484375,66.4114990234375,145.50079345703125,-1,-1,-1,-1
310,8,613.7904663085938,615.810791015625,63.11492919921875,145.2733154296875,-1,-1,-1,-1
311,8,613.8554077148438,617.0227661132812,62.05596923828125,145.29180908203125,-1,-1,-1,-1
69,9,149.3278350830078,669.7849731445312,100.75862121582031,144.29998779296875,-1,-1,-1,-1
70,9,306.8974304199219,664.1261596679688,86.66448974609375,131.56390380859375,-1,-1,-1,-1
71,9,394.5606689453125,664.9782104492188,76.57305908203125,129.37957763671875,-1,-1,-1,-1
72,9,432.5851745605469,667.2197875976562,66.98330688476562,130.24169921875,-1,-1,-1,-1
73,9,448.8125,671.0506591796875,62.77337646484375,130.0767822265625,-1,-1,-1,-1
74,9,467.0794372558594,672.325439453125,59.582794189453125,130.329833984375,-1,-1,-1,-1
75,9,494.5986328125,673.9759521484375,52.8377685546875,129.23944091796875,-1,-1,-1,-1
76,9,526.6075439453125,674.1482543945312,54.51953125,128.06500244140625,-1,-1,-1,-1
77,9,567.0294799804688,672.8430786132812,50.0,126.43096923828125,-1,-1,-1,-1
78,9,594.5302734375,670.1260375976562,49.71630859375,124.8564453125,-1,-1,-1,-1
79,9,608.2374877929688,665.7986450195312,50.26214599609375,127.20025634765625,-1,-1,-1,-1
80,9,617.3464965820312,663.0777587890625,46.539794921875,125.84100341796875,-1,-1,-1,-1
81,9,622.87255859375,657.1941528320312,45.5556640625,126.11944580078125,-1,-1,-1,-1
82,9,624.5667114257812,651.623779296875,45.4261474609375,128.6668701171875,-1,-1,-1,-1
83,9,622.0931396484375,651.291015625,49.56231689453125,129.21722412109375,-1,-1,-1,-1
84,9,623.928466796875,650.255615234375,47.10589599609375,128.17779541015625,-1,-1,-1,-1
85,9,625.7179565429688,647.122314453125,47.99005126953125,128.1641845703125,-1,-1,-1,-1
86,9,632.332275390625,643.2101440429688,44.69244384765625,126.95086669921875,-1,-1,-1,-1
87,9,635.0142822265625,643.3468017578125,44.91058349609375,127.7425537109375,-1,-1,-1,-1
88,9,635.6821899414062,648.638916015625,44.015869140625,128.49859619140625,-1,-1,-1,-1
89,9,637.496337890625,650.794921875,44.1556396484375,128.9547119140625,-1,-1,-1,-1
90,9,637.6383666992188,652.519775390625,46.2567138671875,127.23968505859375,-1,-1,-1,-1
91,9,634.3436279296875,652.83056640625,51.63751220703125,127.94677734375,-1,-1,-1,-1
92,9,637.61572265625,653.0630493164062,49.96783447265625,127.3984375,-1,-1,-1,-1
93,9,637.7615966796875,652.3563842773438,50.56524658203125,127.93060302734375,-1,-1,-1,-1
94,9,637.9481201171875,651.0423583984375,52.38812255859375,128.89630126953125,-1,-1,-1,-1
95,9,640.05322265625,650.4110107421875,51.9979248046875,129.208984375,-1,-1,-1,-1
96,9,640.276123046875,650.633056640625,51.88262939453125,128.51043701171875,-1,-1,-1,-1
97,9,642.7967529296875,651.8359375,49.65155029296875,128.05560302734375,-1,-1,-1,-1
98,9,642.2896118164062,652.2913818359375,51.4869384765625,128.97784423828125,-1,-1,-1,-1
99,9,643.6530151367188,656.1190795898438,51.243896484375,126.33892822265625,-1,-1,-1,-1
100,9,641.866455078125,660.5825805664062,53.28485107421875,125.33056640625,-1,-1,-1,-1
101,9,644.2767333984375,662.6957397460938,50.943115234375,126.6611328125,-1,-1,-1,-1
102,9,644.522216796875,664.2964477539062,51.39727783203125,127.93756103515625,-1,-1,-1,-1
103,9,645.1868896484375,665.8391723632812,51.4588623046875,127.5863037109375,-1,-1,-1,-1
104,9,648.658447265625,666.5303344726562,49.86480712890625,127.3985595703125,-1,-1,-1,-1
105,9,649.6708984375,666.3041381835938,48.6480712890625,127.61663818359375,-1,-1,-1,-1
106,9,649.2847290039062,666.1693725585938,48.61920166015625,128.54583740234375,-1,-1,-1,-1
107,9,648.6753540039062,665.4188232421875,48.3050537109375,128.89044189453125,-1,-1,-1,-1
108,9,646.8160400390625,666.86865234375,50.20257568359375,128.2308349609375,-1,-1,-1,-1
109,9,650.1837768554688,673.0569458007812,47.6361083984375,125.85723876953125,-1,-1,-1,-1
110,9,647.1611938476562,680.999267578125,50.50726318359375,127.400146484375,-1,-1,-1,-1
111,9,643.6414794921875,691.3641967773438,50.185302734375,128.72589111328125,-1,-1,-1,-1
112,9,638.1578979492188,698.73876953125,46.40093994140625,127.05743408203125,-1,-1,-1,-1
113,9,625.0594482421875,697.7698974609375,47.2911376953125,125.9105224609375,-1,-1,-1,-1
114,9,610.0916748046875,684.6498413085938,48.363037109375,126.2073974609375,-1,-1,-1,-1
115,9,597.2227783203125,663.5713500976562,45.293212890625,128.35089111328125,-1,-1,-1,-1
116,9,580.847900390625,643.497802734375,45.49810791015625,127.6007080078125,-1,-1,-1,-1
117,9,566.7769775390625,631.3663940429688,45.1383056640625,128.33624267578125,-1,-1,-1,-1
118,9,553.6718139648438,624.5978393554688,44.253173828125,129.76165771484375,-1,-1,-1,-1
119,9,541.8973999023438,624.5296630859375,43.835205078125,130.2159423828125,-1,-1,-1,-1
120,9,530.2890014648438,627.1182861328125,44.6290283203125,131.80126953125,-1,-1,-1,-1
121,9,519.9752807617188,632.1512451171875,45.11505126953125,132.2572021484375,-1,-1,-1,-1
122,9,513.4452514648438,632.796630859375,43.91461181640625,132.13616943359375,-1,-1,-1,-1
123,9,509.235595703125,626.2289428710938,45.59771728515625,130.52288818359375,-1,-1,-1,-1
124,9,504.84906005859375,614.2446899414062,45.794677734375,130.960693359375,-1,-1,-1,-1
125,9,498.4574890136719,594.76416015625,47.925506591796875,132.38458251953125,-1,-1,-1,-1
126,9,493.9796142578125,579.1295776367188,46.89288330078125,134.11309814453125,-1,-1,-1,-1
127,9,488.7437438964844,568.7579956054688,46.196075439453125,132.0670166015625,-1,-1,-1,-1
128,9,482.7302551269531,567.0249633789062,48.456146240234375,131.5672607421875,-1,-1,-1,-1
129,9,481.6654052734375,570.7799072265625,47.71466064453125,134.745849609375,-1,-1,-1,-1
130,9,480.58404541015625,579.2291259765625,47.50726318359375,133.30841064453125,-1,-1,-1,-1
131,9,479.2593994140625,585.9874877929688,47.47906494140625,133.739501953125,-1,-1,-1,-1
132,9,474.9310302734375,591.2794189453125,48.528564453125,133.01861572265625,-1,-1,-1,-1
133,9,470.4061584472656,589.9127197265625,48.769134521484375,133.9649658203125,-1,-1,-1,-1
134,9,466.2408142089844,579.6823120117188,47.680267333984375,136.042236328125,-1,-1,-1,-1
135,9,465.7733154296875,568.8302612304688,46.26751708984375,136.2747802734375,-1,-1,-1,-1
136,9,464.11761474609375,564.0226440429688,47.321990966796875,135.7564697265625,-1,-1,-1,-1
137,9,465.3450622558594,566.1461791992188,46.054931640625,133.59295654296875,-1,-1,-1,-1
138,9,459.70233154296875,574.0017700195312,48.663238525390625,136.42901611328125,-1,-1,-1,-1
139,9,451.79132080078125,578.9603881835938,49.78338623046875,134.66070556640625,-1,-1,-1,-1
140,9,441.7105712890625,577.2574462890625,51.17425537109375,134.8592529296875,-1,-1,-1,-1
141,9,434.853271484375,566.6090087890625,51.611572265625,139.46331787109375,-1,-1,-1,-1
142,9,428.1407165527344,556.6793212890625,50.363555908203125,139.8363037109375,-1,-1,-1,-1
143,9,423.0599060058594,544.03173828125,49.728179931640625,141.21337890625,-1,-1,-1,-1
144,9,414.88238525390625,540.1077880859375,51.063720703125,142.63507080078125,-1,-1,-1,-1
145,9,409.8038330078125,542.4047241210938,52.100189208984375,141.73394775390625,-1,-1,-1,-1
146,9,405.5098571777344,548.97998046875,51.740142822265625,137.310791015625,-1,-1,-1,-1
147,9,403.0738525390625,552.3992309570312,51.8521728515625,139.9898681640625,-1,-1,-1,-1
148,9,404.8650817871094,550.7282104492188,54.228729248046875,143.34808349609375,-1,-1,-1,-1
149,9,415.2445983886719,544.218017578125,51.796112060546875,140.58270263671875,-1,-1,-1,-1
150,9,430.9786376953125,541.9336547851562,50.286651611328125,138.3291015625,-1,-1,-1,-1
151,9,450.07891845703125,544.6270751953125,49.37615966796875,138.79205322265625,-1,-1,-1,-1
152,9,463.8836364746094,551.7963256835938,47.874114990234375,136.20147705078125,-1,-1,-1,-1
153,9,470.9381103515625,558.7737426757812,48.65155029296875,137.41009521484375,-1,-1,-1,-1
154,9,476.43133544921875,562.8394775390625,48.23687744140625,135.2828369140625,-1,-1,-1,-1
155,9,479.8138427734375,564.7918090820312,48.0689697265625,134.0517578125,-1,-1,-1,-1
156,9,483.67181396484375,561.4935913085938,46.9530029296875,135.06573486328125,-1,-1,-1,-1
157,9,483.6684265136719,548.4362182617188,47.808258056640625,135.77886962890625,-1,-1,-1,-1
158,9,484.194580078125,538.807373046875,47.2738037109375,136.055908203125,-1,-1,-1,-1
159,9,485.2947692871094,542.9061279296875,47.494293212890625,136.6492919921875,-1,-1,-1,-1
160,9,486.8211364746094,553.7477416992188,47.079681396484375,133.359619140625,-1,-1,-1,-1
161,9,487.0079345703125,565.6558227539062,48.91485595703125,133.50994873046875,-1,-1,-1,-1
162,9,487.8089904785156,577.1337890625,49.447601318359375,134.55804443359375,-1,-1,-1,-1
163,9,486.9925842285156,583.6679077148438,47.540679931640625,130.9083251953125,-1,-1,-1,-1
164,9,484.74920654296875,582.191650390625,47.66766357421875,130.90802001953125,-1,-1,-1,-1
165,9,480.1692810058594,569.4505615234375,47.651153564453125,137.110107421875,-1,-1,-1,-1
166,9,473.99493408203125,554.447509765625,47.53253173828125,135.9351806640625,-1,-1,-1,-1
167,9,470.94232177734375,546.0213623046875,49.93304443359375,137.957763671875,-1,-1,-1,-1
168,9,468.087646484375,550.1213989257812,48.71875,134.18719482421875,-1,-1,-1,-1
169,9,465.71685791015625,557.392333984375,48.23699951171875,138.43255615234375,-1,-1,-1,-1
170,9,461.0665283203125,564.7809448242188,48.70269775390625,135.45770263671875,-1,-1,-1,-1
171,9,457.5520324707031,566.7169799804688,48.170196533203125,135.35882568359375,-1,-1,-1,-1
172,9,451.9421691894531,563.2725219726562,47.85809326171875,136.22265625,-1,-1,-1,-1
173,9,445.75177001953125,555.1484375,48.414276123046875,136.887451171875,-1,-1,-1,-1
174,9,442.921630859375,551.5887451171875,47.6407470703125,135.30657958984375,-1,-1,-1,-1
175,9,440.6317138671875,553.7801513671875,49.1064453125,141.64349365234375,-1,-1,-1,-1
176,9,441.0294494628906,559.7159423828125,49.95391845703125,138.12408447265625,-1,-1,-1,-1
177,9,441.88604736328125,563.36669921875,49.5155029296875,135.7332763671875,-1,-1,-1,-1
178,9,441.58392333984375,563.3804321289062,49.61077880859375,135.65087890625,-1,-1,-1,-1
179,9,440.01385498046875,560.09130859375,48.447662353515625,137.90301513671875,-1,-1,-1,-1
180,9,437.5894470214844,558.5224609375,48.030975341796875,138.725830078125,-1,-1,-1,-1
181,9,437.4186096191406,557.1583251953125,48.783172607421875,138.82940673828125,-1,-1,-1,-1
182,9,440.4989318847656,557.3013305664062,48.48895263671875,137.28521728515625,-1,-1,-1,-1
183,9,442.5802001953125,556.3915405273438,51.17816162109375,138.83154296875,-1,-1,-1,-1
184,9,450.3147277832031,553.4465942382812,49.076934814453125,136.216796875,-1,-1,-1,-1
185,9,453.1951599121094,553.2839965820312,50.057952880859375,135.69451904296875,-1,-1,-1,-1
186,9,454.238037109375,556.8839111328125,49.8720703125,136.8763427734375,-1,-1,-1,-1
187,9,457.41558837890625,560.4066162109375,49.25238037109375,136.04852294921875,-1,-1,-1,-1
188,9,461.076904296875,560.6407470703125,49.218231201171875,136.37628173828125,-1,-1,-1,-1
189,9,466.3854675292969,561.29443359375,48.089874267578125,135.59552001953125,-1,-1,-1,-1
190,9,469.76556396484375,561.959228515625,49.50390625,135.35321044921875,-1,-1,-1,-1
191,9,471.20001220703125,563.4638061523438,48.29718017578125,134.59136962890625,-1,-1,-1,-1
192,9,470.2206726074219,564.746337890625,48.395721435546875,133.92901611328125,-1,-1,-1,-1
193,9,470.34698486328125,565.0984497070312,47.61212158203125,133.5875244140625,-1,-1,-1,-1
194,9,471.7252502441406,563.7819213867188,47.916534423828125,133.87591552734375,-1,-1,-1,-1
195,9,473.1983337402344,563.4269409179688,48.193450927734375,133.62347412109375,-1,-1,-1,-1
196,9,471.71795654296875,565.3084106445312,48.67388916015625,132.5394287109375,-1,-1,-1,-1
197,9,468.54327392578125,566.3392944335938,48.3004150390625,132.04840087890625,-1,-1,-1,-1
198,9,467.41265869140625,566.2338256835938,47.6549072265625,133.47576904296875,-1,-1,-1,-1
199,9,466.35211181640625,565.987548828125,47.90179443359375,133.4229736328125,-1,-1,-1,-1
200,9,466.3228759765625,565.5353393554688,47.69366455078125,133.85284423828125,-1,-1,-1,-1
201,9,463.51800537109375,564.0448608398438,49.926971435546875,135.5313720703125,-1,-1,-1,-1
202,9,463.299560546875,563.3960571289062,49.02178955078125,134.61712646484375,-1,-1,-1,-1
203,9,462.54266357421875,563.959716796875,49.185089111328125,134.6627197265625,-1,-1,-1,-1
204,9,463.05792236328125,564.9912109375,48.872802734375,134.47357177734375,-1,-1,-1,-1
205,9,465.6086730957031,565.44580078125,47.219757080078125,133.95989990234375,-1,-1,-1,-1
206,9,466.4845886230469,565.7916870117188,47.102935791015625,133.54351806640625,-1,-1,-1,-1
207,9,467.4054260253906,566.8571166992188,47.179229736328125,132.1943359375,-1,-1,-1,-1
208,9,468.45867919921875,567.9594116210938,46.70989990234375,132.5784912109375,-1,-1,-1,-1
209,9,467.64044189453125,569.078857421875,47.9124755859375,134.643798828125,-1,-1,-1,-1
210,9,465.72760009765625,569.2236328125,49.0655517578125,137.4420166015625,-1,-1,-1,-1
211,9,466.26470947265625,569.7052001953125,48.701171875,137.10040283203125,-1,-1,-1,-1
212,9,468.3102111816406,569.5687255859375,49.647857666015625,136.32366943359375,-1,-1,-1,-1
213,9,470.06878662109375,569.5515747070312,49.47003173828125,136.28753662109375,-1,-1,-1,-1
214,9,470.05731201171875,570.8941040039062,49.9429931640625,136.3531494140625,-1,-1,-1,-1
215,9,470.704345703125,572.1874389648438,49.82086181640625,136.47711181640625,-1,-1,-1,-1
216,9,471.1409912109375,572.8180541992188,49.2386474609375,136.6109619140625,-1,-1,-1,-1
217,9,470.14996337890625,572.9674072265625,49.8856201171875,136.800048828125,-1,-1,-1,-1
218,9,469.79052734375,572.517333984375,49.6370849609375,136.68023681640625,-1,-1,-1,-1
219,9,467.55499267578125,571.0960083007812,50.88006591796875,138.07025146484375,-1,-1,-1,-1
220,9,466.772705078125,572.4602661132812,48.875244140625,136.497802734375,-1,-1,-1,-1
221,9,464.9806823730469,574.7280883789062,49.069122314453125,135.85687255859375,-1,-1,-1,-1
222,9,463.8101501464844,576.3926391601562,50.203338623046875,134.908447265625,-1,-1,-1,-1
223,9,460.5350036621094,577.4821166992188,52.930999755859375,135.20318603515625,-1,-1,-1,-1
224,9,459.2856750488281,578.1312255859375,52.85003662109375,134.6944580078125,-1,-1,-1,-1
225,9,457.9796142578125,576.4227905273438,51.775054931640625,133.97259521484375,-1,-1,-1,-1
226,9,457.8930969238281,574.0422973632812,51.179107666015625,134.56573486328125,-1,-1,-1,-1
227,9,458.10333251953125,572.7472534179688,50.764007568359375,134.44610595703125,-1,-1,-1,-1
228,9,457.9693908691406,573.5924072265625,50.22833251953125,133.1697998046875,-1,-1,-1,-1
229,9,457.5766296386719,574.1673583984375,50.375213623046875,132.6533203125,-1,-1,-1,-1
230,9,456.7425537109375,574.2785034179688,51.602752685546875,133.83148193359375,-1,-1,-1,-1
231,9,457.6772766113281,574.0098266601562,51.67401123046875,131.41070556640625,-1,-1,-1,-1
232,9,457.3544921875,574.2847290039062,53.603057861328125,132.233154296875,-1,-1,-1,-1
233,9,457.6166076660156,573.912353515625,53.6510009765625,131.10235595703125,-1,-1,-1,-1
234,9,458.0980224609375,574.3423461914062,55.14263916015625,130.9296875,-1,-1,-1,-1
235,9,458.00927734375,575.0066528320312,57.90496826171875,131.16796875,-1,-1,-1,-1
236,9,458.90576171875,576.416748046875,59.99249267578125,129.96612548828125,-1,-1,-1,-1
237,9,461.434326171875,577.4188232421875,60.91192626953125,128.70562744140625,-1,-1,-1,-1
238,9,464.7468566894531,578.6951904296875,61.314056396484375,126.4945068359375,-1,-1,-1,-1
239,9,467.1161804199219,579.2598266601562,62.344635009765625,128.57568359375,-1,-1,-1,-1
240,9,468.4985656738281,580.2987060546875,65.21615600585938,127.8260498046875,-1,-1,-1,-1
241,9,466.0110778808594,581.9572143554688,68.67672729492188,128.14019775390625,-1,-1,-1,-1
242,9,467.3244934082031,583.2855224609375,70.28939819335938,127.4483642578125,-1,-1,-1,-1
243,9,468.12579345703125,584.083740234375,71.6041259765625,125.891357421875,-1,-1,-1,-1
244,9,470.18096923828125,584.8013916015625,74.1629638671875,124.56915283203125,-1,-1,-1,-1
245,9,470.6314392089844,586.217041015625,77.17758178710938,123.19854736328125,-1,-1,-1,-1
246,9,471.79425048828125,587.5706176757812,80.1466064453125,122.23443603515625,-1,-1,-1,-1
247,9,471.85345458984375,588.062744140625,80.12823486328125,121.554443359375,-1,-1,-1,-1
248,9,472.7149658203125,588.7319946289062,79.37451171875,120.6900634765625,-1,-1,-1,-1
249,9,473.4680480957031,589.71044921875,78.48214721679688,119.87835693359375,-1,-1,-1,-1
250,9,474.59674072265625,591.176025390625,79.36761474609375,119.5513916015625,-1,-1,-1,-1
251,9,476.0052490234375,593.5917358398438,81.277587890625,118.53045654296875,-1,-1,-1,-1
252,9,477.1537170410156,596.0604248046875,81.36715698242188,117.7657470703125,-1,-1,-1,-1
253,9,475.70916748046875,596.9560546875,83.67779541015625,119.65863037109375,-1,-1,-1,-1
254,9,477.1548156738281,597.9387817382812,82.57315063476562,119.30621337890625,-1,-1,-1,-1
255,9,480.6778259277344,598.9291381835938,79.04867553710938,117.10699462890625,-1,-1,-1,-1
256,9,477.1368408203125,598.6928100585938,83.2403564453125,119.48956298828125,-1,-1,-1,-1
257,9,478.6181335449219,598.2593994140625,83.42086791992188,119.31036376953125,-1,-1,-1,-1
258,9,479.1579284667969,597.5955200195312,82.78842163085938,118.4061279296875,-1,-1,-1,-1
259,9,480.5928039550781,597.6184692382812,81.17691040039062,117.92645263671875,-1,-1,-1,-1
260,9,480.2538757324219,596.857177734375,82.67727661132812,117.96624755859375,-1,-1,-1,-1
261,9,479.9772644042969,597.8494262695312,82.67782592773438,117.20001220703125,-1,-1,-1,-1
262,9,478.2021789550781,598.7161254882812,83.50131225585938,118.23333740234375,-1,-1,-1,-1
263,9,479.8351135253906,599.2384033203125,82.49221801757812,117.6146240234375,-1,-1,-1,-1
264,9,477.9808654785156,599.171142578125,84.22738647460938,118.81866455078125,-1,-1,-1,-1
265,9,479.04296875,600.5623168945312,81.1793212890625,117.1278076171875,-1,-1,-1,-1
266,9,477.4281005859375,600.43701171875,82.96600341796875,117.5604248046875,-1,-1,-1,-1
267,9,475.8153381347656,600.1057739257812,83.36807250976562,117.42010498046875,-1,-1,-1,-1
268,9,474.7104187011719,600.3209838867188,81.88772583007812,116.63787841796875,-1,-1,-1,-1
269,9,473.9344482421875,601.7725830078125,82.009765625,116.55078125,-1,-1,-1,-1
270,9,471.483642578125,603.10009765625,83.2884521484375,115.64959716796875,-1,-1,-1,-1
271,9,470.07952880859375,602.5223999023438,83.61212158203125,116.105712890625,-1,-1,-1,-1
272,9,470.7061767578125,604.6763305664062,82.9661865234375,115.53985595703125,-1,-1,-1,-1
273,9,466.7828369140625,605.1757202148438,85.111328125,116.35076904296875,-1,-1,-1,-1
274,9,464.45703125,605.0071411132812,84.87481689453125,117.74951171875,-1,-1,-1,-1
275,9,463.7712097167969,606.263671875,83.94100952148438,116.997314453125,-1,-1,-1,-1
276,9,464.53497314453125,608.0206909179688,83.7537841796875,115.88763427734375,-1,-1,-1,-1
277,9,463.8140563964844,608.3695068359375,84.83877563476562,115.3499755859375,-1,-1,-1,-1
278,9,464.73162841796875,608.3555908203125,83.17755126953125,114.9608154296875,-1,-1,-1,-1
279,9,463.6614074707031,607.8121337890625,84.70388793945312,115.5244140625,-1,-1,-1,-1
280,9,466.23931884765625,607.843994140625,81.439453125,115.40936279296875,-1,-1,-1,-1
281,9,464.76611328125,606.471923828125,84.66595458984375,116.43878173828125,-1,-1,-1,-1
282,9,466.04754638671875,605.3977661132812,84.39117431640625,115.844482421875,-1,-1,-1,-1
283,9,465.7646789550781,605.6044921875,84.81558227539062,116.10321044921875,-1,-1,-1,-1
284,9,466.1921081542969,605.8341064453125,85.86422729492188,115.41015625,-1,-1,-1,-1
285,9,466.6300964355469,606.584228515625,85.90762329101562,114.7969970703125,-1,-1,-1,-1
286,9,468.0572509765625,606.764404296875,85.13970947265625,114.27337646484375,-1,-1,-1,-1
287,9,470.2638244628906,607.7816162109375,83.81948852539062,113.952392578125,-1,-1,-1,-1
288,9,470.4372863769531,607.8544311523438,84.22927856445312,114.54998779296875,-1,-1,-1,-1
289,9,471.150634765625,608.3563842773438,83.23101806640625,114.757080078125,-1,-1,-1,-1
290,9,471.00054931640625,608.4619750976562,84.2210693359375,114.323974609375,-1,-1,-1,-1
291,9,470.898681640625,607.8844604492188,83.40863037109375,114.54437255859375,-1,-1,-1,-1
292,9,471.74066162109375,607.40087890625,82.1806640625,114.88812255859375,-1,-1,-1,-1
293,9,472.78521728515625,607.3218994140625,82.04473876953125,113.8643798828125,-1,-1,-1,-1
294,9,472.6034240722656,606.7705688476562,83.13058471679688,113.81903076171875,-1,-1,-1,-1
295,9,471.8023681640625,606.1107788085938,83.3292236328125,114.0008544921875,-1,-1,-1,-1
296,9,468.8441162109375,604.9900512695312,84.72393798828125,114.16729736328125,-1,-1,-1,-1
297,9,469.5328369140625,604.8226928710938,83.11669921875,113.39581298828125,-1,-1,-1,-1
298,9,468.5126647949219,605.0648193359375,85.27169799804688,113.909912109375,-1,-1,-1,-1
299,9,467.48785400390625,605.6050415039062,85.3995361328125,114.4844970703125,-1,-1,-1,-1
300,9,467.5331726074219,606.2645874023438,84.26754760742188,114.08587646484375,-1,-1,-1,-1
301,9,467.97601318359375,606.4471435546875,82.958984375,114.8917236328125,-1,-1,-1,-1
302,9,466.37384033203125,607.252197265625,84.04248046875,115.30377197265625,-1,-1,-1,-1
303,9,467.34613037109375,607.4730224609375,81.8463134765625,115.17236328125,-1,-1,-1,-1
304,9,467.1124572753906,608.0577392578125,80.83096313476562,115.0230712890625,-1,-1,-1,-1
305,9,466.638916015625,607.4098510742188,81.209716796875,116.0877685546875,-1,-1,-1,-1
306,9,466.2478332519531,608.593505859375,81.55099487304688,115.25506591796875,-1,-1,-1,-1
307,9,467.41357421875,610.5579833984375,81.5628662109375,113.5364990234375,-1,-1,-1,-1
308,9,467.5453186035156,612.1241455078125,80.65359497070312,113.6595458984375,-1,-1,-1,-1
309,9,467.9105529785156,612.86328125,79.16714477539062,113.89581298828125,-1,-1,-1,-1
310,9,464.3966979980469,613.051513671875,81.55819702148438,115.19549560546875,-1,-1,-1,-1
311,9,467.8161926269531,614.8099975585938,77.67422485351562,114.1153564453125,-1,-1,-1,-1
