1,1,850.4706420898438,555.1671142578125,361.33880615234375,583.4913330078125,-1,-1,-1,-1
2,1,831.609130859375,563.6664428710938,350.8162841796875,575.0059204101562,-1,-1,-1,-1
3,1,804.055908203125,560.06591796875,356.5338134765625,574.40869140625,-1,-1,-1,-1
4,1,789.9859619140625,545.7439575195312,354.552734375,572.4612426757812,-1,-1,-1,-1
5,1,765.8907470703125,536.6011962890625,369.9356689453125,572.885986328125,-1,-1,-1,-1
6,1,760.605224609375,541.1132202148438,367.869384765625,571.2409057617188,-1,-1,-1,-1
7,1,773.3554077148438,552.116455078125,343.57720947265625,566.7579345703125,-1,-1,-1,-1
8,1,757.0640258789062,561.5706176757812,351.44317626953125,562.0353393554688,-1,-1,-1,-1
9,1,770.216064453125,565.5570678710938,334.5404052734375,559.3595581054688,-1,-1,-1,-1
10,1,779.0631713867188,564.3033447265625,333.46246337890625,558.8994140625,-1,-1,-1,-1
11,1,774.7119140625,564.9425048828125,342.861083984375,559.434814453125,-1,-1,-1,-1
12,1,765.7477416992188,563.793701171875,337.06878662109375,556.0941162109375,-1,-1,-1,-1
13,1,762.2354736328125,563.3519897460938,302.1868896484375,553.0831909179688,-1,-1,-1,-1
14,1,710.6578369140625,560.70654296875,313.099853515625,548.7967529296875,-1,-1,-1,-1
15,1,672.8285522460938,551.34423828125,314.74505615234375,550.0596923828125,-1,-1,-1,-1
16,1,624.8697509765625,541.300537109375,336.5223388671875,549.1654052734375,-1,-1,-1,-1
17,1,615.475341796875,538.7154541015625,334.515380859375,549.6051025390625,-1,-1,-1,-1
18,1,605.3955688476562,538.65478515625,340.9610595703125,551.05517578125,-1,-1,-1,-1
19,1,592.0250854492188,537.1216430664062,349.00726318359375,555.5191040039062,-1,-1,-1,-1
20,1,598.4365234375,535.5646362304688,344.023681640625,559.8485717773438,-1,-1,-1,-1
21,1,602.2044677734375,534.8142700195312,341.820556640625,564.2156372070312,-1,-1,-1,-1
22,1,604.3673095703125,529.1226806640625,343.9808349609375,573.813720703125,-1,-1,-1,-1
23,1,612.7462158203125,525.7599487304688,337.849365234375,579.7879028320312,-1,-1,-1,-1
24,1,600.2982788085938,522.6071166992188,356.00372314453125,585.5357055664062,-1,-1,-1,-1
25,1,616.8672485351562,523.9666137695312,353.51123046875,594.6904907226562,-1,-1,-1,-1
26,1,617.0313720703125,534.6085815429688,373.01336669921875,603.0676879882812,-1,-1,-1,-1
27,1,633.2455444335938,539.6388549804688,373.60382080078125,613.6889038085938,-1,-1,-1,-1
28,1,653.0563354492188,540.160400390625,369.35174560546875,621.6549072265625,-1,-1,-1,-1
29,1,667.511962890625,544.6286010742188,362.9892578125,629.2681274414062,-1,-1,-1,-1
30,1,661.4869995117188,543.5692749023438,377.69781494140625,635.4088745117188,-1,-1,-1,-1
31,1,671.1246337890625,538.185302734375,380.630615234375,640.658203125,-1,-1,-1,-1
32,1,681.2469482421875,537.1983642578125,377.0458984375,646.6395263671875,-1,-1,-1,-1
33,1,694.361572265625,538.879638671875,373.7095947265625,653.9183349609375,-1,-1,-1,-1
34,1,718.0843505859375,540.5090942382812,362.7357177734375,661.4741821289062,-1,-1,-1,-1
35,1,748.74755859375,540.3345947265625,365.806884765625,670.9688720703125,-1,-1,-1,-1
36,1,794.5195922851562,540.66796875,380.44024658203125,688.5010986328125,-1,-1,-1,-1
37,1,839.522705078125,540.5436401367188,408.975341796875,706.0999145507812,-1,-1,-1,-1
38,1,872.5416870117188,536.030029296875,428.58636474609375,718.4052734375,-1,-1,-1,-1
39,1,896.8118286132812,530.2362670898438,436.84429931640625,730.2966918945312,-1,-1,-1,-1
40,1,900.3616333007812,531.1040649414062,442.38555908203125,733.1494750976562,-1,-1,-1,-1
41,1,900.7115478515625,537.7958984375,444.088623046875,735.86083984375,-1,-1,-1,-1
42,1,899.3007202148438,543.2722778320312,444.98809814453125,735.4436645507812,-1,-1,-1,-1
43,1,903.137939453125,546.5628662109375,443.7705078125,735.4219970703125,-1,-1,-1,-1
44,1,912.090576171875,542.8648071289062,435.9427490234375,736.6231079101562,-1,-1,-1,-1
45,1,907.2565307617188,543.3506469726562,440.78424072265625,736.9769897460938,-1,-1,-1,-1
46,1,886.341796875,548.9293823242188,467.1746826171875,738.6583862304688,-1,-1,-1,-1
47,1,891.376220703125,553.580078125,458.6507568359375,742.140625,-1,-1,-1,-1
48,1,895.477783203125,551.102783203125,464.085693359375,746.9478759765625,-1,-1,-1,-1
49,1,895.2354736328125,544.542724609375,469.393798828125,754.969482421875,-1,-1,-1,-1
50,1,913.4268798828125,535.4376220703125,437.600830078125,765.0338134765625,-1,-1,-1,-1
51,1,925.7237548828125,530.143798828125,426.83642578125,775.8912353515625,-1,-1,-1,-1
52,1,925.6361083984375,533.4703369140625,442.7830810546875,784.8297119140625,-1,-1,-1,-1
53,1,918.5331420898438,542.2666625976562,458.58343505859375,789.7753295898438,-1,-1,-1,-1
54,1,919.60693359375,538.0560302734375,455.3411865234375,798.7237548828125,-1,-1,-1,-1
55,1,917.0194091796875,522.9494018554688,448.2991943359375,811.0841674804688,-1,-1,-1,-1
56,1,913.2398071289062,513.5193481445312,440.88653564453125,815.1027221679688,-1,-1,-1,-1
57,1,897.0210571289062,505.2102966308594,442.89581298828125,816.31298828125,-1,-1,-1,-1
58,1,893.2443237304688,502.9642028808594,427.34381103515625,816.2509765625,-1,-1,-1,-1
59,1,889.4188232421875,506.5105895996094,423.669677734375,817.2301025390625,-1,-1,-1,-1
60,1,888.957275390625,511.12860107421875,415.69140625,817.4920043945312,-1,-1,-1,-1
61,1,881.6885986328125,511.81494140625,403.53271484375,819.77978515625,-1,-1,-1,-1
62,1,869.6123657226562,510.33306884765625,393.47821044921875,819.6052856445312,-1,-1,-1,-1
63,1,864.3424072265625,512.8348999023438,381.8271484375,819.0988159179688,-1,-1,-1,-1
64,1,858.5991821289062,513.4146118164062,370.41815185546875,821.1891479492188,-1,-1,-1,-1
65,1,840.3779296875,513.7005004882812,360.4267578125,820.4661254882812,-1,-1,-1,-1
66,1,816.770751953125,518.9357299804688,355.1455078125,813.4287719726562,-1,-1,-1,-1
67,1,802.4988403320312,517.21728515625,349.80133056640625,808.679443359375,-1,-1,-1,-1
68,1,786.6218872070312,516.3634643554688,355.69427490234375,803.2539672851562,-1,-1,-1,-1
69,1,782.414306640625,519.1940307617188,353.4090576171875,796.0204467773438,-1,-1,-1,-1
70,1,773.7045288085938,522.2724609375,356.59588623046875,793.239501953125,-1,-1,-1,-1
71,1,777.7714233398438,528.6318969726562,343.29132080078125,793.9696655273438,-1,-1,-1,-1
72,1,781.3709716796875,537.2063598632812,325.1688232421875,795.5923461914062,-1,-1,-1,-1
73,1,787.103515625,544.1162109375,305.090576171875,800.2432861328125,-1,-1,-1,-1
74,1,785.67626953125,549.5602416992188,292.063720703125,807.6299438476562,-1,-1,-1,-1
75,1,783.5054321289062,563.191650390625,283.85186767578125,809.54541015625,-1,-1,-1,-1
76,1,776.6961059570312,576.2286987304688,283.34124755859375,818.0524291992188,-1,-1,-1,-1
77,1,775.1207885742188,580.2161254882812,282.17193603515625,827.3423461914062,-1,-1,-1,-1
78,1,771.8365478515625,578.097900390625,283.1864013671875,830.431640625,-1,-1,-1,-1
79,1,771.8114013671875,576.1001586914062,287.388671875,833.3161010742188,-1,-1,-1,-1
80,1,767.5172729492188,563.7886352539062,284.42401123046875,844.0130004882812,-1,-1,-1,-1
81,1,770.476806640625,551.9115600585938,276.6368408203125,845.4623413085938,-1,-1,-1,-1
82,1,785.8199462890625,543.9773559570312,251.5318603515625,841.3740844726562,-1,-1,-1,-1
83,1,803.0313720703125,529.9097290039062,236.5955810546875,841.0491333007812,-1,-1,-1,-1
84,1,808.6799926757812,535.4077758789062,226.16632080078125,839.7531127929688,-1,-1,-1,-1
85,1,811.2127685546875,543.6707763671875,222.74853515625,839.3868408203125,-1,-1,-1,-1
1,2,831.4745483398438,575.1663818359375,191.79052734375,356.327880859375,-1,-1,-1,-1
2,2,795.6497192382812,582.1240234375,200.82550048828125,352.89935302734375,-1,-1,-1,-1
3,2,783.7794189453125,580.1436157226562,190.3829345703125,350.26580810546875,-1,-1,-1,-1
4,2,774.416748046875,565.88134765625,182.3187255859375,346.726806640625,-1,-1,-1,-1
5,2,755.8821411132812,555.1724243164062,188.62371826171875,349.61181640625,-1,-1,-1,-1
6,2,754.1998901367188,558.61279296875,172.61767578125,347.76568603515625,-1,-1,-1,-1
7,2,746.9891967773438,566.0586547851562,161.24102783203125,345.79571533203125,-1,-1,-1,-1
8,2,735.29296875,571.421630859375,157.24627685546875,346.0853271484375,-1,-1,-1,-1
9,2,728.915283203125,574.2576904296875,148.82257080078125,345.00848388671875,-1,-1,-1,-1
10,2,726.73681640625,571.3800659179688,146.78338623046875,344.4786376953125,-1,-1,-1,-1
11,2,719.1640014648438,572.8477172851562,145.92584228515625,345.444580078125,-1,-1,-1,-1
12,2,699.8731079101562,574.9226684570312,140.86676025390625,342.8043212890625,-1,-1,-1,-1
13,2,608.0750732421875,579.270263671875,192.8541259765625,342.28851318359375,-1,-1,-1,-1
14,2,559.2730102539062,582.9336547851562,206.52069091796875,339.757568359375,-1,-1,-1,-1
15,2,532.1510620117188,578.1231689453125,197.2667236328125,338.00830078125,-1,-1,-1,-1
16,2,494.47845458984375,566.8837890625,199.1219482421875,339.84112548828125,-1,-1,-1,-1
17,2,469.1182556152344,560.7996826171875,204.18112182617188,342.46270751953125,-1,-1,-1,-1
18,2,465.4382629394531,558.3289794921875,195.34420776367188,344.657470703125,-1,-1,-1,-1
19,2,457.470458984375,557.5654296875,192.08428955078125,344.2628173828125,-1,-1,-1,-1
20,2,459.7112121582031,556.8055419921875,190.38912963867188,345.25299072265625,-1,-1,-1,-1
21,2,471.8932800292969,557.6055297851562,183.76119995117188,346.5882568359375,-1,-1,-1,-1
22,2,490.14263916015625,555.9821166992188,172.01690673828125,347.86541748046875,-1,-1,-1,-1
23,2,510.8702087402344,554.7196655273438,156.12600708007812,348.48638916015625,-1,-1,-1,-1
24,2,540.8703002929688,552.0003051757812,134.964111328125,349.47332763671875,-1,-1,-1,-1
25,2,563.1736450195312,553.944091796875,129.95013427734375,349.644287109375,-1,-1,-1,-1
26,2,585.853515625,565.5690307617188,130.49639892578125,348.19989013671875,-1,-1,-1,-1
27,2,606.072021484375,569.8809814453125,128.62548828125,350.86883544921875,-1,-1,-1,-1
28,2,615.9710693359375,570.8591918945312,133.3795166015625,351.1607666015625,-1,-1,-1,-1
29,2,619.4093627929688,575.3215942382812,140.1715087890625,351.34515380859375,-1,-1,-1,-1
30,2,615.56103515625,572.5604248046875,154.3641357421875,350.68402099609375,-1,-1,-1,-1
31,2,620.5177001953125,568.2868041992188,160.88128662109375,352.4803466796875,-1,-1,-1,-1
32,2,627.97216796875,570.0057373046875,160.3797607421875,351.7950439453125,-1,-1,-1,-1
33,2,638.1445922851562,577.0397338867188,156.27410888671875,350.1380615234375,-1,-1,-1,-1
34,2,654.5018310546875,582.8250122070312,151.76220703125,351.821533203125,-1,-1,-1,-1
35,2,688.853271484375,586.6754150390625,145.845947265625,351.67340087890625,-1,-1,-1,-1
36,2,736.49951171875,589.7999267578125,147.70220947265625,355.515869140625,-1,-1,-1,-1
37,2,792.3956909179688,592.3724365234375,149.36383056640625,362.11981201171875,-1,-1,-1,-1
38,2,832.6195068359375,591.1990356445312,154.3231201171875,368.58221435546875,-1,-1,-1,-1
39,2,856.094970703125,586.9487915039062,156.03076171875,375.46502685546875,-1,-1,-1,-1
40,2,863.7959594726562,587.1931762695312,150.7509765625,374.04718017578125,-1,-1,-1,-1
41,2,866.1982421875,590.036865234375,135.58587646484375,373.1300048828125,-1,-1,-1,-1
42,2,869.1763916015625,589.2307739257812,125.72198486328125,371.8310546875,-1,-1,-1,-1
43,2,873.0440063476562,583.33349609375,124.12103271484375,368.38128662109375,-1,-1,-1,-1
44,2,878.0436401367188,574.577880859375,123.51617431640625,361.821533203125,-1,-1,-1,-1
45,2,875.755615234375,574.740966796875,124.7384033203125,355.34197998046875,-1,-1,-1,-1
46,2,864.7017822265625,582.4320068359375,133.09515380859375,348.309326171875,-1,-1,-1,-1
47,2,843.320068359375,590.0945434570312,154.4197998046875,339.41375732421875,-1,-1,-1,-1
48,2,838.6439819335938,593.4942626953125,161.9609375,332.049560546875,-1,-1,-1,-1
49,2,838.9339599609375,589.352294921875,160.36383056640625,331.50604248046875,-1,-1,-1,-1
50,2,845.8030395507812,586.7189331054688,152.68389892578125,332.328369140625,-1,-1,-1,-1
51,2,853.3145141601562,585.8223266601562,149.03021240234375,332.350830078125,-1,-1,-1,-1
52,2,864.206787109375,591.7075805664062,142.6649169921875,335.88201904296875,-1,-1,-1,-1
53,2,877.4508666992188,598.280517578125,135.36932373046875,336.63720703125,-1,-1,-1,-1
54,2,887.9542236328125,594.8385009765625,128.6834716796875,336.14044189453125,-1,-1,-1,-1
55,2,883.2034301757812,581.241455078125,134.10943603515625,336.71734619140625,-1,-1,-1,-1
56,2,885.6157836914062,569.5840454101562,128.87432861328125,336.06866455078125,-1,-1,-1,-1
57,2,884.1268920898438,561.1289672851562,121.15692138671875,336.04913330078125,-1,-1,-1,-1
58,2,885.1104125976562,560.86328125,113.302490234375,336.42376708984375,-1,-1,-1,-1
59,2,883.0997314453125,567.7808227539062,114.21783447265625,335.57196044921875,-1,-1,-1,-1
60,2,875.3909912109375,575.7045288085938,119.81243896484375,332.8145751953125,-1,-1,-1,-1
61,2,863.1798095703125,580.621337890625,123.522705078125,330.68292236328125,-1,-1,-1,-1
62,2,852.643798828125,582.3236083984375,124.40625,327.1702880859375,-1,-1,-1,-1
63,2,862.6565551757812,584.916259765625,108.42437744140625,327.91064453125,-1,-1,-1,-1
64,2,858.0708618164062,585.869873046875,104.9051513671875,328.55029296875,-1,-1,-1,-1
65,2,847.1536865234375,587.348388671875,96.806396484375,325.67926025390625,-1,-1,-1,-1
66,2,829.6990966796875,587.2987060546875,94.899658203125,323.36328125,-1,-1,-1,-1
67,2,820.0541381835938,581.59326171875,94.933349609375,317.19390869140625,-1,-1,-1,-1
68,2,807.7416381835938,575.12939453125,107.4752197265625,309.78179931640625,-1,-1,-1,-1
69,2,816.1737670898438,571.51708984375,102.43731689453125,302.0338134765625,-1,-1,-1,-1
70,2,820.00390625,573.6060791015625,98.82574462890625,294.10906982421875,-1,-1,-1,-1
71,2,817.5941772460938,581.1238403320312,100.29974365234375,287.00592041015625,-1,-1,-1,-1
72,2,819.107177734375,589.515625,102.80926513671875,280.36968994140625,-1,-1,-1,-1
73,2,818.167236328125,600.3455200195312,104.093505859375,275.3111572265625,-1,-1,-1,-1
74,2,818.4988403320312,611.8847045898438,110.38970947265625,271.8843994140625,-1,-1,-1,-1
75,2,823.505859375,624.1365966796875,110.65008544921875,269.05670166015625,-1,-1,-1,-1
76,2,815.4905395507812,639.9351196289062,128.69873046875,266.3397216796875,-1,-1,-1,-1
77,2,835.39892578125,652.2532348632812,113.607666015625,266.69879150390625,-1,-1,-1,-1
78,2,799.511962890625,651.6339111328125,171.594970703125,277.10260009765625,-1,-1,-1,-1
79,2,801.355224609375,633.6382446289062,199.49884033203125,379.37640380859375,-1,-1,-1,-1
80,2,801.9365234375,616.9454345703125,225.404296875,458.2027587890625,-1,-1,-1,-1
81,2,801.277587890625,569.8629150390625,227.0155029296875,519.393310546875,-1,-1,-1,-1
82,2,807.7494506835938,549.64208984375,227.71087646484375,560.3062744140625,-1,-1,-1,-1
83,2,817.0859985351562,534.91162109375,215.80047607421875,666.2001953125,-1,-1,-1,-1
84,2,818.090087890625,541.1963500976562,212.5997314453125,709.5299682617188,-1,-1,-1,-1
85,2,816.2297973632812,544.4805908203125,217.92938232421875,723.5550537109375,-1,-1,-1,-1
86,2,803.076904296875,544.3827514648438,228.5919189453125,838.7401733398438,-1,-1,-1,-1
87,2,797.2681884765625,544.5822143554688,228.457275390625,835.5204467773438,-1,-1,-1,-1
88,2,790.96875,547.336669921875,224.77972412109375,831.81787109375,-1,-1,-1,-1
89,2,792.0728149414062,555.7343139648438,214.11053466796875,828.7233276367188,-1,-1,-1,-1
90,2,781.778076171875,562.2565307617188,208.49261474609375,827.0475463867188,-1,-1,-1,-1
91,2,761.468994140625,557.2242431640625,204.2484130859375,824.7291259765625,-1,-1,-1,-1
92,2,738.15478515625,554.1851196289062,201.41595458984375,820.3709106445312,-1,-1,-1,-1
93,2,714.1278076171875,553.0980224609375,203.83740234375,813.2459716796875,-1,-1,-1,-1
94,2,698.1492919921875,549.42431640625,208.39501953125,811.5771484375,-1,-1,-1,-1
95,2,688.5814208984375,546.2630615234375,205.35784912109375,806.3095703125,-1,-1,-1,-1
96,2,680.8367919921875,537.118896484375,209.9298095703125,797.30810546875,-1,-1,-1,-1
97,2,675.5004272460938,529.3623046875,215.02734375,784.9071044921875,-1,-1,-1,-1
98,2,670.3792724609375,528.6839599609375,215.548828125,783.476318359375,-1,-1,-1,-1
99,2,664.022216796875,534.90966796875,213.51190185546875,776.588134765625,-1,-1,-1,-1
100,2,657.3112182617188,542.6815185546875,208.739990234375,775.2449951171875,-1,-1,-1,-1
101,2,648.2518920898438,547.9110107421875,212.88629150390625,776.4669189453125,-1,-1,-1,-1
102,2,643.2116088867188,547.8241577148438,212.80670166015625,779.7678833007812,-1,-1,-1,-1
103,2,633.5503540039062,539.2109375,214.04864501953125,776.057861328125,-1,-1,-1,-1
104,2,624.8644409179688,536.2974853515625,211.537841796875,780.6484375,-1,-1,-1,-1
105,2,610.880615234375,539.6419677734375,215.2120361328125,778.7667236328125,-1,-1,-1,-1
106,2,589.252197265625,544.5816040039062,220.914306640625,778.7190551757812,-1,-1,-1,-1
107,2,562.20166015625,544.6372680664062,223.7454833984375,777.6643676757812,-1,-1,-1,-1
108,2,540.8472900390625,538.5979614257812,226.1865234375,774.1134643554688,-1,-1,-1,-1
109,2,527.240234375,540.1166381835938,225.11865234375,766.9275512695312,-1,-1,-1,-1
110,2,514.5784301757812,543.5153198242188,223.72552490234375,755.3778686523438,-1,-1,-1,-1
111,2,502.24835205078125,551.6857299804688,218.83697509765625,748.9414672851562,-1,-1,-1,-1
112,2,493.44232177734375,561.2777099609375,229.12652587890625,748.0377197265625,-1,-1,-1,-1
113,2,486.7564392089844,571.85986328125,237.19827270507812,746.171630859375,-1,-1,-1,-1
114,2,477.10198974609375,572.9555053710938,241.04437255859375,748.4850463867188,-1,-1,-1,-1
115,2,469.1726379394531,568.36669921875,238.91653442382812,750.0823974609375,-1,-1,-1,-1
116,2,462.76202392578125,561.5797119140625,239.667724609375,750.877197265625,-1,-1,-1,-1
117,2,449.7300109863281,557.0175170898438,274.2595520019531,754.7070922851562,-1,-1,-1,-1
118,2,433.85357666015625,555.958251953125,284.2376708984375,758.665771484375,-1,-1,-1,-1
119,2,416.35858154296875,553.5726318359375,319.23480224609375,764.53369140625,-1,-1,-1,-1
120,2,392.4872741699219,548.864501953125,301.8019104003906,769.0643310546875,-1,-1,-1,-1
121,2,378.20635986328125,538.6923217773438,321.46868896484375,771.7229614257812,-1,-1,-1,-1
122,2,372.5484619140625,523.235107421875,320.831298828125,767.326904296875,-1,-1,-1,-1
123,2,367.60333251953125,527.6320190429688,324.802490234375,765.1998901367188,-1,-1,-1,-1
124,2,363.86663818359375,533.5474853515625,329.61383056640625,758.793212890625,-1,-1,-1,-1
125,2,362.2557067871094,539.2838134765625,337.1685485839844,755.0806884765625,-1,-1,-1,-1
126,2,359.8379821777344,546.346435546875,333.2318420410156,749.2408447265625,-1,-1,-1,-1
127,2,363.6705322265625,545.4341430664062,320.48541259765625,744.2584838867188,-1,-1,-1,-1
128,2,358.0718994140625,546.3812866210938,331.54449462890625,739.2871704101562,-1,-1,-1,-1
129,2,356.441650390625,549.0380249023438,333.557373046875,733.4058227539062,-1,-1,-1,-1
130,2,356.4679260253906,551.2056274414062,345.2547912597656,728.4365844726562,-1,-1,-1,-1
131,2,359.7095031738281,551.4611206054688,340.9995422363281,723.5238647460938,-1,-1,-1,-1
132,2,365.38525390625,546.66650390625,341.2972412109375,715.567138671875,-1,-1,-1,-1
133,2,375.6889343261719,539.1189575195312,348.7854309082031,710.9389038085938,-1,-1,-1,-1
134,2,387.5914306640625,531.9161376953125,354.05560302734375,702.782958984375,-1,-1,-1,-1
135,2,400.29742431640625,524.8206787109375,354.13421630859375,693.5047607421875,-1,-1,-1,-1
136,2,407.6717834472656,527.7586059570312,357.3397521972656,683.1314086914062,-1,-1,-1,-1
137,2,414.0191650390625,532.212158203125,356.13299560546875,674.2803955078125,-1,-1,-1,-1
138,2,414.69464111328125,537.5416870117188,361.68792724609375,666.8872680664062,-1,-1,-1,-1
139,2,418.40093994140625,539.4058227539062,363.99554443359375,661.6013793945312,-1,-1,-1,-1
140,2,420.2178649902344,537.5479736328125,366.0445861816406,658.9903564453125,-1,-1,-1,-1
141,2,425.8059387207031,539.91357421875,366.0987243652344,659.42138671875,-1,-1,-1,-1
142,2,428.4513244628906,544.8771362304688,373.0848083496094,659.3522338867188,-1,-1,-1,-1
143,2,429.7650146484375,544.5166015625,376.70111083984375,660.1209716796875,-1,-1,-1,-1
144,2,428.5595397949219,542.8815307617188,377.6370544433594,662.7754516601562,-1,-1,-1,-1
145,2,419.59375,544.3524169921875,383.0247802734375,667.088134765625,-1,-1,-1,-1
146,2,409.2601013183594,547.1798095703125,388.5694885253906,670.201171875,-1,-1,-1,-1
147,2,396.35345458984375,542.4053955078125,396.11846923828125,677.2886962890625,-1,-1,-1,-1
148,2,385.5455627441406,535.1516723632812,397.5659484863281,675.7323608398438,-1,-1,-1,-1
149,2,375.5978698730469,527.1717529296875,405.0183410644531,678.4056396484375,-1,-1,-1,-1
150,2,361.72021484375,528.98583984375,407.03253173828125,677.649658203125,-1,-1,-1,-1
151,2,334.37408447265625,530.5282592773438,418.07696533203125,682.2495727539062,-1,-1,-1,-1
152,2,304.63348388671875,530.3523559570312,421.6761474609375,690.3849487304688,-1,-1,-1,-1
153,2,272.3194274902344,528.6776123046875,427.9812927246094,698.8817138671875,-1,-1,-1,-1
154,2,247.60391235351562,530.8370971679688,431.3382263183594,705.7993774414062,-1,-1,-1,-1
155,2,226.12957763671875,536.0326538085938,436.0615234375,706.3700561523438,-1,-1,-1,-1
156,2,204.96951293945312,528.2811279296875,444.9806213378906,712.7613525390625,-1,-1,-1,-1
157,2,194.97988891601562,527.4016723632812,451.8594665527344,703.9064331054688,-1,-1,-1,-1
158,2,178.1370391845703,522.3538818359375,460.31951904296875,703.5521240234375,-1,-1,-1,-1
159,2,165.54891967773438,524.5238037109375,460.7646789550781,701.17236328125,-1,-1,-1,-1
160,2,157.2451629638672,529.1939697265625,460.5870361328125,696.8648681640625,-1,-1,-1,-1
161,2,149.07345581054688,530.7352294921875,471.6661071777344,691.8306884765625,-1,-1,-1,-1
162,2,141.89222717285156,532.18408203125,460.79180908203125,688.786865234375,-1,-1,-1,-1
163,2,139.75436401367188,532.5316772460938,473.8528137207031,685.1027221679688,-1,-1,-1,-1
164,2,138.26377868652344,535.700927734375,464.15936279296875,680.127197265625,-1,-1,-1,-1
165,2,138.7852325439453,538.532470703125,450.3624267578125,675.955810546875,-1,-1,-1,-1
166,2,137.59912109375,539.5016479492188,451.2010498046875,672.9496459960938,-1,-1,-1,-1
167,2,139.92066955566406,534.88134765625,450.5003662109375,668.0552978515625,-1,-1,-1,-1
168,2,142.69752502441406,526.9408569335938,449.0562744140625,668.0850219726562,-1,-1,-1,-1
169,2,142.79849243164062,524.1514892578125,445.1050109863281,664.531005859375,-1,-1,-1,-1
170,2,140.0564422607422,525.1485595703125,444.18988037109375,662.7928466796875,-1,-1,-1,-1
171,2,133.29335021972656,520.4547729492188,450.15386962890625,663.2745971679688,-1,-1,-1,-1
172,2,125.57933044433594,503.495361328125,446.80242919921875,664.4351806640625,-1,-1,-1,-1
173,2,115.78279113769531,484.01959228515625,444.087890625,663.8651733398438,-1,-1,-1,-1
174,2,115.36708068847656,476.2472229003906,441.310546875,663.34228515625,-1,-1,-1,-1
175,2,120.74935150146484,479.36590576171875,435.3908386230469,658.6785278320312,-1,-1,-1,-1
176,2,132.7825164794922,482.62640380859375,426.29913330078125,651.7584838867188,-1,-1,-1,-1
177,2,143.67471313476562,490.3614501953125,427.1159973144531,642.213134765625,-1,-1,-1,-1
178,2,153.75596618652344,494.8953552246094,425.7515869140625,634.475341796875,-1,-1,-1,-1
179,2,185.39002990722656,501.2916259765625,413.0087890625,623.8590087890625,-1,-1,-1,-1
180,2,225.55780029296875,506.27825927734375,395.81854248046875,610.6530151367188,-1,-1,-1,-1
181,2,262.0822448730469,509.16632080078125,388.4217834472656,593.8942260742188,-1,-1,-1,-1
182,2,291.29571533203125,508.30181884765625,378.63128662109375,583.9011840820312,-1,-1,-1,-1
183,2,311.83172607421875,510.03643798828125,369.28216552734375,573.4147338867188,-1,-1,-1,-1
184,2,329.52716064453125,514.5374755859375,363.77862548828125,563.98779296875,-1,-1,-1,-1
185,2,346.7838439941406,520.8243408203125,361.4015197753906,554.3048095703125,-1,-1,-1,-1
186,2,362.9599914550781,520.2769775390625,342.1172180175781,544.9459228515625,-1,-1,-1,-1
187,2,377.683349609375,522.496337890625,336.8177490234375,537.1361083984375,-1,-1,-1,-1
188,2,389.257568359375,525.1719970703125,327.30401611328125,530.544189453125,-1,-1,-1,-1
189,2,398.85235595703125,530.5789184570312,324.13592529296875,524.5404663085938,-1,-1,-1,-1
190,2,408.5473937988281,538.6214599609375,317.4351501464844,521.34619140625,-1,-1,-1,-1
191,2,413.59954833984375,547.966796875,317.67437744140625,517.9676513671875,-1,-1,-1,-1
192,2,415.7445373535156,548.0664672851562,313.5850524902344,515.3230590820312,-1,-1,-1,-1
193,2,411.17620849609375,543.2696533203125,313.1351318359375,516.327392578125,-1,-1,-1,-1
194,2,402.4480895996094,539.35986328125,309.0265808105469,515.7711181640625,-1,-1,-1,-1
195,2,368.3787536621094,538.57861328125,317.2463684082031,519.897216796875,-1,-1,-1,-1
196,2,331.5533752441406,534.8645629882812,319.3958435058594,527.2788696289062,-1,-1,-1,-1
197,2,294.0830078125,520.6940307617188,317.972412109375,532.5121459960938,-1,-1,-1,-1
198,2,270.9618225097656,507.50384521484375,314.9401550292969,536.7097778320312,-1,-1,-1,-1
199,2,253.05686950683594,502.2320556640625,307.9171142578125,539.2337646484375,-1,-1,-1,-1
200,2,240.86859130859375,498.57708740234375,303.593017578125,541.0314331054688,-1,-1,-1,-1
201,2,238.3408203125,503.7649230957031,295.72039794921875,540.63818359375,-1,-1,-1,-1
202,2,237.2663116455078,509.7227783203125,294.05706787109375,537.98583984375,-1,-1,-1,-1
203,2,239.51470947265625,519.6533813476562,289.37127685546875,533.8274536132812,-1,-1,-1,-1
204,2,245.302978515625,524.0816040039062,288.306884765625,531.1524047851562,-1,-1,-1,-1
205,2,252.01072692871094,524.53076171875,281.38433837890625,527.97607421875,-1,-1,-1,-1
206,2,265.5075988769531,525.1803588867188,277.0174255371094,522.7055053710938,-1,-1,-1,-1
207,2,279.9822998046875,523.6290893554688,277.06109619140625,514.2396850585938,-1,-1,-1,-1
208,2,297.0335388183594,527.8015747070312,273.1278991699219,507.75457763671875,-1,-1,-1,-1
209,2,310.93310546875,538.8167724609375,271.45587158203125,500.20654296875,-1,-1,-1,-1
210,2,325.97283935546875,547.576171875,271.34820556640625,491.7685546875,-1,-1,-1,-1
211,2,344.21148681640625,548.220703125,259.77435302734375,483.8814697265625,-1,-1,-1,-1
212,2,366.7363586425781,543.3157958984375,252.18295288085938,475.441162109375,-1,-1,-1,-1
213,2,399.2718811035156,541.3875732421875,252.04373168945312,467.81201171875,-1,-1,-1,-1
214,2,436.14569091796875,546.2469482421875,247.16070556640625,457.250244140625,-1,-1,-1,-1
215,2,471.5992126464844,551.48974609375,237.94821166992188,452.6422119140625,-1,-1,-1,-1
216,2,494.0917053222656,558.5927734375,227.78659057617188,447.755859375,-1,-1,-1,-1
217,2,504.6912841796875,559.859130859375,224.9976806640625,444.96636962890625,-1,-1,-1,-1
218,2,511.63861083984375,556.4436645507812,214.46514892578125,441.97283935546875,-1,-1,-1,-1
219,2,517.449951171875,552.7916870117188,215.67742919921875,441.11663818359375,-1,-1,-1,-1
220,2,521.5178833007812,553.4076538085938,225.2171630859375,440.08856201171875,-1,-1,-1,-1
221,2,519.8220825195312,560.3074340820312,214.76422119140625,437.90625,-1,-1,-1,-1
222,2,507.10186767578125,565.8250732421875,227.08477783203125,440.630859375,-1,-1,-1,-1
223,2,496.37890625,556.2833251953125,207.8394775390625,439.50177001953125,-1,-1,-1,-1
224,2,486.83514404296875,535.2271118164062,223.73797607421875,440.9046630859375,-1,-1,-1,-1
225,2,485.02398681640625,529.094482421875,202.0010986328125,437.710693359375,-1,-1,-1,-1
226,2,490.2912292480469,532.2781982421875,186.95767211914062,436.0416259765625,-1,-1,-1,-1
227,2,492.937255859375,539.3408813476562,190.98895263671875,433.48468017578125,-1,-1,-1,-1
228,2,491.4273681640625,544.1015625,192.3570556640625,433.1705322265625,-1,-1,-1,-1
229,2,490.1014404296875,549.1546630859375,187.91094970703125,431.017822265625,-1,-1,-1,-1
230,2,489.0973815917969,555.6436157226562,187.59658813476562,428.95599365234375,-1,-1,-1,-1
231,2,491.8497009277344,563.3364868164062,194.60519409179688,427.12847900390625,-1,-1,-1,-1
232,2,499.508544921875,569.02734375,187.6392822265625,426.19805908203125,-1,-1,-1,-1
233,2,508.2366943359375,574.7169189453125,185.2325439453125,421.77850341796875,-1,-1,-1,-1
234,2,515.34912109375,578.3665771484375,194.597900390625,419.14837646484375,-1,-1,-1,-1
235,2,521.4161987304688,580.5774536132812,207.202880859375,416.5615234375,-1,-1,-1,-1
236,2,534.2615356445312,581.3613891601562,203.66656494140625,412.24798583984375,-1,-1,-1,-1
237,2,542.1672973632812,581.7373657226562,168.56103515625,409.2315673828125,-1,-1,-1,-1
238,2,545.8857421875,580.3082275390625,175.1351318359375,403.72222900390625,-1,-1,-1,-1
239,2,544.1965942382812,579.9895629882812,139.5787353515625,400.424072265625,-1,-1,-1,-1
240,2,545.12255859375,579.4965209960938,126.15386962890625,398.66485595703125,-1,-1,-1,-1
241,2,548.70361328125,585.921142578125,120.15911865234375,396.46630859375,-1,-1,-1,-1
242,2,559.1150512695312,595.0797729492188,114.9708251953125,395.69256591796875,-1,-1,-1,-1
243,2,573.3407592773438,602.6597900390625,116.89837646484375,394.785888671875,-1,-1,-1,-1
244,2,578.4075927734375,604.4515991210938,128.4764404296875,393.24493408203125,-1,-1,-1,-1
245,2,579.2813110351562,606.1661376953125,126.26116943359375,392.00909423828125,-1,-1,-1,-1
246,2,576.35791015625,609.4966430664062,125.1676025390625,392.54437255859375,-1,-1,-1,-1
247,2,563.5867919921875,615.3906860351562,138.66448974609375,395.3787841796875,-1,-1,-1,-1
248,2,548.9838256835938,622.6817626953125,112.89593505859375,398.061279296875,-1,-1,-1,-1
249,2,537.7750854492188,623.9880981445312,101.41259765625,397.8857421875,-1,-1,-1,-1
250,2,526.9396362304688,616.8690795898438,110.9119873046875,398.37115478515625,-1,-1,-1,-1
251,2,524.3489379882812,613.3265380859375,102.58978271484375,397.51458740234375,-1,-1,-1,-1
252,2,525.341064453125,618.7462158203125,101.398681640625,395.53057861328125,-1,-1,-1,-1
253,2,524.9218139648438,624.55908203125,115.0218505859375,397.17401123046875,-1,-1,-1,-1
254,2,527.7837524414062,628.007568359375,121.85968017578125,393.92755126953125,-1,-1,-1,-1
255,2,529.6302490234375,633.9954833984375,115.79705810546875,381.1356201171875,-1,-1,-1,-1
256,2,534.82421875,641.0343627929688,105.99725341796875,344.06854248046875,-1,-1,-1,-1
257,2,546.2300415039062,642.9118041992188,103.33941650390625,358.94482421875,-1,-1,-1,-1
258,2,549.380859375,641.77587890625,110.0933837890625,341.278076171875,-1,-1,-1,-1
259,2,550.8583984375,639.779052734375,107.37548828125,314.1527099609375,-1,-1,-1,-1
260,2,551.890625,637.4370727539062,110.07904052734375,328.90838623046875,-1,-1,-1,-1
261,2,545.21728515625,633.2120361328125,110.18511962890625,324.588623046875,-1,-1,-1,-1
263,2,496.94976806640625,585.6998901367188,142.59149169921875,441.74627685546875,-1,-1,-1,-1
265,2,478.2365417480469,580.2549438476562,146.31033325195312,498.40863037109375,-1,-1,-1,-1
266,2,484.4986572265625,587.408447265625,155.5826416015625,526.21826171875,-1,-1,-1,-1
267,2,500.57232666015625,618.9777221679688,162.06878662109375,505.45648193359375,-1,-1,-1,-1
268,2,537.3867797851562,657.4573974609375,123.8958740234375,353.27197265625,-1,-1,-1,-1
269,2,558.4970703125,661.1726684570312,107.30401611328125,314.35455322265625,-1,-1,-1,-1
270,2,565.842529296875,660.3731689453125,110.97845458984375,330.55487060546875,-1,-1,-1,-1
271,2,574.05908203125,658.7173461914062,112.00006103515625,326.8387451171875,-1,-1,-1,-1
272,2,575.2447509765625,661.0491943359375,113.13433837890625,328.41497802734375,-1,-1,-1,-1
273,2,578.8458251953125,663.0003662109375,108.7386474609375,330.6474609375,-1,-1,-1,-1
274,2,579.75146484375,655.5830078125,103.84552001953125,333.18133544921875,-1,-1,-1,-1
275,2,574.4920043945312,637.6174926757812,105.7703857421875,339.69390869140625,-1,-1,-1,-1
276,2,565.8544311523438,631.1201782226562,110.4053955078125,391.6280517578125,-1,-1,-1,-1
277,2,564.9332275390625,627.7733764648438,110.31390380859375,392.01971435546875,-1,-1,-1,-1
278,2,570.8095703125,622.5609130859375,105.51446533203125,334.3487548828125,-1,-1,-1,-1
279,2,579.362548828125,613.8930053710938,106.42315673828125,390.66461181640625,-1,-1,-1,-1
280,2,585.7793579101562,605.41943359375,107.80853271484375,391.76519775390625,-1,-1,-1,-1
281,2,581.058837890625,600.0367431640625,117.73065185546875,390.47076416015625,-1,-1,-1,-1
282,2,579.9766845703125,598.254638671875,128.15704345703125,391.65643310546875,-1,-1,-1,-1
283,2,582.857421875,598.4825439453125,135.54180908203125,391.982666015625,-1,-1,-1,-1
284,2,589.2491455078125,594.4868774414062,145.0513916015625,392.5885009765625,-1,-1,-1,-1
285,2,596.4954223632812,592.145263671875,155.2005615234375,390.8809814453125,-1,-1,-1,-1
286,2,608.255126953125,594.1240234375,167.51263427734375,389.69329833984375,-1,-1,-1,-1
287,2,667.401611328125,597.6768798828125,131.53985595703125,389.5133056640625,-1,-1,-1,-1
288,2,685.8642578125,599.94140625,135.033935546875,390.1102294921875,-1,-1,-1,-1
289,2,712.66162109375,600.0282592773438,130.89483642578125,391.30145263671875,-1,-1,-1,-1
290,2,728.0174560546875,598.7216796875,133.592529296875,391.86456298828125,-1,-1,-1,-1
291,2,737.1661987304688,597.6328125,139.15545654296875,393.9459228515625,-1,-1,-1,-1
292,2,735.2022705078125,596.2327270507812,154.86688232421875,394.64898681640625,-1,-1,-1,-1
293,2,758.146728515625,592.3245239257812,147.34332275390625,395.654052734375,-1,-1,-1,-1
294,2,767.0948486328125,592.948486328125,151.48651123046875,398.74041748046875,-1,-1,-1,-1
295,2,783.7835693359375,595.3184204101562,148.789306640625,402.63177490234375,-1,-1,-1,-1
296,2,791.0773315429688,594.3472900390625,152.91082763671875,404.47784423828125,-1,-1,-1,-1
297,2,792.876953125,591.1295776367188,161.4398193359375,408.98260498046875,-1,-1,-1,-1
298,2,790.5411987304688,584.776123046875,162.94873046875,410.8873291015625,-1,-1,-1,-1
299,2,779.70654296875,580.6964111328125,165.2960205078125,411.8961181640625,-1,-1,-1,-1
300,2,759.5593872070312,578.4847412109375,170.19482421875,412.1595458984375,-1,-1,-1,-1
301,2,739.2177124023438,571.4547119140625,176.78094482421875,412.08575439453125,-1,-1,-1,-1
302,2,733.1478881835938,563.1471557617188,172.78741455078125,413.10101318359375,-1,-1,-1,-1
303,2,719.0315551757812,560.3397216796875,177.12860107421875,413.0970458984375,-1,-1,-1,-1
304,2,713.1289672851562,565.0018310546875,172.29547119140625,415.7169189453125,-1,-1,-1,-1
305,2,704.7125854492188,565.8295288085938,175.48883056640625,417.91015625,-1,-1,-1,-1
306,2,692.2095947265625,564.6005249023438,182.12335205078125,419.12890625,-1,-1,-1,-1
307,2,693.1217651367188,565.0466918945312,179.8521728515625,420.630615234375,-1,-1,-1,-1
308,2,693.9976806640625,566.140625,184.947509765625,423.68878173828125,-1,-1,-1,-1
309,2,697.6608276367188,569.1039428710938,189.02587890625,425.4793701171875,-1,-1,-1,-1
310,2,704.1084594726562,575.5936279296875,193.717529296875,425.125,-1,-1,-1,-1
311,2,711.5274047851562,584.9661865234375,192.24932861328125,429.3660888671875,-1,-1,-1,-1
312,2,707.4078369140625,598.016357421875,201.4559326171875,433.999755859375,-1,-1,-1,-1
313,2,705.4308471679688,618.340576171875,205.88909912109375,438.4190673828125,-1,-1,-1,-1
314,2,705.2532958984375,637.6842651367188,213.1009521484375,442.71185302734375,-1,-1,-1,-1
315,2,709.7011108398438,647.3958740234375,216.83941650390625,444.4913330078125,-1,-1,-1,-1
316,2,711.0681762695312,644.8034057617188,219.58740234375,446.90069580078125,-1,-1,-1,-1
317,2,710.7935791015625,635.7017211914062,220.08203125,449.28338623046875,-1,-1,-1,-1
318,2,717.8380126953125,627.809814453125,223.8936767578125,449.841796875,-1,-1,-1,-1
319,2,730.3361206054688,621.7597045898438,225.59918212890625,450.96392822265625,-1,-1,-1,-1
320,2,740.3082885742188,612.7213134765625,235.58538818359375,453.9285888671875,-1,-1,-1,-1
321,2,764.3268432617188,605.447998046875,245.39013671875,455.0679931640625,-1,-1,-1,-1
322,2,808.5708618164062,600.87158203125,249.76116943359375,463.0418701171875,-1,-1,-1,-1
323,2,847.5189208984375,598.655517578125,259.679931640625,472.17724609375,-1,-1,-1,-1
324,2,889.7833251953125,596.2716674804688,260.108154296875,478.11151123046875,-1,-1,-1,-1
325,2,924.781494140625,593.5911254882812,251.393310546875,485.00152587890625,-1,-1,-1,-1
326,2,927.978759765625,587.6981811523438,246.778564453125,491.50689697265625,-1,-1,-1,-1
327,2,907.80517578125,581.6192016601562,236.0147705078125,495.28155517578125,-1,-1,-1,-1
328,2,865.7808227539062,577.4373168945312,223.92303466796875,491.72723388671875,-1,-1,-1,-1
329,2,816.408935546875,581.30322265625,216.263671875,481.90283203125,-1,-1,-1,-1
330,2,772.9694213867188,590.3336791992188,217.6180419921875,476.47833251953125,-1,-1,-1,-1
331,2,741.7105102539062,595.6489868164062,218.74365234375,479.33380126953125,-1,-1,-1,-1
1,3,459.8757019042969,539.196044921875,261.2492980957031,539.7109375,-1,-1,-1,-1
2,3,430.80987548828125,543.674072265625,270.25994873046875,549.880615234375,-1,-1,-1,-1
3,3,406.3450012207031,536.8514404296875,283.5610046386719,557.577880859375,-1,-1,-1,-1
4,3,388.64019775390625,519.3421630859375,290.02508544921875,563.45166015625,-1,-1,-1,-1
5,3,374.0335388183594,509.1768493652344,299.0884704589844,569.4305419921875,-1,-1,-1,-1
6,3,359.9263610839844,509.7459716796875,300.3934631347656,573.45556640625,-1,-1,-1,-1
7,3,346.6271667480469,514.7904052734375,299.7720031738281,578.8287353515625,-1,-1,-1,-1
8,3,332.041015625,518.5357055664062,299.5308837890625,585.3563842773438,-1,-1,-1,-1
9,3,324.4647521972656,519.1858520507812,300.0876159667969,588.4324340820312,-1,-1,-1,-1
10,3,323.03607177734375,515.5145874023438,302.837890625,589.4476928710938,-1,-1,-1,-1
11,3,318.3560791015625,517.7068481445312,302.881591796875,591.2924194335938,-1,-1,-1,-1
12,3,290.1339416503906,525.0617065429688,316.8141174316406,595.7146606445312,-1,-1,-1,-1
13,3,241.9793243408203,537.5849609375,322.00164794921875,602.882568359375,-1,-1,-1,-1
14,3,185.35519409179688,548.2722778320312,338.6705017089844,614.2495727539062,-1,-1,-1,-1
15,3,129.5938262939453,546.72119140625,346.67498779296875,626.1158447265625,-1,-1,-1,-1
16,3,86.97218322753906,531.3469848632812,351.2435302734375,641.0430297851562,-1,-1,-1,-1
17,3,61.74176025390625,522.554931640625,360.6247863769531,647.7938232421875,-1,-1,-1,-1
18,3,46.09347915649414,514.8788452148438,360.9518127441406,655.2135620117188,-1,-1,-1,-1
19,3,34.37809753417969,512.1306457519531,356.524169921875,659.6077880859375,-1,-1,-1,-1
20,3,32.58291244506836,511.7721862792969,359.4541320800781,661.3214111328125,-1,-1,-1,-1
21,3,33.45219039916992,513.1538696289062,356.7413024902344,662.2780151367188,-1,-1,-1,-1
22,3,38.4613037109375,513.31298828125,354.818359375,659.8577880859375,-1,-1,-1,-1
23,3,38.091407775878906,513.5411376953125,363.27325439453125,658.404052734375,-1,-1,-1,-1
24,3,47.21083450317383,508.4384460449219,337.7355041503906,657.1700439453125,-1,-1,-1,-1
25,3,68.35454559326172,507.56982421875,312.40045166015625,652.995361328125,-1,-1,-1,-1
26,3,87.69549560546875,517.2311401367188,303.7106018066406,644.9837036132812,-1,-1,-1,-1
27,3,113.4141616821289,523.7633666992188,290.8124694824219,635.3682250976562,-1,-1,-1,-1
28,3,127.73560333251953,529.8230590820312,292.1993713378906,624.7593383789062,-1,-1,-1,-1
29,3,130.80636596679688,539.4732666015625,302.844970703125,616.2222900390625,-1,-1,-1,-1
30,3,153.92054748535156,538.5992431640625,294.904296875,609.766357421875,-1,-1,-1,-1
31,3,172.75286865234375,537.163818359375,299.00341796875,598.59423828125,-1,-1,-1,-1
32,3,188.449951171875,544.3553466796875,296.20147705078125,591.6282958984375,-1,-1,-1,-1
33,3,205.154052734375,557.7964477539062,276.74932861328125,582.3827514648438,-1,-1,-1,-1
34,3,227.15335083007812,572.67333984375,288.0868835449219,574.0208740234375,-1,-1,-1,-1
35,3,269.2064208984375,581.396240234375,291.08245849609375,561.28125,-1,-1,-1,-1
36,3,335.8085021972656,583.977783203125,265.8059997558594,550.1773681640625,-1,-1,-1,-1
37,3,407.24053955078125,587.0700073242188,261.5772705078125,535.4603881835938,-1,-1,-1,-1
38,3,459.2916259765625,587.272705078125,237.30206298828125,525.70263671875,-1,-1,-1,-1
39,3,490.5802307128906,582.4051513671875,247.32901000976562,520.6981201171875,-1,-1,-1,-1
40,3,506.2301025390625,577.6943969726562,242.5474853515625,515.2994995117188,-1,-1,-1,-1
41,3,514.5244750976562,571.22021484375,208.240478515625,514.807861328125,-1,-1,-1,-1
42,3,523.4252319335938,561.819580078125,188.41156005859375,514.21533203125,-1,-1,-1,-1
43,3,530.90234375,548.2242431640625,185.47882080078125,511.1571044921875,-1,-1,-1,-1
44,3,538.549072265625,535.5477294921875,176.2904052734375,504.850341796875,-1,-1,-1,-1
45,3,543.1251831054688,538.0081787109375,172.1798095703125,500.3900146484375,-1,-1,-1,-1
46,3,545.518310546875,549.7001342773438,168.75244140625,498.24078369140625,-1,-1,-1,-1
47,3,548.1759643554688,558.908935546875,165.743896484375,493.0106201171875,-1,-1,-1,-1
48,3,553.6363525390625,561.688720703125,159.65484619140625,489.5484619140625,-1,-1,-1,-1
49,3,563.4205322265625,559.3785400390625,153.648681640625,487.0621337890625,-1,-1,-1,-1
50,3,571.891357421875,557.3046875,148.277099609375,482.693603515625,-1,-1,-1,-1
51,3,578.37841796875,558.19384765625,142.78057861328125,480.6243896484375,-1,-1,-1,-1
52,3,590.0576171875,565.48681640625,142.3114013671875,479.0498046875,-1,-1,-1,-1
53,3,600.3558959960938,571.5112915039062,144.8575439453125,474.78009033203125,-1,-1,-1,-1
54,3,605.8302612304688,564.4718627929688,152.91351318359375,473.86053466796875,-1,-1,-1,-1
55,3,611.4639282226562,555.4575805664062,155.1556396484375,468.84796142578125,-1,-1,-1,-1
56,3,611.634033203125,548.2130737304688,143.01690673828125,464.33978271484375,-1,-1,-1,-1
57,3,610.1324462890625,543.8131713867188,132.39007568359375,461.65704345703125,-1,-1,-1,-1
58,3,609.2721557617188,546.5327758789062,130.03314208984375,458.22528076171875,-1,-1,-1,-1
59,3,613.7229614257812,556.5280151367188,124.44189453125,453.102783203125,-1,-1,-1,-1
60,3,619.0750732421875,566.1589965820312,135.27532958984375,452.02685546875,-1,-1,-1,-1
61,3,614.8173828125,571.4188232421875,137.3565673828125,449.54071044921875,-1,-1,-1,-1
62,3,604.3947143554688,573.1719360351562,141.88360595703125,446.4410400390625,-1,-1,-1,-1
63,3,603.5823364257812,574.8883666992188,124.7344970703125,443.62445068359375,-1,-1,-1,-1
64,3,599.572509765625,576.1845092773438,114.7120361328125,441.35272216796875,-1,-1,-1,-1
65,3,584.4823608398438,575.143798828125,116.83056640625,439.31768798828125,-1,-1,-1,-1
66,3,577.9857177734375,570.60400390625,107.712890625,437.3458251953125,-1,-1,-1,-1
67,3,572.509521484375,558.5164794921875,105.326416015625,435.83721923828125,-1,-1,-1,-1
68,3,574.708740234375,547.1464233398438,106.10821533203125,432.065673828125,-1,-1,-1,-1
69,3,581.3261108398438,540.4739379882812,103.22576904296875,427.1376953125,-1,-1,-1,-1
70,3,583.6277465820312,543.6461791992188,100.51373291015625,424.82806396484375,-1,-1,-1,-1
71,3,585.4293823242188,554.0856323242188,99.07275390625,422.41748046875,-1,-1,-1,-1
72,3,588.2863159179688,567.2239990234375,99.20635986328125,422.66632080078125,-1,-1,-1,-1
73,3,592.5590209960938,580.2974853515625,97.77655029296875,421.56451416015625,-1,-1,-1,-1
74,3,597.7763061523438,591.9682006835938,96.0380859375,418.685791015625,-1,-1,-1,-1
75,3,604.6123046875,603.0919189453125,96.1865234375,418.99627685546875,-1,-1,-1,-1
76,3,610.3784790039062,617.0731201171875,97.5050048828125,420.65673828125,-1,-1,-1,-1
77,3,621.9497680664062,624.2598876953125,106.75946044921875,422.7218017578125,-1,-1,-1,-1
78,3,635.5803833007812,622.7156982421875,104.4400634765625,420.4945068359375,-1,-1,-1,-1
79,3,651.3499755859375,620.6653442382812,108.71539306640625,417.17999267578125,-1,-1,-1,-1
80,3,659.7349243164062,608.295654296875,107.9326171875,414.1500244140625,-1,-1,-1,-1
81,3,663.565673828125,598.9866333007812,112.6114501953125,410.505615234375,-1,-1,-1,-1
82,3,678.8873291015625,590.8228149414062,111.2913818359375,406.74920654296875,-1,-1,-1,-1
83,3,693.9569702148438,581.9324951171875,120.17816162109375,406.5531005859375,-1,-1,-1,-1
84,3,701.1471557617188,590.671875,131.7611083984375,404.0531005859375,-1,-1,-1,-1
85,3,706.2469482421875,601.515380859375,132.0023193359375,404.940185546875,-1,-1,-1,-1
86,3,707.7622680664062,605.6180419921875,149.2220458984375,404.5167236328125,-1,-1,-1,-1
87,3,707.0043334960938,606.1218872070312,142.1929931640625,402.26300048828125,-1,-1,-1,-1
88,3,707.558837890625,607.8911743164062,136.848876953125,401.0396728515625,-1,-1,-1,-1
89,3,708.76953125,615.1466674804688,131.0408935546875,401.17266845703125,-1,-1,-1,-1
90,3,706.595947265625,620.26123046875,121.3262939453125,399.05767822265625,-1,-1,-1,-1
91,3,701.974853515625,613.6483764648438,117.97979736328125,395.478271484375,-1,-1,-1,-1
92,3,693.3006591796875,608.770751953125,119.62347412109375,394.72113037109375,-1,-1,-1,-1
93,3,685.81396484375,604.0659790039062,120.4088134765625,390.9677734375,-1,-1,-1,-1
94,3,684.6152954101562,598.4749145507812,116.7120361328125,387.15631103515625,-1,-1,-1,-1
95,3,686.2786865234375,590.7879028320312,115.2337646484375,381.89544677734375,-1,-1,-1,-1
96,3,692.5283813476562,580.57958984375,111.5048828125,366.62109375,-1,-1,-1,-1
97,3,697.0172119140625,568.9176025390625,114.600341796875,361.3936767578125,-1,-1,-1,-1
98,3,703.6312255859375,564.54638671875,118.24322509765625,347.7969970703125,-1,-1,-1,-1
99,3,703.01220703125,569.9557495117188,119.56341552734375,344.38189697265625,-1,-1,-1,-1
100,3,707.1569213867188,552.3115234375,118.3619384765625,373.39825439453125,-1,-1,-1,-1
104,3,692.359375,542.335693359375,135.006591796875,443.13665771484375,-1,-1,-1,-1
105,3,695.74072265625,577.3834228515625,137.423583984375,416.0665283203125,-1,-1,-1,-1
106,3,704.581787109375,588.3318481445312,129.42095947265625,341.20794677734375,-1,-1,-1,-1
107,3,705.3285522460938,592.2244873046875,122.3499755859375,337.99517822265625,-1,-1,-1,-1
108,3,700.6857299804688,586.9901733398438,120.3548583984375,337.626953125,-1,-1,-1,-1
109,3,699.281982421875,582.8219604492188,118.3427734375,374.9986572265625,-1,-1,-1,-1
110,3,692.5755004882812,580.1032104492188,121.2598876953125,374.5855712890625,-1,-1,-1,-1
111,3,694.316162109375,581.6469116210938,115.9547119140625,374.45843505859375,-1,-1,-1,-1
112,3,687.13818359375,587.5372314453125,123.2313232421875,374.2659912109375,-1,-1,-1,-1
113,3,672.5119018554688,595.2967529296875,139.3980712890625,374.706787109375,-1,-1,-1,-1
114,3,674.69580078125,596.4512939453125,139.2510986328125,375.34393310546875,-1,-1,-1,-1
115,3,675.459228515625,594.1542358398438,139.21685791015625,374.69000244140625,-1,-1,-1,-1
116,3,672.9913330078125,588.9354248046875,144.335693359375,375.1746826171875,-1,-1,-1,-1
117,3,676.802490234375,586.6351318359375,143.24041748046875,376.31915283203125,-1,-1,-1,-1
118,3,661.208984375,588.6263427734375,153.86383056640625,376.7177734375,-1,-1,-1,-1
119,3,650.7943115234375,590.5110473632812,155.86407470703125,377.96331787109375,-1,-1,-1,-1
120,3,655.8020629882812,592.0610961914062,143.1767578125,378.46484375,-1,-1,-1,-1
121,3,647.2310180664062,589.2385864257812,156.5289306640625,379.70489501953125,-1,-1,-1,-1
122,3,653.0324096679688,577.2533569335938,159.05267333984375,379.5228271484375,-1,-1,-1,-1
123,3,645.9845581054688,577.7532348632812,178.25836181640625,380.7578125,-1,-1,-1,-1
124,3,646.7923583984375,578.954345703125,177.70379638671875,381.02838134765625,-1,-1,-1,-1
125,3,644.3558349609375,580.5189208984375,186.9244384765625,381.747314453125,-1,-1,-1,-1
126,3,671.1431274414062,581.5116577148438,159.41973876953125,382.41748046875,-1,-1,-1,-1
127,3,688.5437622070312,578.5201416015625,138.22576904296875,382.8306884765625,-1,-1,-1,-1
128,3,690.1113891601562,576.4020385742188,143.33935546875,384.83685302734375,-1,-1,-1,-1
129,3,682.0978393554688,576.0496826171875,159.26361083984375,384.64581298828125,-1,-1,-1,-1
130,3,691.0462646484375,574.3072509765625,159.509033203125,387.307373046875,-1,-1,-1,-1
131,3,722.0709228515625,572.515869140625,145.55865478515625,389.7919921875,-1,-1,-1,-1
132,3,736.2177734375,567.3734130859375,147.0555419921875,391.9425048828125,-1,-1,-1,-1
133,3,752.0435791015625,564.3749389648438,153.43280029296875,392.87249755859375,-1,-1,-1,-1
134,3,768.8697509765625,561.204345703125,157.03533935546875,394.5897216796875,-1,-1,-1,-1
135,3,786.3098754882812,553.1663818359375,159.2001953125,398.166015625,-1,-1,-1,-1
136,3,801.932861328125,549.6585083007812,165.01409912109375,400.6376953125,-1,-1,-1,-1
137,3,812.8079223632812,545.136962890625,165.3841552734375,403.736328125,-1,-1,-1,-1
138,3,820.5164794921875,544.8631591796875,169.7120361328125,406.347900390625,-1,-1,-1,-1
139,3,831.8756103515625,545.2235107421875,171.04534912109375,409.547119140625,-1,-1,-1,-1
140,3,837.8228759765625,543.7553100585938,176.48321533203125,411.58770751953125,-1,-1,-1,-1
141,3,848.2071533203125,543.599609375,179.5809326171875,415.61102294921875,-1,-1,-1,-1
142,3,859.25,545.5671997070312,182.1151123046875,421.45819091796875,-1,-1,-1,-1
143,3,869.4207763671875,543.372802734375,184.2398681640625,425.57672119140625,-1,-1,-1,-1
144,3,871.077392578125,542.6278686523438,188.373779296875,429.12628173828125,-1,-1,-1,-1
145,3,870.6838989257812,549.1543579101562,192.52264404296875,433.46539306640625,-1,-1,-1,-1
146,3,866.3467407226562,557.5824584960938,196.42840576171875,434.70068359375,-1,-1,-1,-1
147,3,859.254150390625,561.8262939453125,201.720703125,436.642333984375,-1,-1,-1,-1
148,3,855.4667358398438,557.7763061523438,204.25946044921875,438.26507568359375,-1,-1,-1,-1
149,3,848.7633666992188,551.9864501953125,211.07965087890625,441.44879150390625,-1,-1,-1,-1
150,3,843.4757080078125,553.5726928710938,209.4527587890625,441.08905029296875,-1,-1,-1,-1
151,3,827.6461791992188,551.6136474609375,211.49444580078125,442.02117919921875,-1,-1,-1,-1
152,3,808.8409423828125,547.3277587890625,207.17327880859375,442.60845947265625,-1,-1,-1,-1
153,3,790.9864501953125,546.9588623046875,202.95660400390625,444.7637939453125,-1,-1,-1,-1
154,3,773.7047729492188,549.558349609375,206.1373291015625,447.8319091796875,-1,-1,-1,-1
155,3,762.4832763671875,554.297119140625,205.9097900390625,450.4710693359375,-1,-1,-1,-1
156,3,753.4398193359375,556.2320556640625,207.6434326171875,453.99200439453125,-1,-1,-1,-1
157,3,748.7744140625,552.1736450195312,210.243896484375,455.68658447265625,-1,-1,-1,-1
158,3,738.973876953125,552.7656860351562,218.3231201171875,457.6947021484375,-1,-1,-1,-1
159,3,730.3259887695312,556.2756958007812,220.43548583984375,462.03570556640625,-1,-1,-1,-1
160,3,721.7962646484375,557.1121215820312,224.6712646484375,466.76617431640625,-1,-1,-1,-1
161,3,718.02587890625,553.7186889648438,228.83343505859375,469.37884521484375,-1,-1,-1,-1
162,3,710.829345703125,551.3784790039062,234.4600830078125,472.85382080078125,-1,-1,-1,-1
163,3,711.9981689453125,550.9149780273438,235.7381591796875,475.23541259765625,-1,-1,-1,-1
164,3,712.7410888671875,551.8997192382812,241.68023681640625,480.11187744140625,-1,-1,-1,-1
165,3,715.7567749023438,553.3465576171875,240.32470703125,484.65771484375,-1,-1,-1,-1
166,3,718.4639892578125,553.8106689453125,243.51312255859375,488.336181640625,-1,-1,-1,-1
167,3,723.0296630859375,549.7005004882812,247.1268310546875,493.24261474609375,-1,-1,-1,-1
168,3,722.1196899414062,545.0922241210938,258.43096923828125,498.20001220703125,-1,-1,-1,-1
169,3,729.4390869140625,549.6053466796875,255.72412109375,504.4007568359375,-1,-1,-1,-1
170,3,725.4618530273438,560.7860717773438,265.583251953125,512.8574829101562,-1,-1,-1,-1
171,3,716.1551513671875,570.27587890625,276.9139404296875,516.1246337890625,-1,-1,-1,-1
172,3,715.0927124023438,568.3622436523438,278.0531005859375,519.6517944335938,-1,-1,-1,-1
173,3,709.1641235351562,556.766357421875,281.36785888671875,522.076171875,-1,-1,-1,-1
174,3,705.42333984375,554.051513671875,288.46258544921875,526.2576904296875,-1,-1,-1,-1
175,3,708.46337890625,555.5545043945312,293.77679443359375,531.7859497070312,-1,-1,-1,-1
176,3,714.8291625976562,552.4368286132812,298.15374755859375,535.5585327148438,-1,-1,-1,-1
177,3,723.3642578125,550.9025268554688,299.4765625,543.4069213867188,-1,-1,-1,-1
178,3,739.8923950195312,552.716796875,302.43243408203125,550.442138671875,-1,-1,-1,-1
179,3,756.29638671875,556.076171875,307.1868896484375,560.0198974609375,-1,-1,-1,-1
180,3,777.4617919921875,558.381591796875,320.7269287109375,569.2784423828125,-1,-1,-1,-1
181,3,804.0921630859375,555.5902709960938,331.1260986328125,582.2807006835938,-1,-1,-1,-1
182,3,825.1972045898438,553.8199462890625,341.46990966796875,594.083251953125,-1,-1,-1,-1
183,3,835.4640502929688,559.3490600585938,351.98565673828125,602.8036499023438,-1,-1,-1,-1
184,3,841.0661010742188,567.891357421875,362.47943115234375,609.9840087890625,-1,-1,-1,-1
185,3,850.1821899414062,572.6021118164062,371.68865966796875,618.3003540039062,-1,-1,-1,-1
186,3,861.1439208984375,565.626220703125,371.7991943359375,622.8802490234375,-1,-1,-1,-1
187,3,867.9974365234375,560.2117919921875,371.3741455078125,628.498291015625,-1,-1,-1,-1
188,3,876.6172485351562,558.5206298828125,372.00653076171875,634.050048828125,-1,-1,-1,-1
189,3,883.823486328125,558.4210815429688,375.427734375,640.7958374023438,-1,-1,-1,-1
190,3,890.3949584960938,562.724365234375,377.47308349609375,648.239990234375,-1,-1,-1,-1
191,3,893.2691650390625,567.6807861328125,381.9869384765625,655.2650146484375,-1,-1,-1,-1
192,3,890.7305908203125,564.4285278320312,385.6278076171875,663.2882690429688,-1,-1,-1,-1
193,3,884.2877807617188,561.7684936523438,390.85931396484375,668.3233032226562,-1,-1,-1,-1
194,3,874.1414794921875,561.1070556640625,387.9305419921875,671.717529296875,-1,-1,-1,-1
195,3,846.4893188476562,564.9298706054688,384.95062255859375,672.4569702148438,-1,-1,-1,-1
196,3,802.6238403320312,568.359130859375,384.51324462890625,669.4351806640625,-1,-1,-1,-1
197,3,773.4249877929688,556.7631225585938,371.35113525390625,666.0205688476562,-1,-1,-1,-1
198,3,742.6769409179688,542.7288818359375,369.91192626953125,664.252197265625,-1,-1,-1,-1
199,3,721.623779296875,536.127685546875,368.7049560546875,663.255859375,-1,-1,-1,-1
200,3,708.531005859375,534.2939453125,362.79931640625,663.0234375,-1,-1,-1,-1
201,3,701.0213623046875,533.3734741210938,358.331787109375,665.2328491210938,-1,-1,-1,-1
202,3,694.8809814453125,536.3219604492188,359.04052734375,669.1575317382812,-1,-1,-1,-1
203,3,699.8572387695312,542.873046875,354.43780517578125,674.17626953125,-1,-1,-1,-1
204,3,699.4987182617188,546.6688232421875,355.46673583984375,680.1995849609375,-1,-1,-1,-1
205,3,703.6491088867188,549.1663208007812,355.92498779296875,686.9386596679688,-1,-1,-1,-1
206,3,706.989013671875,550.9986572265625,358.7821044921875,694.234619140625,-1,-1,-1,-1
207,3,715.8610229492188,550.5377197265625,361.76190185546875,699.4578857421875,-1,-1,-1,-1
208,3,716.8106689453125,557.497314453125,370.3333740234375,708.533203125,-1,-1,-1,-1
209,3,727.451416015625,577.4237060546875,365.4097900390625,714.1298828125,-1,-1,-1,-1
210,3,732.1681518554688,590.3663940429688,367.07293701171875,719.8086547851562,-1,-1,-1,-1
211,3,741.902587890625,589.726318359375,361.9307861328125,724.0767822265625,-1,-1,-1,-1
212,3,750.42431640625,577.1902465820312,364.898193359375,727.8235473632812,-1,-1,-1,-1
213,3,769.9365234375,567.1655883789062,369.17138671875,733.4765014648438,-1,-1,-1,-1
214,3,797.4944458007812,563.3900756835938,371.60968017578125,740.2393188476562,-1,-1,-1,-1
215,3,822.0121459960938,561.0335693359375,389.97967529296875,750.1097412109375,-1,-1,-1,-1
216,3,839.3247680664062,560.1464233398438,382.45318603515625,758.5958862304688,-1,-1,-1,-1
217,3,845.8519287109375,555.4920654296875,375.8115234375,766.1412353515625,-1,-1,-1,-1
218,3,849.7312622070312,548.8026123046875,370.64666748046875,769.4678955078125,-1,-1,-1,-1
219,3,849.3512573242188,543.3617553710938,369.86102294921875,774.8519897460938,-1,-1,-1,-1
220,3,847.6512451171875,544.6112670898438,372.5321044921875,780.1978149414062,-1,-1,-1,-1
221,3,841.293212890625,548.3162841796875,370.4180908203125,787.7510986328125,-1,-1,-1,-1
222,3,826.29541015625,560.9508666992188,367.4490966796875,789.4127807617188,-1,-1,-1,-1
223,3,811.2083740234375,547.1625366210938,357.4093017578125,792.2828979492188,-1,-1,-1,-1
224,3,797.78466796875,520.5955200195312,346.1412353515625,790.2566528320312,-1,-1,-1,-1
225,3,792.4150390625,505.1497802734375,336.361328125,791.337158203125,-1,-1,-1,-1
226,3,791.8870239257812,499.35546875,327.25360107421875,793.04052734375,-1,-1,-1,-1
227,3,788.1060791015625,498.21185302734375,320.11181640625,795.7330932617188,-1,-1,-1,-1
228,3,782.7645263671875,500.4991455078125,310.645751953125,797.4710693359375,-1,-1,-1,-1
229,3,773.1466064453125,503.67376708984375,307.1513671875,800.0223999023438,-1,-1,-1,-1
230,3,766.8907470703125,510.50311279296875,301.5582275390625,801.6696166992188,-1,-1,-1,-1
231,3,760.0745239257812,516.3411865234375,299.77862548828125,806.5028076171875,-1,-1,-1,-1
232,3,766.2774047851562,521.4378051757812,293.81842041015625,812.3207397460938,-1,-1,-1,-1
233,3,764.175048828125,522.8641357421875,295.7825927734375,817.3192138671875,-1,-1,-1,-1
234,3,762.8543701171875,526.9144897460938,274.7816162109375,818.7981567382812,-1,-1,-1,-1
235,3,760.6460571289062,529.0751953125,267.80767822265625,821.56201171875,-1,-1,-1,-1
236,3,756.8567504882812,524.9609375,264.368896484375,820.81103515625,-1,-1,-1,-1
237,3,755.4706420898438,522.1671752929688,254.6995849609375,819.0665893554688,-1,-1,-1,-1
238,3,752.3557739257812,518.0656127929688,249.48443603515625,816.3258666992188,-1,-1,-1,-1
239,3,742.246826171875,517.3834228515625,247.3907470703125,812.2191162109375,-1,-1,-1,-1
240,3,738.0260009765625,517.96533203125,240.75823974609375,810.00439453125,-1,-1,-1,-1
241,3,732.2369995117188,524.8485717773438,231.7099609375,810.7481079101562,-1,-1,-1,-1
242,3,741.0230102539062,529.71337890625,221.55035400390625,814.6473388671875,-1,-1,-1,-1
243,3,747.4338989257812,533.5346069335938,217.93817138671875,819.7252807617188,-1,-1,-1,-1
244,3,748.1859130859375,530.6085815429688,209.4609375,824.7417602539062,-1,-1,-1,-1
245,3,744.0194702148438,529.1416625976562,204.03790283203125,828.4037475585938,-1,-1,-1,-1
246,3,737.0740966796875,533.970458984375,196.29949951171875,830.66455078125,-1,-1,-1,-1
247,3,714.2234497070312,542.1996459960938,198.388671875,834.4542846679688,-1,-1,-1,-1
248,3,684.4349365234375,551.9383544921875,205.0711669921875,837.8326416015625,-1,-1,-1,-1
249,3,658.2444458007812,554.3385620117188,209.37579345703125,838.9285278320312,-1,-1,-1,-1
250,3,637.4705200195312,549.0936279296875,213.642578125,839.6168212890625,-1,-1,-1,-1
251,3,623.364990234375,546.6705322265625,215.47601318359375,836.624267578125,-1,-1,-1,-1
252,3,609.2177734375,552.7997436523438,221.02972412109375,837.4662475585938,-1,-1,-1,-1
253,3,591.6278076171875,560.5584716796875,224.25067138671875,834.4434814453125,-1,-1,-1,-1
254,3,566.815673828125,564.3609619140625,237.11883544921875,837.0606689453125,-1,-1,-1,-1
255,3,556.9991455078125,569.8544921875,239.54412841796875,836.47314453125,-1,-1,-1,-1
256,3,559.4542846679688,573.1216430664062,232.685791015625,836.6845092773438,-1,-1,-1,-1
257,3,548.5863647460938,576.0188598632812,236.14715576171875,835.4581909179688,-1,-1,-1,-1
258,3,534.488525390625,572.2564086914062,241.98541259765625,837.3255004882812,-1,-1,-1,-1
259,3,514.0879516601562,567.1309204101562,248.9586181640625,840.1593627929688,-1,-1,-1,-1
260,3,490.2935485839844,566.3070678710938,258.3504943847656,840.5820922851562,-1,-1,-1,-1
261,3,469.9527587890625,569.3331298828125,260.7032470703125,837.14013671875,-1,-1,-1,-1
262,3,451.0257873535156,576.7060546875,261.4239196777344,831.2752685546875,-1,-1,-1,-1
263,3,434.2431640625,577.3568725585938,262.42572021484375,829.8485717773438,-1,-1,-1,-1
264,3,418.2620544433594,575.8320922851562,263.7500305175781,829.8872680664062,-1,-1,-1,-1
265,3,408.06597900390625,577.9432983398438,267.59197998046875,827.6458129882812,-1,-1,-1,-1
266,3,404.79400634765625,581.1665649414062,270.3719482421875,826.1039428710938,-1,-1,-1,-1
267,3,406.49444580078125,587.775634765625,271.5849609375,821.8580322265625,-1,-1,-1,-1
268,3,404.0654296875,596.2902221679688,275.4300537109375,815.3207397460938,-1,-1,-1,-1
269,3,404.25689697265625,597.7385864257812,278.10052490234375,814.7232055664062,-1,-1,-1,-1
270,3,400.1761474609375,596.432861328125,281.9356689453125,815.9200439453125,-1,-1,-1,-1
271,3,393.65838623046875,592.3600463867188,287.14886474609375,819.6192016601562,-1,-1,-1,-1
272,3,380.54656982421875,592.3572387695312,295.34259033203125,819.6908569335938,-1,-1,-1,-1
273,3,362.4864501953125,589.3204345703125,304.84613037109375,822.4134521484375,-1,-1,-1,-1
274,3,344.58251953125,577.4952392578125,309.261962890625,834.027099609375,-1,-1,-1,-1
275,3,325.924072265625,553.945556640625,317.418701171875,855.0177001953125,-1,-1,-1,-1
276,3,307.687255859375,541.0650024414062,325.9351806640625,865.4004516601562,-1,-1,-1,-1
277,3,289.6645202636719,534.2080078125,329.8945007324219,871.1806640625,-1,-1,-1,-1
278,3,279.9334411621094,523.2901611328125,339.2975769042969,876.322265625,-1,-1,-1,-1
279,3,281.2330017089844,515.6993408203125,336.6151428222656,876.14892578125,-1,-1,-1,-1
280,3,281.86749267578125,509.78924560546875,338.20269775390625,875.7506713867188,-1,-1,-1,-1
281,3,273.0878601074219,505.7628173828125,336.0043640136719,875.5242919921875,-1,-1,-1,-1
282,3,269.3548278808594,505.7214660644531,339.9587097167969,874.90185546875,-1,-1,-1,-1
283,3,272.2371826171875,506.7605285644531,338.6387939453125,872.9971923828125,-1,-1,-1,-1
284,3,277.6489562988281,500.3930969238281,334.2889099121094,870.655029296875,-1,-1,-1,-1
285,3,289.28961181640625,497.462646484375,330.535888671875,866.176025390625,-1,-1,-1,-1
286,3,307.38818359375,498.6899108886719,329.6571044921875,859.82958984375,-1,-1,-1,-1
287,3,322.341552734375,500.8069152832031,321.9459228515625,850.3895263671875,-1,-1,-1,-1
288,3,337.3728332519531,504.5377197265625,323.1791687011719,839.30419921875,-1,-1,-1,-1
289,3,353.22454833984375,509.766357421875,332.76885986328125,828.0875244140625,-1,-1,-1,-1
290,3,367.010498046875,513.8695678710938,342.95745849609375,817.9625854492188,-1,-1,-1,-1
291,3,376.3023986816406,515.9434204101562,341.1889953613281,810.7778930664062,-1,-1,-1,-1
292,3,382.758544921875,514.8974609375,341.58221435546875,805.1929931640625,-1,-1,-1,-1
293,3,393.0428771972656,512.8641357421875,338.8420104980469,798.743896484375,-1,-1,-1,-1
294,3,399.95648193359375,516.0903930664062,337.7625732421875,795.6132202148438,-1,-1,-1,-1
295,3,407.04376220703125,519.5967407226562,340.2789306640625,794.3878784179688,-1,-1,-1,-1
296,3,408.3087158203125,520.4950561523438,345.32281494140625,794.1109008789062,-1,-1,-1,-1
297,3,409.95172119140625,517.5480346679688,342.7998046875,796.1091918945312,-1,-1,-1,-1
298,3,402.19317626953125,510.33392333984375,350.32489013671875,798.5269165039062,-1,-1,-1,-1
299,3,380.2001037597656,498.1636962890625,352.0756530761719,805.2637939453125,-1,-1,-1,-1
300,3,352.9671936035156,487.3674011230469,363.0698547363281,813.26220703125,-1,-1,-1,-1
301,3,331.5356750488281,470.7021179199219,376.9441833496094,822.527099609375,-1,-1,-1,-1
302,3,308.28546142578125,456.9302978515625,382.70672607421875,827.086669921875,-1,-1,-1,-1
303,3,286.74066162109375,451.66510009765625,383.1058349609375,830.0114135742188,-1,-1,-1,-1
304,3,261.7840270996094,454.7748718261719,394.4812927246094,837.0135498046875,-1,-1,-1,-1
305,3,236.0205841064453,456.3291015625,409.32073974609375,840.8936767578125,-1,-1,-1,-1
306,3,222.3141326904297,460.4812927246094,403.83087158203125,840.920166015625,-1,-1,-1,-1
307,3,224.9756622314453,464.1688537597656,392.022705078125,839.6270751953125,-1,-1,-1,-1
308,3,224.29660034179688,465.77978515625,389.6434631347656,836.1258544921875,-1,-1,-1,-1
309,3,222.53131103515625,469.0205078125,391.6778564453125,831.6044921875,-1,-1,-1,-1
310,3,229.43075561523438,474.86529541015625,393.4638977050781,826.2586059570312,-1,-1,-1,-1
311,3,236.45892333984375,485.0309143066406,385.59222412109375,822.609130859375,-1,-1,-1,-1
312,3,233.7095947265625,495.8145751953125,385.44140625,819.3175048828125,-1,-1,-1,-1
313,3,225.06607055664062,512.4149475097656,393.8148498535156,814.505126953125,-1,-1,-1,-1
314,3,222.13925170898438,522.811767578125,399.8386535644531,806.1280517578125,-1,-1,-1,-1
315,3,223.3282012939453,522.36181640625,398.7979736328125,798.05908203125,-1,-1,-1,-1
316,3,220.91683959960938,519.8863525390625,389.6226501464844,792.2401123046875,-1,-1,-1,-1
317,3,219.44483947753906,520.6494140625,386.67724609375,786.686279296875,-1,-1,-1,-1
318,3,225.94139099121094,523.9931640625,377.80755615234375,778.9788818359375,-1,-1,-1,-1
319,3,240.00637817382812,524.2197265625,375.4873962402344,767.4742431640625,-1,-1,-1,-1
320,3,261.94903564453125,523.232666015625,367.80596923828125,753.7818603515625,-1,-1,-1,-1
321,3,294.27203369140625,519.0648803710938,357.08251953125,740.1450805664062,-1,-1,-1,-1
322,3,336.0828857421875,514.106689453125,346.2877197265625,724.4991455078125,-1,-1,-1,-1
323,3,379.5486145019531,506.630859375,337.6227722167969,711.1282958984375,-1,-1,-1,-1
324,3,410.20526123046875,496.1779479980469,333.078125,700.09423828125,-1,-1,-1,-1
325,3,424.7566833496094,494.57220458984375,330.6553649902344,697.2294311523438,-1,-1,-1,-1
326,3,417.89959716796875,493.99908447265625,334.8280029296875,699.2507934570312,-1,-1,-1,-1
327,3,382.4216003417969,495.6513671875,336.3412170410156,710.53125,-1,-1,-1,-1
328,3,320.6056823730469,491.91754150390625,343.8294372558594,726.0039672851562,-1,-1,-1,-1
329,3,251.6829376220703,486.6563415527344,348.9508056640625,745.6016845703125,-1,-1,-1,-1
330,3,194.24964904785156,485.5018310546875,343.952392578125,761.1256103515625,-1,-1,-1,-1
331,3,143.86753845214844,489.083740234375,343.18182373046875,770.34521484375,-1,-1,-1,-1
88,4,847.6924438476562,558.3917236328125,182.88250732421875,395.4459228515625,-1,-1,-1,-1
89,4,898.1455078125,604.1680297851562,140.7100830078125,287.4063720703125,-1,-1,-1,-1
90,4,891.218505859375,615.2232666015625,144.95751953125,282.930908203125,-1,-1,-1,-1
91,4,886.7353515625,614.5595703125,136.33978271484375,280.8209228515625,-1,-1,-1,-1
92,4,880.42041015625,614.5638427734375,120.27099609375,277.10986328125,-1,-1,-1,-1
93,4,874.1921997070312,615.9348754882812,104.0560302734375,269.436767578125,-1,-1,-1,-1
94,4,873.5272216796875,615.4271240234375,90.6717529296875,262.3310546875,-1,-1,-1,-1
95,4,875.7276000976562,613.3002319335938,83.99664306640625,256.33642578125,-1,-1,-1,-1
96,4,876.556396484375,604.8191528320312,84.0352783203125,254.629150390625,-1,-1,-1,-1
97,4,874.5701904296875,594.830322265625,91.240966796875,248.12786865234375,-1,-1,-1,-1
98,4,863.0751342773438,590.1763916015625,105.33685302734375,244.9281005859375,-1,-1,-1,-1
99,4,859.2562866210938,593.386962890625,108.87139892578125,241.263671875,-1,-1,-1,-1
100,4,847.9400634765625,597.82275390625,119.77471923828125,242.2510986328125,-1,-1,-1,-1
101,4,851.4171752929688,604.8200073242188,119.32623291015625,241.01141357421875,-1,-1,-1,-1
102,4,858.8977661132812,606.5941162109375,119.5494384765625,240.479248046875,-1,-1,-1,-1
103,4,866.08984375,599.1311645507812,118.060791015625,243.2625732421875,-1,-1,-1,-1
104,4,873.9647216796875,596.7410888671875,117.657958984375,246.20367431640625,-1,-1,-1,-1
105,4,880.4559326171875,600.2926025390625,112.259033203125,247.33984375,-1,-1,-1,-1
106,4,882.1567993164062,609.4629516601562,104.984375,244.573974609375,-1,-1,-1,-1
107,4,880.5548706054688,614.16455078125,97.296142578125,243.96832275390625,-1,-1,-1,-1
108,4,876.4894409179688,609.8496704101562,92.32891845703125,241.850830078125,-1,-1,-1,-1
109,4,877.0148315429688,603.3388061523438,86.66961669921875,243.26904296875,-1,-1,-1,-1
110,4,872.4063110351562,595.9376220703125,85.33087158203125,244.3416748046875,-1,-1,-1,-1
111,4,860.4341430664062,594.6604614257812,89.876708984375,241.63250732421875,-1,-1,-1,-1
112,4,846.6468505859375,600.638671875,103.0218505859375,241.1331787109375,-1,-1,-1,-1
113,4,838.2235107421875,607.1683349609375,113.03680419921875,240.1290283203125,-1,-1,-1,-1
114,4,832.7583618164062,610.0350341796875,113.76727294921875,240.15582275390625,-1,-1,-1,-1
115,4,830.0113525390625,608.0153198242188,117.63568115234375,242.0198974609375,-1,-1,-1,-1
116,4,832.2352294921875,602.8690795898438,115.2623291015625,244.6534423828125,-1,-1,-1,-1
117,4,831.2750854492188,601.510009765625,116.77423095703125,245.78375244140625,-1,-1,-1,-1
118,4,826.5975341796875,604.2290649414062,117.141845703125,245.25384521484375,-1,-1,-1,-1
119,4,821.5634155273438,609.1307373046875,111.67742919921875,245.25689697265625,-1,-1,-1,-1
120,4,811.57373046875,614.5214233398438,103.83734130859375,251.13665771484375,-1,-1,-1,-1
121,4,806.0220336914062,617.2532348632812,99.52923583984375,251.8304443359375,-1,-1,-1,-1
122,4,813.449951171875,608.3883056640625,92.666748046875,252.267333984375,-1,-1,-1,-1
123,4,820.365234375,608.2684936523438,87.328369140625,244.7291259765625,-1,-1,-1,-1
124,4,824.5744018554688,608.8895874023438,84.19573974609375,242.482177734375,-1,-1,-1,-1
125,4,828.7442626953125,609.3833618164062,84.96014404296875,245.2132568359375,-1,-1,-1,-1
126,4,825.608642578125,609.6893310546875,92.7650146484375,243.3951416015625,-1,-1,-1,-1
127,4,814.8225708007812,606.0576782226562,104.04364013671875,239.37841796875,-1,-1,-1,-1
128,4,805.7476196289062,604.5965576171875,118.60845947265625,238.79473876953125,-1,-1,-1,-1
129,4,806.83251953125,604.8326416015625,123.979248046875,239.8387451171875,-1,-1,-1,-1
130,4,814.300048828125,604.9086303710938,125.3304443359375,241.65203857421875,-1,-1,-1,-1
131,4,828.778564453125,604.55859375,122.6168212890625,243.3486328125,-1,-1,-1,-1
132,4,844.0679321289062,601.1142578125,123.61639404296875,244.6126708984375,-1,-1,-1,-1
133,4,862.8645629882812,598.2188110351562,121.9033203125,248.12603759765625,-1,-1,-1,-1
134,4,886.1688232421875,596.833984375,119.311767578125,253.11798095703125,-1,-1,-1,-1
135,4,905.396484375,588.6463623046875,120.7613525390625,256.95928955078125,-1,-1,-1,-1
136,4,927.4506225585938,583.0450439453125,116.21466064453125,254.190673828125,-1,-1,-1,-1
137,4,943.2478637695312,576.2521362304688,112.22332763671875,257.3590087890625,-1,-1,-1,-1
138,4,954.4449462890625,574.1390380859375,113.0670166015625,261.1602783203125,-1,-1,-1,-1
139,4,968.8489990234375,574.3265380859375,111.143310546875,264.038330078125,-1,-1,-1,-1
140,4,977.2979736328125,572.0927124023438,110.890380859375,266.829833984375,-1,-1,-1,-1
141,4,986.5921630859375,572.0338134765625,111.6807861328125,267.81610107421875,-1,-1,-1,-1
142,4,986.6682739257812,574.3553466796875,121.75701904296875,271.538330078125,-1,-1,-1,-1
143,4,992.7928466796875,572.6508178710938,126.998779296875,275.16729736328125,-1,-1,-1,-1
144,4,995.521728515625,572.2105102539062,126.81689453125,279.75860595703125,-1,-1,-1,-1
145,4,989.9476318359375,580.4425048828125,130.888671875,282.55169677734375,-1,-1,-1,-1
146,4,991.8213500976562,590.9651489257812,126.27886962890625,283.074951171875,-1,-1,-1,-1
147,4,990.5967407226562,596.3807983398438,121.95465087890625,287.04718017578125,-1,-1,-1,-1
148,4,982.5902709960938,591.3759765625,123.53851318359375,289.28729248046875,-1,-1,-1,-1
149,4,974.3804321289062,585.2045288085938,125.35369873046875,289.02789306640625,-1,-1,-1,-1
150,4,960.8296508789062,584.0438232421875,130.48297119140625,292.3858642578125,-1,-1,-1,-1
151,4,946.3724365234375,580.5249633789062,124.327392578125,290.3994140625,-1,-1,-1,-1
152,4,931.726806640625,574.8516235351562,112.28515625,286.4705810546875,-1,-1,-1,-1
153,4,908.9778442382812,571.718505859375,111.7952880859375,281.52935791015625,-1,-1,-1,-1
154,4,895.9280395507812,575.9768676757812,108.8416748046875,276.6280517578125,-1,-1,-1,-1
155,4,885.1694946289062,582.5048828125,105.86053466796875,271.0433349609375,-1,-1,-1,-1
156,4,872.7828979492188,586.6412353515625,112.14300537109375,266.49365234375,-1,-1,-1,-1
157,4,870.435791015625,584.9507446289062,113.2669677734375,263.80828857421875,-1,-1,-1,-1
158,4,869.9601440429688,587.8056030273438,111.7489013671875,263.43719482421875,-1,-1,-1,-1
159,4,865.04248046875,592.996826171875,116.937255859375,264.267333984375,-1,-1,-1,-1
160,4,861.6796875,595.0039672851562,120.419189453125,265.05517578125,-1,-1,-1,-1
161,4,854.5621337890625,592.2628173828125,112.577392578125,266.021728515625,-1,-1,-1,-1
162,4,848.479736328125,589.0753173828125,111.6585693359375,269.195556640625,-1,-1,-1,-1
163,4,849.2693481445312,588.3011474609375,114.086669921875,270.6002197265625,-1,-1,-1,-1
164,4,843.902587890625,587.400390625,118.4586181640625,274.1380615234375,-1,-1,-1,-1
165,4,841.4140625,588.7692260742188,117.17572021484375,278.259521484375,-1,-1,-1,-1
166,4,838.8528442382812,589.6097412109375,123.29156494140625,278.41552734375,-1,-1,-1,-1
167,4,833.9481201171875,585.3900146484375,132.60858154296875,279.44671630859375,-1,-1,-1,-1
168,4,837.0447387695312,579.77490234375,140.31121826171875,285.84588623046875,-1,-1,-1,-1
169,4,835.6336669921875,584.6704711914062,142.68841552734375,290.5615234375,-1,-1,-1,-1
170,4,829.48291015625,595.3857421875,152.5391845703125,299.55523681640625,-1,-1,-1,-1
171,4,823.33154296875,588.3861083984375,160.12017822265625,319.45330810546875,-1,-1,-1,-1
241,5,840.8201293945312,592.1383666992188,144.03570556640625,325.04547119140625,-1,-1,-1,-1
242,5,853.558349609375,600.6653442382812,139.61529541015625,321.56585693359375,-1,-1,-1,-1
243,5,865.4176025390625,607.9271240234375,135.82537841796875,316.0396728515625,-1,-1,-1,-1
244,5,878.990234375,607.60107421875,123.239990234375,317.2706298828125,-1,-1,-1,-1
245,5,880.404052734375,608.1067504882812,118.4295654296875,312.3941650390625,-1,-1,-1,-1
246,5,873.774169921875,612.8636474609375,123.1595458984375,311.955810546875,-1,-1,-1,-1
247,5,855.3192138671875,624.2079467773438,116.13525390625,309.63116455078125,-1,-1,-1,-1
248,5,833.2652587890625,636.0697021484375,114.68890380859375,306.74298095703125,-1,-1,-1,-1
249,5,823.1763916015625,640.1839599609375,112.5347900390625,298.40032958984375,-1,-1,-1,-1
250,5,808.9724731445312,635.5509033203125,114.85089111328125,288.5325927734375,-1,-1,-1,-1
251,5,799.498779296875,631.4559936523438,114.78076171875,289.729736328125,-1,-1,-1,-1
252,5,802.2485961914062,633.9622192382812,108.1380615234375,292.97369384765625,-1,-1,-1,-1
253,5,803.611083984375,638.9169921875,101.03057861328125,294.732177734375,-1,-1,-1,-1
254,5,803.1017456054688,641.6832275390625,97.52191162109375,293.25811767578125,-1,-1,-1,-1
255,5,802.5489501953125,645.7765502929688,97.4405517578125,295.3135986328125,-1,-1,-1,-1
256,5,803.6375122070312,651.6546630859375,99.64703369140625,297.29742431640625,-1,-1,-1,-1
257,5,804.48046875,654.45361328125,105.28533935546875,301.7261962890625,-1,-1,-1,-1
258,5,804.88134765625,653.2775268554688,106.60845947265625,299.2818603515625,-1,-1,-1,-1
259,5,804.5263671875,651.1775512695312,105.45654296875,299.33929443359375,-1,-1,-1,-1
260,5,806.0499267578125,651.9308471679688,107.4471435546875,300.24041748046875,-1,-1,-1,-1
261,5,806.9319458007812,652.0344848632812,99.07647705078125,299.95123291015625,-1,-1,-1,-1
262,5,801.494384765625,652.5512084960938,96.78924560546875,298.046142578125,-1,-1,-1,-1
263,5,799.01513671875,650.050048828125,92.510009765625,288.0828857421875,-1,-1,-1,-1
264,5,786.2425537109375,645.361083984375,98.584228515625,285.42437744140625,-1,-1,-1,-1
265,5,790.2824096679688,646.4354248046875,94.9462890625,278.24981689453125,-1,-1,-1,-1
266,5,795.1668090820312,649.4061889648438,97.39471435546875,272.5592041015625,-1,-1,-1,-1
267,5,793.6600341796875,653.4484252929688,112.306396484375,267.31842041015625,-1,-1,-1,-1
268,5,789.000244140625,657.3693237304688,127.70526123046875,265.05303955078125,-1,-1,-1,-1
269,5,786.296630859375,659.8425903320312,143.69000244140625,264.11767578125,-1,-1,-1,-1
270,5,789.7171630859375,658.95703125,140.1820068359375,265.9591064453125,-1,-1,-1,-1
271,5,794.85498046875,658.8262939453125,136.17498779296875,266.62860107421875,-1,-1,-1,-1
272,5,793.9580688476562,661.3513793945312,140.19085693359375,267.4146728515625,-1,-1,-1,-1
273,5,793.0640869140625,666.8375244140625,133.6158447265625,270.04046630859375,-1,-1,-1,-1
274,5,787.8728637695312,664.927001953125,128.238037109375,269.6163330078125,-1,-1,-1,-1
275,5,785.22705078125,651.6831665039062,115.48736572265625,266.04583740234375,-1,-1,-1,-1
276,5,781.3514404296875,647.3502197265625,117.4564208984375,261.926513671875,-1,-1,-1,-1
277,5,778.8363647460938,648.9653930664062,100.4847412109375,263.69049072265625,-1,-1,-1,-1
278,5,780.4443969726562,644.2508544921875,94.79510498046875,264.57659912109375,-1,-1,-1,-1
279,5,787.8167114257812,632.5632934570312,92.83514404296875,268.1417236328125,-1,-1,-1,-1
280,5,776.8054809570312,622.022216796875,104.53875732421875,267.07861328125,-1,-1,-1,-1
281,5,776.5003662109375,615.92626953125,104.1612548828125,269.3026123046875,-1,-1,-1,-1
282,5,768.7269287109375,613.921875,121.2552490234375,272.452392578125,-1,-1,-1,-1
283,5,766.996337890625,614.1602783203125,133.233154296875,271.87469482421875,-1,-1,-1,-1
284,5,780.2864379882812,610.7050170898438,129.31158447265625,270.95611572265625,-1,-1,-1,-1
285,5,797.422119140625,605.688720703125,129.4385986328125,277.4693603515625,-1,-1,-1,-1
286,5,820.65576171875,607.06396484375,125.36785888671875,281.12939453125,-1,-1,-1,-1
287,5,849.5887451171875,611.3790283203125,115.9395751953125,285.04754638671875,-1,-1,-1,-1
288,5,877.36962890625,615.2037963867188,114.2119140625,285.11492919921875,-1,-1,-1,-1
289,5,901.0975341796875,614.2305908203125,104.05267333984375,280.89190673828125,-1,-1,-1,-1
290,5,923.8724975585938,610.6923217773438,101.8060302734375,278.59124755859375,-1,-1,-1,-1
291,5,936.6154174804688,607.9769897460938,101.27215576171875,278.8797607421875,-1,-1,-1,-1
292,5,931.2958374023438,606.8932495117188,117.48590087890625,281.0830078125,-1,-1,-1,-1
293,5,933.7098999023438,603.6229248046875,130.64227294921875,276.328857421875,-1,-1,-1,-1
294,5,933.79248046875,603.25927734375,152.6182861328125,278.033447265625,-1,-1,-1,-1
295,5,929.4152221679688,606.0660400390625,176.58306884765625,277.801513671875,-1,-1,-1,-1
296,5,933.8694458007812,604.1878051757812,172.94317626953125,279.4642333984375,-1,-1,-1,-1
297,5,944.0933837890625,602.5319213867188,155.3128662109375,281.2349853515625,-1,-1,-1,-1
298,5,946.1799926757812,597.519287109375,148.67816162109375,284.03466796875,-1,-1,-1,-1
299,5,935.450439453125,594.3496704101562,143.7340087890625,282.61297607421875,-1,-1,-1,-1
300,5,919.42529296875,591.44482421875,136.6253662109375,278.0709228515625,-1,-1,-1,-1
301,5,905.6593017578125,585.640625,126.27783203125,271.13275146484375,-1,-1,-1,-1
302,5,897.5296020507812,578.7783203125,116.486083984375,268.0718994140625,-1,-1,-1,-1
303,5,887.9535522460938,575.1611938476562,111.658447265625,271.791259765625,-1,-1,-1,-1
304,5,880.6743774414062,580.415771484375,104.20538330078125,271.2125244140625,-1,-1,-1,-1
305,5,867.401123046875,581.042236328125,103.93902587890625,270.7484130859375,-1,-1,-1,-1
306,5,839.6412963867188,579.0509033203125,119.332763671875,271.51141357421875,-1,-1,-1,-1
307,5,834.599853515625,578.983154296875,118.7047119140625,273.341796875,-1,-1,-1,-1
308,5,830.8373413085938,580.215087890625,120.9365234375,273.409423828125,-1,-1,-1,-1
309,5,836.5180053710938,583.6520385742188,122.97100830078125,278.07781982421875,-1,-1,-1,-1
310,5,841.4078979492188,588.3772583007812,125.4840087890625,277.52325439453125,-1,-1,-1,-1
311,5,854.0982666015625,597.8224487304688,118.6724853515625,281.77777099609375,-1,-1,-1,-1
312,5,843.2044677734375,610.134033203125,123.4296875,281.45074462890625,-1,-1,-1,-1
313,5,848.3744506835938,630.4330444335938,115.53338623046875,287.72283935546875,-1,-1,-1,-1
314,5,851.7835693359375,650.9807739257812,113.5673828125,281.2685546875,-1,-1,-1,-1
315,5,864.1170654296875,663.1226806640625,108.6103515625,263.28326416015625,-1,-1,-1,-1
316,5,869.0451049804688,660.6749877929688,104.00146484375,262.66925048828125,-1,-1,-1,-1
317,5,869.0418701171875,650.4134521484375,104.2454833984375,261.552734375,-1,-1,-1,-1
318,5,872.685791015625,641.457275390625,106.2913818359375,265.32342529296875,-1,-1,-1,-1
319,5,885.554931640625,635.0272216796875,104.9803466796875,263.99249267578125,-1,-1,-1,-1
320,5,898.4296264648438,624.3616943359375,111.43536376953125,271.7877197265625,-1,-1,-1,-1
321,5,912.8904418945312,615.3551635742188,127.54547119140625,277.51568603515625,-1,-1,-1,-1
322,5,955.5714111328125,613.0736083984375,126.3292236328125,284.5660400390625,-1,-1,-1,-1
323,5,993.0091552734375,612.471435546875,134.200927734375,287.82745361328125,-1,-1,-1,-1
324,5,1013.9833374023438,608.4779663085938,146.52569580078125,311.63311767578125,-1,-1,-1,-1
325,5,1024.1785888671875,598.95751953125,154.103515625,322.48193359375,-1,-1,-1,-1
326,5,1010.7210693359375,591.1357421875,161.2633056640625,338.89935302734375,-1,-1,-1,-1
327,5,969.9967041015625,585.8475952148438,168.20361328125,314.82159423828125,-1,-1,-1,-1
328,5,891.4942016601562,580.0069580078125,193.65240478515625,344.18719482421875,-1,-1,-1,-1
329,5,840.0847778320312,584.619873046875,187.64044189453125,329.537841796875,-1,-1,-1,-1
330,5,805.4912109375,592.9497680664062,182.2135009765625,309.2386474609375,-1,-1,-1,-1
331,5,782.171875,595.7540283203125,175.46990966796875,307.18719482421875,-1,-1,-1,-1
290,6,852.8434448242188,617.9734497070312,37.809326171875,82.8433837890625,-1,-1,-1,-1
291,6,871.750732421875,615.8923950195312,41.07659912109375,77.58428955078125,-1,-1,-1,-1
292,6,883.8609619140625,613.2901611328125,48.96051025390625,84.0794677734375,-1,-1,-1,-1
293,6,904.6231689453125,610.3641967773438,48.10064697265625,85.4466552734375,-1,-1,-1,-1
294,6,918.323486328125,610.4239501953125,56.78582763671875,87.9215087890625,-1,-1,-1,-1
295,6,941.0929565429688,612.9750366210938,53.86016845703125,86.0587158203125,-1,-1,-1,-1
296,6,954.0695190429688,611.6467895507812,57.79833984375,103.46929931640625,-1,-1,-1,-1
297,6,971.487060546875,611.0126342773438,53.419189453125,106.38970947265625,-1,-1,-1,-1
298,6,974.9552001953125,604.9727783203125,49.06341552734375,106.97216796875,-1,-1,-1,-1
299,6,966.072021484375,601.1982421875,67.4493408203125,135.306640625,-1,-1,-1,-1
300,6,945.3253173828125,594.923095703125,83.7628173828125,171.52813720703125,-1,-1,-1,-1
304,6,936.2872924804688,593.5027465820312,48.2142333984375,118.87579345703125,-1,-1,-1,-1
305,6,942.4842529296875,595.7351684570312,35.4747314453125,84.02593994140625,-1,-1,-1,-1
306,6,934.7421875,594.6802368164062,40.1898193359375,80.04888916015625,-1,-1,-1,-1
307,6,935.0292358398438,595.3699951171875,42.67083740234375,82.0615234375,-1,-1,-1,-1
308,6,941.7108764648438,595.8837890625,46.43865966796875,81.71124267578125,-1,-1,-1,-1
309,6,952.3966064453125,598.5488891601562,53.579345703125,85.88427734375,-1,-1,-1,-1
310,6,968.5478515625,604.5086059570312,54.2763671875,91.3214111328125,-1,-1,-1,-1
311,6,983.42578125,615.0222778320312,51.9376220703125,93.61376953125,-1,-1,-1,-1
312,6,993.7119140625,629.6860961914062,51.132080078125,93.81719970703125,-1,-1,-1,-1
313,6,1004.1529541015625,651.3468627929688,51.64453125,94.69171142578125,-1,-1,-1,-1
314,6,1023.808349609375,676.5823974609375,48.9139404296875,94.56396484375,-1,-1,-1,-1
315,6,1036.6417236328125,692.057373046875,60.0595703125,96.7706298828125,-1,-1,-1,-1
316,6,1054.3450927734375,692.0540771484375,54.3704833984375,99.12701416015625,-1,-1,-1,-1
317,6,1068.8226318359375,679.97998046875,51.814208984375,104.82183837890625,-1,-1,-1,-1
318,6,1085.7679443359375,668.4446411132812,51.5184326171875,99.49169921875,-1,-1,-1,-1
319,6,1105.024658203125,659.7550659179688,55.2593994140625,100.77703857421875,-1,-1,-1,-1
320,6,1136.6988525390625,649.6123046875,59.8360595703125,108.2083740234375,-1,-1,-1,-1
321,6,1179.922119140625,641.32763671875,61.1058349609375,103.7940673828125,-1,-1,-1,-1
322,6,1238.6805419921875,642.3381958007812,63.4681396484375,117.57586669921875,-1,-1,-1,-1
323,6,1292.7425537109375,649.2406616210938,72.6204833984375,145.32196044921875,-1,-1,-1,-1
