1,1,754.3897094726562,-12.50739860534668,263.53485107421875,582.2058715820312,-1,-1,-1,-1
2,1,747.9237060546875,-14.30963134765625,255.03607177734375,574.397216796875,-1,-1,-1,-1
3,1,724.2674560546875,-23.74706268310547,268.0682373046875,574.2200317382812,-1,-1,-1,-1
4,1,700.9761962890625,-27.282920837402344,279.123779296875,569.8721313476562,-1,-1,-1,-1
5,1,688.0004272460938,-69.06820678710938,286.01171875,604.714599609375,-1,-1,-1,-1
6,1,659.4942626953125,-83.87471771240234,288.00469970703125,607.6763916015625,-1,-1,-1,-1
7,1,627.4492797851562,-87.341796875,292.83837890625,585.1167602539062,-1,-1,-1,-1
8,1,603.4241333007812,-83.37579345703125,312.258056640625,547.142333984375,-1,-1,-1,-1
9,1,582.9681396484375,-126.35623168945312,316.2115478515625,535.93115234375,-1,-1,-1,-1
10,1,559.0704956054688,-104.51387023925781,294.1923828125,458.69622802734375,-1,-1,-1,-1
11,1,555.4380493164062,-54.27774429321289,278.61602783203125,372.0955810546875,-1,-1,-1,-1
12,1,556.5606079101562,-13.108583450317383,275.01605224609375,311.6419372558594,-1,-1,-1,-1
13,1,561.5343627929688,-22.315393447875977,268.1558837890625,310.0491638183594,-1,-1,-1,-1
14,1,594.9778442382812,-23.1300048828125,212.68212890625,301.96441650390625,-1,-1,-1,-1
15,1,546.7177734375,-17.2022705078125,240.962646484375,322.1060791015625,-1,-1,-1,-1
16,1,528.84033203125,-9.46402359008789,245.43316650390625,323.9526062011719,-1,-1,-1,-1
17,1,537.340576171875,-19.5489444732666,229.5322265625,325.99298095703125,-1,-1,-1,-1
18,1,539.5706787109375,-4.7064619064331055,224.1414794921875,317.4534606933594,-1,-1,-1,-1
19,1,530.879638671875,-0.4609689712524414,216.48944091796875,331.63055419921875,-1,-1,-1,-1
20,1,535.1888427734375,-11.913934707641602,209.76910400390625,362.36761474609375,-1,-1,-1,-1
21,1,528.7078247070312,-42.52812957763672,283.5537109375,415.7308349609375,-1,-1,-1,-1
22,1,544.2940063476562,-5.591318130493164,265.77288818359375,367.5314636230469,-1,-1,-1,-1
23,1,541.6875,-1.7984657287597656,268.87255859375,408.24395751953125,-1,-1,-1,-1
24,1,554.8458862304688,0.941925048828125,251.99603271484375,463.88836669921875,-1,-1,-1,-1
25,1,561.697265625,-2.0026512145996094,228.10345458984375,539.4525756835938,-1,-1,-1,-1
26,1,563.5125732421875,19.17911720275879,214.3812255859375,592.31640625,-1,-1,-1,-1
27,1,562.1024780273438,93.95930480957031,201.21832275390625,571.7515258789062,-1,-1,-1,-1
28,1,536.1943359375,170.77354431152344,205.26116943359375,544.2763671875,-1,-1,-1,-1
29,1,520.421630859375,233.48114013671875,189.8870849609375,511.24017333984375,-1,-1,-1,-1
30,1,501.3586730957031,271.4078063964844,181.93856811523438,487.0118103027344,-1,-1,-1,-1
31,1,485.0654296875,306.6478576660156,175.673583984375,473.7384948730469,-1,-1,-1,-1
32,1,465.5090637207031,331.79327392578125,172.22024536132812,493.58367919921875,-1,-1,-1,-1
33,1,441.3324279785156,354.8899230957031,164.72592163085938,481.1586608886719,-1,-1,-1,-1
34,1,417.28076171875,372.89971923828125,164.87158203125,471.23236083984375,-1,-1,-1,-1
35,1,395.95709228515625,386.0098876953125,162.7083740234375,458.90789794921875,-1,-1,-1,-1
36,1,379.6314697265625,396.392578125,162.91546630859375,447.93896484375,-1,-1,-1,-1
37,1,363.6405029296875,401.8818359375,163.799560546875,429.103515625,-1,-1,-1,-1
38,1,354.204345703125,404.35723876953125,168.333740234375,405.86639404296875,-1,-1,-1,-1
39,1,342.9232482910156,404.3200378417969,173.52865600585938,387.7398986816406,-1,-1,-1,-1
40,1,334.2222900390625,405.5644226074219,180.700927734375,381.8550109863281,-1,-1,-1,-1
41,1,324.0537109375,400.31951904296875,195.52423095703125,388.65447998046875,-1,-1,-1,-1
42,1,316.32098388671875,380.9712829589844,247.97247314453125,395.1882629394531,-1,-1,-1,-1
43,1,310.417724609375,374.8101806640625,248.62225341796875,366.83306884765625,-1,-1,-1,-1
44,1,309.4571838378906,367.3050231933594,224.72921752929688,378.8279724121094,-1,-1,-1,-1
45,1,319.2580871582031,358.6073303222656,309.7093200683594,376.4342346191406,-1,-1,-1,-1
46,1,322.11712646484375,349.0778503417969,350.797119140625,388.3519592285156,-1,-1,-1,-1
47,1,332.8001708984375,346.1613464355469,329.37567138671875,380.4685363769531,-1,-1,-1,-1
48,1,334.51849365234375,344.7979431152344,296.35284423828125,372.7171936035156,-1,-1,-1,-1
49,1,339.8570251464844,345.5924072265625,271.1121520996094,364.3436279296875,-1,-1,-1,-1
50,1,345.59283447265625,349.3502197265625,239.47161865234375,349.15496826171875,-1,-1,-1,-1
51,1,348.1566162109375,353.664306640625,199.39227294921875,340.51422119140625,-1,-1,-1,-1
52,1,343.73193359375,361.0287780761719,193.953857421875,340.9554138183594,-1,-1,-1,-1
53,1,330.9696044921875,358.6126708984375,201.716796875,350.4290771484375,-1,-1,-1,-1
54,1,320.41351318359375,358.9679870605469,210.5174560546875,356.5311584472656,-1,-1,-1,-1
55,1,319.2663879394531,362.8062744140625,210.51705932617188,361.25518798828125,-1,-1,-1,-1
56,1,320.5760803222656,366.84716796875,214.02078247070312,362.70098876953125,-1,-1,-1,-1
57,1,322.8477783203125,369.91387939453125,213.746826171875,372.189453125,-1,-1,-1,-1
58,1,329.4424743652344,375.5629577636719,215.38864135742188,395.3810119628906,-1,-1,-1,-1
59,1,334.120849609375,385.1734313964844,269.49713134765625,367.6758728027344,-1,-1,-1,-1
60,1,346.3426208496094,398.3725280761719,215.86337280273438,361.2950744628906,-1,-1,-1,-1
61,1,361.3258361816406,411.76287841796875,205.51242065429688,367.36431884765625,-1,-1,-1,-1
62,1,374.80303955078125,417.9215087890625,200.2469482421875,372.68548583984375,-1,-1,-1,-1
63,1,387.4333801269531,421.8425598144531,200.92971801757812,305.2477722167969,-1,-1,-1,-1
64,1,407.6834411621094,421.0169372558594,205.94143676757812,306.6600646972656,-1,-1,-1,-1
65,1,433.86492919921875,416.2248229980469,191.653076171875,337.5179138183594,-1,-1,-1,-1
66,1,454.6506042480469,412.75408935546875,193.52346801757812,367.5303955078125,-1,-1,-1,-1
67,1,468.3534240722656,404.97222900390625,190.84304809570312,400.55169677734375,-1,-1,-1,-1
68,1,479.6418762207031,400.0083923339844,202.66323852539062,383.6059265136719,-1,-1,-1,-1
69,1,492.5440368652344,403.3375244140625,188.89883422851562,371.7486572265625,-1,-1,-1,-1
70,1,502.657958984375,399.8053894042969,188.83477783203125,362.1288146972656,-1,-1,-1,-1
71,1,511.48980712890625,391.1413879394531,190.53717041015625,390.4560852050781,-1,-1,-1,-1
72,1,520.669189453125,381.9198913574219,187.64581298828125,383.2077331542969,-1,-1,-1,-1
73,1,530.4067993164062,379.0873107910156,190.4320068359375,399.4783630371094,-1,-1,-1,-1
74,1,541.9424438476562,381.6779479980469,191.57855224609375,404.3092346191406,-1,-1,-1,-1
75,1,545.7305297851562,388.2314453125,199.52117919921875,408.0682373046875,-1,-1,-1,-1
76,1,547.851318359375,392.9502868652344,191.49072265625,381.5280456542969,-1,-1,-1,-1
77,1,551.5309448242188,393.037353515625,193.53436279296875,425.71533203125,-1,-1,-1,-1
78,1,552.8953857421875,389.5171813964844,200.6822509765625,426.0072937011719,-1,-1,-1,-1
79,1,552.4085083007812,389.40484619140625,206.4644775390625,433.32574462890625,-1,-1,-1,-1
80,1,550.273681640625,385.23480224609375,209.760009765625,454.717529296875,-1,-1,-1,-1
81,1,545.7463989257812,377.9027404785156,204.66497802734375,460.2400817871094,-1,-1,-1,-1
82,1,543.8675537109375,371.59765625,202.55419921875,423.787109375,-1,-1,-1,-1
83,1,547.5855712890625,366.1965637207031,198.322998046875,373.5068664550781,-1,-1,-1,-1
84,1,551.1864013671875,362.13446044921875,207.16278076171875,462.43585205078125,-1,-1,-1,-1
85,1,559.1162109375,357.86297607421875,210.60601806640625,362.42193603515625,-1,-1,-1,-1
86,1,566.5774536132812,356.3173522949219,200.88433837890625,347.9995422363281,-1,-1,-1,-1
87,1,576.3118896484375,352.8597412109375,210.0863037109375,354.10430908203125,-1,-1,-1,-1
88,1,586.2467651367188,344.84161376953125,206.50579833984375,378.5501708984375,-1,-1,-1,-1
89,1,597.325927734375,333.89874267578125,205.3980712890625,507.4527587890625,-1,-1,-1,-1
90,1,605.2305908203125,324.03125,209.0001220703125,523.5462646484375,-1,-1,-1,-1
91,1,611.80859375,315.69427490234375,207.44891357421875,477.898681640625,-1,-1,-1,-1
92,1,614.4830322265625,306.3520812988281,210.46563720703125,525.314697265625,-1,-1,-1,-1
93,1,624.029541015625,299.5916442871094,207.884033203125,521.6214599609375,-1,-1,-1,-1
94,1,631.358642578125,287.1173095703125,212.96563720703125,578.394287109375,-1,-1,-1,-1
95,1,639.6245727539062,275.7352294921875,211.717041015625,581.6360473632812,-1,-1,-1,-1
96,1,644.417236328125,264.6701965332031,217.66693115234375,558.48876953125,-1,-1,-1,-1
97,1,653.4656982421875,254.70484924316406,222.077392578125,560.4434204101562,-1,-1,-1,-1
98,1,658.7506713867188,244.82528686523438,229.14678955078125,585.226806640625,-1,-1,-1,-1
99,1,662.7359619140625,230.1907958984375,236.3975830078125,533.5650024414062,-1,-1,-1,-1
100,1,667.9148559570312,219.39749145507812,240.6053466796875,609.9222412109375,-1,-1,-1,-1
101,1,674.349853515625,204.80609130859375,247.1312255859375,570.6605834960938,-1,-1,-1,-1
102,1,683.0078125,196.28468322753906,248.7994384765625,624.3245849609375,-1,-1,-1,-1
103,1,682.4487915039062,187.82225036621094,257.29278564453125,601.7861938476562,-1,-1,-1,-1
104,1,682.569580078125,185.2495574951172,262.50164794921875,526.6304321289062,-1,-1,-1,-1
105,1,680.5829467773438,171.3093719482422,266.20074462890625,528.8916625976562,-1,-1,-1,-1
106,1,676.0059814453125,166.34365844726562,267.25335693359375,538.696044921875,-1,-1,-1,-1
107,1,670.6665649414062,151.751220703125,269.41534423828125,669.7422485351562,-1,-1,-1,-1
108,1,679.33349609375,132.49041748046875,265.92437744140625,647.7112426757812,-1,-1,-1,-1
109,1,679.7252197265625,112.34854125976562,270.13916015625,702.3040771484375,-1,-1,-1,-1
110,1,687.0185546875,91.1444320678711,276.055908203125,595.71630859375,-1,-1,-1,-1
111,1,687.235595703125,78.38919067382812,291.359130859375,602.8826904296875,-1,-1,-1,-1
112,1,689.38427734375,72.11901092529297,305.11041259765625,602.0408935546875,-1,-1,-1,-1
113,1,693.9849853515625,64.16567993164062,322.7186279296875,612.2109375,-1,-1,-1,-1
114,1,702.9430541992188,53.15348815917969,336.18463134765625,625.1224365234375,-1,-1,-1,-1
115,1,683.52685546875,38.628204345703125,385.915283203125,645.564208984375,-1,-1,-1,-1
116,1,721.3294067382812,30.802101135253906,383.10260009765625,655.3717651367188,-1,-1,-1,-1
117,1,741.161376953125,18.247211456298828,407.89794921875,679.2782592773438,-1,-1,-1,-1
118,1,780.2946166992188,12.627662658691406,419.25238037109375,694.040771484375,-1,-1,-1,-1
119,1,814.5823974609375,31.12667465209961,422.9254150390625,685.3441162109375,-1,-1,-1,-1
120,1,840.4037475585938,53.98359680175781,457.04351806640625,662.3116455078125,-1,-1,-1,-1
121,1,843.930908203125,45.98723220825195,496.2740478515625,684.2551879882812,-1,-1,-1,-1
122,1,849.33935546875,51.96047592163086,525.0263671875,677.24853515625,-1,-1,-1,-1
123,1,862.1996459960938,54.415191650390625,540.4297485351562,680.7171630859375,-1,-1,-1,-1
124,1,871.1600952148438,94.0656967163086,529.5147094726562,636.7645263671875,-1,-1,-1,-1
125,1,902.142333984375,130.0530548095703,510.3564453125,606.1962890625,-1,-1,-1,-1
126,1,906.7437133789062,73.44938659667969,491.75616455078125,660.1463012695312,-1,-1,-1,-1
127,1,924.8630981445312,90.46821594238281,487.58172607421875,640.7589111328125,-1,-1,-1,-1
128,1,939.13671875,110.32959747314453,475.5294189453125,620.120361328125,-1,-1,-1,-1
129,1,950.2615356445312,130.65411376953125,465.02093505859375,596.4884643554688,-1,-1,-1,-1
130,1,957.4942016601562,126.98370361328125,459.57073974609375,595.7376708984375,-1,-1,-1,-1
131,1,964.0756225585938,135.6566925048828,446.41925048828125,583.109130859375,-1,-1,-1,-1
132,1,952.6349487304688,106.4948501586914,458.25677490234375,603.0198364257812,-1,-1,-1,-1
133,1,955.622314453125,122.1162338256836,412.7659912109375,581.0594482421875,-1,-1,-1,-1
134,1,954.5615234375,125.37122344970703,393.2467041015625,575.1845703125,-1,-1,-1,-1
135,1,956.6477661132812,151.322021484375,388.66119384765625,543.3081665039062,-1,-1,-1,-1
136,1,957.01171875,144.66552734375,409.935546875,550.9458618164062,-1,-1,-1,-1
137,1,974.2811889648438,170.9796905517578,388.85723876953125,516.89892578125,-1,-1,-1,-1
138,1,977.8678588867188,162.1543426513672,412.19146728515625,575.486083984375,-1,-1,-1,-1
139,1,987.02587890625,182.7801971435547,380.232177734375,477.3555908203125,-1,-1,-1,-1
140,1,980.8731689453125,180.38848876953125,390.9346923828125,470.47088623046875,-1,-1,-1,-1
141,1,965.1533813476562,152.52391052246094,423.92364501953125,502.77520751953125,-1,-1,-1,-1
6,2,570.1553955078125,1145.6048583984375,224.80377197265625,265.6822509765625,-1,-1,-1,-1
7,2,554.2137451171875,1150.51318359375,218.718994140625,260.558349609375,-1,-1,-1,-1
8,2,525.9227294921875,1161.2197265625,230.01708984375,250.0826416015625,-1,-1,-1,-1
9,2,519.7577514648438,1165.081787109375,232.603515625,246.6856689453125,-1,-1,-1,-1
10,2,547.3906860351562,1168.5189208984375,218.39630126953125,243.9849853515625,-1,-1,-1,-1
11,2,543.57421875,1171.5948486328125,229.2811279296875,240.1767578125,-1,-1,-1,-1
12,2,514.6940307617188,1177.7642822265625,256.3154296875,234.117919921875,-1,-1,-1,-1
13,2,400.4173889160156,1146.2843017578125,379.2978210449219,263.7232666015625,-1,-1,-1,-1
14,2,243.7970428466797,1098.058349609375,557.4546508789062,309.8577880859375,-1,-1,-1,-1
15,2,216.4221954345703,925.6968994140625,652.7951049804688,486.972900390625,-1,-1,-1,-1
16,2,177.6131591796875,913.5067138671875,619.177734375,502.8414306640625,-1,-1,-1,-1
17,2,158.1612091064453,885.2581176757812,599.49658203125,529.2416381835938,-1,-1,-1,-1
18,2,142.7436065673828,893.7144775390625,622.61328125,523.4375,-1,-1,-1,-1
19,2,30.461393356323242,908.145751953125,696.7195434570312,501.0865478515625,-1,-1,-1,-1
20,2,27.065792083740234,833.5663452148438,661.9804077148438,576.1350708007812,-1,-1,-1,-1
21,2,12.074901580810547,764.195556640625,593.02685546875,654.1551513671875,-1,-1,-1,-1
22,2,22.535316467285156,800.6796875,576.2486572265625,619.0,-1,-1,-1,-1
23,2,39.599029541015625,839.5018310546875,575.59423828125,578.09326171875,-1,-1,-1,-1
24,2,60.901206970214844,828.5025024414062,619.7959594726562,611.6271362304688,-1,-1,-1,-1
23,3,976.403076171875,601.9258422851562,437.1239013671875,560.2473754882812,-1,-1,-1,-1
24,3,967.0875244140625,582.3504638671875,450.328125,614.45166015625,-1,-1,-1,-1
25,3,1004.13037109375,626.9025268554688,411.712646484375,574.2136840820312,-1,-1,-1,-1
26,3,1022.5037231445312,627.91748046875,388.31793212890625,596.259521484375,-1,-1,-1,-1
27,3,999.9876098632812,712.0133056640625,408.28131103515625,564.8729248046875,-1,-1,-1,-1
28,3,980.4869384765625,636.9854736328125,427.3577880859375,667.848876953125,-1,-1,-1,-1
29,3,941.19091796875,400.3058776855469,469.706787109375,925.062255859375,-1,-1,-1,-1
30,3,905.5578002929688,450.62261962890625,506.28057861328125,848.5521850585938,-1,-1,-1,-1
31,3,819.9071655273438,484.27880859375,591.0001831054688,815.329833984375,-1,-1,-1,-1
32,3,779.4324340820312,513.4385986328125,632.9649047851562,794.1793212890625,-1,-1,-1,-1
33,3,751.5873413085938,535.32275390625,654.9867553710938,777.6671142578125,-1,-1,-1,-1
34,3,708.418212890625,554.2932739257812,677.5760498046875,754.9105834960938,-1,-1,-1,-1
35,3,670.9094848632812,560.2395629882812,676.4271850585938,749.2261352539062,-1,-1,-1,-1
36,3,648.5585327148438,561.5440063476562,659.6599731445312,742.3713989257812,-1,-1,-1,-1
37,3,617.4131469726562,560.520751953125,649.7024536132812,737.243408203125,-1,-1,-1,-1
38,3,580.3856811523438,556.197998046875,652.6983032226562,750.5159912109375,-1,-1,-1,-1
39,3,536.239501953125,554.2491455078125,670.5823974609375,809.8240966796875,-1,-1,-1,-1
40,3,512.8023071289062,560.1327514648438,663.6679077148438,817.5551147460938,-1,-1,-1,-1
41,3,498.44610595703125,558.4537963867188,659.0979614257812,742.1712036132812,-1,-1,-1,-1
42,3,460.221923828125,544.7785034179688,670.4212646484375,859.9201049804688,-1,-1,-1,-1
43,3,444.889892578125,538.7445678710938,659.2777099609375,837.2345581054688,-1,-1,-1,-1
44,3,414.8507385253906,538.0957641601562,673.7149658203125,740.1527709960938,-1,-1,-1,-1
45,3,396.85198974609375,538.7485961914062,679.4424438476562,727.0009155273438,-1,-1,-1,-1
46,3,388.5787658691406,528.6400756835938,676.7099609375,730.9727172851562,-1,-1,-1,-1
47,3,375.9161071777344,522.45703125,681.7313232421875,736.6263427734375,-1,-1,-1,-1
48,3,359.73638916015625,530.5471801757812,690.6078491210938,731.1785278320312,-1,-1,-1,-1
49,3,331.7107849121094,525.2073974609375,707.3389892578125,741.176025390625,-1,-1,-1,-1
50,3,310.3431091308594,532.0049438476562,738.10595703125,743.6939086914062,-1,-1,-1,-1
51,3,285.17962646484375,537.4093627929688,769.3554077148438,749.1912231445312,-1,-1,-1,-1
52,3,236.32180786132812,545.8692016601562,790.016845703125,764.1974487304688,-1,-1,-1,-1
53,3,205.21658325195312,540.6075439453125,827.841796875,775.851318359375,-1,-1,-1,-1
54,3,168.71412658691406,534.1729736328125,835.8153076171875,793.4912109375,-1,-1,-1,-1
55,3,127.58689880371094,532.3515014648438,852.6947021484375,813.9409790039062,-1,-1,-1,-1
56,3,86.2352294921875,544.8375854492188,858.2366333007812,825.7002563476562,-1,-1,-1,-1
57,3,29.041976928710938,549.0626220703125,913.5638427734375,849.8486328125,-1,-1,-1,-1
58,3,41.510929107666016,545.681396484375,932.3200073242188,859.30078125,-1,-1,-1,-1
59,3,26.362388610839844,557.2744750976562,948.392822265625,842.6698608398438,-1,-1,-1,-1
60,3,36.31716537475586,581.093505859375,1078.611572265625,824.413818359375,-1,-1,-1,-1
61,3,32.66637420654297,613.0852661132812,1057.4512939453125,784.2273559570312,-1,-1,-1,-1
62,3,20.84711456298828,641.3072509765625,1048.8746337890625,763.60888671875,-1,-1,-1,-1
63,3,2.9914169311523438,645.4404296875,867.45947265625,747.7935791015625,-1,-1,-1,-1
64,3,4.239566802978516,621.733154296875,836.9495239257812,779.0029296875,-1,-1,-1,-1
65,3,3.329418182373047,612.4810791015625,818.0789184570312,789.2803955078125,-1,-1,-1,-1
66,3,1.9716644287109375,605.6138305664062,837.1701049804688,802.8517456054688,-1,-1,-1,-1
67,3,7.8459625244140625,594.4039916992188,926.1295166015625,815.2388305664062,-1,-1,-1,-1
68,3,4.8572845458984375,586.4181518554688,975.58642578125,823.0435180664062,-1,-1,-1,-1
69,3,5.344753265380859,573.6651611328125,946.3626708984375,834.290771484375,-1,-1,-1,-1
70,3,8.007682800292969,576.6353759765625,881.4603271484375,832.0948486328125,-1,-1,-1,-1
71,3,8.356048583984375,565.39013671875,739.7342529296875,841.649658203125,-1,-1,-1,-1
72,3,8.164283752441406,542.43701171875,762.6743774414062,864.7435302734375,-1,-1,-1,-1
73,3,7.489833831787109,541.5603637695312,752.5774536132812,865.5233764648438,-1,-1,-1,-1
74,3,9.061046600341797,547.2258911132812,725.644287109375,860.1796264648438,-1,-1,-1,-1
75,3,7.734889984130859,552.3859252929688,733.0602416992188,855.3046264648438,-1,-1,-1,-1
76,3,8.568164825439453,555.5333862304688,784.7164916992188,852.4794311523438,-1,-1,-1,-1
77,3,6.148235321044922,556.63232421875,892.5214233398438,852.3836669921875,-1,-1,-1,-1
78,3,2.9613304138183594,557.1454467773438,721.7473754882812,849.3137817382812,-1,-1,-1,-1
79,3,5.873889923095703,562.13037109375,811.7568969726562,846.4171142578125,-1,-1,-1,-1
80,3,7.106136322021484,561.223876953125,844.1371459960938,847.5130615234375,-1,-1,-1,-1
81,3,3.4755287170410156,556.4432983398438,827.3335571289062,852.5881958007812,-1,-1,-1,-1
82,3,0.5231895446777344,551.0437622070312,851.8475341796875,858.0143432617188,-1,-1,-1,-1
83,3,10.690250396728516,536.4818725585938,903.3157348632812,872.8236694335938,-1,-1,-1,-1
84,3,5.285167694091797,531.6610717773438,863.510009765625,872.3805541992188,-1,-1,-1,-1
85,3,5.775951385498047,528.112548828125,745.6737670898438,877.6075439453125,-1,-1,-1,-1
86,3,9.417427062988281,518.310546875,688.6324462890625,888.75146484375,-1,-1,-1,-1
87,3,7.250925064086914,513.8489990234375,662.5233154296875,892.9677734375,-1,-1,-1,-1
88,3,7.372928619384766,482.0874328613281,732.5374755859375,926.1939697265625,-1,-1,-1,-1
89,3,11.96844482421875,500.8458557128906,779.0702514648438,907.255859375,-1,-1,-1,-1
90,3,11.173229217529297,504.027587890625,771.0808715820312,904.5943603515625,-1,-1,-1,-1
91,3,12.128570556640625,495.4918518066406,769.63134765625,912.8922119140625,-1,-1,-1,-1
92,3,6.696464538574219,481.50152587890625,716.4766845703125,923.6310424804688,-1,-1,-1,-1
93,3,2.5846824645996094,471.5845947265625,708.330078125,934.21826171875,-1,-1,-1,-1
94,3,8.997055053710938,467.1966552734375,713.1414794921875,939.0078125,-1,-1,-1,-1
95,3,9.134647369384766,475.8901672363281,640.9649658203125,929.377197265625,-1,-1,-1,-1
96,3,4.988016128540039,469.63690185546875,596.7464599609375,935.1895141601562,-1,-1,-1,-1
97,3,6.053318023681641,456.1514892578125,627.2978515625,943.500732421875,-1,-1,-1,-1
98,3,3.655942916870117,444.125732421875,658.5279541015625,934.80419921875,-1,-1,-1,-1
99,3,0.4970893859863281,431.5840148925781,681.76416015625,966.20361328125,-1,-1,-1,-1
100,3,0.6763916015625,421.5130310058594,773.2666625976562,983.4417724609375,-1,-1,-1,-1
101,3,1.8708305358886719,406.8651428222656,786.2865600585938,960.381103515625,-1,-1,-1,-1
102,3,1.9198417663574219,410.03533935546875,793.7161254882812,984.4702758789062,-1,-1,-1,-1
103,3,-1.732879638671875,409.4790954589844,770.81591796875,993.546875,-1,-1,-1,-1
104,3,1.5699653625488281,409.1124572753906,749.1072998046875,996.1925048828125,-1,-1,-1,-1
105,3,-0.25020599365234375,388.1759338378906,788.4749755859375,1020.414306640625,-1,-1,-1,-1
106,3,-0.34881591796875,415.1375427246094,784.2960815429688,995.2657470703125,-1,-1,-1,-1
107,3,-1.2209053039550781,348.1248474121094,778.809326171875,1063.0985107421875,-1,-1,-1,-1
108,3,-9.042728424072266,302.73626708984375,852.138916015625,1125.213134765625,-1,-1,-1,-1
109,3,-39.73286437988281,305.09619140625,1080.288818359375,1108.7374267578125,-1,-1,-1,-1
110,3,-90.28413391113281,318.67913818359375,1271.3658447265625,1094.11181640625,-1,-1,-1,-1
111,3,-88.03150177001953,304.728271484375,1285.6849365234375,1114.8863525390625,-1,-1,-1,-1
112,3,-66.39119720458984,341.9422607421875,1283.023681640625,1093.25048828125,-1,-1,-1,-1
113,3,-155.28292846679688,351.1319885253906,1397.959228515625,1132.8748779296875,-1,-1,-1,-1
114,3,-163.5230255126953,391.8601989746094,1398.5665283203125,1066.7974853515625,-1,-1,-1,-1
115,3,-165.41873168945312,373.07342529296875,1400.4000244140625,1041.044921875,-1,-1,-1,-1
116,3,-156.33506774902344,359.8251037597656,1395.656005859375,1086.5887451171875,-1,-1,-1,-1
117,3,-155.79464721679688,412.86541748046875,1390.2110595703125,1061.389892578125,-1,-1,-1,-1
118,3,-153.85589599609375,554.5758056640625,1401.892822265625,853.7032470703125,-1,-1,-1,-1
119,3,-130.476318359375,612.2706298828125,1367.5982666015625,797.463134765625,-1,-1,-1,-1
120,3,-122.7223892211914,689.943603515625,1371.346435546875,718.46240234375,-1,-1,-1,-1
121,3,-85.63427734375,744.8333740234375,1355.435791015625,664.801025390625,-1,-1,-1,-1
122,3,-94.76676940917969,811.2881469726562,1372.9671630859375,613.1787719726562,-1,-1,-1,-1
123,3,-12.417369842529297,782.5400390625,1310.6414794921875,627.39892578125,-1,-1,-1,-1
124,3,71.71959686279297,826.8834838867188,1217.643310546875,583.0322875976562,-1,-1,-1,-1
125,3,139.26173400878906,804.3753051757812,1091.9962158203125,604.7088012695312,-1,-1,-1,-1
126,3,142.81356811523438,786.847412109375,1115.9886474609375,623.24169921875,-1,-1,-1,-1
127,3,247.48658752441406,803.3603515625,1030.8150634765625,608.16162109375,-1,-1,-1,-1
128,3,393.1093444824219,803.5205688476562,955.3189697265625,610.4711303710938,-1,-1,-1,-1
129,3,581.1354370117188,806.4542236328125,769.1835327148438,604.400634765625,-1,-1,-1,-1
112,4,7.163141250610352,346.9662170410156,634.8253173828125,1063.8837890625,-1,-1,-1,-1
113,4,0.9327354431152344,331.421142578125,683.9071044921875,1078.662109375,-1,-1,-1,-1
114,4,-1.134023666381836,352.01214599609375,671.4486694335938,1057.080322265625,-1,-1,-1,-1
115,4,-0.9715690612792969,362.4300537109375,714.3214111328125,1045.8321533203125,-1,-1,-1,-1
116,4,-2.7002639770507812,355.36175537109375,714.2051391601562,1053.1044921875,-1,-1,-1,-1
117,4,-12.243858337402344,327.0173645019531,714.410400390625,1084.824951171875,-1,-1,-1,-1
118,4,4.18549919128418,353.5182800292969,692.9161376953125,1055.477294921875,-1,-1,-1,-1
119,4,2.3695240020751953,376.55157470703125,698.4437866210938,1031.43798828125,-1,-1,-1,-1
120,4,-0.12381744384765625,360.1357116699219,702.3009033203125,1051.902099609375,-1,-1,-1,-1
121,4,-20.1473388671875,383.03802490234375,687.1456298828125,1027.5078125,-1,-1,-1,-1
122,4,-99.44873046875,281.3040466308594,973.6013793945312,1152.0225830078125,-1,-1,-1,-1
123,4,-186.4630889892578,228.15602111816406,1122.2828369140625,1250.244384765625,-1,-1,-1,-1
124,4,-184.0247344970703,349.6088562011719,1053.2236328125,1070.1383056640625,-1,-1,-1,-1
125,4,-3.4084720611572266,607.845703125,712.9264526367188,588.171875,-1,-1,-1,-1
126,4,-4.071130752563477,586.2005615234375,661.272705078125,494.6490478515625,-1,-1,-1,-1
127,4,-7.066690444946289,636.1785888671875,644.9502563476562,492.8399658203125,-1,-1,-1,-1
128,4,-8.237672805786133,665.876953125,606.8263549804688,459.743408203125,-1,-1,-1,-1
129,4,-5.529991149902344,688.7086181640625,642.5565185546875,464.382080078125,-1,-1,-1,-1
130,4,-5.318819046020508,688.4579467773438,621.3248901367188,373.35662841796875,-1,-1,-1,-1
131,4,-13.167875289916992,701.4108276367188,535.119873046875,317.43280029296875,-1,-1,-1,-1
132,4,-1.1346321105957031,701.0448608398438,549.3564453125,353.81988525390625,-1,-1,-1,-1
133,4,-8.375411987304688,699.616455078125,508.1231689453125,303.03662109375,-1,-1,-1,-1
134,4,-4.977943420410156,678.3250732421875,573.2767333984375,364.53271484375,-1,-1,-1,-1
135,4,-4.4798583984375,658.0884399414062,619.0109252929688,333.6483154296875,-1,-1,-1,-1
136,4,-7.043695449829102,631.6541748046875,690.0420532226562,381.76690673828125,-1,-1,-1,-1
137,4,-2.342540740966797,603.2285766601562,687.095458984375,380.32208251953125,-1,-1,-1,-1
138,4,-4.540891647338867,595.7787475585938,712.4991455078125,390.8785400390625,-1,-1,-1,-1
139,4,-7.712837219238281,587.8944702148438,712.0672607421875,429.22955322265625,-1,-1,-1,-1
140,4,-6.702169418334961,597.5723266601562,689.7097778320312,398.73736572265625,-1,-1,-1,-1
141,4,-12.868038177490234,596.0675048828125,683.9476318359375,370.7685546875,-1,-1,-1,-1
142,4,-12.790136337280273,591.1231689453125,686.7529907226562,422.86163330078125,-1,-1,-1,-1
143,4,-3.2201061248779297,610.3369750976562,668.013916015625,426.12579345703125,-1,-1,-1,-1
144,4,-3.1056556701660156,599.4732055664062,665.2416381835938,461.66448974609375,-1,-1,-1,-1
145,4,-2.5272560119628906,598.988037109375,631.019287109375,468.139404296875,-1,-1,-1,-1
146,4,-1.0290985107421875,608.5372314453125,624.7723999023438,451.4658203125,-1,-1,-1,-1
147,4,-3.125314712524414,610.2066040039062,636.2205200195312,440.86322021484375,-1,-1,-1,-1
148,4,-5.814386367797852,605.56005859375,656.1045532226562,461.41845703125,-1,-1,-1,-1
149,4,-3.404338836669922,598.2611694335938,687.12060546875,461.46185302734375,-1,-1,-1,-1
150,4,-5.111948013305664,569.86767578125,701.235107421875,505.8604736328125,-1,-1,-1,-1
151,4,2.280271530151367,593.0756225585938,693.3458251953125,443.65618896484375,-1,-1,-1,-1
152,4,-1.7542171478271484,616.023193359375,674.0967407226562,431.6171875,-1,-1,-1,-1
153,4,2.4571399688720703,614.9362182617188,676.8827514648438,415.41009521484375,-1,-1,-1,-1
154,4,1.1110725402832031,597.4295043945312,685.156494140625,420.57000732421875,-1,-1,-1,-1
155,4,3.378030776977539,584.2178344726562,662.7735595703125,488.70220947265625,-1,-1,-1,-1
156,4,6.2232208251953125,596.0712890625,625.9244384765625,512.701416015625,-1,-1,-1,-1
157,4,2.896268844604492,618.0996704101562,577.6101684570312,477.32330322265625,-1,-1,-1,-1
158,4,-3.1449737548828125,636.3264770507812,506.5618896484375,470.58966064453125,-1,-1,-1,-1
159,4,-3.3561038970947266,631.4108276367188,506.37518310546875,513.9507446289062,-1,-1,-1,-1
160,4,0.7465724945068359,642.1177368164062,540.7256469726562,526.7775268554688,-1,-1,-1,-1
161,4,-7.217563629150391,700.9105834960938,522.6363525390625,465.08416748046875,-1,-1,-1,-1
162,4,-4.210569381713867,712.16552734375,543.7691650390625,462.138916015625,-1,-1,-1,-1
163,4,-2.0123653411865234,737.7945556640625,546.2066650390625,466.2373046875,-1,-1,-1,-1
164,4,0.3767433166503906,717.681396484375,555.9200439453125,492.1700439453125,-1,-1,-1,-1
165,4,-1.7931785583496094,720.189453125,569.9798583984375,502.0701904296875,-1,-1,-1,-1
166,4,1.5896453857421875,709.6405639648438,591.9026489257812,512.3314819335938,-1,-1,-1,-1
167,4,3.591615676879883,731.0142211914062,595.4453125,560.5365600585938,-1,-1,-1,-1
168,4,1.3160552978515625,661.9702758789062,647.1699829101562,747.0369262695312,-1,-1,-1,-1
169,4,-0.3602714538574219,664.164306640625,758.7234497070312,744.499267578125,-1,-1,-1,-1
170,4,5.004611968994141,684.284423828125,792.5850830078125,724.1427001953125,-1,-1,-1,-1
171,4,9.934520721435547,677.7714233398438,784.3013305664062,732.9519653320312,-1,-1,-1,-1
172,4,6.890159606933594,642.6456909179688,784.6995849609375,768.2052612304688,-1,-1,-1,-1
173,4,5.861259460449219,687.09765625,767.4893188476562,722.0137939453125,-1,-1,-1,-1
174,4,3.7367820739746094,718.7044067382812,773.6917114257812,690.4843139648438,-1,-1,-1,-1
175,4,21.142189025878906,665.6531372070312,751.4725341796875,744.8870239257812,-1,-1,-1,-1
176,4,11.868743896484375,652.4833374023438,793.17578125,758.0082397460938,-1,-1,-1,-1
177,4,5.695343017578125,690.6444702148438,788.194580078125,719.0610961914062,-1,-1,-1,-1
178,4,14.826160430908203,680.596923828125,751.8042602539062,729.53466796875,-1,-1,-1,-1
179,4,3.9757957458496094,669.2097778320312,752.4203491210938,739.9689331054688,-1,-1,-1,-1
180,4,7.85284423828125,654.7852783203125,774.81884765625,754.6260986328125,-1,-1,-1,-1
181,4,6.356071472167969,673.0468139648438,790.895751953125,737.2088012695312,-1,-1,-1,-1
182,4,3.638927459716797,671.133544921875,810.174560546875,739.8734130859375,-1,-1,-1,-1
183,4,4.957195281982422,667.3499145507812,791.1524658203125,742.9209594726562,-1,-1,-1,-1
184,4,2.067798614501953,683.422119140625,816.7560424804688,725.6807861328125,-1,-1,-1,-1
185,4,10.462440490722656,639.8820190429688,777.96142578125,772.3627319335938,-1,-1,-1,-1
186,4,1.9965476989746094,686.7469482421875,749.5037231445312,721.9520263671875,-1,-1,-1,-1
187,4,0.6681671142578125,683.4481201171875,765.185546875,728.2232666015625,-1,-1,-1,-1
188,4,3.547618865966797,708.7407836914062,672.518310546875,701.3954467773438,-1,-1,-1,-1
189,4,3.0666332244873047,729.9805297851562,617.0714111328125,680.3604125976562,-1,-1,-1,-1
190,4,4.175470352172852,741.2133178710938,613.0696411132812,671.0283813476562,-1,-1,-1,-1
191,4,6.144479751586914,744.1038208007812,636.3187866210938,667.5629272460938,-1,-1,-1,-1
192,4,8.987655639648438,716.3897705078125,643.79248046875,696.9515380859375,-1,-1,-1,-1
193,4,8.132749557495117,734.8198852539062,641.2225341796875,677.1043090820312,-1,-1,-1,-1
194,4,3.116483688354492,757.6024780273438,621.7173461914062,652.7067260742188,-1,-1,-1,-1
195,4,2.8911285400390625,778.51416015625,638.4329223632812,631.323486328125,-1,-1,-1,-1
196,4,5.455007553100586,770.89501953125,617.8494262695312,642.46044921875,-1,-1,-1,-1
197,4,4.995674133300781,706.8743286132812,622.3945922851562,708.6578979492188,-1,-1,-1,-1
198,4,3.476724624633789,731.7188720703125,617.593994140625,687.0289306640625,-1,-1,-1,-1
199,4,1.5343399047851562,747.428955078125,623.474853515625,668.2239990234375,-1,-1,-1,-1
200,4,6.784814834594727,769.5996704101562,613.7298583984375,648.9198608398438,-1,-1,-1,-1
201,4,3.337810516357422,790.355712890625,621.3817749023438,626.2454833984375,-1,-1,-1,-1
202,4,2.7451858520507812,767.14111328125,627.6093139648438,644.29931640625,-1,-1,-1,-1
203,4,3.8432178497314453,731.8615112304688,628.915283203125,683.8954467773438,-1,-1,-1,-1
204,4,-0.36394309997558594,764.1683349609375,636.0364379882812,648.00146484375,-1,-1,-1,-1
205,4,0.08546638488769531,786.2362060546875,634.3257446289062,633.2423095703125,-1,-1,-1,-1
206,4,1.2740936279296875,746.0957641601562,617.1812744140625,671.0119018554688,-1,-1,-1,-1
207,4,4.515758514404297,842.448486328125,595.8855590820312,567.268310546875,-1,-1,-1,-1
208,4,3.479137420654297,794.8819580078125,614.9934692382812,618.44677734375,-1,-1,-1,-1
209,4,2.3577117919921875,792.8218994140625,624.6179809570312,622.0380859375,-1,-1,-1,-1
210,4,6.70857048034668,813.1342163085938,657.8250732421875,603.1766967773438,-1,-1,-1,-1
211,4,3.999483108520508,766.12744140625,682.9969482421875,656.388671875,-1,-1,-1,-1
212,4,2.735240936279297,708.627197265625,690.1503295898438,717.7586669921875,-1,-1,-1,-1
213,4,-3.4256553649902344,813.8299560546875,604.4813232421875,609.4921875,-1,-1,-1,-1
214,4,-5.070363998413086,753.1151733398438,617.7581176757812,668.3164672851562,-1,-1,-1,-1
215,4,-0.5946903228759766,693.695556640625,591.894775390625,717.3035888671875,-1,-1,-1,-1
216,4,-2.317028045654297,703.4515991210938,579.7352294921875,707.4390258789062,-1,-1,-1,-1
217,4,0.887542724609375,611.5634765625,551.7451171875,799.7506103515625,-1,-1,-1,-1
218,4,0.21472930908203125,624.409912109375,592.1796264648438,789.2449951171875,-1,-1,-1,-1
219,4,-0.7500114440917969,565.5784301757812,602.1245727539062,853.9491577148438,-1,-1,-1,-1
220,4,0.3965282440185547,563.9992065429688,619.2689208984375,848.4456176757812,-1,-1,-1,-1
221,4,5.178815841674805,543.7610473632812,604.8529663085938,867.5575561523438,-1,-1,-1,-1
222,4,9.974594116210938,534.793701171875,601.4569091796875,876.237060546875,-1,-1,-1,-1
223,4,2.3792800903320312,535.97802734375,617.908447265625,874.51953125,-1,-1,-1,-1
224,4,-2.2147884368896484,517.639892578125,615.729736328125,892.8304443359375,-1,-1,-1,-1
225,4,1.311166763305664,532.7339477539062,616.4058837890625,877.6044311523438,-1,-1,-1,-1
226,4,-0.9864234924316406,523.2994384765625,620.10595703125,887.3160400390625,-1,-1,-1,-1
227,4,-0.4743022918701172,522.8142700195312,632.3016967773438,888.0313110351562,-1,-1,-1,-1
228,4,-1.607015609741211,501.5866394042969,664.1663208007812,909.37060546875,-1,-1,-1,-1
229,4,-1.5057411193847656,482.41070556640625,655.5340576171875,927.7655639648438,-1,-1,-1,-1
230,4,-2.8612918853759766,464.2742004394531,665.1685791015625,945.4571533203125,-1,-1,-1,-1
231,4,-4.970285415649414,421.6177062988281,707.358154296875,987.4720458984375,-1,-1,-1,-1
232,4,-5.1799468994140625,405.041748046875,742.5538330078125,1003.9384765625,-1,-1,-1,-1
233,4,-3.5289230346679688,386.1509704589844,775.6923217773438,1023.475341796875,-1,-1,-1,-1
234,4,-4.7371673583984375,380.07940673828125,801.5635375976562,1030.364501953125,-1,-1,-1,-1
235,4,5.034992218017578,338.2416687011719,828.0592041015625,1073.82177734375,-1,-1,-1,-1
236,4,5.235107421875,354.1568908691406,879.3401489257812,1058.2816162109375,-1,-1,-1,-1
237,4,46.3310661315918,424.486083984375,886.4224243164062,968.986083984375,-1,-1,-1,-1
238,4,268.85089111328125,457.11431884765625,710.4400024414062,657.1168823242188,-1,-1,-1,-1
239,4,346.8490295410156,461.8980407714844,681.8448486328125,649.69775390625,-1,-1,-1,-1
240,4,401.04913330078125,480.08258056640625,685.0603637695312,648.8574829101562,-1,-1,-1,-1
241,4,461.2274475097656,501.78643798828125,716.135498046875,644.5310668945312,-1,-1,-1,-1
242,4,518.5042724609375,516.93359375,754.5728759765625,667.1534423828125,-1,-1,-1,-1
243,4,565.9176025390625,520.4483642578125,814.941650390625,889.0030517578125,-1,-1,-1,-1
244,4,617.40478515625,525.8756103515625,790.2120361328125,883.818115234375,-1,-1,-1,-1
245,4,655.707763671875,529.1126098632812,760.0938720703125,881.4740600585938,-1,-1,-1,-1
246,4,676.26220703125,574.4027709960938,730.44775390625,836.1759643554688,-1,-1,-1,-1
247,4,723.9822998046875,580.60498046875,695.24755859375,829.4080810546875,-1,-1,-1,-1
248,4,743.0132446289062,607.3403930664062,672.3743286132812,803.2055053710938,-1,-1,-1,-1
249,4,771.062255859375,627.2062377929688,643.020751953125,784.4009399414062,-1,-1,-1,-1
250,4,769.116455078125,608.2400512695312,642.4468994140625,802.2590942382812,-1,-1,-1,-1
251,4,771.7020263671875,603.316650390625,639.307373046875,806.7298583984375,-1,-1,-1,-1
252,4,701.97021484375,580.3253173828125,711.9332275390625,831.1683349609375,-1,-1,-1,-1
253,4,706.1030883789062,582.6583251953125,706.8635864257812,827.8408203125,-1,-1,-1,-1
254,4,727.211181640625,568.5647583007812,682.40869140625,841.5314331054688,-1,-1,-1,-1
255,4,710.5689697265625,626.6838989257812,700.1495361328125,783.1974487304688,-1,-1,-1,-1
256,4,675.9739990234375,617.5381469726562,734.195556640625,791.8687133789062,-1,-1,-1,-1
257,4,642.8906860351562,659.0870361328125,765.9087524414062,750.3238525390625,-1,-1,-1,-1
258,4,655.7551879882812,662.2384033203125,758.8754272460938,748.1978759765625,-1,-1,-1,-1
259,4,611.6105346679688,672.2794189453125,794.1384887695312,737.7603759765625,-1,-1,-1,-1
260,4,640.71240234375,792.2640991210938,768.593017578125,617.1242065429688,-1,-1,-1,-1
261,4,569.439453125,806.14892578125,845.3658447265625,603.905517578125,-1,-1,-1,-1
262,4,500.401123046875,896.3101196289062,907.411376953125,516.2599487304688,-1,-1,-1,-1
263,4,487.1689147949219,928.7805786132812,910.2789306640625,482.65155029296875,-1,-1,-1,-1
264,4,500.0509033203125,923.9320678710938,892.737060546875,485.68267822265625,-1,-1,-1,-1
265,4,528.0806884765625,941.7412109375,868.1385498046875,465.887451171875,-1,-1,-1,-1
266,4,521.85498046875,949.7825927734375,859.04833984375,457.77099609375,-1,-1,-1,-1
267,4,521.7832641601562,948.2312622070312,873.8508911132812,460.78912353515625,-1,-1,-1,-1
268,4,526.7026977539062,930.556640625,872.8850708007812,477.859619140625,-1,-1,-1,-1
269,4,529.8179321289062,923.992431640625,869.4143676757812,483.833251953125,-1,-1,-1,-1
270,4,516.2982177734375,936.2189331054688,879.8128662109375,471.65130615234375,-1,-1,-1,-1
271,4,521.3565673828125,929.2894287109375,877.1051025390625,480.640869140625,-1,-1,-1,-1
272,4,660.0238037109375,958.7042846679688,741.954345703125,449.68927001953125,-1,-1,-1,-1
273,4,820.1407470703125,940.3169555664062,578.6978759765625,465.15216064453125,-1,-1,-1,-1
274,4,837.7991943359375,881.8388671875,572.2554931640625,525.0986328125,-1,-1,-1,-1
275,4,840.359130859375,840.5467529296875,567.84033203125,568.044189453125,-1,-1,-1,-1
276,4,834.5155029296875,833.0441284179688,573.3585205078125,577.7064819335938,-1,-1,-1,-1
277,4,772.2575073242188,806.3793334960938,634.5436401367188,604.0923461914062,-1,-1,-1,-1
278,4,811.6796875,876.7440795898438,598.4215087890625,533.3432006835938,-1,-1,-1,-1
279,4,774.9757690429688,887.962646484375,635.3568725585938,522.21826171875,-1,-1,-1,-1
280,4,854.81591796875,1004.4854125976562,547.4228515625,403.33624267578125,-1,-1,-1,-1
281,4,778.0791625976562,970.6453857421875,622.6204223632812,437.6151123046875,-1,-1,-1,-1
282,4,760.4513549804688,976.7363891601562,639.9675903320312,431.42144775390625,-1,-1,-1,-1
283,4,817.8425903320312,981.7670288085938,577.9072875976562,430.65570068359375,-1,-1,-1,-1
284,4,778.1066284179688,888.0967407226562,618.5364379882812,519.0618286132812,-1,-1,-1,-1
285,4,686.1290283203125,864.091552734375,714.9381103515625,545.2967529296875,-1,-1,-1,-1
286,4,431.0588684082031,727.3285522460938,968.1287841796875,683.6248168945312,-1,-1,-1,-1
287,4,374.9174499511719,859.9359130859375,996.5386962890625,550.6324462890625,-1,-1,-1,-1
288,4,385.5099792480469,962.8234252929688,989.52490234375,460.76910400390625,-1,-1,-1,-1
289,4,536.1214599609375,1001.6114501953125,661.35498046875,417.0343017578125,-1,-1,-1,-1
290,4,462.3147277832031,947.1834716796875,749.173095703125,469.7325439453125,-1,-1,-1,-1
291,4,509.18890380859375,922.708984375,605.2488403320312,494.7249755859375,-1,-1,-1,-1
112,5,419.97540283203125,918.5220947265625,792.2142944335938,491.529296875,-1,-1,-1,-1
113,5,414.20538330078125,907.2478637695312,798.5902709960938,501.78668212890625,-1,-1,-1,-1
114,5,415.7073974609375,894.5662841796875,806.275146484375,514.0438232421875,-1,-1,-1,-1
115,5,412.2478942871094,902.9293212890625,807.712158203125,505.5599365234375,-1,-1,-1,-1
116,5,381.35772705078125,875.5404663085938,835.2122192382812,532.8065795898438,-1,-1,-1,-1
117,5,303.45880126953125,857.9019775390625,918.4183959960938,550.005859375,-1,-1,-1,-1
118,5,233.0084228515625,804.433349609375,988.0885009765625,604.59619140625,-1,-1,-1,-1
119,5,255.12188720703125,816.01513671875,953.5873413085938,592.8641357421875,-1,-1,-1,-1
120,5,240.78250122070312,840.0742797851562,978.460205078125,568.3573608398438,-1,-1,-1,-1
121,5,348.993408203125,849.431884765625,902.02587890625,560.2081298828125,-1,-1,-1,-1
122,5,220.81427001953125,863.2861938476562,1019.4850463867188,543.6246948242188,-1,-1,-1,-1
123,5,272.3791809082031,850.5911865234375,995.1097412109375,557.8067626953125,-1,-1,-1,-1
124,5,411.6792297363281,846.948974609375,844.617919921875,562.480224609375,-1,-1,-1,-1
125,5,464.1209716796875,810.4022827148438,786.584228515625,600.5082397460938,-1,-1,-1,-1
126,5,452.5089416503906,794.873779296875,806.4656982421875,615.4078369140625,-1,-1,-1,-1
127,5,511.7173767089844,805.4935302734375,771.6839599609375,605.4808349609375,-1,-1,-1,-1
128,5,743.61572265625,810.8680419921875,549.121337890625,597.9716796875,-1,-1,-1,-1
129,5,757.2468872070312,808.363525390625,606.1287231445312,600.2476806640625,-1,-1,-1,-1
130,5,761.9111938476562,817.2758178710938,606.5856323242188,593.0068969726562,-1,-1,-1,-1
131,5,762.971923828125,791.1677856445312,595.207275390625,617.0894165039062,-1,-1,-1,-1
132,5,753.187744140625,782.1452026367188,615.2763671875,625.6135864257812,-1,-1,-1,-1
133,5,735.7141723632812,772.7693481445312,612.7716674804688,634.4844360351562,-1,-1,-1,-1
134,5,741.5232543945312,770.2683715820312,625.4235229492188,637.0330200195312,-1,-1,-1,-1
135,5,742.3783569335938,784.9207153320312,607.1635131835938,623.9536743164062,-1,-1,-1,-1
136,5,746.221435546875,760.250732421875,609.545166015625,648.08154296875,-1,-1,-1,-1
137,5,747.6135864257812,746.5787963867188,611.6471557617188,663.3931274414062,-1,-1,-1,-1
138,5,747.9976196289062,739.5077514648438,624.0366821289062,671.2651977539062,-1,-1,-1,-1
139,5,751.065673828125,730.9882202148438,632.3299560546875,679.8676147460938,-1,-1,-1,-1
140,5,751.5875854492188,724.7947998046875,627.3510131835938,684.252197265625,-1,-1,-1,-1
141,5,752.0548095703125,728.9088134765625,620.0697021484375,680.9019775390625,-1,-1,-1,-1
142,5,750.9307250976562,722.7250366210938,616.1473999023438,686.5975952148438,-1,-1,-1,-1
143,5,737.2073974609375,725.4744262695312,606.8914794921875,683.5288696289062,-1,-1,-1,-1
144,5,743.7439575195312,721.4716186523438,594.1201782226562,686.9739379882812,-1,-1,-1,-1
145,5,758.1351318359375,723.116943359375,561.8831787109375,687.8038330078125,-1,-1,-1,-1
146,5,762.817138671875,720.294921875,565.41796875,690.54150390625,-1,-1,-1,-1
147,5,770.6109619140625,726.9581298828125,580.2274169921875,683.1375732421875,-1,-1,-1,-1
148,5,766.6353149414062,720.9729614257812,612.6224975585938,690.3630981445312,-1,-1,-1,-1
149,5,761.8861083984375,718.9794311523438,608.0416259765625,691.2927856445312,-1,-1,-1,-1
150,5,753.0828857421875,703.9428100585938,623.1717529296875,708.1398315429688,-1,-1,-1,-1
151,5,755.947021484375,708.5455932617188,623.9896240234375,702.5779418945312,-1,-1,-1,-1
152,5,760.4788818359375,718.5908203125,629.674560546875,695.672119140625,-1,-1,-1,-1
153,5,763.187744140625,717.8494873046875,631.4443359375,695.1226806640625,-1,-1,-1,-1
154,5,760.1677856445312,697.70556640625,628.8744506835938,715.291015625,-1,-1,-1,-1
155,5,761.4830932617188,723.6199951171875,616.4032592773438,688.5574951171875,-1,-1,-1,-1
156,5,756.8052978515625,720.7265014648438,624.538330078125,689.5112915039062,-1,-1,-1,-1
157,5,757.5031127929688,711.8988037109375,629.2133178710938,699.1444091796875,-1,-1,-1,-1
158,5,759.9776611328125,712.6961059570312,607.705810546875,697.0390014648438,-1,-1,-1,-1
159,5,759.6405639648438,704.374755859375,604.8484497070312,705.480224609375,-1,-1,-1,-1
160,5,766.0668334960938,696.3975219726562,617.0221557617188,714.2904663085938,-1,-1,-1,-1
161,5,768.8944702148438,716.7449951171875,619.5073852539062,692.959228515625,-1,-1,-1,-1
162,5,766.0664672851562,711.722900390625,626.9247436523438,699.5797119140625,-1,-1,-1,-1
163,5,767.11669921875,730.3533325195312,610.6917724609375,679.7057495117188,-1,-1,-1,-1
164,5,763.1363525390625,726.9256591796875,608.9808349609375,683.2264404296875,-1,-1,-1,-1
165,5,766.7928466796875,725.3159790039062,609.245849609375,685.4844360351562,-1,-1,-1,-1
166,5,765.9491577148438,726.44921875,624.6881713867188,683.95849609375,-1,-1,-1,-1
167,5,768.350341796875,732.229248046875,615.7874755859375,678.3236083984375,-1,-1,-1,-1
168,5,766.3739624023438,740.205810546875,615.9254760742188,671.1656494140625,-1,-1,-1,-1
169,5,766.2239379882812,738.9971923828125,620.4354858398438,672.6749267578125,-1,-1,-1,-1
170,5,760.4915161132812,750.34716796875,636.3378295898438,662.9197998046875,-1,-1,-1,-1
171,5,764.5345458984375,752.3311767578125,627.3453369140625,656.9371337890625,-1,-1,-1,-1
172,5,758.2034301757812,741.5216674804688,633.5963745117188,668.9318237304688,-1,-1,-1,-1
173,5,760.4415283203125,734.98388671875,630.1551513671875,675.15478515625,-1,-1,-1,-1
174,5,766.20361328125,744.2088012695312,625.5848388671875,665.9743041992188,-1,-1,-1,-1
175,5,769.3389282226562,751.1464233398438,616.4713745117188,658.6978149414062,-1,-1,-1,-1
176,5,767.204833984375,753.195068359375,630.68798828125,656.723388671875,-1,-1,-1,-1
177,5,761.85205078125,757.1548461914062,615.3841552734375,652.6039428710938,-1,-1,-1,-1
178,5,761.5616455078125,751.575439453125,624.3150634765625,658.46630859375,-1,-1,-1,-1
179,5,753.0654907226562,740.1708374023438,645.5581665039062,669.3710327148438,-1,-1,-1,-1
180,5,736.7438354492188,738.0880126953125,653.4494018554688,671.3031005859375,-1,-1,-1,-1
181,5,748.3494873046875,743.9889526367188,643.7281494140625,665.5698852539062,-1,-1,-1,-1
182,5,743.524658203125,748.9603271484375,639.9169921875,661.490966796875,-1,-1,-1,-1
183,5,723.0069580078125,751.34375,646.0806884765625,658.2078857421875,-1,-1,-1,-1
184,5,708.917724609375,743.272705078125,649.11279296875,666.163330078125,-1,-1,-1,-1
185,5,687.70703125,746.3637084960938,680.323486328125,662.2279663085938,-1,-1,-1,-1
186,5,702.2770385742188,746.6320190429688,658.0357055664062,662.4800415039062,-1,-1,-1,-1
187,5,707.7833862304688,748.0076904296875,654.0974731445312,660.7691650390625,-1,-1,-1,-1
188,5,707.484130859375,758.5435180664062,653.26611328125,649.8235473632812,-1,-1,-1,-1
189,5,702.3531494140625,760.2684936523438,687.851806640625,648.2355346679688,-1,-1,-1,-1
190,5,696.8408203125,773.2427978515625,706.28076171875,637.360595703125,-1,-1,-1,-1
191,5,676.139892578125,789.0663452148438,734.73974609375,621.4692993164062,-1,-1,-1,-1
192,5,663.799072265625,809.68896484375,740.9710693359375,601.437744140625,-1,-1,-1,-1
193,5,690.0098876953125,794.4132690429688,715.7586669921875,615.5272827148438,-1,-1,-1,-1
194,5,693.0598754882812,800.6569213867188,719.6716918945312,609.8919067382812,-1,-1,-1,-1
195,5,695.4699096679688,817.9406127929688,706.8474731445312,592.9021606445312,-1,-1,-1,-1
196,5,701.8157958984375,846.9009399414062,703.5443115234375,567.1694946289062,-1,-1,-1,-1
197,5,715.0247802734375,881.7857055664062,687.286376953125,544.2008666992188,-1,-1,-1,-1
198,5,727.388671875,908.6534423828125,676.5107421875,508.957763671875,-1,-1,-1,-1
199,5,717.5757446289062,927.6929321289062,681.5902709960938,485.42901611328125,-1,-1,-1,-1
200,5,708.5753173828125,904.82958984375,699.6767578125,508.0684814453125,-1,-1,-1,-1
201,5,722.2797241210938,921.2122802734375,688.4450073242188,498.7166748046875,-1,-1,-1,-1
202,5,713.5078735351562,913.404541015625,687.4043579101562,502.6705322265625,-1,-1,-1,-1
203,5,711.6968994140625,900.1468505859375,687.7637939453125,521.60107421875,-1,-1,-1,-1
204,5,714.5645141601562,904.45068359375,690.6427612304688,515.5601806640625,-1,-1,-1,-1
205,5,708.8463134765625,884.1030883789062,699.320068359375,540.2291870117188,-1,-1,-1,-1
206,5,694.852783203125,869.3093872070312,714.576416015625,549.4320678710938,-1,-1,-1,-1
207,5,686.3478393554688,876.5612182617188,716.5465698242188,536.8267211914062,-1,-1,-1,-1
208,5,692.5623168945312,865.46142578125,717.5494995117188,545.6798095703125,-1,-1,-1,-1
209,5,691.4287719726562,861.498046875,717.9454956054688,552.9276123046875,-1,-1,-1,-1
210,5,720.9127197265625,859.89111328125,693.3138427734375,554.300537109375,-1,-1,-1,-1
211,5,747.275390625,863.59130859375,667.1446533203125,551.9757080078125,-1,-1,-1,-1
212,5,762.462158203125,854.6988525390625,654.7879638671875,558.723876953125,-1,-1,-1,-1
213,5,765.1806030273438,845.517578125,651.1777954101562,569.2823486328125,-1,-1,-1,-1
214,5,792.5546875,848.0172119140625,625.23876953125,567.850341796875,-1,-1,-1,-1
215,5,785.7830200195312,853.4147338867188,632.3761596679688,560.9118041992188,-1,-1,-1,-1
216,5,773.9454345703125,958.050537109375,634.9256591796875,455.62548828125,-1,-1,-1,-1
217,5,731.0886840820312,1014.75048828125,665.3945922851562,409.797119140625,-1,-1,-1,-1
218,5,722.4423828125,1042.7586669921875,554.0096435546875,373.471435546875,-1,-1,-1,-1
219,5,669.3596801757812,990.4159545898438,582.7850952148438,425.51202392578125,-1,-1,-1,-1
220,5,697.7701416015625,1049.59375,554.3499755859375,361.648681640625,-1,-1,-1,-1
221,5,746.0463256835938,1070.1485595703125,484.64703369140625,341.8836669921875,-1,-1,-1,-1
222,5,556.5315551757812,1044.80126953125,714.2094116210938,373.135498046875,-1,-1,-1,-1
223,5,552.669189453125,1047.3516845703125,710.7222900390625,362.13671875,-1,-1,-1,-1
224,5,572.4715576171875,1041.1260986328125,651.86328125,367.1622314453125,-1,-1,-1,-1
225,5,552.7682495117188,1003.5487060546875,629.3894653320312,404.924072265625,-1,-1,-1,-1
226,5,539.6719360351562,975.8628540039062,660.7544555664062,431.86212158203125,-1,-1,-1,-1
227,5,551.7081298828125,946.79052734375,680.99072265625,460.7015380859375,-1,-1,-1,-1
228,5,600.0420532226562,926.1132202148438,657.8576049804688,481.94366455078125,-1,-1,-1,-1
229,5,685.4501342773438,985.78662109375,609.0217895507812,422.162841796875,-1,-1,-1,-1
230,5,741.1080932617188,987.955078125,633.1393432617188,422.96923828125,-1,-1,-1,-1
231,5,723.0462036132812,978.024169921875,689.2284545898438,433.1502685546875,-1,-1,-1,-1
232,5,705.927490234375,999.2380981445312,619.7177734375,415.49261474609375,-1,-1,-1,-1
233,5,691.9498291015625,979.466064453125,658.548828125,437.37890625,-1,-1,-1,-1
234,5,699.5941772460938,955.2432861328125,685.2157592773438,459.934814453125,-1,-1,-1,-1
235,5,718.2703857421875,903.7544555664062,704.9599609375,508.06951904296875,-1,-1,-1,-1
236,5,511.410888671875,767.0484008789062,894.056396484375,643.5584106445312,-1,-1,-1,-1
237,5,510.6952819824219,776.1839599609375,919.4654541015625,634.4251708984375,-1,-1,-1,-1
238,5,532.5487060546875,744.5802612304688,994.7781982421875,669.5642700195312,-1,-1,-1,-1
239,5,525.35400390625,732.7378540039062,1056.8809814453125,683.9246215820312,-1,-1,-1,-1
240,5,707.4987182617188,697.1404418945312,884.7241821289062,717.5834350585938,-1,-1,-1,-1
241,5,700.400634765625,631.3240356445312,962.74755859375,786.1757202148438,-1,-1,-1,-1
242,5,705.5963745117188,603.9491577148438,837.5114135742188,815.3804321289062,-1,-1,-1,-1
243,5,751.4544067382812,537.0097045898438,645.3707885742188,872.5991821289062,-1,-1,-1,-1
137,6,7.323749542236328,757.575439453125,813.7131958007812,649.6236572265625,-1,-1,-1,-1
138,6,16.614147186279297,748.0797119140625,780.7567138671875,660.878173828125,-1,-1,-1,-1
139,6,18.309650421142578,700.8507690429688,777.4928588867188,708.2771606445312,-1,-1,-1,-1
140,6,14.91402816772461,684.0264892578125,784.4136352539062,725.197021484375,-1,-1,-1,-1
141,6,15.531116485595703,679.8467407226562,769.0113525390625,729.3060913085938,-1,-1,-1,-1
142,6,11.355216979980469,643.5311279296875,766.8909912109375,766.6258544921875,-1,-1,-1,-1
143,6,8.574501037597656,636.2238159179688,770.7386474609375,773.5271606445312,-1,-1,-1,-1
144,6,10.567512512207031,629.1884765625,782.3338623046875,780.66552734375,-1,-1,-1,-1
145,6,10.28708267211914,615.4878540039062,777.0646362304688,793.9871215820312,-1,-1,-1,-1
146,6,6.234550476074219,623.0855712890625,782.3269653320312,785.782958984375,-1,-1,-1,-1
147,6,1.0229110717773438,623.4663696289062,781.91796875,785.2509155273438,-1,-1,-1,-1
148,6,1.1944084167480469,613.1987915039062,802.5635375976562,795.3469848632812,-1,-1,-1,-1
149,6,5.048881530761719,615.8574829101562,810.4351196289062,793.8331909179688,-1,-1,-1,-1
150,6,0.8540153503417969,596.2621459960938,796.8797607421875,813.2218627929688,-1,-1,-1,-1
151,6,4.655364990234375,594.1019287109375,798.058349609375,815.1544189453125,-1,-1,-1,-1
152,6,6.199428558349609,602.426513671875,811.9002075195312,807.5655517578125,-1,-1,-1,-1
153,6,3.9300155639648438,602.3041381835938,825.9542846679688,807.7297973632812,-1,-1,-1,-1
154,6,7.578205108642578,592.8020629882812,819.3533325195312,818.1359252929688,-1,-1,-1,-1
155,6,13.581787109375,604.71826171875,820.3167724609375,805.680908203125,-1,-1,-1,-1
156,6,16.2069091796875,632.0741577148438,812.2499389648438,778.6738891601562,-1,-1,-1,-1
157,6,17.79851531982422,633.3004150390625,810.7872314453125,777.9639892578125,-1,-1,-1,-1
158,6,21.208866119384766,678.495361328125,799.974609375,731.785888671875,-1,-1,-1,-1
159,6,17.37218475341797,712.5427856445312,812.6190185546875,696.9032592773438,-1,-1,-1,-1
160,6,19.51105499267578,742.9689331054688,815.9169311523438,665.7427368164062,-1,-1,-1,-1
161,6,20.80615997314453,762.0057373046875,819.08544921875,648.1085205078125,-1,-1,-1,-1
162,6,18.037696838378906,758.9229125976562,819.8857421875,650.5551147460938,-1,-1,-1,-1
163,6,23.629383087158203,773.7490234375,805.5336303710938,634.9658203125,-1,-1,-1,-1
164,6,19.378623962402344,770.3547973632812,805.52490234375,639.1476440429688,-1,-1,-1,-1
165,6,27.451587677001953,781.9180908203125,809.6640014648438,627.6214599609375,-1,-1,-1,-1
166,6,36.41044616699219,777.2354736328125,796.3302612304688,632.486083984375,-1,-1,-1,-1
167,6,23.232845306396484,780.3557739257812,792.87841796875,628.4719848632812,-1,-1,-1,-1
168,6,26.002063751220703,792.5197143554688,783.7607421875,616.5863647460938,-1,-1,-1,-1
169,6,24.5159912109375,771.8253784179688,806.1129150390625,638.4364624023438,-1,-1,-1,-1
170,6,21.615013122558594,763.9264526367188,810.0370483398438,645.4517211914062,-1,-1,-1,-1
212,7,56.4883918762207,34.585994720458984,366.0128173828125,441.9616394042969,-1,-1,-1,-1
213,7,101.98526000976562,39.339599609375,316.6846923828125,446.55816650390625,-1,-1,-1,-1
214,7,17.358610153198242,14.316368103027344,391.20843505859375,522.0319213867188,-1,-1,-1,-1
215,7,19.253074645996094,77.52127838134766,370.9646911621094,486.9663391113281,-1,-1,-1,-1
216,7,36.61150360107422,127.2811279296875,325.71923828125,452.93206787109375,-1,-1,-1,-1
217,7,33.93052291870117,81.03993225097656,313.44683837890625,589.98486328125,-1,-1,-1,-1
218,7,40.44824981689453,119.41669464111328,303.57470703125,542.177978515625,-1,-1,-1,-1
219,7,23.43575096130371,133.5452117919922,328.60931396484375,547.4227294921875,-1,-1,-1,-1
220,7,13.165233612060547,149.90501403808594,331.22625732421875,531.2836303710938,-1,-1,-1,-1
221,7,14.011170387268066,154.89212036132812,332.8135986328125,521.25439453125,-1,-1,-1,-1
222,7,28.387123107910156,216.36688232421875,315.10882568359375,457.9114990234375,-1,-1,-1,-1
223,7,16.986221313476562,193.2408905029297,331.6663818359375,555.0829467773438,-1,-1,-1,-1
224,7,14.899561882019043,225.6983184814453,318.9143371582031,499.79705810546875,-1,-1,-1,-1
225,7,9.566139221191406,231.45339965820312,309.8844909667969,455.6520080566406,-1,-1,-1,-1
226,7,9.968016624450684,222.4722900390625,318.635986328125,452.02069091796875,-1,-1,-1,-1
227,7,27.48693084716797,223.24742126464844,308.98876953125,460.49285888671875,-1,-1,-1,-1
228,7,46.3786506652832,214.92013549804688,317.7404479980469,439.1864318847656,-1,-1,-1,-1
229,7,64.14221954345703,203.62574768066406,317.1724853515625,435.10418701171875,-1,-1,-1,-1
230,7,90.32176971435547,180.65310668945312,315.63189697265625,438.8971252441406,-1,-1,-1,-1
231,7,120.77838134765625,160.8995361328125,308.092529296875,417.31207275390625,-1,-1,-1,-1
232,7,167.8929901123047,140.54498291015625,299.663330078125,426.54205322265625,-1,-1,-1,-1
233,7,217.76983642578125,120.81562805175781,286.49871826171875,415.29974365234375,-1,-1,-1,-1
234,7,280.9447937011719,92.91154479980469,277.4338073730469,413.19940185546875,-1,-1,-1,-1
235,7,358.2520751953125,80.10720825195312,269.12432861328125,434.6340026855469,-1,-1,-1,-1
236,7,446.5257263183594,84.48922729492188,217.88034057617188,439.2836608886719,-1,-1,-1,-1
237,7,529.6787109375,98.80944061279297,193.4566650390625,442.90496826171875,-1,-1,-1,-1
238,7,599.6956787109375,116.38091278076172,179.1624755859375,452.9649658203125,-1,-1,-1,-1
239,7,657.81884765625,131.06101989746094,172.1275634765625,461.8175048828125,-1,-1,-1,-1
240,7,712.4511108398438,149.79248046875,171.2568359375,454.8509521484375,-1,-1,-1,-1
241,7,769.38525390625,161.49595642089844,172.583251953125,470.65985107421875,-1,-1,-1,-1
242,7,822.0607299804688,175.475341796875,179.720458984375,469.544189453125,-1,-1,-1,-1
243,7,872.6160888671875,177.93060302734375,185.913330078125,482.80548095703125,-1,-1,-1,-1
244,7,919.6807861328125,159.33592224121094,189.324462890625,514.1510009765625,-1,-1,-1,-1
245,7,953.518310546875,162.11021423339844,193.407470703125,522.3020629882812,-1,-1,-1,-1
246,7,984.4624633789062,175.80908203125,205.39666748046875,526.20068359375,-1,-1,-1,-1
247,7,1015.55078125,178.2626953125,213.5010986328125,523.8018188476562,-1,-1,-1,-1
248,7,1022.39697265625,171.29006958007812,230.198974609375,494.0513610839844,-1,-1,-1,-1
249,7,1024.5654907226562,164.1598358154297,239.88787841796875,501.49481201171875,-1,-1,-1,-1
250,7,1020.775146484375,155.6364288330078,241.16357421875,499.18304443359375,-1,-1,-1,-1
251,7,1009.1082763671875,146.47976684570312,243.8797607421875,502.9644470214844,-1,-1,-1,-1
252,7,998.4752807617188,138.06201171875,251.48016357421875,501.3360595703125,-1,-1,-1,-1
253,7,994.901123046875,130.56617736816406,255.06787109375,500.33392333984375,-1,-1,-1,-1
254,7,992.3816528320312,119.82294464111328,256.03741455078125,506.42767333984375,-1,-1,-1,-1
255,7,993.3193359375,114.8315200805664,253.8841552734375,510.6772766113281,-1,-1,-1,-1
256,7,998.925048828125,109.09424591064453,259.242919921875,517.7152099609375,-1,-1,-1,-1
257,7,1015.9446411132812,104.33174133300781,251.65972900390625,523.5919189453125,-1,-1,-1,-1
258,7,1025.5867919921875,96.7291488647461,240.99951171875,538.8605346679688,-1,-1,-1,-1
259,7,1025.32568359375,82.53326416015625,239.2216796875,550.33837890625,-1,-1,-1,-1
260,7,1020.3317260742188,65.72319030761719,239.44073486328125,557.1914672851562,-1,-1,-1,-1
261,7,1010.4241943359375,64.0587387084961,240.524658203125,556.7814331054688,-1,-1,-1,-1
262,7,992.0012817382812,68.47543334960938,251.58380126953125,557.38134765625,-1,-1,-1,-1
263,7,986.1006469726562,75.81298065185547,249.73870849609375,549.543701171875,-1,-1,-1,-1
264,7,974.232177734375,85.52865600585938,247.3980712890625,540.7293701171875,-1,-1,-1,-1
265,7,956.983154296875,89.80622863769531,251.554443359375,528.3430786132812,-1,-1,-1,-1
266,7,937.4296875,94.89311981201172,256.602783203125,554.5956420898438,-1,-1,-1,-1
267,7,926.299072265625,104.03394317626953,250.1207275390625,526.5665893554688,-1,-1,-1,-1
268,7,912.5134887695312,95.13114929199219,246.85150146484375,499.2183837890625,-1,-1,-1,-1
269,7,894.05224609375,115.1591567993164,249.5389404296875,507.1290588378906,-1,-1,-1,-1
270,7,876.8682861328125,123.77560424804688,253.1219482421875,504.9955749511719,-1,-1,-1,-1
271,7,859.6718139648438,132.82363891601562,263.15435791015625,489.7398986816406,-1,-1,-1,-1
272,7,851.9667358398438,131.31349182128906,269.86187744140625,495.63751220703125,-1,-1,-1,-1
273,7,840.6197509765625,121.07533264160156,289.879638671875,490.68084716796875,-1,-1,-1,-1
274,7,843.0158081054688,115.64840698242188,280.97210693359375,497.8877868652344,-1,-1,-1,-1
275,7,846.048095703125,93.84820556640625,283.080078125,512.2655029296875,-1,-1,-1,-1
276,7,835.2371215820312,59.16603088378906,305.69976806640625,541.9414672851562,-1,-1,-1,-1
277,7,829.9097900390625,29.37460708618164,300.3009033203125,561.8472900390625,-1,-1,-1,-1
278,7,826.8046875,14.001110076904297,306.786376953125,577.72509765625,-1,-1,-1,-1
279,7,812.842529296875,3.2218494415283203,314.1455078125,563.4235229492188,-1,-1,-1,-1
280,7,805.5418701171875,0.3419361114501953,304.318359375,544.3825073242188,-1,-1,-1,-1
281,7,781.938232421875,1.0318279266357422,316.352294921875,507.8023681640625,-1,-1,-1,-1
282,7,768.9500732421875,5.952169418334961,317.483642578125,494.51947021484375,-1,-1,-1,-1
283,7,752.9330444335938,6.446163177490234,318.21209716796875,481.1777038574219,-1,-1,-1,-1
284,7,731.3572998046875,4.724643707275391,327.1507568359375,481.42572021484375,-1,-1,-1,-1
285,7,713.0454711914062,5.170045852661133,336.44281005859375,461.40185546875,-1,-1,-1,-1
286,7,695.9287719726562,6.055395126342773,331.93658447265625,465.1391906738281,-1,-1,-1,-1
287,7,675.5343017578125,8.755838394165039,333.83599853515625,481.6252136230469,-1,-1,-1,-1
288,7,654.2713623046875,1.5757770538330078,344.50848388671875,526.0330810546875,-1,-1,-1,-1
289,7,647.8353881835938,-1.6523971557617188,342.70831298828125,574.8489379882812,-1,-1,-1,-1
290,7,646.25830078125,3.492879867553711,331.39556884765625,620.4739379882812,-1,-1,-1,-1
291,7,637.2554931640625,49.17799758911133,323.36614990234375,614.21484375,-1,-1,-1,-1
292,7,635.88916015625,134.4496307373047,304.8211669921875,564.9474487304688,-1,-1,-1,-1
293,7,642.028564453125,218.77215576171875,284.7791748046875,531.2605590820312,-1,-1,-1,-1
294,7,642.6980590820312,334.74627685546875,273.897216796875,463.318115234375,-1,-1,-1,-1
295,7,634.7623901367188,439.7933044433594,267.14239501953125,401.3422546386719,-1,-1,-1,-1
296,7,611.7000732421875,476.0876770019531,267.2125244140625,401.1692199707031,-1,-1,-1,-1
297,7,572.5828857421875,528.4197387695312,274.7601318359375,376.925048828125,-1,-1,-1,-1
298,7,542.5873413085938,542.3917236328125,273.499755859375,391.760986328125,-1,-1,-1,-1
299,7,498.5027160644531,585.4400024414062,282.4515075683594,371.518798828125,-1,-1,-1,-1
300,7,469.7292785644531,609.7816162109375,282.5329284667969,368.885986328125,-1,-1,-1,-1
301,7,419.4075012207031,612.8408813476562,309.1208801269531,375.97039794921875,-1,-1,-1,-1
302,7,365.3214111328125,620.82373046875,341.502197265625,371.64337158203125,-1,-1,-1,-1
303,7,323.26739501953125,639.82470703125,365.87408447265625,361.8529052734375,-1,-1,-1,-1
304,7,278.1287841796875,652.031982421875,381.62701416015625,366.51715087890625,-1,-1,-1,-1
305,7,265.71722412109375,669.1848754882812,377.45416259765625,357.09027099609375,-1,-1,-1,-1
306,7,278.5185546875,680.2386474609375,348.73223876953125,359.609619140625,-1,-1,-1,-1
307,7,220.71847534179688,693.9878540039062,415.7279357910156,348.68743896484375,-1,-1,-1,-1
308,7,182.34518432617188,707.5972900390625,431.0406188964844,344.749267578125,-1,-1,-1,-1
309,7,158.34475708007812,719.948486328125,426.1952819824219,356.6505126953125,-1,-1,-1,-1
310,7,78.99734497070312,705.921875,471.0226745605469,366.6102294921875,-1,-1,-1,-1
311,7,9.073341369628906,688.9639892578125,501.2003173828125,387.3369140625,-1,-1,-1,-1
312,7,7.135341644287109,785.9459228515625,490.1509704589844,350.5867919921875,-1,-1,-1,-1
313,7,1.1438446044921875,793.042724609375,508.21380615234375,375.7066650390625,-1,-1,-1,-1
314,7,3.728893280029297,811.598388671875,367.15264892578125,375.09619140625,-1,-1,-1,-1
315,7,2.108837127685547,743.3643798828125,353.1365661621094,519.9564208984375,-1,-1,-1,-1
321,7,-118.7291259765625,461.55706787109375,874.6384887695312,952.8911743164062,-1,-1,-1,-1
322,7,-3.2041397094726562,431.64776611328125,777.0692749023438,978.4772338867188,-1,-1,-1,-1
323,7,16.209762573242188,618.6351318359375,735.2317504882812,789.383056640625,-1,-1,-1,-1
324,7,18.755535125732422,649.2531127929688,741.7982788085938,761.1434936523438,-1,-1,-1,-1
325,7,17.81509017944336,678.1295776367188,754.4669189453125,733.0567016601562,-1,-1,-1,-1
326,7,12.949005126953125,646.4503173828125,737.566162109375,763.1693115234375,-1,-1,-1,-1
327,7,1.3210487365722656,665.3020629882812,750.939697265625,744.3931274414062,-1,-1,-1,-1
328,7,4.899896621704102,663.381591796875,687.8292236328125,746.5526123046875,-1,-1,-1,-1
329,7,-3.4205570220947266,646.4718017578125,632.982666015625,762.8873291015625,-1,-1,-1,-1
330,7,-2.3624305725097656,681.6607055664062,588.0798950195312,729.2188110351562,-1,-1,-1,-1
331,7,24.698755264282227,691.2011108398438,543.1737670898438,720.6115112304688,-1,-1,-1,-1
332,7,42.705055236816406,698.4258422851562,534.8841552734375,712.2700805664062,-1,-1,-1,-1
333,7,21.58941650390625,694.7590942382812,554.2855224609375,715.2711791992188,-1,-1,-1,-1
334,7,8.18719482421875,735.4313354492188,567.2269897460938,675.4172973632812,-1,-1,-1,-1
335,7,14.035455703735352,767.1941528320312,549.6127319335938,643.3488159179688,-1,-1,-1,-1
336,7,8.262998580932617,791.5809326171875,533.78125,619.3826904296875,-1,-1,-1,-1
337,7,-5.47686767578125,751.3050537109375,459.7484436035156,659.03515625,-1,-1,-1,-1
338,7,-6.001220703125,732.6011352539062,475.5552673339844,679.0155639648438,-1,-1,-1,-1
339,7,-2.099771499633789,656.06005859375,602.0816040039062,768.1119384765625,-1,-1,-1,-1
340,7,6.744678497314453,652.4197387695312,727.3560180664062,756.0443725585938,-1,-1,-1,-1
341,7,8.719310760498047,652.0546264648438,874.3218383789062,760.1015014648438,-1,-1,-1,-1
342,7,15.532752990722656,674.6404418945312,855.4092407226562,733.7594604492188,-1,-1,-1,-1
343,7,2.7964630126953125,699.7366943359375,780.8897094726562,711.402099609375,-1,-1,-1,-1
344,7,3.6510963439941406,646.7913818359375,816.85693359375,765.1126708984375,-1,-1,-1,-1
345,7,2.663066864013672,597.0496215820312,815.3906860351562,821.3837280273438,-1,-1,-1,-1
346,7,13.948993682861328,636.044921875,791.5791015625,777.2796630859375,-1,-1,-1,-1
347,7,-10.897308349609375,643.108154296875,1211.996826171875,783.128173828125,-1,-1,-1,-1
348,7,10.054489135742188,747.5482177734375,1192.86181640625,679.378662109375,-1,-1,-1,-1
349,7,30.72854232788086,841.1341552734375,1152.1785888671875,575.6611328125,-1,-1,-1,-1
350,7,12.498210906982422,835.8947143554688,1254.9415283203125,585.7333374023438,-1,-1,-1,-1
351,7,24.645401000976562,892.7811279296875,1214.9368896484375,516.8563232421875,-1,-1,-1,-1
352,7,23.76156234741211,911.4161376953125,1203.0352783203125,492.412109375,-1,-1,-1,-1
353,7,42.29187774658203,908.693115234375,1345.907470703125,500.6822509765625,-1,-1,-1,-1
354,7,161.0344696044922,898.7557373046875,1244.971435546875,510.37451171875,-1,-1,-1,-1
355,7,270.85394287109375,879.380126953125,1080.69287109375,520.3216552734375,-1,-1,-1,-1
356,7,267.53338623046875,843.048583984375,1077.66064453125,539.42529296875,-1,-1,-1,-1
357,7,200.748291015625,805.0654907226562,1162.637939453125,600.5265502929688,-1,-1,-1,-1
358,7,78.09558868408203,769.7449340820312,1316.9901123046875,637.0922241210938,-1,-1,-1,-1
359,7,109.17827606201172,765.9673461914062,1287.583740234375,641.2487182617188,-1,-1,-1,-1
360,7,133.21194458007812,762.825439453125,1265.9990234375,644.5557861328125,-1,-1,-1,-1
361,7,130.6959686279297,771.8770751953125,1248.6343994140625,635.6009521484375,-1,-1,-1,-1
362,7,121.48622131347656,771.5115356445312,1244.16015625,636.8889770507812,-1,-1,-1,-1
363,7,108.7401123046875,752.7789916992188,1284.21826171875,654.9945678710938,-1,-1,-1,-1
364,7,134.94400024414062,771.8591918945312,1235.779541015625,642.8012084960938,-1,-1,-1,-1
365,7,106.31170654296875,815.2593383789062,1267.518310546875,594.1322631835938,-1,-1,-1,-1
366,7,56.93347930908203,821.0133666992188,1292.9205322265625,589.8755493164062,-1,-1,-1,-1
367,7,17.676448822021484,829.8501586914062,1334.0343017578125,580.4415893554688,-1,-1,-1,-1
368,7,29.921241760253906,829.7330932617188,1326.1678466796875,579.2510375976562,-1,-1,-1,-1
369,7,82.77582550048828,826.6769409179688,1287.0615234375,581.8983764648438,-1,-1,-1,-1
370,7,103.74957275390625,832.1666259765625,1239.3037109375,575.4134521484375,-1,-1,-1,-1
371,7,80.34397888183594,845.4861450195312,1236.0511474609375,563.2745971679688,-1,-1,-1,-1
234,8,460.7988586425781,1151.3468017578125,392.6208190917969,258.4666748046875,-1,-1,-1,-1
235,8,499.0479736328125,1171.7347412109375,326.7384033203125,237.75244140625,-1,-1,-1,-1
236,8,526.384521484375,980.422119140625,383.6639404296875,431.8951416015625,-1,-1,-1,-1
237,8,525.812255859375,921.9569091796875,660.55615234375,489.6048583984375,-1,-1,-1,-1
238,8,528.8017578125,820.2734375,922.3245849609375,591.8114013671875,-1,-1,-1,-1
239,8,530.2545166015625,819.5175170898438,989.5274658203125,592.9743041992188,-1,-1,-1,-1
240,8,717.946533203125,777.88671875,848.30810546875,637.259765625,-1,-1,-1,-1
241,8,704.6126708984375,724.1332397460938,877.0819091796875,691.2553100585938,-1,-1,-1,-1
242,8,701.685546875,664.43408203125,948.74609375,751.5694580078125,-1,-1,-1,-1
243,8,773.7161865234375,601.791015625,630.9581298828125,807.795166015625,-1,-1,-1,-1
272,9,510.06103515625,1071.9169921875,299.031982421875,335.2183837890625,-1,-1,-1,-1
273,9,522.884765625,1081.0330810546875,257.3743896484375,326.8292236328125,-1,-1,-1,-1
274,9,517.29296875,1098.373046875,316.30145263671875,310.5899658203125,-1,-1,-1,-1
275,9,518.1419677734375,1114.61328125,307.63427734375,295.968017578125,-1,-1,-1,-1
276,9,512.4744567871094,1127.0777587890625,271.0848083496094,283.7108154296875,-1,-1,-1,-1
277,9,475.83111572265625,1136.52099609375,281.47576904296875,275.0718994140625,-1,-1,-1,-1
278,9,511.7694091796875,1186.65478515625,239.23095703125,224.9736328125,-1,-1,-1,-1
279,9,545.34716796875,1203.6563720703125,212.8665771484375,207.424560546875,-1,-1,-1,-1
280,9,542.451416015625,1224.5240478515625,237.28076171875,185.413818359375,-1,-1,-1,-1
281,9,278.8599853515625,1037.48388671875,524.9845581054688,368.79296875,-1,-1,-1,-1
282,9,291.59674072265625,970.6315307617188,541.8526000976562,436.76678466796875,-1,-1,-1,-1
283,9,308.005859375,990.604736328125,676.3027954101562,416.255859375,-1,-1,-1,-1
284,9,320.0494689941406,1007.4234008789062,670.2161865234375,399.48260498046875,-1,-1,-1,-1
285,9,366.39215087890625,1025.9739990234375,564.5946655273438,381.9168701171875,-1,-1,-1,-1
286,9,390.15435791015625,1009.0319213867188,542.9337768554688,399.18585205078125,-1,-1,-1,-1
287,9,397.6385803222656,1076.9136962890625,500.0396423339844,333.3985595703125,-1,-1,-1,-1
288,9,386.3362731933594,1117.2667236328125,442.0013732910156,293.8397216796875,-1,-1,-1,-1
289,9,380.3810729980469,1134.0596923828125,395.8931579589844,274.7247314453125,-1,-1,-1,-1
290,9,423.67767333984375,1082.4921875,634.0086059570312,326.7794189453125,-1,-1,-1,-1
291,9,477.310791015625,1069.1265869140625,606.9990234375,340.6224365234375,-1,-1,-1,-1
292,9,608.9795532226562,1120.017822265625,417.58489990234375,289.33642578125,-1,-1,-1,-1
293,9,691.073486328125,1164.5836181640625,354.324462890625,244.1531982421875,-1,-1,-1,-1
275,10,769.7377319335938,994.0635375976562,267.90325927734375,412.69366455078125,-1,-1,-1,-1
276,10,773.0191040039062,979.0771484375,293.07012939453125,429.71826171875,-1,-1,-1,-1
277,10,773.3251953125,983.6126708984375,316.93798828125,428.565673828125,-1,-1,-1,-1
278,10,761.142333984375,1011.0169067382812,321.9375,400.26190185546875,-1,-1,-1,-1
279,10,766.5338745117188,1014.6050415039062,322.24847412109375,394.34661865234375,-1,-1,-1,-1
280,10,766.5366821289062,1012.0260009765625,349.34881591796875,396.027099609375,-1,-1,-1,-1
281,10,786.7470703125,1029.335205078125,434.295166015625,379.095703125,-1,-1,-1,-1
282,10,747.8036499023438,1058.7464599609375,500.33685302734375,350.2353515625,-1,-1,-1,-1
283,10,700.8071899414062,1081.869140625,518.3709106445312,326.8076171875,-1,-1,-1,-1
284,10,551.7611694335938,1051.1915283203125,724.3984985351562,355.910888671875,-1,-1,-1,-1
285,10,468.7953796386719,1043.01220703125,895.703857421875,366.1871337890625,-1,-1,-1,-1
286,10,388.716064453125,918.2318115234375,1000.5001220703125,494.16357421875,-1,-1,-1,-1
287,10,381.8062744140625,977.0213012695312,932.3704833984375,432.32489013671875,-1,-1,-1,-1
288,10,450.431396484375,1072.4775390625,712.5634765625,341.2222900390625,-1,-1,-1,-1
289,10,563.286376953125,1074.7513427734375,556.4990234375,335.9814453125,-1,-1,-1,-1
290,10,478.81365966796875,1015.0335693359375,654.8685913085938,398.4488525390625,-1,-1,-1,-1
291,10,498.1197509765625,971.5072021484375,609.0791015625,443.1241455078125,-1,-1,-1,-1
292,10,614.799072265625,1083.528564453125,411.705810546875,327.0662841796875,-1,-1,-1,-1
293,10,692.4639282226562,1140.2696533203125,357.70037841796875,269.3314208984375,-1,-1,-1,-1
300,11,911.666259765625,545.1415405273438,493.131103515625,864.8745727539062,-1,-1,-1,-1
301,11,895.2652587890625,543.6192626953125,511.9466552734375,866.279052734375,-1,-1,-1,-1
302,11,866.3916015625,535.707275390625,541.21484375,873.55322265625,-1,-1,-1,-1
303,11,840.1221923828125,529.3795166015625,566.30078125,880.1385498046875,-1,-1,-1,-1
304,11,822.2850341796875,523.633544921875,584.682861328125,885.73388671875,-1,-1,-1,-1
305,11,809.92626953125,507.644287109375,597.2889404296875,902.1732177734375,-1,-1,-1,-1
306,11,795.2124633789062,490.41119384765625,611.6408081054688,918.6295776367188,-1,-1,-1,-1
307,11,777.1832275390625,462.3934326171875,630.8116455078125,946.7891845703125,-1,-1,-1,-1
308,11,752.7003173828125,431.6986083984375,649.64013671875,977.5145263671875,-1,-1,-1,-1
309,11,694.1917724609375,396.7867126464844,687.2535400390625,1011.9649658203125,-1,-1,-1,-1
310,11,610.822509765625,366.484375,721.2183837890625,1038.3197021484375,-1,-1,-1,-1
311,11,488.5696716308594,334.416259765625,788.9990234375,1073.47998046875,-1,-1,-1,-1
312,11,372.0417785644531,301.1508483886719,746.125,1103.554443359375,-1,-1,-1,-1
313,11,255.59458923339844,269.7456970214844,758.125244140625,1141.1195068359375,-1,-1,-1,-1
314,11,115.21756744384766,230.60171508789062,818.413330078125,1179.9287109375,-1,-1,-1,-1
315,11,5.182151794433594,203.68997192382812,862.6658935546875,1207.3350830078125,-1,-1,-1,-1
316,11,-3.8311309814453125,175.08230590820312,826.1710205078125,1234.7498779296875,-1,-1,-1,-1
317,11,-9.031314849853516,167.01190185546875,797.9797973632812,1243.916259765625,-1,-1,-1,-1
318,11,-7.7469940185546875,167.323974609375,780.608642578125,1243.8472900390625,-1,-1,-1,-1
319,11,-5.9322357177734375,155.64268493652344,769.6097412109375,1255.5274658203125,-1,-1,-1,-1
320,11,-8.7069091796875,191.23684692382812,766.3519287109375,1221.4410400390625,-1,-1,-1,-1
321,11,-13.38332748413086,222.30181884765625,774.2018432617188,1189.63525390625,-1,-1,-1,-1
322,11,-8.23647689819336,318.8612365722656,779.6583862304688,1094.625,-1,-1,-1,-1
347,12,3.356945037841797,649.4606323242188,198.30389404296875,284.87237548828125,-1,-1,-1,-1
348,12,3.097548484802246,623.7525634765625,201.65591430664062,289.4215087890625,-1,-1,-1,-1
349,12,3.404256820678711,605.5513916015625,207.57220458984375,295.302978515625,-1,-1,-1,-1
350,12,4.600458145141602,583.31689453125,207.4552001953125,299.00067138671875,-1,-1,-1,-1
351,12,3.2415504455566406,558.5701293945312,211.37713623046875,308.48321533203125,-1,-1,-1,-1
352,12,4.225079536437988,534.8095092773438,207.8342742919922,329.88482666015625,-1,-1,-1,-1
353,12,2.927215576171875,514.4938354492188,220.51449584960938,332.13189697265625,-1,-1,-1,-1
354,12,2.7759017944335938,496.06512451171875,223.66488647460938,323.99737548828125,-1,-1,-1,-1
355,12,2.8187026977539062,447.3253173828125,228.94192504882812,332.39569091796875,-1,-1,-1,-1
356,12,3.816645622253418,417.70501708984375,235.93313598632812,332.26904296875,-1,-1,-1,-1
357,12,4.573455810546875,384.07012939453125,236.21707153320312,336.08740234375,-1,-1,-1,-1
358,12,7.084693908691406,342.2984924316406,241.75152587890625,343.9665832519531,-1,-1,-1,-1
359,12,17.642303466796875,312.40997314453125,236.93148803710938,347.21929931640625,-1,-1,-1,-1
360,12,29.242595672607422,290.0157165527344,238.3361053466797,353.6959533691406,-1,-1,-1,-1
361,12,46.67744827270508,273.4614562988281,238.3055877685547,361.0739440917969,-1,-1,-1,-1
362,12,62.65147018432617,247.88009643554688,242.03428649902344,366.3495178222656,-1,-1,-1,-1
363,12,79.22962188720703,211.48385620117188,243.32568359375,367.2943420410156,-1,-1,-1,-1
364,12,96.18144226074219,184.86651611328125,243.88035583496094,367.94354248046875,-1,-1,-1,-1
365,12,109.87543487548828,173.2591552734375,246.2559814453125,371.30133056640625,-1,-1,-1,-1
366,12,119.21955871582031,158.63218688964844,249.45359802246094,393.7109375,-1,-1,-1,-1
367,12,133.04547119140625,149.5716552734375,248.14715576171875,381.91473388671875,-1,-1,-1,-1
368,12,136.69271850585938,139.55902099609375,255.51669311523438,398.94061279296875,-1,-1,-1,-1
369,12,141.3184814453125,135.9885711669922,256.9929504394531,382.4029541015625,-1,-1,-1,-1
370,12,135.97637939453125,132.55262756347656,260.83514404296875,386.93060302734375,-1,-1,-1,-1
371,12,132.45892333984375,138.10353088378906,263.97222900390625,425.0108642578125,-1,-1,-1,-1
