1,1,589.6890869140625,337.2317199707031,316.77178955078125,458.3592834472656,-1,-1,-1,-1
2,1,576.330322265625,332.9320068359375,325.48992919921875,471.685791015625,-1,-1,-1,-1
3,1,558.9542846679688,347.91796875,308.89013671875,478.579345703125,-1,-1,-1,-1
4,1,540.7149658203125,363.9571228027344,281.283935546875,479.9891052246094,-1,-1,-1,-1
5,1,523.4783935546875,360.6392822265625,265.25103759765625,494.45556640625,-1,-1,-1,-1
6,1,503.06207275390625,327.0904235839844,259.6646728515625,531.8214111328125,-1,-1,-1,-1
7,1,484.9519958496094,296.3034973144531,251.23818969726562,555.3233642578125,-1,-1,-1,-1
8,1,462.0026550292969,254.07765197753906,246.68582153320312,585.046875,-1,-1,-1,-1
9,1,442.84259033203125,223.010009765625,240.29571533203125,601.1273803710938,-1,-1,-1,-1
10,1,416.49920654296875,193.0646514892578,239.27020263671875,617.7547607421875,-1,-1,-1,-1
11,1,384.2737731933594,170.9896240234375,241.11087036132812,631.1673583984375,-1,-1,-1,-1
12,1,361.1378479003906,145.3292236328125,246.02926635742188,648.4883422851562,-1,-1,-1,-1
13,1,349.4859924316406,134.01797485351562,248.85232543945312,650.165283203125,-1,-1,-1,-1
14,1,340.2381591796875,128.70855712890625,258.04193115234375,651.0411987304688,-1,-1,-1,-1
15,1,329.1959228515625,122.97412109375,263.5589599609375,652.0630493164062,-1,-1,-1,-1
16,1,313.62762451171875,107.04261779785156,270.71514892578125,656.6768798828125,-1,-1,-1,-1
17,1,302.4168395996094,99.05728912353516,273.9588317871094,658.4013671875,-1,-1,-1,-1
18,1,290.2337646484375,103.64485168457031,284.07830810546875,660.9392700195312,-1,-1,-1,-1
19,1,282.4473571777344,105.82048034667969,297.5758361816406,666.2832641601562,-1,-1,-1,-1
20,1,274.0836181640625,105.85614776611328,304.40814208984375,675.2285766601562,-1,-1,-1,-1
21,1,262.1003723144531,102.39729309082031,320.6286315917969,679.6581420898438,-1,-1,-1,-1
22,1,250.2122039794922,96.65821838378906,328.54901123046875,681.3798828125,-1,-1,-1,-1
23,1,230.4301300048828,97.33230590820312,346.53814697265625,680.23681640625,-1,-1,-1,-1
24,1,209.02532958984375,109.34330749511719,369.79095458984375,675.162109375,-1,-1,-1,-1
25,1,197.5425262451172,118.99803924560547,385.36163330078125,670.7399291992188,-1,-1,-1,-1
26,1,183.8048858642578,107.70340728759766,404.18328857421875,667.31103515625,-1,-1,-1,-1
27,1,168.30906677246094,110.40867614746094,414.85809326171875,661.2036743164062,-1,-1,-1,-1
28,1,144.50436401367188,122.92573547363281,412.3526306152344,659.6641235351562,-1,-1,-1,-1
29,1,116.87102508544922,131.22866821289062,436.91583251953125,646.3892822265625,-1,-1,-1,-1
30,1,88.96760559082031,144.93646240234375,420.89794921875,553.7206420898438,-1,-1,-1,-1
31,1,72.01095581054688,153.70567321777344,360.19696044921875,531.7335205078125,-1,-1,-1,-1
32,1,53.379241943359375,167.52008056640625,395.5532531738281,638.5571899414062,-1,-1,-1,-1
33,1,46.62563705444336,207.40435791015625,409.38140869140625,571.1222534179688,-1,-1,-1,-1
34,1,32.99875259399414,254.9490966796875,399.5966491699219,668.2113647460938,-1,-1,-1,-1
35,1,25.01032066345215,291.7859802246094,399.23175048828125,726.316650390625,-1,-1,-1,-1
36,1,10.870014190673828,291.96917724609375,412.64404296875,790.7351684570312,-1,-1,-1,-1
37,1,4.155769348144531,284.8960876464844,421.52972412109375,725.4300537109375,-1,-1,-1,-1
38,1,2.8559017181396484,284.5665283203125,420.9752197265625,666.1025390625,-1,-1,-1,-1
39,1,0.645172119140625,284.5098876953125,431.1627502441406,643.140625,-1,-1,-1,-1
40,1,-1.605001449584961,284.6206970214844,445.9014892578125,643.355712890625,-1,-1,-1,-1
41,1,-0.2718791961669922,282.30145263671875,466.4728698730469,643.4100341796875,-1,-1,-1,-1
42,1,1.5444526672363281,274.63336181640625,479.45416259765625,642.9707641601562,-1,-1,-1,-1
43,1,-0.036285400390625,291.7553405761719,476.5339660644531,637.2950439453125,-1,-1,-1,-1
44,1,-2.265625,305.7122497558594,465.6168518066406,647.78369140625,-1,-1,-1,-1
45,1,-2.9576358795166016,312.6745300292969,464.6631774902344,670.77587890625,-1,-1,-1,-1
46,1,-2.3466320037841797,316.73046875,466.0754699707031,699.3021240234375,-1,-1,-1,-1
47,1,-1.1510810852050781,332.1805419921875,433.1888122558594,727.50341796875,-1,-1,-1,-1
48,1,-3.2839717864990234,348.57537841796875,414.6234130859375,767.5885620117188,-1,-1,-1,-1
49,1,-3.148519515991211,368.0799865722656,404.4390869140625,798.2791748046875,-1,-1,-1,-1
50,1,1.4597110748291016,388.05670166015625,381.53656005859375,802.8480834960938,-1,-1,-1,-1
51,1,-1.8227615356445312,402.8116149902344,383.60113525390625,783.0341796875,-1,-1,-1,-1
52,1,-3.475086212158203,406.0703125,393.8757629394531,778.08740234375,-1,-1,-1,-1
53,1,-3.6387367248535156,403.1436767578125,566.9098510742188,820.292236328125,-1,-1,-1,-1
54,1,-2.3903770446777344,401.26849365234375,553.1346435546875,764.7442016601562,-1,-1,-1,-1
55,1,-0.8508033752441406,397.341552734375,409.3233947753906,685.8538818359375,-1,-1,-1,-1
56,1,6.976285934448242,389.4927978515625,403.4016418457031,697.029296875,-1,-1,-1,-1
57,1,3.7642040252685547,388.6593322753906,444.3592834472656,722.8470458984375,-1,-1,-1,-1
58,1,60.254241943359375,399.69647216796875,429.0828552246094,646.2777709960938,-1,-1,-1,-1
59,1,84.79902648925781,410.5619201660156,434.62457275390625,539.0477294921875,-1,-1,-1,-1
60,1,141.52413940429688,404.64337158203125,476.3946838378906,660.6502075195312,-1,-1,-1,-1
61,1,250.38577270507812,433.4267883300781,391.3974914550781,627.3890380859375,-1,-1,-1,-1
62,1,283.4223937988281,440.66259765625,355.9471130371094,620.568115234375,-1,-1,-1,-1
63,1,295.83978271484375,438.55926513671875,342.67449951171875,620.5411987304688,-1,-1,-1,-1
64,1,300.6734619140625,434.3170166015625,354.9046630859375,624.24560546875,-1,-1,-1,-1
65,1,302.0342712402344,434.49761962890625,352.1463317871094,625.7144165039062,-1,-1,-1,-1
66,1,302.8171691894531,427.6474609375,350.4873352050781,627.0582275390625,-1,-1,-1,-1
67,1,305.15545654296875,416.23541259765625,346.46484375,630.6516723632812,-1,-1,-1,-1
68,1,308.4168701171875,402.002685546875,346.04827880859375,633.6807861328125,-1,-1,-1,-1
69,1,318.9066467285156,384.17938232421875,343.8583679199219,633.7727661132812,-1,-1,-1,-1
70,1,331.161865234375,374.9114990234375,342.4173583984375,631.0120849609375,-1,-1,-1,-1
71,1,337.1053466796875,361.60540771484375,346.68524169921875,644.4498291015625,-1,-1,-1,-1
72,1,340.2266540527344,351.5423278808594,345.9128723144531,656.6612548828125,-1,-1,-1,-1
73,1,343.9126281738281,346.22503662109375,346.8023986816406,677.55419921875,-1,-1,-1,-1
74,1,355.6480407714844,345.5843200683594,342.7760925292969,689.6123046875,-1,-1,-1,-1
75,1,367.4278869628906,346.88909912109375,331.9753723144531,682.0762329101562,-1,-1,-1,-1
76,1,378.15350341796875,357.1513671875,318.37652587890625,662.74560546875,-1,-1,-1,-1
77,1,387.78076171875,362.79803466796875,314.79669189453125,653.1141357421875,-1,-1,-1,-1
78,1,393.594482421875,381.8222961425781,301.0487060546875,629.5419921875,-1,-1,-1,-1
79,1,400.9891662597656,403.604736328125,323.1141662597656,595.0975341796875,-1,-1,-1,-1
80,1,411.07037353515625,407.6620788574219,393.66607666015625,581.03271484375,-1,-1,-1,-1
81,1,425.91314697265625,429.57818603515625,427.4537353515625,554.5916137695312,-1,-1,-1,-1
82,1,438.4642639160156,445.71075439453125,351.0558776855469,536.4000854492188,-1,-1,-1,-1
83,1,452.0832824707031,452.39788818359375,392.4631042480469,525.8110961914062,-1,-1,-1,-1
84,1,453.4944152832031,461.7569580078125,352.1136779785156,513.0765380859375,-1,-1,-1,-1
85,1,444.7742919921875,463.28375244140625,377.73394775390625,510.01702880859375,-1,-1,-1,-1
86,1,431.926025390625,471.2183532714844,316.25311279296875,498.8975524902344,-1,-1,-1,-1
87,1,413.6107482910156,464.17333984375,299.9920349121094,502.319091796875,-1,-1,-1,-1
88,1,388.06829833984375,457.7215270996094,346.7496337890625,503.9496154785156,-1,-1,-1,-1
89,1,369.3073425292969,455.88623046875,334.2148742675781,501.663818359375,-1,-1,-1,-1
90,1,353.82403564453125,449.0710754394531,331.61724853515625,505.8484191894531,-1,-1,-1,-1
91,1,343.7149658203125,444.6510925292969,340.25238037109375,503.5279235839844,-1,-1,-1,-1
92,1,330.3702392578125,434.44390869140625,337.89306640625,510.2205810546875,-1,-1,-1,-1
93,1,328.432861328125,431.7795104980469,347.64874267578125,512.5982971191406,-1,-1,-1,-1
94,1,331.3048095703125,435.14715576171875,319.0130615234375,516.1557006835938,-1,-1,-1,-1
95,1,328.8381652832031,434.73016357421875,340.1377868652344,528.175537109375,-1,-1,-1,-1
96,1,337.4012451171875,446.12506103515625,321.07806396484375,533.2577514648438,-1,-1,-1,-1
97,1,346.5116882324219,444.4073791503906,390.4349670410156,551.344970703125,-1,-1,-1,-1
98,1,346.00286865234375,451.0029602050781,332.5396728515625,557.5977783203125,-1,-1,-1,-1
99,1,344.3069152832031,445.2575988769531,338.7610168457031,583.4560546875,-1,-1,-1,-1
100,1,341.4096374511719,490.8565979003906,346.4216003417969,558.4661865234375,-1,-1,-1,-1
101,1,338.4984436035156,520.1689453125,361.0116882324219,548.6541748046875,-1,-1,-1,-1
102,1,326.53387451171875,511.4372863769531,367.18756103515625,568.3079833984375,-1,-1,-1,-1
103,1,311.4287414550781,526.6232299804688,378.7697448730469,560.9280395507812,-1,-1,-1,-1
104,1,279.1596374511719,547.3834228515625,388.6650695800781,554.9490966796875,-1,-1,-1,-1
105,1,226.09886169433594,465.0386657714844,416.65228271484375,663.9739990234375,-1,-1,-1,-1
106,1,160.08770751953125,488.5971984863281,457.5631103515625,667.88427734375,-1,-1,-1,-1
107,1,107.53587341308594,507.47515869140625,503.83148193359375,677.1569213867188,-1,-1,-1,-1
108,1,62.40387725830078,529.0152587890625,536.5951538085938,669.680419921875,-1,-1,-1,-1
109,1,29.725448608398438,544.0155029296875,601.4573974609375,834.4564208984375,-1,-1,-1,-1
110,1,19.902368545532227,561.0574340820312,628.6676635742188,709.2438354492188,-1,-1,-1,-1
111,1,14.290058135986328,590.0286865234375,586.7777099609375,623.97998046875,-1,-1,-1,-1
112,1,12.357240676879883,654.8961181640625,584.6259155273438,561.6737060546875,-1,-1,-1,-1
113,1,15.126773834228516,681.4910278320312,571.0195922851562,565.2453002929688,-1,-1,-1,-1
114,1,1.5731124877929688,672.6420288085938,622.6119995117188,725.3903198242188,-1,-1,-1,-1
115,1,0.6091480255126953,670.1494750976562,660.9769287109375,740.9439086914062,-1,-1,-1,-1
116,1,0.35863685607910156,669.5748901367188,658.7875366210938,742.6477661132812,-1,-1,-1,-1
117,1,24.15570831298828,669.726318359375,684.9201049804688,741.2135009765625,-1,-1,-1,-1
118,1,18.67538833618164,672.6936645507812,740.14306640625,737.5776977539062,-1,-1,-1,-1
119,1,98.43799591064453,664.1089477539062,660.9379272460938,702.5380249023438,-1,-1,-1,-1
120,1,102.72188568115234,671.9996337890625,665.6842651367188,689.6866455078125,-1,-1,-1,-1
121,1,113.37421417236328,668.8805541992188,660.0352172851562,737.6420288085938,-1,-1,-1,-1
122,1,103.7625961303711,668.92724609375,674.9481811523438,740.5123291015625,-1,-1,-1,-1
123,1,120.47603607177734,657.5781860351562,652.0762329101562,753.0881958007812,-1,-1,-1,-1
124,1,105.51393127441406,657.0389404296875,685.7722778320312,752.686767578125,-1,-1,-1,-1
125,1,108.46182250976562,660.75146484375,692.5982666015625,744.0618896484375,-1,-1,-1,-1
126,1,110.73268127441406,673.8990478515625,681.1754760742188,579.593994140625,-1,-1,-1,-1
127,1,141.84083557128906,675.6309204101562,647.7823486328125,521.9182739257812,-1,-1,-1,-1
128,1,147.9603271484375,673.248291015625,636.0728759765625,553.458984375,-1,-1,-1,-1
129,1,150.8931427001953,670.048095703125,644.2728881835938,505.7750244140625,-1,-1,-1,-1
130,1,148.1653289794922,665.7796020507812,639.3599853515625,455.22076416015625,-1,-1,-1,-1
131,1,149.8515167236328,657.1917114257812,629.7992553710938,432.38214111328125,-1,-1,-1,-1
132,1,132.5327606201172,637.737060546875,647.071533203125,436.821044921875,-1,-1,-1,-1
133,1,98.35311126708984,630.1686401367188,659.3231811523438,433.30438232421875,-1,-1,-1,-1
134,1,59.906715393066406,634.8562622070312,659.3673095703125,445.31414794921875,-1,-1,-1,-1
135,1,26.23115348815918,642.5104370117188,664.0296020507812,478.80072021484375,-1,-1,-1,-1
136,1,20.809160232543945,649.9825439453125,666.9781494140625,583.65087890625,-1,-1,-1,-1
137,1,9.597274780273438,643.4256591796875,705.046630859375,764.9312744140625,-1,-1,-1,-1
138,1,12.739490509033203,641.233642578125,714.3391723632812,766.61962890625,-1,-1,-1,-1
139,1,28.940723419189453,653.2791748046875,705.3446044921875,755.51416015625,-1,-1,-1,-1
140,1,24.888044357299805,668.3385009765625,690.208251953125,742.3150634765625,-1,-1,-1,-1
141,1,29.25174331665039,679.6112060546875,689.8827514648438,731.2178955078125,-1,-1,-1,-1
142,1,34.49634552001953,682.3433837890625,686.02392578125,727.576416015625,-1,-1,-1,-1
143,1,47.42366409301758,682.0384521484375,689.4044189453125,727.9124755859375,-1,-1,-1,-1
144,1,24.72835922241211,685.64501953125,722.1129760742188,722.115966796875,-1,-1,-1,-1
145,1,7.588695526123047,683.0332641601562,742.584716796875,726.3086547851562,-1,-1,-1,-1
146,1,34.37152862548828,684.9729614257812,754.693603515625,723.4671020507812,-1,-1,-1,-1
147,1,74.09886169433594,689.799072265625,776.751953125,718.025146484375,-1,-1,-1,-1
148,1,73.32022094726562,694.5120849609375,844.897705078125,711.459716796875,-1,-1,-1,-1
149,1,85.67999267578125,706.2034912109375,833.5679321289062,694.0897216796875,-1,-1,-1,-1
150,1,91.86820983886719,727.9360961914062,734.1392822265625,631.7448120117188,-1,-1,-1,-1
151,1,98.3135986328125,735.817138671875,695.7394409179688,580.7760009765625,-1,-1,-1,-1
152,1,122.63601684570312,740.161865234375,684.609619140625,573.898193359375,-1,-1,-1,-1
153,1,125.93122100830078,742.3265991210938,660.7132568359375,538.5911254882812,-1,-1,-1,-1
154,1,118.32642364501953,746.4796142578125,488.73712158203125,513.841064453125,-1,-1,-1,-1
155,1,91.0143051147461,735.4420166015625,497.1827697753906,655.7171630859375,-1,-1,-1,-1
156,1,118.74079895019531,711.7208251953125,505.8641357421875,564.951904296875,-1,-1,-1,-1
157,1,118.81851196289062,690.0407104492188,470.3207702636719,567.5496215820312,-1,-1,-1,-1
158,1,111.94520568847656,660.6837158203125,480.16253662109375,615.3385009765625,-1,-1,-1,-1
159,1,98.73076629638672,630.6947021484375,555.721923828125,771.8553466796875,-1,-1,-1,-1
160,1,94.7052993774414,607.2333374023438,564.162841796875,797.7385864257812,-1,-1,-1,-1
161,1,96.29046630859375,591.2137451171875,577.3177490234375,804.6959228515625,-1,-1,-1,-1
162,1,88.23904418945312,581.1026611328125,565.0850830078125,814.1656494140625,-1,-1,-1,-1
163,1,82.87733459472656,568.2122802734375,555.9122314453125,824.764404296875,-1,-1,-1,-1
164,1,59.388427734375,562.978515625,542.0795288085938,783.9263916015625,-1,-1,-1,-1
165,1,38.10894775390625,561.4898681640625,525.7757568359375,724.6036376953125,-1,-1,-1,-1
166,1,13.998613357543945,557.892822265625,606.4619750976562,848.38720703125,-1,-1,-1,-1
167,1,3.158445358276367,551.9411010742188,570.8333129882812,841.1837768554688,-1,-1,-1,-1
168,1,-2.676492691040039,547.388916015625,604.0086669921875,861.5474853515625,-1,-1,-1,-1
169,1,-2.476146697998047,550.3660278320312,584.7606811523438,857.4541625976562,-1,-1,-1,-1
170,1,-0.6494922637939453,561.6336059570312,564.4196166992188,844.9906616210938,-1,-1,-1,-1
171,1,-1.0177268981933594,561.4292602539062,523.539794921875,843.0845336914062,-1,-1,-1,-1
172,1,-0.41587066650390625,548.8262329101562,545.2745971679688,857.1434936523438,-1,-1,-1,-1
173,1,-3.5619258880615234,552.0777587890625,507.3547668457031,852.9764404296875,-1,-1,-1,-1
174,1,-1.0210418701171875,551.47314453125,637.6622924804688,852.9638671875,-1,-1,-1,-1
175,1,-42.4571418762207,548.4912719726562,797.7429809570312,857.6488647460938,-1,-1,-1,-1
176,1,13.874322891235352,545.4679565429688,488.2261047363281,784.3983764648438,-1,-1,-1,-1
177,1,4.439388275146484,538.6128540039062,416.84552001953125,775.1233520507812,-1,-1,-1,-1
178,1,10.179136276245117,522.7706298828125,430.5467529296875,759.638916015625,-1,-1,-1,-1
179,1,29.59232521057129,510.7305908203125,433.6028747558594,744.426025390625,-1,-1,-1,-1
180,1,57.07572937011719,505.20220947265625,424.80072021484375,729.3469848632812,-1,-1,-1,-1
181,1,80.59686279296875,492.22564697265625,420.18756103515625,718.1604614257812,-1,-1,-1,-1
182,1,95.39892578125,473.6958923339844,416.1606750488281,710.4759521484375,-1,-1,-1,-1
183,1,108.37643432617188,454.6241149902344,412.0901794433594,698.5555419921875,-1,-1,-1,-1
184,1,129.18853759765625,436.99737548828125,416.6441650390625,687.4832153320312,-1,-1,-1,-1
185,1,149.67808532714844,408.1845397949219,408.48944091796875,674.980224609375,-1,-1,-1,-1
186,1,174.0350341796875,389.4625549316406,399.562255859375,665.45947265625,-1,-1,-1,-1
187,1,194.58889770507812,372.65869140625,398.3704528808594,655.976318359375,-1,-1,-1,-1
188,1,203.49172973632812,345.8011779785156,396.9279479980469,654.82666015625,-1,-1,-1,-1
189,1,210.53883361816406,326.70294189453125,395.7335205078125,653.5762329101562,-1,-1,-1,-1
190,1,220.6621856689453,317.1498718261719,385.139892578125,648.7244873046875,-1,-1,-1,-1
191,1,225.73126220703125,311.8057861328125,376.207763671875,645.9166259765625,-1,-1,-1,-1
192,1,224.16993713378906,307.5765686035156,369.8935546875,645.3697509765625,-1,-1,-1,-1
193,1,212.07485961914062,311.5894775390625,356.4295349121094,649.2045288085938,-1,-1,-1,-1
194,1,191.13516235351562,317.78961181640625,348.8328552246094,653.1470336914062,-1,-1,-1,-1
195,1,187.2812957763672,334.0815734863281,337.65740966796875,657.3489990234375,-1,-1,-1,-1
196,1,173.3348846435547,350.15777587890625,330.57025146484375,658.521484375,-1,-1,-1,-1
197,1,160.44137573242188,366.1948547363281,329.639892578125,665.889404296875,-1,-1,-1,-1
198,1,160.93040466308594,370.30474853515625,314.861083984375,669.8700561523438,-1,-1,-1,-1
199,1,147.8852081298828,369.3080749511719,317.03509521484375,676.952392578125,-1,-1,-1,-1
200,1,149.158447265625,374.81011962890625,304.2409362792969,682.3810424804688,-1,-1,-1,-1
201,1,136.57058715820312,371.8376770019531,301.9744567871094,693.2236328125,-1,-1,-1,-1
202,1,118.24229431152344,370.7181091308594,305.2275390625,699.2867431640625,-1,-1,-1,-1
203,1,110.59716033935547,367.837158203125,304.1123046875,706.9310302734375,-1,-1,-1,-1
204,1,106.77317810058594,370.68182373046875,305.76324462890625,711.0319213867188,-1,-1,-1,-1
205,1,115.12572479248047,383.3910827636719,305.30902099609375,710.56103515625,-1,-1,-1,-1
206,1,120.15643310546875,388.96124267578125,311.458984375,707.6870727539062,-1,-1,-1,-1
207,1,115.78407287597656,379.7932434082031,309.99957275390625,714.524169921875,-1,-1,-1,-1
208,1,114.51764678955078,370.7049255371094,304.25653076171875,717.6507568359375,-1,-1,-1,-1
209,1,124.51425170898438,365.09808349609375,291.9841613769531,713.7944946289062,-1,-1,-1,-1
210,1,124.87932586669922,359.8138122558594,290.9007568359375,700.322265625,-1,-1,-1,-1
211,1,108.10945129394531,365.16522216796875,307.93341064453125,686.9166870117188,-1,-1,-1,-1
212,1,95.15142059326172,376.9583435058594,324.5846252441406,673.4427490234375,-1,-1,-1,-1
213,1,80.88312530517578,384.6833190917969,338.76123046875,660.23095703125,-1,-1,-1,-1
214,1,73.5662841796875,388.455078125,359.3231201171875,639.1231689453125,-1,-1,-1,-1
215,1,61.597373962402344,392.8032531738281,381.00787353515625,633.4884033203125,-1,-1,-1,-1
216,1,53.1354866027832,396.4426574707031,389.738525390625,636.1444091796875,-1,-1,-1,-1
217,1,54.21400451660156,396.53448486328125,390.12005615234375,642.5657348632812,-1,-1,-1,-1
218,1,60.64924621582031,399.8788146972656,380.08673095703125,644.7119140625,-1,-1,-1,-1
219,1,60.34811019897461,405.2319641113281,379.636474609375,646.9490966796875,-1,-1,-1,-1
220,1,75.57147216796875,421.1763000488281,359.0705871582031,646.146240234375,-1,-1,-1,-1
221,1,81.21537780761719,429.21624755859375,360.27252197265625,647.3200073242188,-1,-1,-1,-1
222,1,93.45541381835938,433.3096923828125,347.06396484375,645.47265625,-1,-1,-1,-1
223,1,111.71281433105469,436.3209228515625,337.6717529296875,627.9649658203125,-1,-1,-1,-1
224,1,125.4951171875,442.6203918457031,329.5652770996094,587.126953125,-1,-1,-1,-1
225,1,130.383544921875,448.7105407714844,318.19915771484375,570.138671875,-1,-1,-1,-1
226,1,123.10722351074219,464.2044677734375,324.74090576171875,567.491455078125,-1,-1,-1,-1
227,1,116.5596694946289,471.25640869140625,311.24664306640625,573.0369262695312,-1,-1,-1,-1
228,1,96.1583480834961,474.98602294921875,322.0662536621094,576.0277709960938,-1,-1,-1,-1
229,1,59.596073150634766,472.5293273925781,324.3968811035156,585.3883056640625,-1,-1,-1,-1
230,1,13.6184720993042,457.9609069824219,328.49224853515625,602.5625,-1,-1,-1,-1
231,1,1.6956405639648438,450.19818115234375,302.9394836425781,609.4927368164062,-1,-1,-1,-1
232,1,0.5361452102661133,447.97015380859375,280.4759521484375,616.1098022460938,-1,-1,-1,-1
233,1,-1.3030242919921875,454.3321533203125,280.94451904296875,614.990234375,-1,-1,-1,-1
234,1,-1.4670629501342773,474.4938049316406,275.56298828125,588.3280029296875,-1,-1,-1,-1
235,1,3.4577159881591797,505.631591796875,246.07131958007812,591.937744140625,-1,-1,-1,-1
236,1,0.9294414520263672,532.63623046875,258.7997741699219,625.6435546875,-1,-1,-1,-1
237,1,3.4017391204833984,542.304931640625,270.69744873046875,624.8280029296875,-1,-1,-1,-1
238,1,15.434835433959961,546.8001708984375,278.7306823730469,614.5477294921875,-1,-1,-1,-1
239,1,35.848411560058594,546.182861328125,281.4020080566406,596.30615234375,-1,-1,-1,-1
240,1,107.84313201904297,544.9739379882812,248.283447265625,568.0877075195312,-1,-1,-1,-1
241,1,193.53506469726562,549.43359375,225.19381713867188,530.148193359375,-1,-1,-1,-1
9,2,3.787199020385742,616.365234375,557.1516723632812,779.95068359375,-1,-1,-1,-1
10,2,-1.5838947296142578,582.9649047851562,554.27880859375,822.3587036132812,-1,-1,-1,-1
11,2,1.3536739349365234,609.37744140625,503.6109924316406,796.49853515625,-1,-1,-1,-1
12,2,0.6473960876464844,540.53662109375,513.3148193359375,861.6297607421875,-1,-1,-1,-1
13,2,-3.8605880737304688,493.5133972167969,517.2094116210938,908.5634765625,-1,-1,-1,-1
14,2,-2.1593360900878906,518.3063354492188,551.6533813476562,890.6539916992188,-1,-1,-1,-1
15,2,-2.072622299194336,560.9578857421875,646.7589111328125,848.2425537109375,-1,-1,-1,-1
16,2,-0.10336112976074219,555.744384765625,658.9952392578125,853.7132568359375,-1,-1,-1,-1
17,2,1.23095703125,561.4259643554688,823.7835693359375,847.4429321289062,-1,-1,-1,-1
18,2,-1.7024154663085938,574.7448120117188,875.7044677734375,834.7640991210938,-1,-1,-1,-1
19,2,1.0401992797851562,590.5108642578125,733.8741455078125,657.983642578125,-1,-1,-1,-1
20,2,-6.851741790771484,537.7612915039062,553.3683471679688,658.0296020507812,-1,-1,-1,-1
21,2,7.241399765014648,420.1914978027344,502.0177001953125,748.3929443359375,-1,-1,-1,-1
22,2,6.99458122253418,396.8006896972656,519.8844604492188,776.511962890625,-1,-1,-1,-1
23,2,8.82054328918457,391.8294677734375,527.944580078125,762.75439453125,-1,-1,-1,-1
24,2,2.491779327392578,392.6118469238281,569.1176147460938,802.3082275390625,-1,-1,-1,-1
25,2,6.645376205444336,386.828369140625,587.2787475585938,768.4688720703125,-1,-1,-1,-1
26,2,11.309940338134766,354.21209716796875,603.1273803710938,793.4432983398438,-1,-1,-1,-1
27,2,1.2429161071777344,342.5646667480469,714.77734375,1063.2611083984375,-1,-1,-1,-1
28,2,12.532115936279297,338.6045837402344,946.445556640625,1074.0638427734375,-1,-1,-1,-1
29,2,25.403564453125,470.8755798339844,779.2356567382812,657.0283203125,-1,-1,-1,-1
30,2,52.99781036376953,336.8326416015625,818.0357666015625,877.1405029296875,-1,-1,-1,-1
31,2,29.57396697998047,329.19976806640625,845.2347412109375,1002.5296020507812,-1,-1,-1,-1
32,2,17.910804748535156,359.4354553222656,821.7186889648438,1050.8975830078125,-1,-1,-1,-1
33,2,34.83302307128906,416.486328125,864.4688110351562,991.340087890625,-1,-1,-1,-1
34,2,134.53253173828125,496.8783874511719,777.0355834960938,908.7200927734375,-1,-1,-1,-1
35,2,239.66383361816406,555.5782470703125,739.2913208007812,854.712158203125,-1,-1,-1,-1
36,2,277.502197265625,564.562744140625,719.9536743164062,845.204833984375,-1,-1,-1,-1
37,2,201.90907287597656,558.5565185546875,852.708984375,850.2584228515625,-1,-1,-1,-1
38,2,347.4604187011719,553.7169189453125,701.39404296875,851.8963623046875,-1,-1,-1,-1
39,2,360.3172302246094,559.02490234375,804.6240234375,850.3623046875,-1,-1,-1,-1
40,2,344.8144226074219,685.0773315429688,847.70068359375,720.7617797851562,-1,-1,-1,-1
41,2,396.0627746582031,710.9335327148438,803.1669921875,696.5551147460938,-1,-1,-1,-1
42,2,370.3658752441406,674.2630004882812,693.8785400390625,734.5278930664062,-1,-1,-1,-1
43,2,373.203125,688.61181640625,768.7628173828125,720.73681640625,-1,-1,-1,-1
44,2,354.4537658691406,713.7521362304688,804.595703125,693.5451049804688,-1,-1,-1,-1
45,2,377.3653869628906,724.630615234375,777.7100830078125,683.8758544921875,-1,-1,-1,-1
46,2,405.38043212890625,727.6393432617188,761.0126342773438,680.5867309570312,-1,-1,-1,-1
47,2,410.2611083984375,745.14404296875,759.299072265625,663.4058837890625,-1,-1,-1,-1
48,2,408.7136535644531,754.1878051757812,778.6146240234375,657.2824096679688,-1,-1,-1,-1
49,2,339.7430114746094,739.01318359375,732.8507080078125,671.4129638671875,-1,-1,-1,-1
50,2,314.536865234375,703.1309204101562,628.92724609375,705.6798706054688,-1,-1,-1,-1
51,2,267.06561279296875,697.3987426757812,628.04833984375,715.3007202148438,-1,-1,-1,-1
52,2,247.92227172851562,659.3424682617188,562.4658203125,726.1517944335938,-1,-1,-1,-1
53,2,212.64804077148438,648.219482421875,503.1376037597656,614.487548828125,-1,-1,-1,-1
54,2,274.76080322265625,622.2406005859375,429.45269775390625,627.073486328125,-1,-1,-1,-1
55,2,276.8566589355469,610.8856811523438,434.1611022949219,598.0818481445312,-1,-1,-1,-1
56,2,301.9208984375,594.621337890625,428.43072509765625,644.03271484375,-1,-1,-1,-1
57,2,343.93798828125,574.63330078125,407.603515625,680.336181640625,-1,-1,-1,-1
58,2,386.2212219238281,581.5582275390625,430.2846374511719,754.3017578125,-1,-1,-1,-1
59,2,445.466552734375,581.8995971679688,436.60284423828125,831.0830688476562,-1,-1,-1,-1
60,2,504.3385314941406,585.9120483398438,420.5581359863281,826.0308227539062,-1,-1,-1,-1
61,2,543.3895263671875,578.8399658203125,413.133056640625,832.5733642578125,-1,-1,-1,-1
62,2,555.78564453125,588.559326171875,422.4742431640625,823.56103515625,-1,-1,-1,-1
63,2,581.7255249023438,576.9983520507812,430.8804931640625,832.5626831054688,-1,-1,-1,-1
64,2,616.2612915039062,569.95361328125,436.88494873046875,838.0035400390625,-1,-1,-1,-1
65,2,585.853515625,574.6670532226562,504.2275390625,833.5955200195312,-1,-1,-1,-1
66,2,578.1822509765625,567.6702270507812,547.01904296875,840.9631958007812,-1,-1,-1,-1
67,2,612.3396606445312,555.927001953125,582.1254272460938,850.1910400390625,-1,-1,-1,-1
68,2,611.2140502929688,548.05322265625,679.4989624023438,858.17236328125,-1,-1,-1,-1
69,2,610.1221313476562,531.9985961914062,734.3468627929688,876.4608764648438,-1,-1,-1,-1
70,2,588.6259155273438,519.5062255859375,809.6348266601562,890.2841796875,-1,-1,-1,-1
71,2,673.263427734375,504.47723388671875,726.99072265625,880.3413696289062,-1,-1,-1,-1
72,2,720.8805541992188,488.9244384765625,684.5476684570312,920.1805419921875,-1,-1,-1,-1
73,2,736.01806640625,483.75311279296875,673.5052490234375,924.9279174804688,-1,-1,-1,-1
74,2,626.9487915039062,491.53717041015625,769.8140258789062,918.3622436523438,-1,-1,-1,-1
75,2,740.2619018554688,496.48541259765625,670.5142211914062,912.6516723632812,-1,-1,-1,-1
76,2,773.818115234375,498.45001220703125,636.517578125,910.7726440429688,-1,-1,-1,-1
77,2,769.8504028320312,513.8729858398438,639.8529663085938,895.9692993164062,-1,-1,-1,-1
78,2,733.7584228515625,516.3455200195312,673.962646484375,893.1725463867188,-1,-1,-1,-1
79,2,747.5367431640625,525.3021240234375,662.566162109375,882.9935302734375,-1,-1,-1,-1
80,2,782.1054077148438,515.9281616210938,627.5391235351562,893.0763549804688,-1,-1,-1,-1
81,2,589.1305541992188,472.1122741699219,819.8641967773438,937.951416015625,-1,-1,-1,-1
82,2,555.9659423828125,399.96337890625,866.3829345703125,966.3212890625,-1,-1,-1,-1
83,2,606.3408813476562,455.2360534667969,896.5003051757812,938.49853515625,-1,-1,-1,-1
84,2,608.0139770507812,484.9537658691406,896.3534545898438,927.5042724609375,-1,-1,-1,-1
85,2,736.3076171875,474.18890380859375,755.1732177734375,926.0000610351562,-1,-1,-1,-1
86,2,720.3590087890625,492.3130798339844,768.1131591796875,921.3326416015625,-1,-1,-1,-1
87,2,834.5892333984375,475.95318603515625,573.4788818359375,933.9735717773438,-1,-1,-1,-1
88,2,881.2071533203125,456.4910888671875,514.8699951171875,950.701171875,-1,-1,-1,-1
89,2,874.8231811523438,471.1798400878906,531.9325561523438,941.0469970703125,-1,-1,-1,-1
90,2,917.0798950195312,430.7284851074219,515.0485229492188,979.683349609375,-1,-1,-1,-1
91,2,929.7227172851562,434.79620361328125,483.92169189453125,865.6542358398438,-1,-1,-1,-1
92,2,933.5645751953125,468.94970703125,481.2662353515625,803.1182861328125,-1,-1,-1,-1
93,2,943.0164184570312,509.47137451171875,474.44134521484375,752.0947875976562,-1,-1,-1,-1
94,2,962.218017578125,514.5502319335938,452.9515380859375,731.7276000976562,-1,-1,-1,-1
95,2,980.2761840820312,531.075927734375,435.95501708984375,699.8070068359375,-1,-1,-1,-1
98,2,931.4931640625,604.3070678710938,488.510986328125,648.2931518554688,-1,-1,-1,-1
58,3,2.9150257110595703,523.0693969726562,537.3499755859375,886.9823608398438,-1,-1,-1,-1
59,3,-9.553779602050781,460.5277404785156,644.9125366210938,950.0596923828125,-1,-1,-1,-1
60,3,-3.9835567474365234,332.70281982421875,588.4686279296875,1078.91455078125,-1,-1,-1,-1
61,3,1.2238235473632812,273.1559753417969,512.2149047851562,1136.757568359375,-1,-1,-1,-1
62,3,2.0083389282226562,285.6186218261719,525.583251953125,1126.533935546875,-1,-1,-1,-1
63,3,-3.346158981323242,332.82470703125,561.60791015625,1081.7891845703125,-1,-1,-1,-1
64,3,1.955047607421875,476.52130126953125,569.2347412109375,935.4008178710938,-1,-1,-1,-1
65,3,4.116724014282227,501.0104675292969,554.2827758789062,909.5269775390625,-1,-1,-1,-1
66,3,-0.3089942932128906,514.5745239257812,584.3992309570312,895.7611694335938,-1,-1,-1,-1
67,3,-1.9055309295654297,534.552978515625,590.5206909179688,875.0487060546875,-1,-1,-1,-1
68,3,-0.4242210388183594,518.8056030273438,589.4063720703125,891.6738891601562,-1,-1,-1,-1
69,3,-2.0740699768066406,507.9748229980469,592.5397338867188,903.82080078125,-1,-1,-1,-1
70,3,-0.7981834411621094,514.61865234375,652.3609619140625,896.9913330078125,-1,-1,-1,-1
71,3,-2.0495853424072266,445.9380798339844,648.0582885742188,962.034423828125,-1,-1,-1,-1
72,3,-3.6911258697509766,433.8645935058594,625.9204711914062,975.7613525390625,-1,-1,-1,-1
73,3,-1.9184761047363281,424.6621398925781,670.76611328125,986.8145751953125,-1,-1,-1,-1
76,3,-5.9461669921875,418.3919677734375,787.2451171875,995.0194091796875,-1,-1,-1,-1
77,3,-1.9705924987792969,377.4785461425781,853.9478759765625,1041.7100830078125,-1,-1,-1,-1
107,4,935.4575805664062,471.94140625,471.70721435546875,720.6461181640625,-1,-1,-1,-1
108,4,938.2451171875,456.4046630859375,470.4478759765625,705.6812744140625,-1,-1,-1,-1
109,4,957.3870239257812,453.38995361328125,454.13824462890625,680.2462768554688,-1,-1,-1,-1
110,4,894.5484008789062,454.98065185546875,512.5880737304688,673.6527709960938,-1,-1,-1,-1
111,4,874.0911865234375,451.1407470703125,519.895263671875,652.7933349609375,-1,-1,-1,-1
112,4,867.7042236328125,501.4073791503906,508.6168212890625,582.1209716796875,-1,-1,-1,-1
113,4,858.738525390625,492.99774169921875,513.3515625,594.5386352539062,-1,-1,-1,-1
114,4,866.757568359375,515.9550170898438,507.09228515625,554.2525024414062,-1,-1,-1,-1
115,4,893.4730834960938,452.75396728515625,506.50323486328125,625.3344116210938,-1,-1,-1,-1
116,4,917.6868896484375,460.17254638671875,490.1552734375,616.9741821289062,-1,-1,-1,-1
117,4,941.7985229492188,447.54803466796875,465.31597900390625,638.6740112304688,-1,-1,-1,-1
118,4,960.357666015625,434.49810791015625,448.9619140625,659.1271362304688,-1,-1,-1,-1
119,4,994.6640625,425.21234130859375,414.627685546875,650.0859985351562,-1,-1,-1,-1
120,4,1001.1487426757812,427.1745910644531,407.32830810546875,683.0091552734375,-1,-1,-1,-1
121,4,1043.1630859375,418.6720275878906,362.332275390625,686.8885498046875,-1,-1,-1,-1
122,4,1045.9886474609375,474.2884521484375,361.879638671875,612.0430908203125,-1,-1,-1,-1
123,4,1060.904052734375,549.6468505859375,346.7784423828125,530.125732421875,-1,-1,-1,-1
124,4,1065.2802734375,505.195068359375,341.1212158203125,571.6524658203125,-1,-1,-1,-1
125,4,1054.5740966796875,538.0354614257812,352.02783203125,538.9290161132812,-1,-1,-1,-1
126,4,1074.25830078125,505.8524169921875,332.7769775390625,585.1600341796875,-1,-1,-1,-1
127,4,1071.4254150390625,488.4119873046875,336.523193359375,617.2813720703125,-1,-1,-1,-1
128,4,1068.4591064453125,535.446044921875,338.7601318359375,552.3956298828125,-1,-1,-1,-1
129,4,1057.8939208984375,544.1717529296875,348.6728515625,534.7509765625,-1,-1,-1,-1
130,4,1070.906005859375,543.5156860351562,334.96875,493.33831787109375,-1,-1,-1,-1
131,4,1056.12841796875,547.6425170898438,351.32958984375,537.4888305664062,-1,-1,-1,-1
132,4,1039.900146484375,515.932861328125,367.5093994140625,549.55029296875,-1,-1,-1,-1
133,4,1025.0576171875,497.5003356933594,382.73291015625,486.7763977050781,-1,-1,-1,-1
134,4,973.6232299804688,453.9520263671875,435.24761962890625,528.8369140625,-1,-1,-1,-1
135,4,946.1529541015625,453.2283020019531,451.6722412109375,527.3917236328125,-1,-1,-1,-1
136,4,926.19189453125,457.12017822265625,464.952880859375,522.0061645507812,-1,-1,-1,-1
137,4,927.2493286132812,458.0228271484375,464.95050048828125,577.47216796875,-1,-1,-1,-1
138,4,930.457763671875,439.0121154785156,466.514892578125,556.805419921875,-1,-1,-1,-1
139,4,942.7119140625,430.1366271972656,463.0406494140625,618.5455322265625,-1,-1,-1,-1
140,4,968.6497192382812,435.360595703125,437.15802001953125,568.8411254882812,-1,-1,-1,-1
141,4,977.0223388671875,455.0209045410156,428.8519287109375,577.4058837890625,-1,-1,-1,-1
142,4,970.8634033203125,438.73699951171875,436.8717041015625,631.1113891601562,-1,-1,-1,-1
143,4,990.1265258789062,431.8919677734375,418.01702880859375,639.224609375,-1,-1,-1,-1
144,4,995.3922119140625,388.3531799316406,410.73388671875,699.2164306640625,-1,-1,-1,-1
145,4,1010.73828125,375.351318359375,395.77685546875,684.254150390625,-1,-1,-1,-1
146,4,977.8732299804688,394.5389404296875,429.58172607421875,704.5491943359375,-1,-1,-1,-1
147,4,1004.6878662109375,396.0083312988281,402.70361328125,712.23876953125,-1,-1,-1,-1
148,4,1019.3969116210938,412.5903015136719,387.18280029296875,716.0531005859375,-1,-1,-1,-1
149,4,1024.7740478515625,471.0710754394531,382.3978271484375,657.405029296875,-1,-1,-1,-1
150,4,1031.1268310546875,452.997802734375,374.6668701171875,644.45068359375,-1,-1,-1,-1
151,4,1018.2853393554688,420.77099609375,389.07342529296875,735.572998046875,-1,-1,-1,-1
152,4,1020.844970703125,440.2835998535156,385.60107421875,727.0970458984375,-1,-1,-1,-1
153,4,1027.3663330078125,428.3290100097656,377.2637939453125,739.7589111328125,-1,-1,-1,-1
154,4,1025.4027099609375,432.3768005371094,378.3433837890625,742.47509765625,-1,-1,-1,-1
155,4,1041.6309814453125,441.0446472167969,362.429931640625,618.5509033203125,-1,-1,-1,-1
156,4,1035.3111572265625,444.8392028808594,370.4000244140625,631.1839599609375,-1,-1,-1,-1
157,4,1029.8583984375,463.928955078125,377.0020751953125,608.8795166015625,-1,-1,-1,-1
158,4,1021.551025390625,476.1591796875,385.68310546875,629.515380859375,-1,-1,-1,-1
159,4,1023.3388671875,465.2647705078125,384.263427734375,662.7359619140625,-1,-1,-1,-1
160,4,1026.8570556640625,477.5678405761719,379.251220703125,647.0987548828125,-1,-1,-1,-1
161,4,1024.3038330078125,481.4162292480469,380.26953125,621.471435546875,-1,-1,-1,-1
162,4,1034.1695556640625,493.97418212890625,373.6337890625,597.5809936523438,-1,-1,-1,-1
163,4,1040.729736328125,532.14501953125,364.367919921875,554.8721923828125,-1,-1,-1,-1
164,4,1038.2403564453125,494.8304443359375,367.2293701171875,588.1575927734375,-1,-1,-1,-1
165,4,1039.6192626953125,488.7688293457031,364.22216796875,606.126708984375,-1,-1,-1,-1
166,4,1029.454833984375,493.15234375,373.3529052734375,730.0330810546875,-1,-1,-1,-1
167,4,999.6215209960938,500.1247863769531,397.44244384765625,719.760498046875,-1,-1,-1,-1
168,4,991.0321655273438,506.04632568359375,386.39898681640625,707.3252563476562,-1,-1,-1,-1
169,4,980.8530883789062,513.66064453125,370.03631591796875,711.9842529296875,-1,-1,-1,-1
170,4,954.3501586914062,523.696533203125,366.56903076171875,714.466064453125,-1,-1,-1,-1
171,4,948.8864135742188,540.9049682617188,363.39678955078125,700.0320434570312,-1,-1,-1,-1
172,4,955.6112060546875,554.3697509765625,353.00927734375,703.4244384765625,-1,-1,-1,-1
173,4,953.0537109375,560.83544921875,364.126708984375,709.71435546875,-1,-1,-1,-1
174,4,971.8746948242188,564.5029907226562,364.87664794921875,710.0059204101562,-1,-1,-1,-1
175,4,983.4285888671875,569.3768310546875,380.0487060546875,714.8140869140625,-1,-1,-1,-1
176,4,1015.5806274414062,573.1531372070312,367.50750732421875,696.5033569335938,-1,-1,-1,-1
177,4,1025.420654296875,575.7807006835938,372.6483154296875,718.2601928710938,-1,-1,-1,-1
178,4,1025.6279296875,584.9685668945312,380.108154296875,721.2615356445312,-1,-1,-1,-1
179,4,1050.708740234375,585.77685546875,356.7242431640625,721.78173828125,-1,-1,-1,-1
180,4,1093.1082763671875,593.137939453125,314.952880859375,626.5279541015625,-1,-1,-1,-1
181,4,1060.3592529296875,603.7509155273438,350.277099609375,703.0521850585938,-1,-1,-1,-1
182,4,1061.86962890625,595.31884765625,349.2216796875,666.4378662109375,-1,-1,-1,-1
183,4,1071.25439453125,578.266845703125,337.814453125,706.144287109375,-1,-1,-1,-1
184,4,1087.91552734375,612.0420532226562,317.5185546875,639.7023315429688,-1,-1,-1,-1
185,4,1073.9388427734375,649.2469482421875,332.85693359375,623.70947265625,-1,-1,-1,-1
186,4,1080.8001708984375,736.5166625976562,325.412841796875,527.2345581054688,-1,-1,-1,-1
188,4,1089.36083984375,779.6644287109375,318.4136962890625,478.0672607421875,-1,-1,-1,-1
189,4,1093.988525390625,857.3079223632812,310.95654296875,384.54010009765625,-1,-1,-1,-1
190,4,1096.1085205078125,832.8499755859375,308.8944091796875,398.794921875,-1,-1,-1,-1
191,4,1095.36279296875,709.6244506835938,304.8441162109375,513.6948852539062,-1,-1,-1,-1
192,4,1097.0595703125,682.68212890625,300.405517578125,540.9788818359375,-1,-1,-1,-1
193,4,1086.3511962890625,682.5819091796875,312.558837890625,544.7332763671875,-1,-1,-1,-1
194,4,1087.16943359375,654.4850463867188,323.42578125,577.3472290039062,-1,-1,-1,-1
195,4,1074.212890625,666.5816650390625,332.731201171875,574.517822265625,-1,-1,-1,-1
196,4,1071.677490234375,755.1678466796875,322.9351806640625,489.0218505859375,-1,-1,-1,-1
197,4,1070.9617919921875,764.1721801757812,339.6966552734375,494.56353759765625,-1,-1,-1,-1
198,4,1070.141845703125,766.3773193359375,341.0572509765625,485.2015380859375,-1,-1,-1,-1
199,4,1063.7840576171875,725.86083984375,347.134765625,521.719970703125,-1,-1,-1,-1
200,4,1055.3565673828125,729.5870361328125,355.1705322265625,532.7518310546875,-1,-1,-1,-1
201,4,1040.0927734375,688.1019287109375,367.983642578125,582.948974609375,-1,-1,-1,-1
202,4,1034.7724609375,760.21923828125,365.32373046875,495.121337890625,-1,-1,-1,-1
203,4,1005.6237182617188,759.7215576171875,396.25054931640625,493.693115234375,-1,-1,-1,-1
204,4,1018.6695556640625,727.57373046875,379.956298828125,515.0765380859375,-1,-1,-1,-1
205,4,1032.970458984375,692.8803100585938,365.48046875,554.1140747070312,-1,-1,-1,-1
206,4,1051.450927734375,655.3056640625,350.5833740234375,577.9312744140625,-1,-1,-1,-1
207,4,1071.7730712890625,608.7550048828125,333.3623046875,604.83740234375,-1,-1,-1,-1
208,4,1057.019287109375,562.0339965820312,350.29931640625,651.6040649414062,-1,-1,-1,-1
209,4,1043.119140625,653.1463012695312,361.5614013671875,570.9540405273438,-1,-1,-1,-1
210,4,1034.2327880859375,674.605712890625,369.0953369140625,546.7159423828125,-1,-1,-1,-1
211,4,1036.385009765625,667.7762451171875,368.28759765625,540.6170654296875,-1,-1,-1,-1
212,4,1034.755126953125,679.2789916992188,368.4996337890625,550.2449340820312,-1,-1,-1,-1
213,4,1030.1529541015625,594.199462890625,374.244873046875,628.2564697265625,-1,-1,-1,-1
214,4,1014.6113891601562,576.3362426757812,391.46490478515625,649.6950073242188,-1,-1,-1,-1
215,4,1030.1802978515625,613.0150146484375,373.982177734375,589.987060546875,-1,-1,-1,-1
216,4,1029.34033203125,550.2191772460938,373.2042236328125,636.8966674804688,-1,-1,-1,-1
217,4,1014.4696655273438,561.9002685546875,386.68719482421875,632.3201904296875,-1,-1,-1,-1
218,4,1021.1553955078125,546.3635864257812,377.31298828125,615.3590698242188,-1,-1,-1,-1
219,4,1014.5150756835938,525.1856689453125,380.66046142578125,622.05322265625,-1,-1,-1,-1
220,4,996.1580810546875,552.9998168945312,386.6458740234375,602.0704956054688,-1,-1,-1,-1
221,4,997.921142578125,539.0191650390625,382.962158203125,619.4346923828125,-1,-1,-1,-1
222,4,1017.8846435546875,529.1613159179688,358.216064453125,619.4421997070312,-1,-1,-1,-1
223,4,1019.45654296875,530.5150756835938,360.3145751953125,637.6220092773438,-1,-1,-1,-1
224,4,1007.7449951171875,534.8043212890625,369.6947021484375,651.2088623046875,-1,-1,-1,-1
225,4,985.6803588867188,556.8317260742188,384.29266357421875,641.2711791992188,-1,-1,-1,-1
226,4,977.8873901367188,563.967529296875,373.53045654296875,647.550537109375,-1,-1,-1,-1
227,4,986.189208984375,561.0051879882812,344.006591796875,647.2553100585938,-1,-1,-1,-1
228,4,958.9061889648438,557.734619140625,341.65509033203125,629.89404296875,-1,-1,-1,-1
229,4,923.5475463867188,548.0110473632812,330.85479736328125,614.1176147460938,-1,-1,-1,-1
230,4,905.6904907226562,531.12109375,301.53790283203125,596.241943359375,-1,-1,-1,-1
231,4,871.57177734375,518.406494140625,299.30029296875,583.89697265625,-1,-1,-1,-1
232,4,860.611328125,524.4364013671875,291.788818359375,566.3936767578125,-1,-1,-1,-1
233,4,861.591552734375,518.0401000976562,279.8927001953125,574.6041870117188,-1,-1,-1,-1
234,4,858.8316650390625,522.3604125976562,271.9290771484375,576.8880004882812,-1,-1,-1,-1
235,4,854.745361328125,540.3994750976562,264.1617431640625,577.8056030273438,-1,-1,-1,-1
236,4,866.9356079101562,563.0910034179688,255.71099853515625,578.9345092773438,-1,-1,-1,-1
237,4,887.3781127929688,572.2818603515625,256.17340087890625,592.669677734375,-1,-1,-1,-1
238,4,900.5087890625,579.03076171875,270.95166015625,601.3411865234375,-1,-1,-1,-1
239,4,923.0391845703125,580.37353515625,285.5814208984375,603.817138671875,-1,-1,-1,-1
240,4,953.269775390625,577.75146484375,307.509765625,615.9332275390625,-1,-1,-1,-1
241,4,1002.2974853515625,584.9810791015625,334.053955078125,624.642333984375,-1,-1,-1,-1
