1,1,830.7694702148438,2.187389373779297,342.12908935546875,790.2807006835938,-1,-1,-1,-1
2,1,855.51953125,5.792106628417969,317.2562255859375,789.496337890625,-1,-1,-1,-1
3,1,865.9360961914062,19.789093017578125,301.30401611328125,782.6903076171875,-1,-1,-1,-1
4,1,874.127197265625,27.107418060302734,300.033447265625,785.26123046875,-1,-1,-1,-1
5,1,880.7236328125,53.06083679199219,297.9180908203125,789.7284545898438,-1,-1,-1,-1
6,1,890.5802612304688,80.97608947753906,332.63922119140625,772.268798828125,-1,-1,-1,-1
7,1,909.3212890625,113.25762176513672,347.21923828125,746.4603271484375,-1,-1,-1,-1
8,1,924.428466796875,157.73036193847656,359.6524658203125,707.8202514648438,-1,-1,-1,-1
9,1,931.8834838867188,192.51593017578125,364.29522705078125,684.7327270507812,-1,-1,-1,-1
10,1,934.6719970703125,210.8604736328125,377.1729736328125,678.052734375,-1,-1,-1,-1
11,1,940.1686401367188,225.21536254882812,380.84930419921875,662.3155517578125,-1,-1,-1,-1
12,1,944.2435302734375,214.01779174804688,379.0318603515625,647.639404296875,-1,-1,-1,-1
13,1,953.510498046875,206.5018310546875,374.7896728515625,622.4812622070312,-1,-1,-1,-1
14,1,970.0861206054688,211.2186279296875,365.30902099609375,608.76025390625,-1,-1,-1,-1
15,1,998.11474609375,216.31443786621094,350.16259765625,600.3319091796875,-1,-1,-1,-1
16,1,1026.7861328125,220.71890258789062,335.7469482421875,594.6702880859375,-1,-1,-1,-1
17,1,1053.239013671875,222.98519897460938,329.716552734375,581.8548583984375,-1,-1,-1,-1
18,1,1080.840087890625,212.09152221679688,311.2364501953125,585.273681640625,-1,-1,-1,-1
19,1,1100.900146484375,212.7483367919922,298.9718017578125,582.44091796875,-1,-1,-1,-1
20,1,1110.594970703125,209.3031005859375,290.5963134765625,577.8531494140625,-1,-1,-1,-1
21,1,1111.9075927734375,202.10438537597656,275.59521484375,572.4652099609375,-1,-1,-1,-1
22,1,1100.963623046875,194.7021026611328,269.07080078125,591.8001098632812,-1,-1,-1,-1
23,1,1092.8837890625,193.30047607421875,261.1229248046875,609.6983032226562,-1,-1,-1,-1
24,1,1087.4852294921875,194.62506103515625,257.10791015625,610.078369140625,-1,-1,-1,-1
25,1,1088.629638671875,198.08595275878906,257.06689453125,609.0411987304688,-1,-1,-1,-1
26,1,1103.1907958984375,203.034423828125,264.7568359375,604.639404296875,-1,-1,-1,-1
27,1,1136.2225341796875,208.16990661621094,265.482421875,617.8702392578125,-1,-1,-1,-1
28,1,1182.623291015625,263.67266845703125,223.016357421875,580.0899047851562,-1,-1,-1,-1
29,1,1235.6925048828125,325.79425048828125,169.17529296875,544.38525390625,-1,-1,-1,-1
30,1,1286.1173095703125,361.7626037597656,120.2694091796875,540.3060302734375,-1,-1,-1,-1
31,1,1286.3251953125,421.6632995605469,148.1839599609375,502.4270935058594,-1,-1,-1,-1
9,2,-1.5598087310791016,371.4078369140625,555.8244018554688,1036.4305419921875,-1,-1,-1,-1
10,2,-3.551351547241211,441.1129150390625,574.8762817382812,964.472900390625,-1,-1,-1,-1
11,2,-4.006635665893555,388.13323974609375,524.1665649414062,1018.4750366210938,-1,-1,-1,-1
12,2,1.716390609741211,373.964599609375,645.5294799804688,1004.4932861328125,-1,-1,-1,-1
13,2,5.0472869873046875,398.72698974609375,752.3239135742188,843.7244262695312,-1,-1,-1,-1
14,2,4.643993377685547,406.4576416015625,784.4249877929688,693.372802734375,-1,-1,-1,-1
15,2,-1.5567455291748047,447.3406982421875,672.6095581054688,647.476806640625,-1,-1,-1,-1
16,2,2.987577438354492,469.14068603515625,612.6722412109375,628.0870971679688,-1,-1,-1,-1
17,2,5.456182479858398,465.3844299316406,620.0339965820312,598.427490234375,-1,-1,-1,-1
18,2,7.08991813659668,479.7695617675781,629.8261108398438,594.675537109375,-1,-1,-1,-1
19,2,9.138235092163086,454.4237976074219,623.5938110351562,622.7962646484375,-1,-1,-1,-1
20,2,10.63259506225586,462.1297607421875,634.0629272460938,588.579345703125,-1,-1,-1,-1
21,2,10.77427864074707,441.9972229003906,618.1954345703125,594.6595458984375,-1,-1,-1,-1
22,2,11.477241516113281,424.90240478515625,609.2313842773438,607.7423706054688,-1,-1,-1,-1
23,2,7.733903884887695,412.89617919921875,610.1025390625,624.8501586914062,-1,-1,-1,-1
24,2,5.642450332641602,404.9951171875,599.8814697265625,621.899169921875,-1,-1,-1,-1
25,2,8.449140548706055,410.11260986328125,598.2874755859375,627.5379028320312,-1,-1,-1,-1
26,2,10.200746536254883,396.1662292480469,592.0039672851562,624.534423828125,-1,-1,-1,-1
27,2,10.466531753540039,395.208251953125,610.6056518554688,629.191162109375,-1,-1,-1,-1
28,2,9.475711822509766,423.8324279785156,633.47802734375,617.2469482421875,-1,-1,-1,-1
29,2,11.708345413208008,429.7071533203125,653.7694702148438,653.9781494140625,-1,-1,-1,-1
30,2,17.00611114501953,404.208251953125,685.3037109375,666.018798828125,-1,-1,-1,-1
31,2,59.060096740722656,378.5323486328125,678.7630004882812,649.6270751953125,-1,-1,-1,-1
32,2,114.876708984375,361.9463195800781,659.8499755859375,645.341796875,-1,-1,-1,-1
33,2,167.66732788085938,361.5374755859375,632.918212890625,639.0443725585938,-1,-1,-1,-1
34,2,218.43341064453125,352.2589416503906,599.2728881835938,650.32373046875,-1,-1,-1,-1
35,2,248.28741455078125,337.83984375,579.3824462890625,665.0840454101562,-1,-1,-1,-1
36,2,283.9618225097656,325.71044921875,536.4459228515625,678.7933959960938,-1,-1,-1,-1
37,2,325.958251953125,307.1298522949219,487.7003173828125,707.1002197265625,-1,-1,-1,-1
38,2,367.77520751953125,306.2769775390625,475.050537109375,721.599609375,-1,-1,-1,-1
39,2,395.24700927734375,297.9146423339844,449.2247314453125,749.5513916015625,-1,-1,-1,-1
40,2,375.53466796875,282.384521484375,457.53082275390625,793.6610107421875,-1,-1,-1,-1
41,2,266.61962890625,280.67657470703125,495.44537353515625,859.9331665039062,-1,-1,-1,-1
42,2,64.42233657836914,303.145263671875,530.1007080078125,928.895751953125,-1,-1,-1,-1
43,2,-0.8714485168457031,299.1719055175781,478.8055114746094,982.0302734375,-1,-1,-1,-1
44,2,-1.5063915252685547,279.6804504394531,411.92242431640625,1014.92236328125,-1,-1,-1,-1
45,2,-3.3383750915527344,244.63336181640625,428.22650146484375,1097.650146484375,-1,-1,-1,-1
46,2,3.4909286499023438,268.27069091796875,488.9391784667969,1033.41943359375,-1,-1,-1,-1
47,2,141.39210510253906,173.86151123046875,482.19384765625,1069.857177734375,-1,-1,-1,-1
48,2,332.69622802734375,131.77874755859375,442.71929931640625,1070.027099609375,-1,-1,-1,-1
49,2,489.00592041015625,112.39173889160156,433.00946044921875,1086.7427978515625,-1,-1,-1,-1
50,2,584.1718139648438,91.83396911621094,459.99969482421875,1160.69287109375,-1,-1,-1,-1
51,2,640.2044067382812,60.480960845947266,513.9384155273438,1241.59765625,-1,-1,-1,-1
52,2,687.4078369140625,70.50653076171875,534.9495849609375,1238.463134765625,-1,-1,-1,-1
53,2,709.6246948242188,43.185829162597656,607.8820190429688,1347.4610595703125,-1,-1,-1,-1
54,2,723.9183959960938,32.56499481201172,664.3927612304688,1373.9234619140625,-1,-1,-1,-1
55,2,712.2271728515625,25.58349609375,691.553466796875,1383.65966796875,-1,-1,-1,-1
56,2,694.4332275390625,37.34442901611328,710.7972412109375,1374.2637939453125,-1,-1,-1,-1
57,2,670.4307861328125,52.07209396362305,738.541015625,1359.5321044921875,-1,-1,-1,-1
58,2,645.7926025390625,45.02886962890625,761.2606201171875,1368.366943359375,-1,-1,-1,-1
59,2,632.4539184570312,55.00815200805664,774.8751831054688,1357.849365234375,-1,-1,-1,-1
60,2,649.7494506835938,28.311466217041016,756.0703735351562,1384.291259765625,-1,-1,-1,-1
61,2,655.3936767578125,31.00225830078125,751.5306396484375,1383.663818359375,-1,-1,-1,-1
62,2,659.7020263671875,63.37446975708008,746.5185546875,1352.56689453125,-1,-1,-1,-1
63,2,705.4434814453125,241.138916015625,697.15966796875,1044.6544189453125,-1,-1,-1,-1
64,2,686.3743286132812,190.31192016601562,725.2803344726562,1168.018310546875,-1,-1,-1,-1
65,2,673.9134521484375,164.82192993164062,734.2742919921875,1218.2491455078125,-1,-1,-1,-1
66,2,700.9270629882812,224.53237915039062,708.0820922851562,1167.4498291015625,-1,-1,-1,-1
67,2,761.2706298828125,385.4825744628906,648.5081787109375,869.5628662109375,-1,-1,-1,-1
68,2,765.0565185546875,333.1295166015625,646.863525390625,886.6676025390625,-1,-1,-1,-1
69,2,724.4173583984375,434.7093200683594,688.5465087890625,791.9122314453125,-1,-1,-1,-1
70,2,694.5718383789062,419.9441833496094,712.6785278320312,955.020263671875,-1,-1,-1,-1
71,2,570.2088012695312,485.6415100097656,838.3994750976562,925.415771484375,-1,-1,-1,-1
27,3,1184.379150390625,300.14312744140625,51.84912109375,121.23541259765625,-1,-1,-1,-1
28,3,1240.2236328125,317.77471923828125,45.300537109375,105.68356323242188,-1,-1,-1,-1
29,3,1291.7152099609375,339.7159729003906,43.7364501953125,112.63055419921875,-1,-1,-1,-1
30,3,1296.7802734375,394.0625,106.4281005859375,141.8194580078125,-1,-1,-1,-1
43,4,1103.0240478515625,492.4613342285156,304.8656005859375,568.2332763671875,-1,-1,-1,-1
44,4,1021.215087890625,503.095458984375,369.8009033203125,530.6824951171875,-1,-1,-1,-1
45,4,1018.5239868164062,504.8722839355469,361.40667724609375,515.7034912109375,-1,-1,-1,-1
46,4,1076.808349609375,506.9439697265625,331.5130615234375,517.9375,-1,-1,-1,-1
47,4,1047.857421875,510.1296691894531,374.1553955078125,516.87646484375,-1,-1,-1,-1
69,5,617.07861328125,572.2626342773438,792.87109375,842.1461791992188,-1,-1,-1,-1
70,5,633.40185546875,554.2744140625,776.793212890625,854.8240966796875,-1,-1,-1,-1
71,5,530.7743530273438,624.5093383789062,879.6710815429688,784.6563110351562,-1,-1,-1,-1
72,5,594.9198608398438,642.1561279296875,816.4121704101562,767.5538330078125,-1,-1,-1,-1
73,5,638.0716552734375,622.5109252929688,770.6844482421875,785.5368041992188,-1,-1,-1,-1
74,5,646.3564453125,600.9774780273438,763.955078125,808.6023559570312,-1,-1,-1,-1
75,5,659.3046875,730.571533203125,749.9986572265625,678.479248046875,-1,-1,-1,-1
76,5,659.1200561523438,700.7605590820312,748.5176391601562,707.1094360351562,-1,-1,-1,-1
77,5,700.3465576171875,812.0261840820312,708.8870849609375,595.5703735351562,-1,-1,-1,-1
78,5,702.3140258789062,821.5794067382812,703.3051147460938,585.3438110351562,-1,-1,-1,-1
79,5,718.7262573242188,794.6412963867188,687.9201049804688,612.0728149414062,-1,-1,-1,-1
80,5,687.3181762695312,830.9380493164062,721.8480834960938,575.7057495117188,-1,-1,-1,-1
81,5,703.9802856445312,805.5345458984375,707.0401000976562,602.2271728515625,-1,-1,-1,-1
82,5,650.4338989257812,766.7479248046875,759.3493041992188,641.8748779296875,-1,-1,-1,-1
83,5,629.4291381835938,779.6397705078125,783.2234497070312,630.2742919921875,-1,-1,-1,-1
84,5,582.6898193359375,744.4564208984375,842.392333984375,668.0316162109375,-1,-1,-1,-1
85,5,485.2699279785156,774.1998291015625,923.789794921875,635.0057373046875,-1,-1,-1,-1
86,5,496.89910888671875,801.9281616210938,904.5639038085938,606.7117309570312,-1,-1,-1,-1
87,5,445.25341796875,857.7371826171875,940.8450927734375,550.775146484375,-1,-1,-1,-1
88,5,447.7137756347656,941.7374877929688,862.098876953125,466.20977783203125,-1,-1,-1,-1
89,5,457.44775390625,927.6456298828125,849.5341796875,481.8460693359375,-1,-1,-1,-1
90,5,544.3224487304688,896.6417846679688,785.4028930664062,511.27069091796875,-1,-1,-1,-1
91,5,546.2628173828125,871.4505615234375,822.5118408203125,538.21337890625,-1,-1,-1,-1
92,5,550.4010009765625,925.9667358398438,798.958984375,482.28863525390625,-1,-1,-1,-1
93,5,541.080078125,929.6287231445312,802.122802734375,478.36212158203125,-1,-1,-1,-1
94,5,545.3958129882812,969.9237670898438,735.4295043945312,437.42254638671875,-1,-1,-1,-1
95,5,559.455078125,915.861572265625,701.5579833984375,493.720947265625,-1,-1,-1,-1
96,5,553.5238647460938,910.5191650390625,724.9855346679688,498.498291015625,-1,-1,-1,-1
97,5,554.656982421875,966.47119140625,718.23974609375,442.2584228515625,-1,-1,-1,-1
98,5,556.7380981445312,966.0422973632812,783.0913696289062,442.20123291015625,-1,-1,-1,-1
99,5,551.94775390625,979.6673583984375,755.6923828125,428.59814453125,-1,-1,-1,-1
100,5,556.8036499023438,988.8289794921875,736.9458618164062,419.7138671875,-1,-1,-1,-1
101,5,558.171142578125,981.4425048828125,703.037353515625,427.854736328125,-1,-1,-1,-1
102,5,557.98388671875,996.7871704101562,672.671630859375,411.82244873046875,-1,-1,-1,-1
103,5,555.6569213867188,1048.420654296875,683.7019653320312,358.2335205078125,-1,-1,-1,-1
104,5,563.7212524414062,1053.32763671875,668.9868774414062,353.2947998046875,-1,-1,-1,-1
105,5,531.4827270507812,1103.4083251953125,496.42706298828125,303.951416015625,-1,-1,-1,-1
106,5,577.3759765625,1120.7767333984375,426.115478515625,288.1995849609375,-1,-1,-1,-1
107,5,565.4319458007812,1149.2598876953125,458.84661865234375,259.7274169921875,-1,-1,-1,-1
108,5,594.9742431640625,1172.7431640625,480.3785400390625,238.431396484375,-1,-1,-1,-1
109,5,563.7626953125,1118.196533203125,581.3804931640625,296.76318359375,-1,-1,-1,-1
110,5,654.208251953125,1034.9083251953125,572.90869140625,383.094970703125,-1,-1,-1,-1
111,5,622.8897094726562,1030.2652587890625,576.7151489257812,382.3546142578125,-1,-1,-1,-1
112,5,626.8584594726562,1040.9439697265625,552.6456909179688,370.3980712890625,-1,-1,-1,-1
113,5,684.5174560546875,1029.94677734375,512.833740234375,378.201171875,-1,-1,-1,-1
114,5,657.3194580078125,982.2415771484375,643.3428955078125,426.8687744140625,-1,-1,-1,-1
115,5,653.0222778320312,918.974365234375,764.9393920898438,487.8812255859375,-1,-1,-1,-1
116,5,658.8818359375,784.0013427734375,757.868408203125,615.94287109375,-1,-1,-1,-1
117,5,741.67919921875,646.2085571289062,673.775634765625,762.4950561523438,-1,-1,-1,-1
118,5,735.5013427734375,589.70068359375,674.9923095703125,820.55078125,-1,-1,-1,-1
119,5,711.451171875,550.5299682617188,704.727783203125,862.8869018554688,-1,-1,-1,-1
120,5,676.8174438476562,454.3487548828125,730.7420043945312,957.3095703125,-1,-1,-1,-1
121,5,473.3887023925781,300.43096923828125,939.84375,1098.732666015625,-1,-1,-1,-1
122,5,438.671142578125,157.45770263671875,976.169921875,1228.710693359375,-1,-1,-1,-1
123,5,457.69683837890625,38.853538513183594,952.3488159179688,1350.46533203125,-1,-1,-1,-1
124,5,498.97467041015625,14.32815933227539,912.7373657226562,1402.559814453125,-1,-1,-1,-1
125,5,522.669921875,19.52851104736328,896.08837890625,1396.509521484375,-1,-1,-1,-1
126,5,557.3189697265625,33.04100799560547,861.3131103515625,1369.8818359375,-1,-1,-1,-1
127,5,535.8148803710938,45.96343994140625,882.4712524414062,1359.501953125,-1,-1,-1,-1
128,5,616.75732421875,44.87617111206055,806.87548828125,1310.909912109375,-1,-1,-1,-1
129,5,565.1715087890625,52.47324752807617,848.6412353515625,1363.598876953125,-1,-1,-1,-1
130,5,632.220703125,21.37679672241211,782.893310546875,1362.66455078125,-1,-1,-1,-1
131,5,781.2984619140625,2.1484909057617188,645.444580078125,1334.035888671875,-1,-1,-1,-1
132,5,834.8961181640625,15.617137908935547,587.50390625,1089.778076171875,-1,-1,-1,-1
133,5,866.081298828125,56.29566192626953,553.2442626953125,744.6336669921875,-1,-1,-1,-1
134,5,927.1202392578125,50.270931243896484,495.2340087890625,686.17529296875,-1,-1,-1,-1
135,5,929.0430908203125,49.017032623291016,491.63818359375,716.3009643554688,-1,-1,-1,-1
136,5,923.6812133789062,69.64588928222656,496.27667236328125,688.006103515625,-1,-1,-1,-1
137,5,922.464599609375,40.01856231689453,495.9708251953125,740.7218017578125,-1,-1,-1,-1
138,5,912.3372802734375,59.058921813964844,506.8648681640625,722.1232299804688,-1,-1,-1,-1
139,5,891.9536743164062,59.192569732666016,526.0756225585938,719.201904296875,-1,-1,-1,-1
140,5,923.5433349609375,51.98401641845703,488.6673583984375,722.0467529296875,-1,-1,-1,-1
141,5,920.4314575195312,25.476032257080078,494.72979736328125,695.0460815429688,-1,-1,-1,-1
142,5,938.374755859375,33.242820739746094,472.7130126953125,630.541259765625,-1,-1,-1,-1
143,5,938.6940307617188,42.52417755126953,475.10064697265625,503.6163330078125,-1,-1,-1,-1
144,5,937.4221801757812,32.021318435668945,472.91705322265625,448.1794128417969,-1,-1,-1,-1
145,5,944.9856567382812,37.53168487548828,463.51409912109375,428.63983154296875,-1,-1,-1,-1
146,5,958.1837768554688,32.18731880187988,452.37347412109375,487.628662109375,-1,-1,-1,-1
147,5,965.984619140625,59.78838348388672,447.0491943359375,482.1220703125,-1,-1,-1,-1
148,5,974.041748046875,67.56173706054688,439.0496826171875,474.0024108886719,-1,-1,-1,-1
149,5,976.8509521484375,57.42088317871094,438.0341796875,481.2572021484375,-1,-1,-1,-1
150,5,975.6270141601562,52.05690383911133,437.94342041015625,492.7694396972656,-1,-1,-1,-1
151,5,975.6547241210938,66.39872741699219,437.72332763671875,517.1670532226562,-1,-1,-1,-1
152,5,977.9789428710938,120.11779022216797,433.46514892578125,463.74853515625,-1,-1,-1,-1
153,5,991.356689453125,119.48311614990234,422.2666015625,462.3434753417969,-1,-1,-1,-1
154,5,986.3325805664062,133.0777587890625,423.58135986328125,492.442626953125,-1,-1,-1,-1
155,5,999.1094970703125,135.12864685058594,410.1807861328125,546.9261474609375,-1,-1,-1,-1
156,5,1013.3560180664062,160.90635681152344,397.76434326171875,578.9746704101562,-1,-1,-1,-1
157,5,1009.9874267578125,149.26754760742188,399.4290771484375,618.6314697265625,-1,-1,-1,-1
158,5,985.637451171875,84.02279663085938,427.1314697265625,745.2276611328125,-1,-1,-1,-1
159,5,964.920166015625,127.97584533691406,455.856201171875,765.8143920898438,-1,-1,-1,-1
160,5,924.3353881835938,156.8304901123047,498.18499755859375,884.7772827148438,-1,-1,-1,-1
161,5,922.7036743164062,166.2107696533203,497.39398193359375,973.6218872070312,-1,-1,-1,-1
162,5,957.8626708984375,166.36875915527344,459.1923828125,796.08056640625,-1,-1,-1,-1
163,5,1015.8084106445312,173.92576599121094,398.14398193359375,751.5064086914062,-1,-1,-1,-1
164,5,915.8397827148438,203.94239807128906,485.56903076171875,653.8972778320312,-1,-1,-1,-1
78,6,1184.5869140625,327.08685302734375,219.600341796875,329.3724365234375,-1,-1,-1,-1
79,6,1172.456298828125,314.13482666015625,230.2904052734375,329.48760986328125,-1,-1,-1,-1
80,6,1160.1905517578125,293.7281494140625,238.8453369140625,330.5859375,-1,-1,-1,-1
81,6,1132.763916015625,264.2059326171875,255.5552978515625,322.5264892578125,-1,-1,-1,-1
82,6,1119.6923828125,255.89041137695312,276.7183837890625,318.7502746582031,-1,-1,-1,-1
83,6,1121.5380859375,239.26193237304688,266.4000244140625,310.7589416503906,-1,-1,-1,-1
84,6,1130.4420166015625,227.1380615234375,237.7525634765625,295.9537353515625,-1,-1,-1,-1
85,6,1140.245361328125,205.19308471679688,229.6439208984375,293.0527648925781,-1,-1,-1,-1
86,6,1151.81396484375,213.81980895996094,204.7772216796875,260.93023681640625,-1,-1,-1,-1
87,6,1166.365478515625,216.0815887451172,197.307861328125,249.6367950439453,-1,-1,-1,-1
88,6,1167.74462890625,220.81402587890625,206.307861328125,249.4522705078125,-1,-1,-1,-1
89,6,1172.259765625,239.1366729736328,209.6033935546875,221.00389099121094,-1,-1,-1,-1
90,6,1173.412353515625,235.4158935546875,207.1195068359375,218.79428100585938,-1,-1,-1,-1
110,7,871.251953125,42.4262809753418,386.5159912109375,407.091552734375,-1,-1,-1,-1
111,7,820.77587890625,48.84373092651367,365.4013671875,432.521484375,-1,-1,-1,-1
112,7,777.0570678710938,42.33314514160156,357.11444091796875,459.51446533203125,-1,-1,-1,-1
113,7,748.4696655273438,40.915557861328125,339.31561279296875,480.8418273925781,-1,-1,-1,-1
114,7,731.441650390625,34.26295471191406,317.6278076171875,487.2236328125,-1,-1,-1,-1
115,7,719.1703491210938,25.12424659729004,298.50341796875,493.0711975097656,-1,-1,-1,-1
116,7,713.934814453125,31.244272232055664,278.73272705078125,500.95654296875,-1,-1,-1,-1
117,7,719.4111328125,31.124094009399414,250.958984375,502.912353515625,-1,-1,-1,-1
118,7,718.04931640625,30.635324478149414,230.74365234375,498.461669921875,-1,-1,-1,-1
119,7,714.6229858398438,23.784914016723633,211.1002197265625,494.71417236328125,-1,-1,-1,-1
120,7,699.4938354492188,12.612871170043945,206.50787353515625,478.8819885253906,-1,-1,-1,-1
121,7,678.093017578125,6.639774322509766,215.04052734375,475.8963317871094,-1,-1,-1,-1
122,7,657.8509521484375,2.873210906982422,216.84576416015625,464.3810119628906,-1,-1,-1,-1
123,7,633.1383666992188,2.0676517486572266,218.896728515625,447.5650939941406,-1,-1,-1,-1
124,7,612.4542236328125,1.0950431823730469,220.5582275390625,442.5052185058594,-1,-1,-1,-1
125,7,587.313720703125,2.3849239349365234,223.01531982421875,444.2862548828125,-1,-1,-1,-1
126,7,563.7005615234375,2.6171398162841797,224.051025390625,451.17730712890625,-1,-1,-1,-1
127,7,544.4248046875,2.557260513305664,223.91864013671875,450.7557067871094,-1,-1,-1,-1
128,7,515.9977416992188,3.417978286743164,226.79296875,461.9083557128906,-1,-1,-1,-1
129,7,481.70294189453125,2.766460418701172,232.350341796875,460.6538391113281,-1,-1,-1,-1
130,7,446.68988037109375,-4.167642593383789,239.39068603515625,432.0783386230469,-1,-1,-1,-1
131,7,401.634765625,4.168546676635742,247.2802734375,382.7500305175781,-1,-1,-1,-1
132,7,381.0559387207031,5.112642288208008,247.52346801757812,387.9631652832031,-1,-1,-1,-1
133,7,361.7394104003906,1.2871017456054688,251.94125366210938,392.83551025390625,-1,-1,-1,-1
134,7,357.32269287109375,-0.06362342834472656,246.778564453125,392.39031982421875,-1,-1,-1,-1
135,7,348.0470886230469,0.10556602478027344,248.86782836914062,385.72296142578125,-1,-1,-1,-1
136,7,327.75738525390625,-1.5692501068115234,253.055419921875,388.4378356933594,-1,-1,-1,-1
137,7,316.8033752441406,-2.6485462188720703,242.06552124023438,387.33343505859375,-1,-1,-1,-1
138,7,319.26300048828125,-7.805047988891602,229.36090087890625,389.6358642578125,-1,-1,-1,-1
139,7,330.1972351074219,2.7178688049316406,208.59585571289062,377.25469970703125,-1,-1,-1,-1
140,7,317.3526306152344,-5.643560409545898,207.05453491210938,379.2684326171875,-1,-1,-1,-1
141,7,295.4541320800781,1.7416095733642578,212.61178588867188,368.8908386230469,-1,-1,-1,-1
142,7,271.5028076171875,-1.0804805755615234,218.07794189453125,386.3353576660156,-1,-1,-1,-1
143,7,238.18312072753906,-35.56339645385742,236.1644744873047,422.04638671875,-1,-1,-1,-1
144,7,225.7655029296875,-6.157611846923828,236.682373046875,391.36370849609375,-1,-1,-1,-1
145,7,207.972412109375,-16.057292938232422,251.05517578125,403.5160217285156,-1,-1,-1,-1
146,7,197.75567626953125,-41.1076545715332,270.0188903808594,437.2920227050781,-1,-1,-1,-1
147,7,185.00942993164062,-49.280235290527344,285.1424560546875,446.9165344238281,-1,-1,-1,-1
148,7,140.2110137939453,-60.71288299560547,313.7982177734375,450.787353515625,-1,-1,-1,-1
149,7,53.44231033325195,-55.66028594970703,404.2746276855469,447.68023681640625,-1,-1,-1,-1
150,7,8.010641098022461,-51.121070861816406,435.6888732910156,442.4980773925781,-1,-1,-1,-1
151,7,5.365251541137695,-51.16643524169922,422.4078674316406,444.9101867675781,-1,-1,-1,-1
152,7,7.176065444946289,-28.838293075561523,406.9671936035156,417.0980529785156,-1,-1,-1,-1
153,7,-0.044551849365234375,-41.31970977783203,399.71331787109375,416.4986877441406,-1,-1,-1,-1
154,7,7.534418106079102,-26.99210548400879,363.7028503417969,434.1930236816406,-1,-1,-1,-1
155,7,29.5505313873291,1.5208072662353516,341.18084716796875,467.8517150878906,-1,-1,-1,-1
156,7,49.598297119140625,-4.846918106079102,345.39385986328125,565.74072265625,-1,-1,-1,-1
157,7,96.51094055175781,4.301544189453125,317.8233642578125,676.972412109375,-1,-1,-1,-1
158,7,59.851295471191406,39.19544219970703,339.3763732910156,768.22509765625,-1,-1,-1,-1
159,7,23.29360580444336,34.12395477294922,354.2832946777344,838.3973999023438,-1,-1,-1,-1
160,7,5.330349922180176,40.038536071777344,340.46405029296875,865.2171630859375,-1,-1,-1,-1
161,7,6.142518043518066,24.43429183959961,324.8338317871094,893.8344116210938,-1,-1,-1,-1
162,7,2.465773582458496,8.73727035522461,351.8315734863281,906.1737670898438,-1,-1,-1,-1
163,7,8.065673828125,35.127803802490234,435.85101318359375,864.7020263671875,-1,-1,-1,-1
164,7,189.62548828125,31.61229705810547,369.65167236328125,847.2579345703125,-1,-1,-1,-1
165,7,294.7745361328125,101.162841796875,363.56097412109375,757.7051391601562,-1,-1,-1,-1
166,7,339.7876281738281,13.56185531616211,376.8746032714844,848.1408081054688,-1,-1,-1,-1
167,7,347.8375549316406,13.664661407470703,398.7970275878906,897.4664306640625,-1,-1,-1,-1
168,7,337.9891357421875,3.8635482788085938,424.60223388671875,937.8204345703125,-1,-1,-1,-1
169,7,312.9749755859375,-0.4799461364746094,461.18505859375,952.5111083984375,-1,-1,-1,-1
170,7,278.9129638671875,0.08502578735351562,491.718505859375,957.43505859375,-1,-1,-1,-1
171,7,231.82508850097656,-3.249542236328125,536.3247680664062,945.282470703125,-1,-1,-1,-1
172,7,182.9512939453125,-3.0573158264160156,573.7003173828125,896.2328491210938,-1,-1,-1,-1
173,7,124.25252532958984,4.9650421142578125,619.6845092773438,842.0138549804688,-1,-1,-1,-1
174,7,74.39215850830078,32.18977355957031,649.6258544921875,781.1309204101562,-1,-1,-1,-1
175,7,4.500526428222656,2.962799072265625,694.6771850585938,783.5789794921875,-1,-1,-1,-1
176,7,-1.6166667938232422,46.40026092529297,682.753662109375,709.5465087890625,-1,-1,-1,-1
177,7,4.183778762817383,51.884674072265625,629.866455078125,687.2918701171875,-1,-1,-1,-1
178,7,4.55723762512207,18.611186981201172,563.8800048828125,688.10546875,-1,-1,-1,-1
179,7,-1.1821117401123047,35.36247253417969,548.0465087890625,659.7738647460938,-1,-1,-1,-1
180,7,2.3572921752929688,46.48540115356445,520.6913452148438,636.3722534179688,-1,-1,-1,-1
181,7,1.1528453826904297,43.42228317260742,505.6290283203125,642.5478515625,-1,-1,-1,-1
182,7,-3.379392623901367,57.30322265625,458.46380615234375,633.7315673828125,-1,-1,-1,-1
183,7,-0.3629570007324219,89.57688903808594,365.540283203125,604.1596069335938,-1,-1,-1,-1
184,7,-1.1085004806518555,113.86113739013672,267.6338806152344,596.9569091796875,-1,-1,-1,-1
185,7,-1.5720720291137695,152.2266845703125,189.29470825195312,592.9244995117188,-1,-1,-1,-1
186,7,3.322819709777832,163.40821838378906,139.12232971191406,605.5924682617188,-1,-1,-1,-1
191,7,-0.6866073608398438,181.51138305664062,195.48831176757812,634.765869140625,-1,-1,-1,-1
192,7,0.6316604614257812,113.27494812011719,305.96368408203125,680.8428344726562,-1,-1,-1,-1
193,7,-6.13392448425293,36.64530563354492,399.30615234375,762.7403564453125,-1,-1,-1,-1
194,7,-3.4105072021484375,53.896671295166016,441.89190673828125,752.465087890625,-1,-1,-1,-1
195,7,-3.995410919189453,54.77513885498047,481.6178283691406,801.1184692382812,-1,-1,-1,-1
196,7,-3.8876113891601562,30.224037170410156,501.61517333984375,875.2184448242188,-1,-1,-1,-1
197,7,-4.803215026855469,31.30799102783203,473.15057373046875,888.98974609375,-1,-1,-1,-1
198,7,-3.182781219482422,40.95808410644531,468.1204833984375,949.5415649414062,-1,-1,-1,-1
199,7,-1.5468215942382812,100.04888916015625,462.0724792480469,925.9056396484375,-1,-1,-1,-1
200,7,-0.3815879821777344,172.89295959472656,457.888427734375,854.4072265625,-1,-1,-1,-1
201,7,-4.220388412475586,134.4182586669922,473.6727294921875,940.9149780273438,-1,-1,-1,-1
202,7,-3.6521644592285156,131.7407684326172,436.4097595214844,763.9840698242188,-1,-1,-1,-1
203,7,-1.450918197631836,142.6519012451172,466.5880126953125,712.5228271484375,-1,-1,-1,-1
204,7,8.192964553833008,183.2262725830078,487.43011474609375,726.1654052734375,-1,-1,-1,-1
205,7,3.660999298095703,72.53419494628906,527.6928100585938,976.4111328125,-1,-1,-1,-1
206,7,4.571189880371094,86.7359619140625,520.9481201171875,926.4229736328125,-1,-1,-1,-1
207,7,3.7844085693359375,185.48184204101562,537.5015869140625,807.4652099609375,-1,-1,-1,-1
208,7,3.596525192260742,218.8516845703125,555.8859252929688,791.05859375,-1,-1,-1,-1
209,7,1.9952259063720703,143.96530151367188,590.2382202148438,919.11962890625,-1,-1,-1,-1
210,7,-5.048334121704102,131.1361083984375,710.7559814453125,1026.211669921875,-1,-1,-1,-1
211,7,-2.218963623046875,176.80068969726562,723.0478515625,1038.2923583984375,-1,-1,-1,-1
212,7,0.10340499877929688,204.794189453125,698.309814453125,1004.3533935546875,-1,-1,-1,-1
213,7,4.100505828857422,237.8317108154297,700.5516357421875,919.3342895507812,-1,-1,-1,-1
214,7,2.7178688049316406,279.1033935546875,710.9501953125,847.742431640625,-1,-1,-1,-1
215,7,2.4644203186035156,268.42889404296875,684.6073608398438,852.0835571289062,-1,-1,-1,-1
216,7,-1.4608001708984375,245.7006072998047,667.3558349609375,845.4421997070312,-1,-1,-1,-1
217,7,1.9655380249023438,259.1915283203125,706.2610473632812,811.0057373046875,-1,-1,-1,-1
218,7,-1.2046661376953125,271.6347351074219,716.752685546875,768.9732666015625,-1,-1,-1,-1
219,7,-0.9657783508300781,271.8840637207031,728.1173095703125,743.598388671875,-1,-1,-1,-1
220,7,0.18095016479492188,282.5621032714844,726.4780883789062,763.395751953125,-1,-1,-1,-1
221,7,2.2395057678222656,296.2084045410156,717.51806640625,768.78857421875,-1,-1,-1,-1
222,7,0.22748565673828125,300.4397888183594,726.2003784179688,814.5142822265625,-1,-1,-1,-1
223,7,3.3009262084960938,288.835693359375,728.9044189453125,783.68603515625,-1,-1,-1,-1
224,7,6.742076873779297,261.63275146484375,831.6408081054688,910.8001098632812,-1,-1,-1,-1
225,7,2.7616348266601562,219.78890991210938,783.694580078125,1059.0809326171875,-1,-1,-1,-1
226,7,6.683414459228516,171.20635986328125,827.3464965820312,1072.2763671875,-1,-1,-1,-1
227,7,7.579799652099609,99.76451110839844,856.993896484375,1119.875732421875,-1,-1,-1,-1
228,7,0.9615211486816406,24.211055755615234,711.6554565429688,1164.2021484375,-1,-1,-1,-1
229,7,3.3430137634277344,29.713783264160156,666.093505859375,1002.5372924804688,-1,-1,-1,-1
230,7,10.997262954711914,67.82278442382812,647.2322998046875,832.6019287109375,-1,-1,-1,-1
231,7,10.233015060424805,88.90911102294922,651.8961181640625,788.4330444335938,-1,-1,-1,-1
232,7,8.002017974853516,149.7899932861328,630.8695678710938,707.0897827148438,-1,-1,-1,-1
233,7,11.297435760498047,85.05174255371094,619.9402465820312,811.28125,-1,-1,-1,-1
234,7,4.451725006103516,99.27851104736328,608.3099975585938,799.8078002929688,-1,-1,-1,-1
235,7,4.754583358764648,72.87837219238281,608.8455810546875,947.97265625,-1,-1,-1,-1
236,7,2.9808425903320312,90.85197448730469,605.4200439453125,959.5425415039062,-1,-1,-1,-1
237,7,4.533487319946289,90.91034698486328,606.1056518554688,977.4536743164062,-1,-1,-1,-1
238,7,9.84596061706543,85.4415283203125,640.3304443359375,1006.4539794921875,-1,-1,-1,-1
239,7,5.661836624145508,82.5391616821289,653.072509765625,1048.7457275390625,-1,-1,-1,-1
240,7,5.478212356567383,125.16520690917969,543.6622924804688,1013.5189819335938,-1,-1,-1,-1
241,7,0.8547077178955078,240.78048706054688,522.168212890625,657.7027587890625,-1,-1,-1,-1
242,7,3.1039161682128906,157.01718139648438,505.50860595703125,775.743896484375,-1,-1,-1,-1
243,7,3.126260757446289,51.54446792602539,510.33203125,925.7801513671875,-1,-1,-1,-1
244,7,0.6636772155761719,40.551055908203125,491.2737731933594,1119.7352294921875,-1,-1,-1,-1
245,7,0.052799224853515625,118.01834106445312,501.21295166015625,1175.0018310546875,-1,-1,-1,-1
246,7,2.813394546508789,193.8233642578125,514.7142333984375,1144.8477783203125,-1,-1,-1,-1
247,7,3.515035629272461,263.5040283203125,493.8540344238281,931.880615234375,-1,-1,-1,-1
248,7,1.8858108520507812,323.46795654296875,483.9749755859375,820.1497192382812,-1,-1,-1,-1
249,7,0.1786212921142578,369.6270751953125,469.8755187988281,793.9310302734375,-1,-1,-1,-1
250,7,-1.8813190460205078,413.9794616699219,452.3206481933594,788.878173828125,-1,-1,-1,-1
251,7,-3.1419315338134766,446.54608154296875,452.6129455566406,788.3142700195312,-1,-1,-1,-1
252,7,-4.281085968017578,452.626953125,440.3025207519531,816.9244384765625,-1,-1,-1,-1
253,7,-2.9193668365478516,469.0705871582031,415.6109924316406,826.42724609375,-1,-1,-1,-1
254,7,-1.553976058959961,438.3794860839844,393.9848327636719,911.18017578125,-1,-1,-1,-1
255,7,-1.7494754791259766,385.81024169921875,434.6123962402344,1026.69677734375,-1,-1,-1,-1
256,7,-2.693696975708008,388.3013916015625,440.3019714355469,1023.4127197265625,-1,-1,-1,-1
257,7,-0.7909660339355469,357.9840393066406,471.5606689453125,1054.4249267578125,-1,-1,-1,-1
258,7,0.21535873413085938,443.6799621582031,692.955322265625,923.4456787109375,-1,-1,-1,-1
259,7,4.652469635009766,403.14227294921875,792.464599609375,961.8005981445312,-1,-1,-1,-1
260,7,0.6209182739257812,370.633056640625,720.8084716796875,857.500732421875,-1,-1,-1,-1
261,7,3.6685943603515625,338.6493225097656,774.4739379882812,874.4405517578125,-1,-1,-1,-1
262,7,6.1977081298828125,296.1003112792969,796.8660888671875,799.73583984375,-1,-1,-1,-1
263,7,7.405155181884766,244.49395751953125,839.471435546875,831.2437133789062,-1,-1,-1,-1
264,7,0.3679313659667969,197.14601135253906,811.6876831054688,813.4234008789062,-1,-1,-1,-1
265,7,-0.3009796142578125,162.22958374023438,777.3097534179688,808.3834228515625,-1,-1,-1,-1
266,7,-2.675128936767578,140.55096435546875,736.9569702148438,808.1450805664062,-1,-1,-1,-1
267,7,-0.0696868896484375,122.083251953125,745.2176513671875,815.2044677734375,-1,-1,-1,-1
268,7,1.6634349822998047,92.88069915771484,686.0272216796875,908.5007934570312,-1,-1,-1,-1
269,7,3.097097396850586,72.874755859375,590.8743286132812,896.6693725585938,-1,-1,-1,-1
270,7,0.7181434631347656,90.75148010253906,584.5947875976562,857.8544921875,-1,-1,-1,-1
271,7,0.5919647216796875,194.1800994873047,446.28173828125,683.2404174804688,-1,-1,-1,-1
272,7,-6.513824462890625,253.25570678710938,374.1198425292969,430.9887390136719,-1,-1,-1,-1
273,7,3.857149124145508,68.32514953613281,413.4790344238281,683.26318359375,-1,-1,-1,-1
274,7,-6.647220611572266,372.0477294921875,482.0674133300781,605.1851806640625,-1,-1,-1,-1
275,7,-5.870656967163086,282.84393310546875,457.0065612792969,751.5239868164062,-1,-1,-1,-1
276,7,-9.308303833007812,241.4251708984375,464.92083740234375,806.214111328125,-1,-1,-1,-1
277,7,-6.685237884521484,193.90103149414062,481.77301025390625,871.9345703125,-1,-1,-1,-1
278,7,-4.690254211425781,188.74620056152344,445.3856506347656,886.2640380859375,-1,-1,-1,-1
279,7,-3.110187530517578,181.63563537597656,454.4840087890625,921.5843505859375,-1,-1,-1,-1
280,7,0.3559722900390625,176.08154296875,453.0206298828125,865.0804443359375,-1,-1,-1,-1
281,7,-2.9280319213867188,182.52992248535156,454.56561279296875,873.4010009765625,-1,-1,-1,-1
282,7,-2.2813186645507812,172.79489135742188,440.748779296875,852.103271484375,-1,-1,-1,-1
283,7,-2.7508907318115234,108.39569091796875,441.6573181152344,916.15966796875,-1,-1,-1,-1
284,7,-0.15940093994140625,84.80567932128906,431.8748779296875,927.5266723632812,-1,-1,-1,-1
285,7,1.6579170227050781,166.59341430664062,415.13543701171875,621.6024169921875,-1,-1,-1,-1
286,7,-0.6755714416503906,156.7932586669922,418.6910705566406,634.3007202148438,-1,-1,-1,-1
287,7,-1.255523681640625,132.38137817382812,438.1873474121094,672.0941162109375,-1,-1,-1,-1
288,7,0.9659690856933594,90.15335845947266,442.35845947265625,898.2117919921875,-1,-1,-1,-1
289,7,-3.2114200592041016,42.07325744628906,466.36053466796875,979.8052368164062,-1,-1,-1,-1
290,7,-1.6719512939453125,66.70765686035156,467.01104736328125,936.4091796875,-1,-1,-1,-1
291,7,-0.06238555908203125,89.49191284179688,460.4696044921875,726.2967529296875,-1,-1,-1,-1
292,7,-4.623870849609375,137.9993896484375,465.7685852050781,696.4109497070312,-1,-1,-1,-1
293,7,-0.6318683624267578,153.45413208007812,460.3193664550781,690.9627685546875,-1,-1,-1,-1
294,7,-3.4941368103027344,98.92355346679688,473.4123840332031,987.210693359375,-1,-1,-1,-1
295,7,-7.287345886230469,116.25834655761719,473.69647216796875,1018.8025512695312,-1,-1,-1,-1
296,7,-5.029661178588867,144.13482666015625,464.08599853515625,1007.1085815429688,-1,-1,-1,-1
297,7,-4.034666061401367,154.41329956054688,455.69073486328125,1012.403076171875,-1,-1,-1,-1
298,7,-0.9594211578369141,189.64871215820312,453.89312744140625,874.459228515625,-1,-1,-1,-1
299,7,-0.32030296325683594,239.22743225097656,465.7710876464844,824.02587890625,-1,-1,-1,-1
300,7,-3.7498092651367188,221.05812072753906,528.4692993164062,1018.289306640625,-1,-1,-1,-1
301,7,-2.607717514038086,272.3467712402344,568.7619018554688,979.4288330078125,-1,-1,-1,-1
302,7,-9.12900161743164,287.17767333984375,558.3436889648438,976.2313842773438,-1,-1,-1,-1
303,7,0.3329353332519531,293.5769958496094,456.3547668457031,1017.650634765625,-1,-1,-1,-1
304,7,-1.4420642852783203,401.36834716796875,525.3828735351562,938.6998901367188,-1,-1,-1,-1
305,7,-0.3524456024169922,346.8179626464844,523.4563598632812,1066.1917724609375,-1,-1,-1,-1
306,7,-2.045703887939453,351.8095397949219,555.8279418945312,1060.96728515625,-1,-1,-1,-1
307,7,-28.36154556274414,421.87353515625,570.6395263671875,991.28271484375,-1,-1,-1,-1
308,7,-35.57255554199219,410.4937438964844,560.9834594726562,1003.8714599609375,-1,-1,-1,-1
309,7,-85.57408142089844,408.6302185058594,643.6892700195312,1006.2315673828125,-1,-1,-1,-1
311,7,-140.1134033203125,482.07598876953125,748.4579467773438,934.9171752929688,-1,-1,-1,-1
214,8,321.5011291503906,375.0849304199219,1063.2119140625,1034.6021728515625,-1,-1,-1,-1
215,8,228.5060577392578,355.3132629394531,1217.3365478515625,1052.638427734375,-1,-1,-1,-1
216,8,252.14508056640625,361.2391662597656,1183.4521484375,1047.8326416015625,-1,-1,-1,-1
217,8,353.466064453125,335.2123107910156,1056.3272705078125,1076.2415771484375,-1,-1,-1,-1
218,8,350.5890197753906,357.2687072753906,1055.4248046875,1053.7608642578125,-1,-1,-1,-1
219,8,345.90960693359375,377.7781677246094,1058.937255859375,1032.640625,-1,-1,-1,-1
220,8,336.6004943847656,428.39617919921875,1069.2923583984375,980.5895385742188,-1,-1,-1,-1
221,8,280.8770751953125,504.3839416503906,1135.095703125,902.1383056640625,-1,-1,-1,-1
222,8,269.23089599609375,569.3515625,1145.327880859375,832.0899658203125,-1,-1,-1,-1
223,8,305.850341796875,569.6007080078125,1104.226318359375,836.5819091796875,-1,-1,-1,-1
224,8,414.15673828125,654.1912841796875,990.140625,755.0562744140625,-1,-1,-1,-1
225,8,490.8299560546875,653.1557006835938,909.128662109375,760.1189575195312,-1,-1,-1,-1
226,8,499.1018371582031,583.3788452148438,921.0792236328125,825.3460083007812,-1,-1,-1,-1
227,8,512.0559692382812,497.33526611328125,909.2750854492188,917.8201293945312,-1,-1,-1,-1
228,8,497.7341003417969,459.38067626953125,1031.9986572265625,953.8246459960938,-1,-1,-1,-1
229,8,681.2861328125,369.7161560058594,847.072021484375,1047.341064453125,-1,-1,-1,-1
230,8,693.8033447265625,263.86993408203125,830.9564208984375,1149.4296875,-1,-1,-1,-1
235,9,1087.3363037109375,153.88339233398438,324.1419677734375,609.754150390625,-1,-1,-1,-1
236,9,1063.2235107421875,182.21524047851562,349.2552490234375,592.1087646484375,-1,-1,-1,-1
237,9,1038.8232421875,305.6868896484375,361.222900390625,445.6724853515625,-1,-1,-1,-1
238,9,1018.36669921875,283.20233154296875,381.57177734375,501.58795166015625,-1,-1,-1,-1
239,9,1004.89013671875,250.29820251464844,388.0875244140625,554.6136474609375,-1,-1,-1,-1
240,9,1010.6530151367188,220.2807159423828,380.81634521484375,592.4322509765625,-1,-1,-1,-1
241,9,1004.3231811523438,205.36825561523438,386.89849853515625,610.62109375,-1,-1,-1,-1
242,9,991.6471557617188,204.09698486328125,371.38092041015625,606.6943969726562,-1,-1,-1,-1
243,9,987.6224365234375,199.9041290283203,359.067626953125,616.8790893554688,-1,-1,-1,-1
244,9,1000.5860595703125,207.4250030517578,314.963623046875,627.240966796875,-1,-1,-1,-1
245,9,1005.89892578125,218.13954162597656,278.7205810546875,625.0807495117188,-1,-1,-1,-1
246,9,1020.022216796875,224.5615997314453,241.7080078125,602.2005615234375,-1,-1,-1,-1
247,9,1020.4371948242188,239.40316772460938,226.15374755859375,605.6396484375,-1,-1,-1,-1
248,9,1010.7327270507812,258.9127502441406,221.22625732421875,584.20458984375,-1,-1,-1,-1
249,9,988.2161865234375,278.27728271484375,210.8138427734375,557.9923706054688,-1,-1,-1,-1
250,9,950.3663330078125,296.9673767089844,203.5391845703125,538.1334228515625,-1,-1,-1,-1
251,9,911.7152099609375,322.8044128417969,191.1170654296875,537.9940185546875,-1,-1,-1,-1
252,9,878.4945678710938,337.54156494140625,181.40679931640625,520.7003784179688,-1,-1,-1,-1
253,9,845.2828369140625,348.0859375,169.35302734375,517.0441284179688,-1,-1,-1,-1
254,9,809.744140625,356.7392883300781,167.3660888671875,509.9012145996094,-1,-1,-1,-1
255,9,781.4622802734375,363.80218505859375,165.43505859375,472.87322998046875,-1,-1,-1,-1
256,9,771.17724609375,363.44049072265625,159.8262939453125,485.1949462890625,-1,-1,-1,-1
257,9,792.6297607421875,353.3051452636719,157.97119140625,485.5470275878906,-1,-1,-1,-1
258,9,846.54248046875,325.18157958984375,179.2760009765625,487.80487060546875,-1,-1,-1,-1
259,9,917.2532958984375,280.49713134765625,212.0445556640625,514.4539794921875,-1,-1,-1,-1
260,9,990.3031005859375,239.64993286132812,216.342041015625,549.63525390625,-1,-1,-1,-1
261,9,1023.0382080078125,222.30062866210938,227.1732177734375,555.216796875,-1,-1,-1,-1
262,9,1037.63818359375,192.02542114257812,223.336669921875,560.2205810546875,-1,-1,-1,-1
263,9,1043.161376953125,157.44332885742188,218.1046142578125,561.5416259765625,-1,-1,-1,-1
264,9,1039.40625,127.5605697631836,218.0582275390625,549.0094604492188,-1,-1,-1,-1
265,9,1031.1868896484375,95.9248275756836,210.680908203125,537.0665283203125,-1,-1,-1,-1
266,9,1006.9505615234375,64.6704330444336,213.72900390625,540.07861328125,-1,-1,-1,-1
267,9,975.8546752929688,38.33973693847656,223.20623779296875,540.702392578125,-1,-1,-1,-1
268,9,938.29150390625,15.511688232421875,218.1690673828125,500.9587707519531,-1,-1,-1,-1
269,9,874.5115356445312,9.161628723144531,214.32379150390625,487.9306945800781,-1,-1,-1,-1
270,9,792.1853637695312,10.199844360351562,212.715576171875,454.35919189453125,-1,-1,-1,-1
271,9,717.3880615234375,6.990741729736328,246.1397705078125,495.5921630859375,-1,-1,-1,-1
272,9,668.70947265625,7.900575637817383,234.45391845703125,482.54150390625,-1,-1,-1,-1
273,9,629.5292358398438,4.055753707885742,221.73504638671875,484.8981018066406,-1,-1,-1,-1
274,9,597.9266357421875,1.2142143249511719,254.968505859375,504.3165588378906,-1,-1,-1,-1
275,9,576.57421875,0.2537956237792969,255.81048583984375,505.51934814453125,-1,-1,-1,-1
276,9,566.86181640625,0.21009254455566406,258.172607421875,510.6727600097656,-1,-1,-1,-1
277,9,551.5613403320312,-1.9508285522460938,260.78118896484375,509.82135009765625,-1,-1,-1,-1
278,9,542.1446533203125,-7.027078628540039,261.6900634765625,524.0435791015625,-1,-1,-1,-1
279,9,537.5077514648438,-3.2789154052734375,260.15863037109375,515.1569213867188,-1,-1,-1,-1
280,9,533.3402099609375,-1.6760845184326172,266.95623779296875,508.1362609863281,-1,-1,-1,-1
281,9,533.5222778320312,-0.22637176513671875,264.14031982421875,489.9376220703125,-1,-1,-1,-1
282,9,536.8657836914062,-1.9757328033447266,262.02410888671875,491.1983947753906,-1,-1,-1,-1
283,9,535.5704956054688,-3.1812286376953125,261.09527587890625,486.84185791015625,-1,-1,-1,-1
284,9,536.1536865234375,-6.330410003662109,258.3740234375,484.1714782714844,-1,-1,-1,-1
285,9,540.0774536132812,-5.976274490356445,251.82440185546875,492.9567565917969,-1,-1,-1,-1
286,9,542.3580932617188,-4.512567520141602,247.420166015625,500.83197021484375,-1,-1,-1,-1
287,9,544.496337890625,-2.9516563415527344,247.94598388671875,499.4669189453125,-1,-1,-1,-1
288,9,550.7415161132812,-0.861419677734375,248.05914306640625,486.4046936035156,-1,-1,-1,-1
289,9,557.8385009765625,-6.524860382080078,245.930908203125,502.01953125,-1,-1,-1,-1
290,9,562.947021484375,-5.314266204833984,245.07574462890625,493.9803466796875,-1,-1,-1,-1
291,9,564.0416259765625,-6.340921401977539,245.92303466796875,497.1471862792969,-1,-1,-1,-1
292,9,560.280517578125,-1.131317138671875,239.04779052734375,507.117919921875,-1,-1,-1,-1
293,9,553.3223876953125,8.541435241699219,235.49200439453125,535.2737426757812,-1,-1,-1,-1
294,9,543.721435546875,30.77759552001953,231.763916015625,533.0824584960938,-1,-1,-1,-1
295,9,533.269287109375,53.63046646118164,233.85845947265625,541.4722290039062,-1,-1,-1,-1
296,9,524.4749145507812,79.06678771972656,234.83673095703125,531.569091796875,-1,-1,-1,-1
297,9,521.6272583007812,103.72210693359375,234.7802734375,521.8851318359375,-1,-1,-1,-1
298,9,525.943115234375,136.7236328125,231.385009765625,515.7117309570312,-1,-1,-1,-1
299,9,526.8475952148438,176.5167694091797,227.76312255859375,506.0157470703125,-1,-1,-1,-1
300,9,525.9506225585938,195.89505004882812,225.03472900390625,506.3531188964844,-1,-1,-1,-1
301,9,522.1859741210938,199.9034423828125,226.15496826171875,502.0626220703125,-1,-1,-1,-1
302,9,532.1334838867188,222.30963134765625,224.017578125,505.40411376953125,-1,-1,-1,-1
303,9,540.6928100585938,232.68348693847656,222.3099365234375,499.949951171875,-1,-1,-1,-1
304,9,541.1666870117188,240.14889526367188,229.168212890625,506.7825012207031,-1,-1,-1,-1
305,9,541.458984375,240.9522705078125,231.92425537109375,519.2496337890625,-1,-1,-1,-1
306,9,535.3597412109375,247.91712951660156,232.0206298828125,518.9041748046875,-1,-1,-1,-1
307,9,522.327880859375,242.36361694335938,229.177734375,527.42431640625,-1,-1,-1,-1
308,9,504.3888854980469,239.24964904785156,228.92831420898438,521.408203125,-1,-1,-1,-1
309,9,492.0375061035156,235.1590576171875,228.53182983398438,518.1633911132812,-1,-1,-1,-1
310,9,490.59075927734375,208.74082946777344,230.49267578125,539.4788208007812,-1,-1,-1,-1
311,9,491.01519775390625,188.58529663085938,242.93975830078125,544.1287841796875,-1,-1,-1,-1
312,9,496.2108154296875,173.12655639648438,246.63214111328125,557.90478515625,-1,-1,-1,-1
313,9,497.8758239746094,164.98236083984375,252.00265502929688,562.072509765625,-1,-1,-1,-1
314,9,504.64581298828125,167.5095672607422,259.14691162109375,559.911865234375,-1,-1,-1,-1
315,9,514.34326171875,188.34097290039062,257.6292724609375,558.5972900390625,-1,-1,-1,-1
316,9,526.4421997070312,223.85311889648438,250.80194091796875,537.681396484375,-1,-1,-1,-1
317,9,522.7526245117188,222.79183959960938,248.2718505859375,535.4503173828125,-1,-1,-1,-1
318,9,509.14544677734375,223.60720825195312,240.954345703125,527.489013671875,-1,-1,-1,-1
319,9,495.5157470703125,246.75924682617188,239.26800537109375,526.385009765625,-1,-1,-1,-1
320,9,479.97247314453125,249.42466735839844,236.52081298828125,538.0834350585938,-1,-1,-1,-1
321,9,463.02783203125,249.4256591796875,231.67083740234375,529.0965576171875,-1,-1,-1,-1
322,9,444.9557800292969,234.98057556152344,231.76486206054688,523.7556762695312,-1,-1,-1,-1
323,9,412.1331787109375,213.27593994140625,240.55682373046875,533.84716796875,-1,-1,-1,-1
324,9,380.0478515625,194.9086151123047,243.53753662109375,536.3051147460938,-1,-1,-1,-1
325,9,356.525634765625,189.71678161621094,252.2694091796875,542.9164428710938,-1,-1,-1,-1
326,9,376.80224609375,168.5941925048828,261.40826416015625,526.5126953125,-1,-1,-1,-1
327,9,472.53472900390625,117.93506622314453,276.35662841796875,520.4364013671875,-1,-1,-1,-1
328,9,577.3696899414062,68.58025360107422,292.21124267578125,531.9738159179688,-1,-1,-1,-1
329,9,661.7886352539062,25.010656356811523,292.8988037109375,554.1424560546875,-1,-1,-1,-1
330,9,698.4217529296875,16.48639488220215,293.5760498046875,560.8801879882812,-1,-1,-1,-1
331,9,729.7935791015625,16.76262855529785,279.40057373046875,552.5425415039062,-1,-1,-1,-1
332,9,743.8560791015625,9.101266860961914,275.7354736328125,549.0180053710938,-1,-1,-1,-1
333,9,748.9303588867188,4.066349029541016,279.20672607421875,552.2349243164062,-1,-1,-1,-1
334,9,746.4793701171875,3.9281692504882812,289.3251953125,533.931884765625,-1,-1,-1,-1
335,9,745.2601928710938,3.4167613983154297,294.81683349609375,539.1638793945312,-1,-1,-1,-1
336,9,723.8126831054688,7.138069152832031,301.26513671875,543.1521606445312,-1,-1,-1,-1
337,9,665.1852416992188,20.400894165039062,308.26031494140625,537.5088500976562,-1,-1,-1,-1
338,9,593.0847778320312,28.67095184326172,305.66973876953125,537.2800903320312,-1,-1,-1,-1
339,9,543.3545532226562,32.85356521606445,299.2525634765625,535.1814575195312,-1,-1,-1,-1
340,9,519.6197509765625,30.561304092407227,287.81512451171875,530.8648071289062,-1,-1,-1,-1
341,9,520.78955078125,36.36351013183594,273.9578857421875,521.5062255859375,-1,-1,-1,-1
342,9,546.997314453125,58.7943115234375,269.5069580078125,509.028076171875,-1,-1,-1,-1
343,9,627.1883544921875,84.6555404663086,266.010986328125,499.1177673339844,-1,-1,-1,-1
344,9,756.6649169921875,106.57275390625,281.4923095703125,467.40850830078125,-1,-1,-1,-1
345,9,863.4190673828125,130.74200439453125,343.6207275390625,480.81304931640625,-1,-1,-1,-1
346,9,945.213623046875,153.92701721191406,334.9083251953125,480.3641357421875,-1,-1,-1,-1
347,9,976.3480834960938,177.9871826171875,344.61383056640625,475.67578125,-1,-1,-1,-1
348,9,997.02099609375,207.6703338623047,371.581298828125,457.75946044921875,-1,-1,-1,-1
349,9,1008.640869140625,220.63409423828125,359.4345703125,458.55029296875,-1,-1,-1,-1
350,9,1019.0728759765625,238.6080780029297,372.108642578125,484.33636474609375,-1,-1,-1,-1
351,9,1030.4249267578125,248.99754333496094,365.183837890625,486.809814453125,-1,-1,-1,-1
352,9,1041.9598388671875,255.2329864501953,354.8602294921875,483.33233642578125,-1,-1,-1,-1
353,9,1054.05322265625,260.9140319824219,344.02734375,446.1861877441406,-1,-1,-1,-1
354,9,1069.4263916015625,261.86334228515625,330.00634765625,436.1553955078125,-1,-1,-1,-1
355,9,1091.5684814453125,258.7244873046875,313.420166015625,427.96356201171875,-1,-1,-1,-1
356,9,1113.045654296875,249.3281707763672,294.747802734375,439.54266357421875,-1,-1,-1,-1
357,9,1152.8914794921875,232.97021484375,254.0596923828125,454.6143798828125,-1,-1,-1,-1
358,9,1173.5697021484375,183.07090759277344,232.4293212890625,491.09771728515625,-1,-1,-1,-1
359,9,1202.94873046875,168.5247039794922,201.705810546875,493.094970703125,-1,-1,-1,-1
360,9,1232.748291015625,236.4544219970703,171.1900634765625,382.239990234375,-1,-1,-1,-1
361,9,1256.3375244140625,290.8172607421875,147.7501220703125,285.33343505859375,-1,-1,-1,-1
362,9,1252.4835205078125,325.7236633300781,151.36376953125,272.6440734863281,-1,-1,-1,-1
363,9,1262.9683837890625,319.9345703125,139.37353515625,251.6116943359375,-1,-1,-1,-1
364,9,1272.55224609375,280.2693176269531,122.920166015625,255.26742553710938,-1,-1,-1,-1
329,10,-1.6452217102050781,405.8749694824219,573.5307006835938,733.921630859375,-1,-1,-1,-1
330,10,10.218538284301758,389.9319763183594,621.3628540039062,716.6864013671875,-1,-1,-1,-1
331,10,8.60500717163086,386.4922180175781,632.652099609375,707.701171875,-1,-1,-1,-1
332,10,11.941232681274414,372.6331787109375,628.96875,694.3804931640625,-1,-1,-1,-1
333,10,9.866312026977539,356.8641662597656,630.3303833007812,689.185546875,-1,-1,-1,-1
334,10,8.662557601928711,351.58245849609375,633.8414916992188,681.3241577148438,-1,-1,-1,-1
335,10,14.014684677124023,344.0257873535156,657.5132446289062,683.406494140625,-1,-1,-1,-1
336,10,16.935510635375977,327.8015441894531,681.843505859375,707.3717041015625,-1,-1,-1,-1
337,10,6.357540130615234,329.41192626953125,677.6082153320312,713.1809692382812,-1,-1,-1,-1
338,10,3.9590110778808594,350.68536376953125,618.1796264648438,621.68212890625,-1,-1,-1,-1
339,10,6.668560028076172,340.5633239746094,604.5511474609375,604.603271484375,-1,-1,-1,-1
340,10,0.6199741363525391,356.8838806152344,646.7970581054688,598.247802734375,-1,-1,-1,-1
341,10,2.3569984436035156,457.4643249511719,634.3547973632812,530.2333984375,-1,-1,-1,-1
342,10,3.5141754150390625,456.3140869140625,725.0403442382812,569.344482421875,-1,-1,-1,-1
343,10,6.465423583984375,520.0106201171875,720.994140625,492.333740234375,-1,-1,-1,-1
344,10,2.824115753173828,397.11077880859375,806.708740234375,611.4507446289062,-1,-1,-1,-1
345,10,104.41365051269531,351.722900390625,706.3933715820312,585.0029907226562,-1,-1,-1,-1
346,10,186.48585510253906,341.75665283203125,622.458251953125,573.5825805664062,-1,-1,-1,-1
347,10,202.12603759765625,327.7257995605469,425.557373046875,562.6475830078125,-1,-1,-1,-1
348,10,204.74728393554688,321.55377197265625,433.1650085449219,538.7669677734375,-1,-1,-1,-1
349,10,204.97825622558594,301.47601318359375,394.8934326171875,516.143798828125,-1,-1,-1,-1
350,10,210.44393920898438,302.52117919921875,391.0801696777344,491.74920654296875,-1,-1,-1,-1
351,10,224.2764129638672,304.33203125,393.77044677734375,473.65692138671875,-1,-1,-1,-1
352,10,232.79519653320312,306.6743469238281,372.2651062011719,457.0993347167969,-1,-1,-1,-1
353,10,238.72134399414062,317.9717102050781,399.8982238769531,446.1883239746094,-1,-1,-1,-1
354,10,244.09353637695312,324.2813415527344,413.3387756347656,435.0502624511719,-1,-1,-1,-1
355,10,207.40748596191406,326.875244140625,412.55963134765625,345.8812255859375,-1,-1,-1,-1
356,10,255.5242156982422,337.28973388671875,392.03424072265625,371.3602294921875,-1,-1,-1,-1
357,10,274.6431579589844,344.3486633300781,420.8894958496094,409.6704406738281,-1,-1,-1,-1
358,10,237.12196350097656,351.8600769042969,499.8199462890625,393.4413757324219,-1,-1,-1,-1
359,10,214.53530883789062,363.1231384277344,568.70654296875,431.0700378417969,-1,-1,-1,-1
360,10,275.35235595703125,356.53167724609375,535.6831665039062,378.758056640625,-1,-1,-1,-1
361,10,309.74066162109375,360.72198486328125,527.4879150390625,324.68218994140625,-1,-1,-1,-1
362,10,348.989013671875,360.4602355957031,490.8599853515625,301.1441345214844,-1,-1,-1,-1
363,10,329.2304382324219,358.8499755859375,515.529052734375,307.84320068359375,-1,-1,-1,-1
364,10,294.9392395019531,341.9017333984375,555.52001953125,323.69036865234375,-1,-1,-1,-1
365,10,328.9891357421875,313.8017883300781,535.8927001953125,329.5814514160156,-1,-1,-1,-1
366,10,293.4645080566406,298.2156066894531,586.5552978515625,334.4994201660156,-1,-1,-1,-1
367,10,339.6083068847656,300.89520263671875,482.5741882324219,342.35101318359375,-1,-1,-1,-1
368,10,370.4100646972656,296.6772155761719,516.2706298828125,353.1116638183594,-1,-1,-1,-1
369,10,377.4053955078125,301.4281311035156,516.626220703125,355.5110168457031,-1,-1,-1,-1
370,10,461.78125,314.83209228515625,434.85595703125,364.65191650390625,-1,-1,-1,-1
371,10,456.73223876953125,317.23602294921875,438.3948974609375,366.92706298828125,-1,-1,-1,-1
372,10,451.58184814453125,315.0787353515625,449.1048583984375,376.337646484375,-1,-1,-1,-1
373,10,482.6377258300781,316.7727966308594,428.4688415527344,374.8685607910156,-1,-1,-1,-1
374,10,501.61865234375,322.302734375,427.61474609375,378.9029541015625,-1,-1,-1,-1
375,10,530.5481567382812,320.39361572265625,409.23834228515625,427.74151611328125,-1,-1,-1,-1
376,10,564.4315795898438,333.26483154296875,387.21270751953125,564.7437133789062,-1,-1,-1,-1
377,10,611.4746704101562,341.5306091308594,347.46893310546875,442.6747741699219,-1,-1,-1,-1
378,10,638.3434448242188,354.3067626953125,332.39501953125,448.0831298828125,-1,-1,-1,-1
379,10,675.3513793945312,353.56353759765625,306.48095703125,444.031494140625,-1,-1,-1,-1
380,10,672.3731689453125,338.7680969238281,311.79443359375,451.2029113769531,-1,-1,-1,-1
381,10,692.1118774414062,343.3135986328125,295.02239990234375,442.5174560546875,-1,-1,-1,-1
382,10,693.2869262695312,340.5384521484375,306.02691650390625,449.00469970703125,-1,-1,-1,-1
383,10,705.3978881835938,344.67901611328125,312.160400390625,438.419921875,-1,-1,-1,-1
384,10,712.5899658203125,355.5805969238281,319.5526123046875,436.5166931152344,-1,-1,-1,-1
385,10,720.9409790039062,361.89166259765625,321.79730224609375,432.282470703125,-1,-1,-1,-1
386,10,727.21923828125,367.90966796875,323.6497802734375,426.0205078125,-1,-1,-1,-1
387,10,733.5451049804688,367.24090576171875,323.00311279296875,422.5125732421875,-1,-1,-1,-1
388,10,738.1588134765625,366.68438720703125,319.4698486328125,431.5361328125,-1,-1,-1,-1
389,10,741.5020141601562,359.5911865234375,320.19989013671875,435.10821533203125,-1,-1,-1,-1
390,10,739.901611328125,360.06280517578125,316.3529052734375,441.16827392578125,-1,-1,-1,-1
391,10,737.0826416015625,367.0331115722656,309.6356201171875,443.3742370605469,-1,-1,-1,-1
392,10,741.198974609375,368.0848388671875,296.9415283203125,487.83868408203125,-1,-1,-1,-1
393,10,732.81591796875,373.6527099609375,291.268798828125,498.96331787109375,-1,-1,-1,-1
394,10,727.4108276367188,388.43603515625,268.7880859375,459.01507568359375,-1,-1,-1,-1
395,10,687.0140380859375,381.95513916015625,266.9053955078125,475.3087158203125,-1,-1,-1,-1
396,10,621.256103515625,419.1091003417969,255.44781494140625,444.9643859863281,-1,-1,-1,-1
397,10,493.6158142089844,464.6777038574219,252.07138061523438,526.4951171875,-1,-1,-1,-1
398,10,316.71661376953125,527.73828125,284.00250244140625,556.8575439453125,-1,-1,-1,-1
399,10,172.2438507080078,592.48974609375,314.12213134765625,517.751220703125,-1,-1,-1,-1
400,10,106.05783081054688,624.05908203125,320.5647277832031,530.8876953125,-1,-1,-1,-1
401,10,72.0918197631836,653.5733642578125,331.8396911621094,535.281494140625,-1,-1,-1,-1
402,10,29.777585983276367,669.978759765625,363.8006591796875,550.4959716796875,-1,-1,-1,-1
403,10,4.838527679443359,705.8849487304688,416.44976806640625,643.8143920898438,-1,-1,-1,-1
404,10,5.165996551513672,727.1170043945312,569.4302978515625,679.6027221679688,-1,-1,-1,-1
405,10,2.039936065673828,729.4603271484375,629.7625122070312,674.834228515625,-1,-1,-1,-1
406,10,2.3170928955078125,749.3478393554688,587.9712524414062,655.3645629882812,-1,-1,-1,-1
407,10,1.5145339965820312,759.1805419921875,572.090087890625,646.6385498046875,-1,-1,-1,-1
408,10,2.346445083618164,786.0822143554688,598.377685546875,620.2474975585938,-1,-1,-1,-1
409,10,3.7753238677978516,789.7598876953125,576.4850463867188,614.4595947265625,-1,-1,-1,-1
410,10,5.104795455932617,763.05029296875,586.5305786132812,643.4189453125,-1,-1,-1,-1
411,10,11.10235595703125,705.64404296875,648.5911254882812,690.2435302734375,-1,-1,-1,-1
412,10,15.859109878540039,709.4967651367188,591.2705078125,543.0253295898438,-1,-1,-1,-1
413,10,21.72235107421875,716.7465209960938,585.0012817382812,498.96063232421875,-1,-1,-1,-1
414,10,17.879165649414062,746.1117553710938,627.3410034179688,486.14471435546875,-1,-1,-1,-1
415,10,17.087013244628906,803.3782958984375,640.153564453125,504.0828857421875,-1,-1,-1,-1
416,10,8.246696472167969,822.4874877929688,679.1715698242188,585.5745239257812,-1,-1,-1,-1
417,10,13.246576309204102,846.9017944335938,623.9544067382812,560.6892700195312,-1,-1,-1,-1
418,10,10.833759307861328,873.6304931640625,606.974365234375,534.8656005859375,-1,-1,-1,-1
419,10,5.490318298339844,892.802001953125,596.7120361328125,516.126953125,-1,-1,-1,-1
420,10,3.298492431640625,893.6376953125,584.059814453125,514.7581787109375,-1,-1,-1,-1
421,10,4.933004379272461,877.0582275390625,622.0237426757812,531.4757080078125,-1,-1,-1,-1
422,10,5.281412124633789,799.638671875,658.4495849609375,608.7965087890625,-1,-1,-1,-1
423,10,7.718021392822266,730.577880859375,621.3318481445312,507.0345458984375,-1,-1,-1,-1
424,10,10.628084182739258,675.6134033203125,644.6351928710938,500.3502197265625,-1,-1,-1,-1
425,10,19.84026527404785,635.8084106445312,621.1976928710938,455.56842041015625,-1,-1,-1,-1
426,10,38.58655548095703,606.9849243164062,617.84130859375,428.01263427734375,-1,-1,-1,-1
427,10,79.53011322021484,571.4595947265625,609.5984497070312,391.63409423828125,-1,-1,-1,-1
428,10,115.97161865234375,536.900390625,553.3099975585938,398.9859619140625,-1,-1,-1,-1
429,10,122.6357192993164,512.5870361328125,562.0209350585938,395.18975830078125,-1,-1,-1,-1
430,10,110.34260559082031,493.2923278808594,572.0189819335938,402.2676696777344,-1,-1,-1,-1
431,10,74.76702117919922,478.9184875488281,592.1793212890625,398.1237487792969,-1,-1,-1,-1
432,10,71.41952514648438,472.44873046875,601.6767578125,402.65679931640625,-1,-1,-1,-1
433,10,30.098445892333984,466.2015075683594,647.9371337890625,469.9740905761719,-1,-1,-1,-1
434,10,11.577068328857422,466.1138916015625,668.5496215820312,454.90753173828125,-1,-1,-1,-1
435,10,2.4933738708496094,466.977294921875,677.5885620117188,485.22625732421875,-1,-1,-1,-1
436,10,3.5990638732910156,475.4010925292969,706.857421875,525.9886474609375,-1,-1,-1,-1
437,10,4.990303039550781,480.28204345703125,707.6138916015625,504.91632080078125,-1,-1,-1,-1
438,10,-4.111896514892578,462.70172119140625,679.9450073242188,521.0957641601562,-1,-1,-1,-1
439,10,-8.601354598999023,437.6617736816406,693.3508911132812,559.5650634765625,-1,-1,-1,-1
440,10,-9.71556282043457,418.524169921875,667.123046875,559.674560546875,-1,-1,-1,-1
441,10,-12.012292861938477,420.686279296875,667.2899169921875,478.329833984375,-1,-1,-1,-1
442,10,-4.788570404052734,411.641357421875,631.8629760742188,454.1343994140625,-1,-1,-1,-1
443,10,-6.327829360961914,402.7228088378906,620.6691284179688,479.1928405761719,-1,-1,-1,-1
444,10,-4.27911376953125,337.0145263671875,611.8861083984375,512.4102783203125,-1,-1,-1,-1
445,10,-6.972255706787109,304.28173828125,582.720703125,537.5291137695312,-1,-1,-1,-1
446,10,-5.9916534423828125,335.49566650390625,597.3992309570312,469.51812744140625,-1,-1,-1,-1
447,10,-1.8551769256591797,334.5743713378906,589.1602783203125,445.9470520019531,-1,-1,-1,-1
448,10,-5.746030807495117,289.2100830078125,581.4664916992188,470.13897705078125,-1,-1,-1,-1
449,10,-2.535144805908203,304.2181396484375,601.5313720703125,483.77313232421875,-1,-1,-1,-1
450,10,-3.5075645446777344,253.2306365966797,614.0513305664062,560.5466918945312,-1,-1,-1,-1
451,10,-0.6920204162597656,245.36856079101562,618.0794677734375,567.425537109375,-1,-1,-1,-1
378,11,661.756591796875,305.27142333984375,37.14501953125,69.46377563476562,-1,-1,-1,-1
379,11,675.426513671875,300.06689453125,43.3856201171875,94.31228637695312,-1,-1,-1,-1
380,11,682.8374633789062,285.5133056640625,45.310302734375,107.8758544921875,-1,-1,-1,-1
381,11,683.33056640625,282.43035888671875,42.0477294921875,97.9024658203125,-1,-1,-1,-1
382,11,693.09912109375,282.31427001953125,34.28143310546875,80.84066772460938,-1,-1,-1,-1
383,11,699.385986328125,284.1728515625,30.1756591796875,70.48715209960938,-1,-1,-1,-1
384,11,698.0089721679688,292.85076904296875,32.00445556640625,72.93148803710938,-1,-1,-1,-1
385,11,698.3338012695312,292.50714111328125,32.30859375,75.97940063476562,-1,-1,-1,-1
386,11,696.7553100585938,291.0992736816406,32.7371826171875,81.4615478515625,-1,-1,-1,-1
387,11,691.96923828125,281.84893798828125,37.9620361328125,90.77792358398438,-1,-1,-1,-1
388,11,690.9434814453125,277.6368713378906,33.0357666015625,81.76904296875,-1,-1,-1,-1
389,11,687.3749389648438,264.50421142578125,32.178955078125,81.29867553710938,-1,-1,-1,-1
390,11,677.3588256835938,263.9950866699219,31.9501953125,76.89263916015625,-1,-1,-1,-1
391,11,666.341552734375,265.3298034667969,32.751708984375,72.27655029296875,-1,-1,-1,-1
392,11,655.5338134765625,263.1086730957031,33.46783447265625,75.72384643554688,-1,-1,-1,-1
393,11,637.929931640625,267.4091796875,34.61627197265625,77.702880859375,-1,-1,-1,-1
394,11,605.2482299804688,279.9825439453125,35.91937255859375,92.30661010742188,-1,-1,-1,-1
395,11,560.4321899414062,268.3151550292969,32.22039794921875,77.836181640625,-1,-1,-1,-1
396,11,482.31689453125,293.5888977050781,38.9744873046875,94.02505493164062,-1,-1,-1,-1
397,11,544.2596435546875,409.9676208496094,112.799072265625,112.49264526367188,-1,-1,-1,-1
399,12,839.81689453125,488.11456298828125,334.4432373046875,512.6678466796875,-1,-1,-1,-1
400,12,796.784423828125,507.1587829589844,305.11181640625,502.5065612792969,-1,-1,-1,-1
401,12,769.6064453125,513.5534057617188,297.7891845703125,498.21893310546875,-1,-1,-1,-1
402,12,744.3895874023438,530.4616088867188,293.41387939453125,486.30816650390625,-1,-1,-1,-1
403,12,715.4759521484375,532.1622314453125,280.99365234375,482.7432861328125,-1,-1,-1,-1
404,12,693.56298828125,526.9212646484375,272.8804931640625,479.5162353515625,-1,-1,-1,-1
405,12,689.0042114257812,527.5264892578125,259.06964111328125,470.3988037109375,-1,-1,-1,-1
406,12,690.6770629882812,527.6581420898438,244.8726806640625,462.48419189453125,-1,-1,-1,-1
407,12,694.3265380859375,508.2285461425781,232.26220703125,462.0433044433594,-1,-1,-1,-1
408,12,696.4873046875,498.16827392578125,216.52740478515625,458.32342529296875,-1,-1,-1,-1
409,12,703.0945434570312,489.59991455078125,203.93280029296875,456.8267822265625,-1,-1,-1,-1
410,12,729.5155029296875,467.58648681640625,203.00634765625,461.57598876953125,-1,-1,-1,-1
411,12,772.47119140625,427.6160888671875,214.23040771484375,467.32269287109375,-1,-1,-1,-1
412,12,807.95849609375,413.2911071777344,210.92584228515625,466.7701110839844,-1,-1,-1,-1
413,12,813.7781372070312,402.4402160644531,231.22369384765625,463.8271789550781,-1,-1,-1,-1
414,12,809.5281982421875,406.59796142578125,219.424560546875,489.342041015625,-1,-1,-1,-1
415,12,786.9519653320312,432.66015625,213.49713134765625,495.2421875,-1,-1,-1,-1
416,12,771.9552001953125,454.2387390136719,199.94329833984375,488.6368713378906,-1,-1,-1,-1
417,12,754.4954833984375,471.9365234375,198.0555419921875,479.1075439453125,-1,-1,-1,-1
418,12,740.4876708984375,467.8056945800781,193.787353515625,487.4693908691406,-1,-1,-1,-1
419,12,719.6210327148438,472.4277038574219,196.0623779296875,491.6459045410156,-1,-1,-1,-1
420,12,708.05810546875,474.0257568359375,206.64202880859375,493.913330078125,-1,-1,-1,-1
421,12,712.6251831054688,444.1788330078125,227.37835693359375,510.55853271484375,-1,-1,-1,-1
422,12,738.6695556640625,384.3345031738281,280.7520751953125,515.7640380859375,-1,-1,-1,-1
423,12,764.3667602539062,296.0636901855469,281.00616455078125,532.9468994140625,-1,-1,-1,-1
424,12,784.5886840820312,216.885498046875,278.06146240234375,540.7767333984375,-1,-1,-1,-1
425,12,794.7359619140625,122.84095764160156,308.738037109375,573.1871337890625,-1,-1,-1,-1
426,12,803.4102783203125,76.8561019897461,306.0576171875,571.720458984375,-1,-1,-1,-1
427,12,829.3164672851562,41.50660705566406,328.83367919921875,564.4957275390625,-1,-1,-1,-1
428,12,921.767333984375,14.546213150024414,229.8116455078125,553.1619873046875,-1,-1,-1,-1
429,12,894.0941162109375,5.221553802490234,268.81103515625,536.8301391601562,-1,-1,-1,-1
430,12,898.0073852539062,2.9452171325683594,236.64898681640625,507.3607482910156,-1,-1,-1,-1
431,12,905.4986572265625,-0.09897613525390625,226.0220947265625,482.27899169921875,-1,-1,-1,-1
432,12,920.1640014648438,1.5420608520507812,235.45281982421875,463.8228759765625,-1,-1,-1,-1
433,12,916.9215087890625,-2.0372066497802734,237.068115234375,440.2577819824219,-1,-1,-1,-1
434,12,908.9887084960938,0.308135986328125,243.51239013671875,418.7892150878906,-1,-1,-1,-1
435,12,880.7382202148438,-1.257223129272461,263.57781982421875,399.3915100097656,-1,-1,-1,-1
436,12,881.4225463867188,-11.364446640014648,268.39996337890625,403.34521484375,-1,-1,-1,-1
437,12,886.7425537109375,-28.16436767578125,275.9542236328125,409.3121337890625,-1,-1,-1,-1
438,12,881.8782348632812,-12.275518417358398,286.26788330078125,384.8531188964844,-1,-1,-1,-1
439,12,886.1434936523438,-11.520040512084961,279.15032958984375,374.0488586425781,-1,-1,-1,-1
440,12,874.6985473632812,-29.539514541625977,288.33673095703125,371.8114318847656,-1,-1,-1,-1
441,12,862.1339721679688,-15.429630279541016,298.04937744140625,333.4798278808594,-1,-1,-1,-1
442,12,846.9741821289062,-7.0220746994018555,303.80682373046875,301.4450988769531,-1,-1,-1,-1
443,12,844.5711669921875,-9.649347305297852,291.5631103515625,295.5731506347656,-1,-1,-1,-1
444,12,850.6325073242188,-24.3734130859375,275.80816650390625,291.1866455078125,-1,-1,-1,-1
445,12,869.87744140625,-6.427593231201172,245.3695068359375,268.41925048828125,-1,-1,-1,-1
446,12,903.3833618164062,-2.886322021484375,213.96710205078125,241.490478515625,-1,-1,-1,-1
447,12,945.2883911132812,-0.8230352401733398,179.73541259765625,231.65826416015625,-1,-1,-1,-1
448,12,967.0712890625,1.9721155166625977,163.801025390625,220.1201934814453,-1,-1,-1,-1
449,12,964.2161254882812,2.71987247467041,157.82489013671875,218.45225524902344,-1,-1,-1,-1
450,12,962.0571899414062,1.518509864807129,165.16888427734375,228.04139709472656,-1,-1,-1,-1
451,12,958.0028686523438,-0.18336105346679688,187.70928955078125,244.45970153808594,-1,-1,-1,-1
431,13,10.811603546142578,471.33624267578125,757.7526245117188,937.5800170898438,-1,-1,-1,-1
432,13,8.3194580078125,467.5680236816406,737.706787109375,943.282958984375,-1,-1,-1,-1
433,13,4.83697509765625,468.6255187988281,772.2606201171875,941.415771484375,-1,-1,-1,-1
434,13,-2.1420059204101562,463.8258361816406,788.3511962890625,947.1995849609375,-1,-1,-1,-1
435,13,-3.7934913635253906,460.5642395019531,735.28759765625,947.479248046875,-1,-1,-1,-1
436,13,-4.6602935791015625,472.0664367675781,722.9522094726562,785.551025390625,-1,-1,-1,-1
437,13,-0.4626579284667969,481.0616455078125,726.57470703125,652.3953857421875,-1,-1,-1,-1
438,13,-3.5985164642333984,461.36114501953125,681.363037109375,588.1449584960938,-1,-1,-1,-1
