5,1,683.694580078125,465.11932373046875,737.955810546875,590.7359008789062,-1,-1,-1,-1
6,1,771.5865478515625,513.6342163085938,645.058349609375,552.7969360351562,-1,-1,-1,-1
7,1,859.2813110351562,543.5515747070312,556.1926879882812,500.77191162109375,-1,-1,-1,-1
8,1,814.0855712890625,586.9195556640625,605.013916015625,468.55615234375,-1,-1,-1,-1
9,1,787.2003784179688,630.0559692382812,621.6663208007812,455.99200439453125,-1,-1,-1,-1
10,1,740.5006103515625,641.4080810546875,668.5308837890625,489.77001953125,-1,-1,-1,-1
11,1,626.0244750976562,636.2669677734375,785.3876342773438,572.456298828125,-1,-1,-1,-1
12,1,597.6138305664062,644.2520141601562,812.1073608398438,734.3587036132812,-1,-1,-1,-1
13,1,502.40972900390625,647.1868286132812,908.2550659179688,761.7412719726562,-1,-1,-1,-1
14,1,561.7041625976562,654.2311401367188,857.1249389648438,735.2290649414062,-1,-1,-1,-1
15,1,557.0113525390625,659.5687866210938,844.8785400390625,748.2197875976562,-1,-1,-1,-1
16,1,566.2842407226562,704.551025390625,822.4981079101562,703.75048828125,-1,-1,-1,-1
17,1,478.2627258300781,681.8058471679688,924.92822265625,726.5114135742188,-1,-1,-1,-1
18,1,420.6841735839844,693.953857421875,989.1676025390625,715.214111328125,-1,-1,-1,-1
19,1,483.71307373046875,741.4749145507812,933.6690063476562,667.0834350585938,-1,-1,-1,-1
20,1,510.3177795410156,723.6052856445312,893.6632080078125,684.2597045898438,-1,-1,-1,-1
21,1,462.2690734863281,696.3980102539062,935.564208984375,711.3080444335938,-1,-1,-1,-1
22,1,465.44403076171875,732.7122192382812,929.0333862304688,675.1757202148438,-1,-1,-1,-1
23,1,551.8916015625,706.6588134765625,841.9898681640625,700.6107177734375,-1,-1,-1,-1
24,1,618.1748657226562,699.2955932617188,758.9700317382812,707.0049438476562,-1,-1,-1,-1
25,1,725.0478515625,729.3746948242188,666.019775390625,450.83612060546875,-1,-1,-1,-1
26,1,732.0909423828125,745.8728637695312,653.06689453125,416.27703857421875,-1,-1,-1,-1
27,1,812.000732421875,755.4227294921875,576.3348388671875,437.919189453125,-1,-1,-1,-1
28,1,821.76513671875,750.0850219726562,572.56396484375,426.66339111328125,-1,-1,-1,-1
29,1,843.9493408203125,737.8462524414062,554.7183837890625,418.63311767578125,-1,-1,-1,-1
30,1,834.1996459960938,774.6920166015625,541.3018188476562,401.3939208984375,-1,-1,-1,-1
31,1,818.1522216796875,729.0830078125,558.098388671875,483.6142578125,-1,-1,-1,-1
32,1,806.3009033203125,725.4417724609375,572.455322265625,532.8504638671875,-1,-1,-1,-1
33,1,800.4403686523438,757.7679443359375,582.9347534179688,502.1241455078125,-1,-1,-1,-1
34,1,754.154296875,755.0346069335938,631.380126953125,470.02374267578125,-1,-1,-1,-1
35,1,688.4783935546875,763.2154541015625,689.7845458984375,541.4261474609375,-1,-1,-1,-1
36,1,614.10595703125,776.79736328125,763.267333984375,632.0501708984375,-1,-1,-1,-1
37,1,621.45263671875,838.146484375,743.329345703125,572.090576171875,-1,-1,-1,-1
38,1,625.544189453125,867.5601196289062,723.7574462890625,541.3394165039062,-1,-1,-1,-1
39,1,498.3497314453125,900.7463989257812,840.7589111328125,507.56500244140625,-1,-1,-1,-1
40,1,469.6038513183594,938.5179443359375,836.7275390625,471.3594970703125,-1,-1,-1,-1
41,1,478.93035888671875,902.7417602539062,837.7536010742188,507.73394775390625,-1,-1,-1,-1
42,1,319.6564636230469,929.100341796875,930.748779296875,482.3389892578125,-1,-1,-1,-1
43,1,381.3985595703125,872.9853515625,816.40771484375,536.286865234375,-1,-1,-1,-1
44,1,373.8064880371094,876.1895141601562,791.4609375,532.6818237304688,-1,-1,-1,-1
45,1,315.6625061035156,884.94287109375,887.4154052734375,525.314208984375,-1,-1,-1,-1
46,1,277.90460205078125,810.4302978515625,1059.0927734375,599.234375,-1,-1,-1,-1
47,1,402.2789306640625,786.5548706054688,966.2327880859375,621.7349243164062,-1,-1,-1,-1
48,1,420.06671142578125,780.566650390625,974.9295043945312,626.4466552734375,-1,-1,-1,-1
49,1,365.20465087890625,760.9296875,1039.0361328125,645.604248046875,-1,-1,-1,-1
50,1,340.029052734375,737.5224609375,1063.7340087890625,669.89013671875,-1,-1,-1,-1
51,1,381.43304443359375,754.0490112304688,1017.8489379882812,652.4149780273438,-1,-1,-1,-1
52,1,467.8668518066406,762.9984130859375,934.400634765625,642.0504150390625,-1,-1,-1,-1
53,1,426.24993896484375,800.1259155273438,973.8727416992188,606.0829467773438,-1,-1,-1,-1
54,1,401.4222106933594,846.6675415039062,987.0830078125,558.7391967773438,-1,-1,-1,-1
55,1,294.4159240722656,883.0828247070312,1002.2947998046875,523.1636352539062,-1,-1,-1,-1
56,1,293.08843994140625,840.65869140625,1053.23779296875,565.250732421875,-1,-1,-1,-1
57,1,404.2911376953125,841.9953002929688,978.9305419921875,567.4902954101562,-1,-1,-1,-1
58,1,358.21343994140625,846.13818359375,1034.703857421875,562.705810546875,-1,-1,-1,-1
59,1,324.02203369140625,892.5789794921875,1033.5107421875,517.9510498046875,-1,-1,-1,-1
60,1,291.5488586425781,909.2413940429688,1042.017333984375,500.34967041015625,-1,-1,-1,-1
61,1,392.35040283203125,934.9239501953125,925.9686889648438,475.2633056640625,-1,-1,-1,-1
62,1,412.7513732910156,981.7914428710938,883.03369140625,426.52545166015625,-1,-1,-1,-1
63,1,470.2060241699219,985.8983764648438,820.4473876953125,422.07525634765625,-1,-1,-1,-1
64,1,578.9078369140625,981.9143676757812,744.44384765625,426.10614013671875,-1,-1,-1,-1
65,1,715.3816528320312,910.6442260742188,665.3096313476562,497.38763427734375,-1,-1,-1,-1
66,1,573.3388061523438,899.6126708984375,790.2905883789062,506.6468505859375,-1,-1,-1,-1
67,1,637.0516357421875,907.7274169921875,698.771728515625,499.1556396484375,-1,-1,-1,-1
68,1,734.240234375,902.6529541015625,634.48388671875,506.2886962890625,-1,-1,-1,-1
69,1,772.4839477539062,905.7496337890625,614.5043334960938,504.551025390625,-1,-1,-1,-1
70,1,653.2298583984375,898.364013671875,746.87890625,510.146484375,-1,-1,-1,-1
71,1,554.78076171875,875.5640869140625,828.9287109375,534.4700927734375,-1,-1,-1,-1
72,1,489.2036437988281,863.691162109375,898.3087158203125,545.432861328125,-1,-1,-1,-1
73,1,519.6239624023438,866.7052001953125,855.3923950195312,543.3597412109375,-1,-1,-1,-1
74,1,551.4970092773438,885.9088134765625,824.4725952148438,522.7091064453125,-1,-1,-1,-1
75,1,477.97784423828125,851.1889038085938,899.8281860351562,556.2616577148438,-1,-1,-1,-1
76,1,467.5159606933594,918.7349853515625,904.969482421875,488.08447265625,-1,-1,-1,-1
77,1,308.5809631347656,912.0626220703125,1004.8638916015625,497.439453125,-1,-1,-1,-1
78,1,318.40679931640625,926.8418579101562,940.4979858398438,484.44097900390625,-1,-1,-1,-1
79,1,246.87939453125,889.0150146484375,1026.9576416015625,523.8541259765625,-1,-1,-1,-1
80,1,220.92166137695312,879.5369873046875,1025.69287109375,532.286376953125,-1,-1,-1,-1
81,1,308.3156433105469,915.7561645507812,938.70556640625,493.48602294921875,-1,-1,-1,-1
82,1,234.6722412109375,903.6292724609375,978.6885986328125,507.9761962890625,-1,-1,-1,-1
83,1,186.12855529785156,891.6211547851562,1078.8485107421875,517.7024536132812,-1,-1,-1,-1
84,1,190.5603790283203,894.6011352539062,1121.4837646484375,514.9027709960938,-1,-1,-1,-1
85,1,302.36376953125,909.6396484375,971.3941650390625,498.173583984375,-1,-1,-1,-1
86,1,345.18017578125,950.802978515625,864.2681884765625,457.781494140625,-1,-1,-1,-1
87,1,467.84930419921875,1000.471923828125,884.0421752929688,406.732421875,-1,-1,-1,-1
88,1,754.0655517578125,1061.5054931640625,442.5517578125,347.0657958984375,-1,-1,-1,-1
89,1,761.3787841796875,1072.817138671875,480.280029296875,336.564453125,-1,-1,-1,-1
90,1,703.3106079101562,1110.2318115234375,472.00299072265625,298.9000244140625,-1,-1,-1,-1
91,1,694.338134765625,1083.22509765625,459.1705322265625,325.51318359375,-1,-1,-1,-1
11,2,651.2459106445312,7.078336715698242,350.53955078125,337.67535400390625,-1,-1,-1,-1
12,2,653.487548828125,6.498678207397461,357.500244140625,344.79132080078125,-1,-1,-1,-1
13,2,665.5061645507812,8.138980865478516,364.17742919921875,332.7023010253906,-1,-1,-1,-1
14,2,673.167236328125,7.881126403808594,364.7705078125,300.86859130859375,-1,-1,-1,-1
15,2,688.8908081054688,12.46528148651123,331.69989013671875,274.8731689453125,-1,-1,-1,-1
16,2,707.709716796875,5.92753791809082,345.8992919921875,281.171142578125,-1,-1,-1,-1
17,2,734.8982543945312,1.2981901168823242,331.02166748046875,288.2085876464844,-1,-1,-1,-1
18,2,750.9425048828125,2.48287296295166,326.475341796875,295.0036315917969,-1,-1,-1,-1
19,2,769.018310546875,0.036675453186035156,324.7366943359375,306.3405456542969,-1,-1,-1,-1
20,2,786.96044921875,-1.2616291046142578,312.7332763671875,311.5661315917969,-1,-1,-1,-1
21,2,796.5604248046875,-1.7994937896728516,308.978515625,338.0721740722656,-1,-1,-1,-1
22,2,790.752197265625,-2.2009830474853516,313.2841796875,369.9193420410156,-1,-1,-1,-1
23,2,785.1654052734375,-4.151424407958984,323.4298095703125,394.0115051269531,-1,-1,-1,-1
24,2,774.70654296875,-13.221817016601562,340.653076171875,411.7645263671875,-1,-1,-1,-1
25,2,772.373046875,-8.494373321533203,340.669189453125,412.194091796875,-1,-1,-1,-1
26,2,772.1632080078125,-13.399188995361328,336.2806396484375,422.30230712890625,-1,-1,-1,-1
27,2,767.8028564453125,-15.894670486450195,350.677001953125,433.9118957519531,-1,-1,-1,-1
28,2,773.0613403320312,-6.720611572265625,358.07244873046875,431.0145568847656,-1,-1,-1,-1
29,2,795.2310791015625,-3.7452774047851562,335.166015625,429.63873291015625,-1,-1,-1,-1
30,2,806.8773193359375,-0.4145069122314453,321.4542236328125,429.390869140625,-1,-1,-1,-1
31,2,811.06494140625,0.933868408203125,320.572509765625,436.755615234375,-1,-1,-1,-1
32,2,805.35546875,5.675348281860352,301.2109375,444.0978698730469,-1,-1,-1,-1
33,2,798.5133666992188,3.2492504119873047,310.99102783203125,459.7763977050781,-1,-1,-1,-1
34,2,789.7025146484375,3.7645397186279297,316.8892822265625,470.85772705078125,-1,-1,-1,-1
35,2,786.15380859375,0.6952743530273438,327.3392333984375,494.8063049316406,-1,-1,-1,-1
36,2,780.1258544921875,2.9565258026123047,326.1485595703125,518.398193359375,-1,-1,-1,-1
37,2,770.26904296875,4.18751335144043,332.009521484375,541.766845703125,-1,-1,-1,-1
38,2,762.0634765625,11.775442123413086,339.4185791015625,545.2404174804688,-1,-1,-1,-1
39,2,754.01123046875,25.363784790039062,331.57421875,541.9351806640625,-1,-1,-1,-1
40,2,743.2916870117188,41.88587951660156,331.12115478515625,534.5221557617188,-1,-1,-1,-1
41,2,732.4458618164062,59.730979919433594,330.44708251953125,524.5091552734375,-1,-1,-1,-1
42,2,721.32373046875,64.3808364868164,326.953857421875,517.937255859375,-1,-1,-1,-1
43,2,711.1336059570312,74.39456939697266,321.66741943359375,504.5978088378906,-1,-1,-1,-1
44,2,701.1221313476562,86.56859588623047,316.456787109375,492.01873779296875,-1,-1,-1,-1
45,2,691.57275390625,82.62457275390625,309.58782958984375,484.405029296875,-1,-1,-1,-1
46,2,684.356689453125,81.29611206054688,296.42510986328125,479.2488708496094,-1,-1,-1,-1
47,2,671.7608032226562,81.58061218261719,287.32379150390625,469.20233154296875,-1,-1,-1,-1
48,2,651.8193359375,79.44532775878906,287.02490234375,466.1533203125,-1,-1,-1,-1
49,2,635.5042724609375,83.66004180908203,280.4208984375,463.77972412109375,-1,-1,-1,-1
50,2,628.234619140625,92.95654296875,267.91796875,457.1976318359375,-1,-1,-1,-1
51,2,622.9075927734375,101.67290496826172,259.05096435546875,447.00714111328125,-1,-1,-1,-1
52,2,622.0443115234375,109.86183166503906,252.662109375,438.24664306640625,-1,-1,-1,-1
53,2,621.6436767578125,118.89022064208984,247.6949462890625,427.6570739746094,-1,-1,-1,-1
54,2,622.106201171875,133.66366577148438,244.3140869140625,413.3556213378906,-1,-1,-1,-1
55,2,629.0863647460938,148.05735778808594,236.3209228515625,405.7724609375,-1,-1,-1,-1
56,2,638.248779296875,177.4810028076172,230.7440185546875,381.7337646484375,-1,-1,-1,-1
57,2,649.63037109375,201.95938110351562,228.87689208984375,369.1277160644531,-1,-1,-1,-1
58,2,663.8753051757812,229.3146209716797,229.1336669921875,373.627685546875,-1,-1,-1,-1
59,2,678.54541015625,257.5041198730469,230.0399169921875,371.2578430175781,-1,-1,-1,-1
60,2,696.2893676757812,283.2447509765625,232.973388671875,348.9075927734375,-1,-1,-1,-1
61,2,713.98486328125,307.1968994140625,242.83984375,329.536865234375,-1,-1,-1,-1
62,2,734.698486328125,332.4853210449219,249.8741455078125,326.4181213378906,-1,-1,-1,-1
63,2,742.7675170898438,354.7134094238281,264.46990966796875,328.9339294433594,-1,-1,-1,-1
64,2,759.85595703125,366.5125427246094,262.8067626953125,316.7541809082031,-1,-1,-1,-1
65,2,777.5632934570312,369.7643127441406,264.74163818359375,313.3741149902344,-1,-1,-1,-1
66,2,779.710205078125,367.9516906738281,292.94482421875,325.2277526855469,-1,-1,-1,-1
67,2,802.6124877929688,363.52154541015625,293.62261962890625,340.33648681640625,-1,-1,-1,-1
68,2,811.37548828125,353.796630859375,306.35546875,338.16412353515625,-1,-1,-1,-1
69,2,824.0874633789062,341.7948913574219,310.46246337890625,342.3954162597656,-1,-1,-1,-1
70,2,836.1473388671875,341.0543212890625,312.5426025390625,330.7701416015625,-1,-1,-1,-1
71,2,847.0266723632812,332.5904846191406,313.87261962890625,323.0586853027344,-1,-1,-1,-1
72,2,845.572265625,290.07073974609375,324.256103515625,349.3756103515625,-1,-1,-1,-1
73,2,831.5971069335938,272.4698181152344,336.48651123046875,359.3360290527344,-1,-1,-1,-1
74,2,830.7950439453125,259.5286560058594,336.829833984375,362.3964538574219,-1,-1,-1,-1
75,2,830.1409301757812,244.777099609375,339.15533447265625,369.77685546875,-1,-1,-1,-1
76,2,832.4927368164062,240.88565063476562,345.15570068359375,369.9145812988281,-1,-1,-1,-1
77,2,834.4940185546875,236.72225952148438,356.2728271484375,368.6533508300781,-1,-1,-1,-1
78,2,857.868408203125,225.3372039794922,352.646484375,365.616943359375,-1,-1,-1,-1
79,2,876.367431640625,268.2233581542969,354.7540283203125,301.9031066894531,-1,-1,-1,-1
80,2,867.9730224609375,217.69236755371094,386.9189453125,356.4344482421875,-1,-1,-1,-1
81,2,900.9002685546875,231.7059783935547,386.2139892578125,358.03564453125,-1,-1,-1,-1
82,2,928.7900390625,246.8081512451172,378.1424560546875,359.05267333984375,-1,-1,-1,-1
83,2,952.6671752929688,271.4244079589844,382.22381591796875,348.7960510253906,-1,-1,-1,-1
84,2,977.3156127929688,286.9197692871094,386.30999755859375,350.4840393066406,-1,-1,-1,-1
85,2,989.1272583007812,319.5484924316406,391.27105712890625,339.4826965332031,-1,-1,-1,-1
86,2,976.7833862304688,318.66949462890625,414.12408447265625,365.3934326171875,-1,-1,-1,-1
87,2,986.077392578125,325.89031982421875,406.966552734375,379.41485595703125,-1,-1,-1,-1
88,2,996.9219970703125,339.22406005859375,401.4254150390625,379.68841552734375,-1,-1,-1,-1
89,2,1004.4221801757812,347.1367492675781,396.75982666015625,385.4828796386719,-1,-1,-1,-1
90,2,972.975341796875,357.08740234375,427.4468994140625,390.08245849609375,-1,-1,-1,-1
91,2,967.7327880859375,348.08966064453125,432.20166015625,400.73248291015625,-1,-1,-1,-1
92,2,961.8016357421875,326.8552551269531,439.546630859375,416.3534240722656,-1,-1,-1,-1
93,2,970.3877563476562,300.5760192871094,434.67669677734375,428.3437805175781,-1,-1,-1,-1
94,2,971.5654296875,273.30999755859375,437.3902587890625,439.68939208984375,-1,-1,-1,-1
95,2,972.43212890625,279.6880187988281,435.4130859375,412.2245178222656,-1,-1,-1,-1
96,2,982.806640625,260.01055908203125,422.623779296875,363.6348876953125,-1,-1,-1,-1
97,2,971.1507568359375,210.24258422851562,437.345458984375,466.2518005371094,-1,-1,-1,-1
98,2,968.2869873046875,204.10983276367188,439.153564453125,458.1047668457031,-1,-1,-1,-1
99,2,977.7770385742188,201.4578857421875,423.52532958984375,406.046142578125,-1,-1,-1,-1
100,2,958.9030151367188,187.3730926513672,448.83843994140625,464.10552978515625,-1,-1,-1,-1
101,2,947.33056640625,177.5260467529297,461.7235107421875,464.34503173828125,-1,-1,-1,-1
102,2,979.00341796875,208.60458374023438,429.6800537109375,421.8426818847656,-1,-1,-1,-1
103,2,997.7919311523438,218.8885955810547,416.75543212890625,401.27056884765625,-1,-1,-1,-1
104,2,1008.1575927734375,201.75608825683594,413.0028076171875,415.5621337890625,-1,-1,-1,-1
105,2,1021.0618286132812,211.115966796875,395.67132568359375,391.64971923828125,-1,-1,-1,-1
106,2,1036.757080078125,279.18072509765625,376.7122802734375,335.465576171875,-1,-1,-1,-1
107,2,1060.8863525390625,248.05911254882812,349.5157470703125,301.7929992675781,-1,-1,-1,-1
108,2,1075.57861328125,233.99960327148438,334.4813232421875,279.49700927734375,-1,-1,-1,-1
109,2,1081.95068359375,239.92701721191406,326.258056640625,280.7738037109375,-1,-1,-1,-1
110,2,1088.80712890625,259.1345520019531,317.1112060546875,277.0318298339844,-1,-1,-1,-1
111,2,1096.4705810546875,229.25767517089844,307.977783203125,282.8548583984375,-1,-1,-1,-1
112,2,1098.8173828125,244.13418579101562,307.721435546875,244.81793212890625,-1,-1,-1,-1
113,2,1115.3778076171875,301.0404052734375,286.4813232421875,291.99993896484375,-1,-1,-1,-1
114,2,1105.99609375,223.75733947753906,299.87451171875,395.40435791015625,-1,-1,-1,-1
115,2,1108.8970947265625,225.01544189453125,297.9573974609375,398.54193115234375,-1,-1,-1,-1
116,2,1109.0213623046875,208.13119506835938,296.8970947265625,419.0714416503906,-1,-1,-1,-1
117,2,1115.2794189453125,227.26353454589844,294.412109375,405.52313232421875,-1,-1,-1,-1
118,2,1123.1724853515625,210.42112731933594,288.265625,419.7413330078125,-1,-1,-1,-1
119,2,1128.8250732421875,187.26382446289062,279.1739501953125,422.1092834472656,-1,-1,-1,-1
120,2,1135.16455078125,156.74917602539062,275.57275390625,433.3132629394531,-1,-1,-1,-1
121,2,1146.86572265625,193.30870056152344,262.9273681640625,385.9539794921875,-1,-1,-1,-1
122,2,1152.403076171875,210.86392211914062,253.73291015625,345.1137390136719,-1,-1,-1,-1
123,2,1156.7408447265625,236.90414428710938,244.9619140625,293.5293884277344,-1,-1,-1,-1
124,2,1160.3558349609375,251.8128662109375,238.4818115234375,265.2161865234375,-1,-1,-1,-1
125,2,1163.31689453125,222.6635284423828,239.051513671875,291.40936279296875,-1,-1,-1,-1
126,2,1163.17236328125,210.33428955078125,237.2464599609375,313.79290771484375,-1,-1,-1,-1
127,2,1149.2489013671875,191.2572784423828,248.9267578125,330.90350341796875,-1,-1,-1,-1
128,2,1108.94287109375,180.73223876953125,290.29150390625,325.60040283203125,-1,-1,-1,-1
129,2,1059.982421875,167.69998168945312,348.840087890625,340.9815979003906,-1,-1,-1,-1
130,2,1044.9228515625,172.30551147460938,362.3475341796875,342.4502258300781,-1,-1,-1,-1
131,2,1034.880859375,173.79603576660156,372.6268310546875,341.79351806640625,-1,-1,-1,-1
132,2,1029.7635498046875,163.85043334960938,375.818115234375,350.1861877441406,-1,-1,-1,-1
133,2,1027.0440673828125,158.62234497070312,368.0067138671875,351.9765930175781,-1,-1,-1,-1
134,2,1019.224609375,139.96112060546875,384.2164306640625,365.5726318359375,-1,-1,-1,-1
135,2,1023.190673828125,141.637939453125,347.971435546875,356.51837158203125,-1,-1,-1,-1
136,2,1024.9856567382812,138.82521057128906,330.38250732421875,338.00341796875,-1,-1,-1,-1
137,2,1023.6249389648438,103.9637451171875,349.31890869140625,342.8407897949219,-1,-1,-1,-1
138,2,1026.2362060546875,96.16075897216797,319.28662109375,353.91925048828125,-1,-1,-1,-1
139,2,1023.7871704101562,80.69422912597656,315.55560302734375,400.20782470703125,-1,-1,-1,-1
140,2,1026.81298828125,49.54682159423828,320.532470703125,437.85955810546875,-1,-1,-1,-1
141,2,972.5831298828125,50.00023651123047,396.2244873046875,445.8526916503906,-1,-1,-1,-1
142,2,909.0256958007812,36.469024658203125,469.47955322265625,461.5201110839844,-1,-1,-1,-1
143,2,867.61083984375,26.327980041503906,509.5445556640625,473.66595458984375,-1,-1,-1,-1
144,2,849.1777954101562,20.45831871032715,515.9396362304688,479.4941101074219,-1,-1,-1,-1
145,2,847.473388671875,18.434255599975586,485.59765625,473.6810607910156,-1,-1,-1,-1
146,2,852.0184326171875,18.010421752929688,455.8760986328125,431.16558837890625,-1,-1,-1,-1
147,2,854.4842529296875,13.585416793823242,440.4625244140625,430.118896484375,-1,-1,-1,-1
148,2,851.669189453125,10.94680404663086,435.288818359375,432.8294982910156,-1,-1,-1,-1
149,2,855.984375,7.9725189208984375,430.2926025390625,417.08538818359375,-1,-1,-1,-1
150,2,859.6156616210938,3.606931686401367,373.06756591796875,403.4387512207031,-1,-1,-1,-1
151,2,856.0369873046875,9.72892951965332,308.3194580078125,389.76171875,-1,-1,-1,-1
152,2,850.633544921875,15.870019912719727,297.0238037109375,380.5405578613281,-1,-1,-1,-1
153,2,833.4732055664062,8.588201522827148,326.97454833984375,379.7878112792969,-1,-1,-1,-1
154,2,783.0112915039062,10.213838577270508,420.01104736328125,370.5487365722656,-1,-1,-1,-1
155,2,733.5108642578125,8.648416519165039,458.181640625,376.6402282714844,-1,-1,-1,-1
156,2,692.229736328125,-33.07080841064453,414.7152099609375,415.567626953125,-1,-1,-1,-1
157,2,683.8924560546875,-29.090587615966797,399.9681396484375,423.1724548339844,-1,-1,-1,-1
158,2,687.032958984375,-12.029056549072266,342.733154296875,404.7086181640625,-1,-1,-1,-1
159,2,685.4692993164062,-4.428350448608398,334.00714111328125,376.6513671875,-1,-1,-1,-1
160,2,681.3280029296875,-49.7031364440918,327.84161376953125,424.0354309082031,-1,-1,-1,-1
161,2,680.0309448242188,-15.735488891601562,312.052978515625,370.7371826171875,-1,-1,-1,-1
162,2,674.9095458984375,-18.324419021606445,304.43487548828125,360.7209167480469,-1,-1,-1,-1
163,2,659.1152954101562,-3.0198545455932617,295.53363037109375,344.9522399902344,-1,-1,-1,-1
164,2,605.0186767578125,-0.09998321533203125,286.40380859375,336.3545837402344,-1,-1,-1,-1
165,2,608.7245483398438,5.991518974304199,237.792236328125,320.6475830078125,-1,-1,-1,-1
166,2,569.0023193359375,-1.4608840942382812,262.83526611328125,323.4132995605469,-1,-1,-1,-1
167,2,524.8818969726562,-7.4462127685546875,302.28460693359375,327.14599609375,-1,-1,-1,-1
168,2,473.9150390625,-12.905006408691406,346.42364501953125,331.7345886230469,-1,-1,-1,-1
169,2,462.22900390625,-24.74515151977539,355.06231689453125,340.5173645019531,-1,-1,-1,-1
170,2,425.12799072265625,-7.365992546081543,400.24005126953125,320.8641662597656,-1,-1,-1,-1
171,2,433.87896728515625,-8.012653350830078,380.31317138671875,312.7640380859375,-1,-1,-1,-1
172,2,553.9412841796875,1.6367788314819336,251.41253662109375,308.98895263671875,-1,-1,-1,-1
173,2,525.9093017578125,-7.99099063873291,268.769775390625,315.2239685058594,-1,-1,-1,-1
174,2,423.536376953125,-46.26677703857422,360.39154052734375,352.15692138671875,-1,-1,-1,-1
175,2,392.4590759277344,-36.61985397338867,353.7279357910156,335.0635070800781,-1,-1,-1,-1
176,2,373.8525695800781,-55.84941864013672,334.2401428222656,351.0887145996094,-1,-1,-1,-1
177,2,339.5936279296875,-55.359066009521484,310.5936279296875,352.3199462890625,-1,-1,-1,-1
178,2,326.6450500488281,-3.686635971069336,280.4687194824219,440.3590087890625,-1,-1,-1,-1
179,2,321.6861877441406,-1.3008842468261719,256.7037658691406,319.7346496582031,-1,-1,-1,-1
180,2,320.4528503417969,4.062478065490723,260.4964294433594,332.0693359375,-1,-1,-1,-1
184,2,317.1810302734375,-4.201956748962402,244.28546142578125,264.6287536621094,-1,-1,-1,-1
185,2,302.9726257324219,2.4345226287841797,229.52987670898438,272.1436767578125,-1,-1,-1,-1
186,2,265.63226318359375,7.21861457824707,250.1907958984375,306.6352844238281,-1,-1,-1,-1
187,2,233.48170471191406,8.984728813171387,273.05255126953125,318.6029968261719,-1,-1,-1,-1
188,2,197.27342224121094,0.5672492980957031,289.55413818359375,295.9407653808594,-1,-1,-1,-1
189,2,186.8534393310547,-4.9283342361450195,325.93408203125,297.8524169921875,-1,-1,-1,-1
190,2,135.8223876953125,-0.6815195083618164,271.35260009765625,296.42364501953125,-1,-1,-1,-1
191,2,76.96296691894531,-18.483097076416016,294.7542724609375,318.07196044921875,-1,-1,-1,-1
192,2,22.587989807128906,6.009258270263672,346.6504821777344,300.8074035644531,-1,-1,-1,-1
193,2,-1.00946044921875,-3.4234628677368164,363.16265869140625,307.30511474609375,-1,-1,-1,-1
194,2,14.112067222595215,6.695572853088379,311.05303955078125,291.639404296875,-1,-1,-1,-1
195,2,5.311278343200684,2.5860986709594727,277.63970947265625,311.508056640625,-1,-1,-1,-1
196,2,2.065375328063965,2.877396583557129,252.0367431640625,343.8145446777344,-1,-1,-1,-1
88,3,9.479761123657227,547.1074829101562,645.3984375,863.8301391601562,-1,-1,-1,-1
89,3,5.5743255615234375,577.5108032226562,707.0146484375,834.2894897460938,-1,-1,-1,-1
90,3,2.4356765747070312,624.19140625,947.8695068359375,788.3043212890625,-1,-1,-1,-1
91,3,4.290550231933594,657.2725830078125,1047.56884765625,749.388916015625,-1,-1,-1,-1
92,3,11.090858459472656,627.2661743164062,1130.804443359375,780.0232543945312,-1,-1,-1,-1
93,3,122.86915588378906,607.7595825195312,1044.95556640625,798.7246704101562,-1,-1,-1,-1
94,3,71.66886901855469,515.9808959960938,1085.9615478515625,892.1626586914062,-1,-1,-1,-1
95,3,92.76102447509766,495.20391845703125,1016.5429077148438,914.5607299804688,-1,-1,-1,-1
96,3,70.01666259765625,453.3885192871094,963.8994750976562,955.1650390625,-1,-1,-1,-1
97,3,15.283500671386719,533.0095825195312,901.5263671875,875.8690795898438,-1,-1,-1,-1
98,3,-1.5344009399414062,452.694580078125,957.9052734375,958.17724609375,-1,-1,-1,-1
99,3,11.629520416259766,516.408447265625,906.1220092773438,893.930908203125,-1,-1,-1,-1
100,3,4.7005157470703125,526.5410766601562,922.7481079101562,884.6007690429688,-1,-1,-1,-1
101,3,-1.1354713439941406,522.6385498046875,897.1488647460938,889.5950927734375,-1,-1,-1,-1
102,3,-4.213779449462891,486.31146240234375,897.4700927734375,924.9762573242188,-1,-1,-1,-1
103,3,-0.10182952880859375,473.3474426269531,945.906982421875,938.494140625,-1,-1,-1,-1
104,3,13.084373474121094,388.9198303222656,1007.7195434570312,1023.056396484375,-1,-1,-1,-1
105,3,13.222846984863281,384.0009765625,1053.0179443359375,1026.607421875,-1,-1,-1,-1
106,3,20.40416717529297,451.5262451171875,1085.1263427734375,957.0753173828125,-1,-1,-1,-1
107,3,77.0123062133789,479.1758117675781,1002.735595703125,929.6263427734375,-1,-1,-1,-1
108,3,83.41154479980469,517.935791015625,1050.5526123046875,889.4200439453125,-1,-1,-1,-1
109,3,70.41702270507812,529.85595703125,1002.4229736328125,877.03369140625,-1,-1,-1,-1
110,3,53.861297607421875,500.686767578125,1008.46630859375,907.61181640625,-1,-1,-1,-1
111,3,43.74198913574219,501.1200866699219,1065.4390869140625,907.585693359375,-1,-1,-1,-1
112,3,195.0592041015625,494.8108825683594,883.74658203125,916.9014892578125,-1,-1,-1,-1
113,3,234.7715301513672,489.44805908203125,824.2067260742188,919.2949829101562,-1,-1,-1,-1
114,3,316.065673828125,486.9923400878906,723.6884765625,924.3046875,-1,-1,-1,-1
115,3,317.3163757324219,509.38714599609375,709.39111328125,901.0408325195312,-1,-1,-1,-1
116,3,221.43304443359375,494.4864807128906,844.4070434570312,914.9481201171875,-1,-1,-1,-1
117,3,162.9923095703125,477.27716064453125,992.29248046875,933.8060913085938,-1,-1,-1,-1
118,3,238.24197387695312,503.6171875,783.0201416015625,914.377197265625,-1,-1,-1,-1
119,3,90.060791015625,483.54833984375,1087.23486328125,937.3658447265625,-1,-1,-1,-1
120,3,69.09091186523438,477.5513000488281,1158.63427734375,943.9420166015625,-1,-1,-1,-1
121,3,67.75111389160156,453.7509765625,1067.195556640625,961.3094482421875,-1,-1,-1,-1
122,3,-4.370464324951172,420.72747802734375,1167.252685546875,998.3696899414062,-1,-1,-1,-1
123,3,5.819004058837891,415.260009765625,1157.2628173828125,999.767333984375,-1,-1,-1,-1
124,3,6.024196624755859,387.8262939453125,1112.1065673828125,1026.5262451171875,-1,-1,-1,-1
125,3,17.816055297851562,428.7223205566406,1140.055908203125,983.4794921875,-1,-1,-1,-1
126,3,-0.6122512817382812,415.888427734375,1223.078369140625,997.571533203125,-1,-1,-1,-1
127,3,-5.580303192138672,411.5284423828125,1233.9527587890625,1000.78662109375,-1,-1,-1,-1
128,3,12.285465240478516,399.7484130859375,1080.6788330078125,1012.24462890625,-1,-1,-1,-1
129,3,6.185539245605469,391.5859375,1021.7901611328125,1020.8193359375,-1,-1,-1,-1
130,3,12.428386688232422,395.2652587890625,935.0098266601562,1014.634521484375,-1,-1,-1,-1
131,3,3.8546524047851562,364.93536376953125,957.2197265625,1046.066162109375,-1,-1,-1,-1
132,3,7.019275665283203,326.908447265625,1003.7110595703125,1083.6251220703125,-1,-1,-1,-1
133,3,14.774463653564453,314.0365295410156,1047.646484375,1097.8367919921875,-1,-1,-1,-1
134,3,14.333488464355469,329.8689270019531,1050.9449462890625,1083.2490234375,-1,-1,-1,-1
135,3,16.45708465576172,304.0210266113281,1099.23779296875,1109.0902099609375,-1,-1,-1,-1
136,3,8.5477294921875,349.533447265625,1139.3709716796875,1062.7291259765625,-1,-1,-1,-1
137,3,3.498943328857422,364.6413879394531,1168.9166259765625,1047.8441162109375,-1,-1,-1,-1
138,3,12.395404815673828,400.9944152832031,1050.969482421875,1011.7381591796875,-1,-1,-1,-1
139,3,26.985183715820312,456.21478271484375,766.7446899414062,954.1370239257812,-1,-1,-1,-1
140,3,8.896724700927734,432.2066345214844,764.5715942382812,978.8905029296875,-1,-1,-1,-1
141,3,19.23192596435547,435.7425537109375,771.5474243164062,976.263671875,-1,-1,-1,-1
142,3,2.5204391479492188,415.2611389160156,1012.6580200195312,997.2864990234375,-1,-1,-1,-1
143,3,7.578163146972656,391.54815673828125,1124.6943359375,1019.5731811523438,-1,-1,-1,-1
144,3,19.862777709960938,377.7034912109375,1101.393798828125,1032.154296875,-1,-1,-1,-1
145,3,31.452423095703125,395.5938720703125,1127.74755859375,1017.1668701171875,-1,-1,-1,-1
146,3,23.764625549316406,417.2765808105469,1183.97216796875,992.2989501953125,-1,-1,-1,-1
147,3,43.17647171020508,427.5107421875,1088.8050537109375,981.6099853515625,-1,-1,-1,-1
148,3,30.268726348876953,430.26171875,1158.3570556640625,977.971923828125,-1,-1,-1,-1
149,3,31.555438995361328,422.285888671875,1180.348388671875,986.896484375,-1,-1,-1,-1
150,3,53.86973190307617,452.9275207519531,1048.2158203125,956.4208984375,-1,-1,-1,-1
151,3,29.45093536376953,456.61737060546875,1015.372314453125,951.4437866210938,-1,-1,-1,-1
152,3,21.138622283935547,453.40606689453125,1022.5327758789062,955.0961303710938,-1,-1,-1,-1
153,3,27.757572174072266,398.0299987792969,1016.90380859375,1012.722900390625,-1,-1,-1,-1
154,3,17.990028381347656,368.2949523925781,1008.4144897460938,1042.265625,-1,-1,-1,-1
155,3,5.129825592041016,349.3407287597656,1047.77392578125,1062.537353515625,-1,-1,-1,-1
156,3,-2.0026092529296875,320.37506103515625,1009.1553344726562,1093.192138671875,-1,-1,-1,-1
157,3,4.088001251220703,316.9269714355469,1081.7427978515625,1097.5655517578125,-1,-1,-1,-1
158,3,-14.813339233398438,297.5538635253906,1008.7838745117188,1120.5262451171875,-1,-1,-1,-1
159,3,-2.51806640625,319.6344299316406,969.7426147460938,1094.4805908203125,-1,-1,-1,-1
160,3,5.040992736816406,307.6910400390625,980.762451171875,1105.1163330078125,-1,-1,-1,-1
161,3,2.008716583251953,299.5924377441406,950.5848999023438,1113.820556640625,-1,-1,-1,-1
162,3,0.6013221740722656,301.750732421875,930.9463500976562,1110.3485107421875,-1,-1,-1,-1
163,3,9.612171173095703,304.11431884765625,979.7719116210938,1108.319580078125,-1,-1,-1,-1
164,3,23.47622299194336,340.016845703125,1008.390380859375,1073.5478515625,-1,-1,-1,-1
165,3,13.220035552978516,290.87286376953125,1012.437255859375,1121.816650390625,-1,-1,-1,-1
166,3,16.294734954833984,255.0258331298828,1116.2861328125,1163.5634765625,-1,-1,-1,-1
167,3,11.522895812988281,210.24044799804688,1136.9998779296875,1214.0435791015625,-1,-1,-1,-1
168,3,10.558197021484375,203.55540466308594,1159.655029296875,1235.555908203125,-1,-1,-1,-1
169,3,8.012298583984375,245.15170288085938,1064.5364990234375,1171.2469482421875,-1,-1,-1,-1
170,3,6.255069732666016,262.6302185058594,1044.718017578125,1151.644287109375,-1,-1,-1,-1
171,3,-3.0852622985839844,234.33218383789062,1033.3525390625,1180.23046875,-1,-1,-1,-1
172,3,-6.868610382080078,212.78713989257812,1129.2470703125,1203.927490234375,-1,-1,-1,-1
173,3,-12.235172271728516,201.7878875732422,976.4607543945312,1213.3599853515625,-1,-1,-1,-1
174,3,-4.0453033447265625,209.1301727294922,925.218505859375,1203.1954345703125,-1,-1,-1,-1
175,3,-14.779182434082031,210.45838928222656,927.9185180664062,1202.9844970703125,-1,-1,-1,-1
176,3,-10.616962432861328,195.71519470214844,910.6112670898438,1216.4847412109375,-1,-1,-1,-1
177,3,-11.011276245117188,163.35116577148438,894.4263305664062,1249.18701171875,-1,-1,-1,-1
178,3,-11.066078186035156,185.3174285888672,892.5213012695312,1227.1708984375,-1,-1,-1,-1
179,3,-0.8197097778320312,222.82835388183594,860.3275756835938,1189.322265625,-1,-1,-1,-1
180,3,0.48059844970703125,242.67958068847656,950.81884765625,1169.7413330078125,-1,-1,-1,-1
181,3,1.6485176086425781,250.0869903564453,956.131591796875,1161.4052734375,-1,-1,-1,-1
182,3,8.44366455078125,286.86651611328125,927.9154663085938,1124.82470703125,-1,-1,-1,-1
183,3,-3.8271026611328125,249.58642578125,892.672119140625,1161.934326171875,-1,-1,-1,-1
184,3,-5.3148956298828125,175.47515869140625,883.2357177734375,1235.251220703125,-1,-1,-1,-1
185,3,-10.62929916381836,206.0587158203125,856.1600341796875,1204.4827880859375,-1,-1,-1,-1
186,3,-9.003829956054688,237.87132263183594,884.2211303710938,1173.1553955078125,-1,-1,-1,-1
187,3,-10.055473327636719,265.01434326171875,854.289794921875,1146.679931640625,-1,-1,-1,-1
188,3,-12.442127227783203,235.7315216064453,853.1522216796875,1176.8621826171875,-1,-1,-1,-1
189,3,-5.154014587402344,239.13168334960938,828.1126098632812,1174.0076904296875,-1,-1,-1,-1
190,3,-0.1428680419921875,266.086669921875,803.6425170898438,1145.5489501953125,-1,-1,-1,-1
191,3,-1.955780029296875,213.1611328125,775.3668212890625,1200.673095703125,-1,-1,-1,-1
192,3,1.4764328002929688,251.5840606689453,694.4849853515625,1165.9444580078125,-1,-1,-1,-1
193,3,-1.0025367736816406,218.9216766357422,679.4312133789062,1196.010009765625,-1,-1,-1,-1
194,3,-6.195880889892578,204.96682739257812,741.8565673828125,1212.3946533203125,-1,-1,-1,-1
195,3,-6.675083160400391,223.22325134277344,768.212890625,1192.939697265625,-1,-1,-1,-1
196,3,-6.92303466796875,236.41017150878906,799.92626953125,1175.865478515625,-1,-1,-1,-1
197,3,-5.645574569702148,254.76307678222656,671.7432250976562,1162.5694580078125,-1,-1,-1,-1
198,3,-5.668128967285156,271.18701171875,566.7053833007812,1144.4066162109375,-1,-1,-1,-1
199,3,-5.494176864624023,232.339599609375,498.7140808105469,1181.5322265625,-1,-1,-1,-1
200,3,-2.623180389404297,210.25143432617188,498.6476745605469,1204.0718994140625,-1,-1,-1,-1
201,3,-7.8678436279296875,239.9761199951172,623.2267456054688,1179.2635498046875,-1,-1,-1,-1
202,3,-74.60200500488281,314.1159362792969,993.1166381835938,1100.6708984375,-1,-1,-1,-1
203,3,-2.1430130004882812,410.8712158203125,922.4758911132812,1004.185791015625,-1,-1,-1,-1
204,3,-0.46672821044921875,436.7230529785156,922.469970703125,974.356689453125,-1,-1,-1,-1
205,3,3.3644981384277344,486.0633850097656,846.6331787109375,924.122314453125,-1,-1,-1,-1
206,3,-7.879131317138672,533.1929931640625,782.7332153320312,877.9710693359375,-1,-1,-1,-1
207,3,0.9712982177734375,603.6377563476562,746.8037719726562,805.6880493164062,-1,-1,-1,-1
208,3,-6.638996124267578,645.6990356445312,787.39501953125,761.9364624023438,-1,-1,-1,-1
209,3,-1.8979568481445312,700.1373291015625,822.4920654296875,708.257080078125,-1,-1,-1,-1
214,3,313.135498046875,580.4686889648438,281.25201416015625,346.02685546875,-1,-1,-1,-1
215,3,396.95660400390625,621.483154296875,277.8294677734375,354.94622802734375,-1,-1,-1,-1
216,3,462.9111328125,651.8424682617188,268.5352783203125,344.75286865234375,-1,-1,-1,-1
217,3,510.42474365234375,667.6168212890625,260.29254150390625,333.4150390625,-1,-1,-1,-1
218,3,533.6419067382812,668.9002685546875,257.30328369140625,321.50030517578125,-1,-1,-1,-1
219,3,556.5798950195312,661.2307739257812,250.17340087890625,321.59088134765625,-1,-1,-1,-1
220,3,563.4012451171875,653.68408203125,244.74749755859375,326.47418212890625,-1,-1,-1,-1
221,3,543.97802734375,639.834716796875,239.97869873046875,332.012939453125,-1,-1,-1,-1
222,3,512.0584716796875,630.9369506835938,235.808349609375,327.38397216796875,-1,-1,-1,-1
223,3,450.22906494140625,620.3385009765625,246.81231689453125,331.74481201171875,-1,-1,-1,-1
224,3,364.0008544921875,604.3743896484375,262.57147216796875,352.8885498046875,-1,-1,-1,-1
210,4,190.12571716308594,184.36500549316406,37.14179992675781,87.71995544433594,-1,-1,-1,-1
211,4,292.44720458984375,240.89602661132812,42.58575439453125,105.73452758789062,-1,-1,-1,-1
212,4,413.1305236816406,325.9435729980469,64.13168334960938,138.03759765625,-1,-1,-1,-1
213,4,540.668212890625,403.5024719238281,46.61676025390625,103.04498291015625,-1,-1,-1,-1
214,4,624.1412353515625,458.196533203125,44.71649169921875,95.93572998046875,-1,-1,-1,-1
215,4,674.2332763671875,486.5516662597656,51.031494140625,94.10153198242188,-1,-1,-1,-1
216,4,720.2833862304688,504.02252197265625,47.98309326171875,94.0257568359375,-1,-1,-1,-1
217,4,755.5169067382812,512.8030395507812,48.08233642578125,89.97210693359375,-1,-1,-1,-1
218,4,780.9015502929688,508.7456970214844,49.4093017578125,94.03457641601562,-1,-1,-1,-1
219,4,803.5320434570312,500.75787353515625,54.40582275390625,95.02008056640625,-1,-1,-1,-1
220,4,814.2322998046875,491.24212646484375,52.88238525390625,96.80218505859375,-1,-1,-1,-1
221,4,806.8223266601562,483.8357238769531,52.76104736328125,98.10293579101562,-1,-1,-1,-1
222,4,783.8322143554688,480.0611572265625,49.325927734375,96.609130859375,-1,-1,-1,-1
223,4,739.3453979492188,476.0357360839844,48.03546142578125,95.37496948242188,-1,-1,-1,-1
224,4,669.3721923828125,462.087890625,49.62115478515625,98.43524169921875,-1,-1,-1,-1
225,4,570.4896240234375,429.43963623046875,50.8292236328125,99.01666259765625,-1,-1,-1,-1
226,4,439.9158935546875,412.26422119140625,91.29998779296875,108.81658935546875,-1,-1,-1,-1
214,5,1129.1839599609375,445.0893249511719,39.5107421875,81.00704956054688,-1,-1,-1,-1
215,5,1194.60546875,442.7025451660156,34.507080078125,71.65438842773438,-1,-1,-1,-1
216,5,1241.4549560546875,431.1454162597656,45.8590087890625,93.23043823242188,-1,-1,-1,-1
217,5,1283.9569091796875,427.31341552734375,43.5565185546875,92.870361328125,-1,-1,-1,-1
218,5,1314.5233154296875,424.96148681640625,39.669677734375,89.21319580078125,-1,-1,-1,-1
219,5,1339.093505859375,429.2491455078125,43.6873779296875,100.216796875,-1,-1,-1,-1
220,5,1354.9599609375,432.61749267578125,39.966552734375,90.52325439453125,-1,-1,-1,-1
221,5,1350.2230224609375,443.2583312988281,41.970703125,83.89529418945312,-1,-1,-1,-1
222,5,1328.9598388671875,456.96002197265625,42.0931396484375,89.71405029296875,-1,-1,-1,-1
223,5,1273.912841796875,467.43560791015625,51.4239501953125,89.574951171875,-1,-1,-1,-1
224,5,1193.7288818359375,466.702880859375,46.839599609375,77.84051513671875,-1,-1,-1,-1
225,5,1078.560546875,453.5834655761719,44.0965576171875,72.41622924804688,-1,-1,-1,-1
226,5,967.9686889648438,426.4211730957031,41.33837890625,67.43356323242188,-1,-1,-1,-1
227,5,863.994384765625,390.73284912109375,41.421630859375,73.39068603515625,-1,-1,-1,-1
228,5,787.3804321289062,353.6378173828125,35.49749755859375,80.05050659179688,-1,-1,-1,-1
229,5,726.0244750976562,322.3363342285156,38.7713623046875,79.41720581054688,-1,-1,-1,-1
230,5,686.5328979492188,298.5890808105469,38.3489990234375,83.23114013671875,-1,-1,-1,-1
231,5,659.3472290039062,284.6745910644531,40.81500244140625,82.29171752929688,-1,-1,-1,-1
232,5,641.2356567382812,281.53240966796875,41.3013916015625,85.915771484375,-1,-1,-1,-1
233,5,628.046142578125,278.8333740234375,41.9434814453125,88.35919189453125,-1,-1,-1,-1
235,5,622.9498901367188,283.9428405761719,44.46990966796875,87.71588134765625,-1,-1,-1,-1
236,5,623.4868774414062,301.3958435058594,45.4827880859375,95.3341064453125,-1,-1,-1,-1
237,5,636.6436157226562,312.28460693359375,45.33935546875,126.41839599609375,-1,-1,-1,-1
214,6,436.59942626953125,511.97247314453125,51.457244873046875,77.80340576171875,-1,-1,-1,-1
215,6,501.2473449707031,549.4793090820312,48.365325927734375,64.79913330078125,-1,-1,-1,-1
216,6,552.5211181640625,576.1045532226562,45.0848388671875,58.7364501953125,-1,-1,-1,-1
217,6,590.4835205078125,589.655029296875,44.3038330078125,57.5672607421875,-1,-1,-1,-1
218,6,614.1487426757812,587.1116943359375,44.96612548828125,61.1875,-1,-1,-1,-1
219,6,637.6697998046875,579.2655029296875,42.2205810546875,59.037353515625,-1,-1,-1,-1
220,6,647.8923950195312,568.3928833007812,44.35028076171875,61.36712646484375,-1,-1,-1,-1
221,6,635.6495971679688,556.9822998046875,40.0067138671875,57.6986083984375,-1,-1,-1,-1
222,6,610.2523803710938,547.5252075195312,40.89862060546875,59.57769775390625,-1,-1,-1,-1
223,6,562.9988403320312,537.505615234375,44.82647705078125,83.408447265625,-1,-1,-1,-1
224,6,481.7452392578125,517.6177978515625,66.77825927734375,112.82806396484375,-1,-1,-1,-1
215,7,123.76870727539062,785.4261474609375,370.5307922363281,353.22998046875,-1,-1,-1,-1
216,7,218.69937133789062,837.4197998046875,275.5254211425781,343.5345458984375,-1,-1,-1,-1
217,7,262.5213623046875,842.6099243164062,276.57244873046875,342.08001708984375,-1,-1,-1,-1
218,7,296.6854553222656,837.8358764648438,260.8204650878906,333.27789306640625,-1,-1,-1,-1
219,7,323.9820251464844,827.3141479492188,251.14999389648438,329.02325439453125,-1,-1,-1,-1
220,7,328.7264404296875,800.327880859375,246.14764404296875,342.8675537109375,-1,-1,-1,-1
221,7,304.62432861328125,772.9624633789062,245.36920166015625,355.35626220703125,-1,-1,-1,-1
222,7,262.379150390625,758.8736572265625,247.07113647460938,363.00244140625,-1,-1,-1,-1
223,7,202.934326171875,766.1508178710938,250.20877075195312,340.86944580078125,-1,-1,-1,-1
224,7,103.80058288574219,760.3583374023438,282.6986083984375,340.20343017578125,-1,-1,-1,-1
225,7,251.2196044921875,578.3152465820312,274.93585205078125,344.03289794921875,-1,-1,-1,-1
226,7,103.1689682006836,541.3798217773438,316.5515441894531,369.8001708984375,-1,-1,-1,-1
227,7,3.3677291870117188,513.16162109375,314.03118896484375,389.165771484375,-1,-1,-1,-1
228,7,0.4539003372192383,489.60858154296875,224.8900604248047,445.98333740234375,-1,-1,-1,-1
229,7,-1.9710330963134766,464.0772399902344,152.01123046875,423.8959045410156,-1,-1,-1,-1
230,7,3.02736234664917,578.3104248046875,104.08161163330078,395.96759033203125,-1,-1,-1,-1
231,7,8.410955429077148,534.3495483398438,74.16375732421875,343.835693359375,-1,-1,-1,-1
239,8,102.51725769042969,917.9397583007812,351.3631591796875,490.14080810546875,-1,-1,-1,-1
240,8,15.414840698242188,903.8745727539062,418.16357421875,503.39129638671875,-1,-1,-1,-1
241,8,-7.0168609619140625,680.97607421875,378.482666015625,727.661865234375,-1,-1,-1,-1
242,8,0.961395263671875,609.9467163085938,413.5856018066406,797.1406860351562,-1,-1,-1,-1
243,8,-0.22607803344726562,605.5272827148438,348.7167663574219,797.0223999023438,-1,-1,-1,-1
244,8,3.248767852783203,598.8781127929688,370.25994873046875,682.1358032226562,-1,-1,-1,-1
245,8,-0.6940975189208984,567.0658569335938,464.1182861328125,830.8672485351562,-1,-1,-1,-1
246,8,-4.863262176513672,545.2233276367188,547.1744384765625,860.8317260742188,-1,-1,-1,-1
247,8,-3.2996444702148438,529.8377685546875,636.1962280273438,876.9322509765625,-1,-1,-1,-1
248,8,-3.79638671875,465.7259521484375,623.0086059570312,942.982177734375,-1,-1,-1,-1
249,8,-6.050210952758789,518.39599609375,609.838134765625,892.435546875,-1,-1,-1,-1
250,8,6.090600967407227,620.4759521484375,495.2078552246094,546.8277587890625,-1,-1,-1,-1
251,8,244.94320678710938,661.5361328125,204.009765625,293.99212646484375,-1,-1,-1,-1
247,9,384.4212646484375,557.9619140625,49.873779296875,109.25091552734375,-1,-1,-1,-1
248,9,635.0796508789062,532.2096557617188,29.378662109375,72.97943115234375,-1,-1,-1,-1
249,9,754.841064453125,540.9484252929688,62.54083251953125,67.48876953125,-1,-1,-1,-1
251,9,706.3577880859375,558.676025390625,52.2080078125,125.05389404296875,-1,-1,-1,-1
252,9,713.647705078125,567.8187255859375,49.52349853515625,123.02117919921875,-1,-1,-1,-1
253,9,719.5762329101562,572.0933837890625,51.5894775390625,125.6082763671875,-1,-1,-1,-1
254,9,707.8909301757812,575.087158203125,69.95892333984375,136.521240234375,-1,-1,-1,-1
255,9,717.3519897460938,571.3926391601562,74.4921875,136.11639404296875,-1,-1,-1,-1
256,9,728.6878662109375,572.23388671875,66.31988525390625,131.697509765625,-1,-1,-1,-1
257,9,723.98974609375,569.327880859375,65.9544677734375,126.88140869140625,-1,-1,-1,-1
258,9,726.9963989257812,571.8856201171875,73.89984130859375,136.2657470703125,-1,-1,-1,-1
259,9,693.9771118164062,568.515625,93.0897216796875,143.8475341796875,-1,-1,-1,-1
260,9,701.1066284179688,576.55615234375,46.64727783203125,129.2789306640625,-1,-1,-1,-1
261,9,714.8619995117188,580.2792358398438,36.71807861328125,110.0634765625,-1,-1,-1,-1
262,9,726.8467407226562,576.4437255859375,40.02301025390625,112.05810546875,-1,-1,-1,-1
263,9,742.2293701171875,566.29736328125,41.7437744140625,114.5970458984375,-1,-1,-1,-1
264,9,758.882568359375,562.4832153320312,36.48577880859375,101.14202880859375,-1,-1,-1,-1
265,9,766.885986328125,564.7855224609375,39.4927978515625,96.35076904296875,-1,-1,-1,-1
266,9,776.9010620117188,569.0707397460938,44.9185791015625,105.42626953125,-1,-1,-1,-1
267,9,797.462646484375,575.4569091796875,44.27490234375,103.43853759765625,-1,-1,-1,-1
268,9,813.815185546875,578.121337890625,52.5208740234375,116.8204345703125,-1,-1,-1,-1
269,9,841.5588989257812,579.268798828125,49.02362060546875,116.224365234375,-1,-1,-1,-1
270,9,865.1016235351562,576.9713134765625,59.0452880859375,119.89105224609375,-1,-1,-1,-1
271,9,912.92236328125,576.2131958007812,50.77593994140625,119.5889892578125,-1,-1,-1,-1
272,9,965.3682250976562,582.8604736328125,46.43341064453125,109.1849365234375,-1,-1,-1,-1
277,9,962.1651000976562,610.9763793945312,57.66253662109375,120.54150390625,-1,-1,-1,-1
250,10,275.9248046875,643.5390625,182.0479736328125,303.61834716796875,-1,-1,-1,-1
251,10,275.0125732421875,652.8377075195312,182.03378295898438,301.46453857421875,-1,-1,-1,-1
252,10,286.07952880859375,660.7855224609375,178.8924560546875,297.58203125,-1,-1,-1,-1
253,10,297.0485534667969,672.80908203125,177.6754150390625,295.74517822265625,-1,-1,-1,-1
254,10,305.4910888671875,678.1001586914062,181.5535888671875,302.59375,-1,-1,-1,-1
255,10,315.1470031738281,673.1881103515625,180.33535766601562,296.7611083984375,-1,-1,-1,-1
256,10,321.6710510253906,667.6201171875,174.54901123046875,290.8582763671875,-1,-1,-1,-1
257,10,322.9083557128906,662.2251586914062,173.45468139648438,296.52032470703125,-1,-1,-1,-1
258,10,322.01922607421875,661.80908203125,172.74090576171875,292.59063720703125,-1,-1,-1,-1
259,10,324.1909484863281,661.5185546875,169.39080810546875,296.8062744140625,-1,-1,-1,-1
260,10,330.1134033203125,664.8623046875,169.39157104492188,298.27978515625,-1,-1,-1,-1
261,10,335.94293212890625,661.88916015625,169.049560546875,299.8704833984375,-1,-1,-1,-1
262,10,347.18084716796875,647.5765991210938,165.90203857421875,300.11474609375,-1,-1,-1,-1
263,10,361.6159973144531,635.5130004882812,166.05007934570312,297.32373046875,-1,-1,-1,-1
264,10,371.25518798828125,630.8604736328125,166.701171875,295.74560546875,-1,-1,-1,-1
265,10,376.7980041503906,626.2333374023438,168.65451049804688,297.43231201171875,-1,-1,-1,-1
266,10,388.2458801269531,621.2698974609375,168.52078247070312,297.0498046875,-1,-1,-1,-1
267,10,403.7891845703125,619.3345336914062,169.17431640625,294.9564208984375,-1,-1,-1,-1
268,10,424.3836669921875,618.8020629882812,168.29052734375,292.35565185546875,-1,-1,-1,-1
269,10,450.630859375,615.5205078125,167.28582763671875,291.5474853515625,-1,-1,-1,-1
270,10,480.34307861328125,611.6212158203125,163.3494873046875,286.01519775390625,-1,-1,-1,-1
271,10,517.3851318359375,608.316650390625,161.93768310546875,283.23248291015625,-1,-1,-1,-1
272,10,554.7307739257812,611.6884155273438,163.544189453125,280.3192138671875,-1,-1,-1,-1
273,10,597.5755615234375,621.3327026367188,168.16192626953125,276.6260986328125,-1,-1,-1,-1
274,10,632.2230224609375,629.5004272460938,172.2205810546875,275.97564697265625,-1,-1,-1,-1
275,10,672.092529296875,646.4803466796875,172.9576416015625,276.91339111328125,-1,-1,-1,-1
276,10,707.8587036132812,654.1747436523438,179.55426025390625,272.6162109375,-1,-1,-1,-1
277,10,744.6154174804688,654.6441040039062,184.80120849609375,265.72296142578125,-1,-1,-1,-1
278,10,789.1520385742188,654.96142578125,179.5831298828125,266.96990966796875,-1,-1,-1,-1
279,10,808.9185791015625,659.2262573242188,190.26373291015625,277.309326171875,-1,-1,-1,-1
280,10,826.06982421875,665.97900390625,202.2454833984375,283.0557861328125,-1,-1,-1,-1
281,10,841.46435546875,672.1061401367188,212.2705078125,281.83624267578125,-1,-1,-1,-1
282,10,853.3892211914062,676.0748291015625,218.29949951171875,283.92333984375,-1,-1,-1,-1
283,10,867.5538940429688,677.1318969726562,217.74578857421875,283.21795654296875,-1,-1,-1,-1
284,10,882.9470825195312,686.3051147460938,214.44573974609375,283.22265625,-1,-1,-1,-1
285,10,893.5316162109375,699.110595703125,222.4068603515625,285.6402587890625,-1,-1,-1,-1
286,10,900.6201171875,706.9395751953125,229.1044921875,287.42529296875,-1,-1,-1,-1
287,10,900.9376831054688,705.1976318359375,230.64996337890625,287.9005126953125,-1,-1,-1,-1
288,10,913.8941040039062,692.20068359375,223.97943115234375,287.4691162109375,-1,-1,-1,-1
289,10,925.5206298828125,685.1671752929688,228.592041015625,288.81689453125,-1,-1,-1,-1
290,10,914.2530517578125,692.0001220703125,231.7386474609375,288.4296875,-1,-1,-1,-1
291,10,865.3313598632812,698.3286743164062,235.59173583984375,275.37445068359375,-1,-1,-1,-1
292,10,841.7169799804688,672.9751586914062,222.60333251953125,269.915771484375,-1,-1,-1,-1
293,10,828.8049926757812,643.5472412109375,218.75592041015625,266.96044921875,-1,-1,-1,-1
294,10,816.7939453125,614.5492553710938,226.031005859375,269.99578857421875,-1,-1,-1,-1
295,10,819.977294921875,586.4539184570312,221.1749267578125,269.0968017578125,-1,-1,-1,-1
296,10,818.9213256835938,555.217041015625,222.28765869140625,273.79571533203125,-1,-1,-1,-1
297,10,818.5177001953125,523.4275512695312,218.9857177734375,275.94268798828125,-1,-1,-1,-1
298,10,817.925537109375,490.95538330078125,221.370361328125,279.8179931640625,-1,-1,-1,-1
299,10,827.2008056640625,451.20074462890625,223.4478759765625,284.85260009765625,-1,-1,-1,-1
300,10,852.005859375,414.4552917480469,225.161865234375,296.9749450683594,-1,-1,-1,-1
301,10,883.5150756835938,382.38751220703125,229.61492919921875,307.07672119140625,-1,-1,-1,-1
302,10,909.574951171875,372.9544677734375,231.8521728515625,312.35247802734375,-1,-1,-1,-1
303,10,937.0171508789062,364.1836242675781,231.23211669921875,318.7154846191406,-1,-1,-1,-1
304,10,959.987060546875,356.9091796875,230.5443115234375,323.73626708984375,-1,-1,-1,-1
305,10,977.4509887695312,350.5804443359375,232.00201416015625,328.21484375,-1,-1,-1,-1
306,10,987.7395629882812,341.2952575683594,234.64630126953125,330.6210632324219,-1,-1,-1,-1
307,10,986.7599487304688,325.4150695800781,238.12139892578125,334.6813659667969,-1,-1,-1,-1
308,10,974.6175537109375,315.663818359375,238.6883544921875,332.47174072265625,-1,-1,-1,-1
309,10,943.490478515625,313.3584289550781,228.97509765625,328.3188781738281,-1,-1,-1,-1
310,10,900.756591796875,308.564697265625,218.8953857421875,323.01348876953125,-1,-1,-1,-1
311,10,845.6792602539062,305.50433349609375,213.30426025390625,315.47601318359375,-1,-1,-1,-1
312,10,810.9380493164062,322.830078125,200.58660888671875,315.166259765625,-1,-1,-1,-1
313,10,786.46923828125,357.99896240234375,196.19830322265625,306.22491455078125,-1,-1,-1,-1
314,10,766.6082763671875,386.5561218261719,198.410400390625,297.0679626464844,-1,-1,-1,-1
315,10,747.0391235351562,391.88702392578125,197.34417724609375,295.73876953125,-1,-1,-1,-1
316,10,731.3861083984375,385.8215026855469,193.92596435546875,296.2179870605469,-1,-1,-1,-1
317,10,719.0418701171875,373.2435607910156,194.25433349609375,297.2729187011719,-1,-1,-1,-1
318,10,717.7946166992188,365.58770751953125,189.65814208984375,302.00616455078125,-1,-1,-1,-1
319,10,716.3314208984375,366.25897216796875,190.8082275390625,302.293701171875,-1,-1,-1,-1
320,10,719.4969482421875,365.9221496582031,192.9150390625,302.3547668457031,-1,-1,-1,-1
321,10,719.126953125,361.96087646484375,195.86328125,304.28973388671875,-1,-1,-1,-1
322,10,724.86181640625,356.3717956542969,193.71649169921875,301.8835754394531,-1,-1,-1,-1
323,10,725.6102905273438,354.7105712890625,197.43585205078125,306.134521484375,-1,-1,-1,-1
324,10,732.4152221679688,353.265869140625,201.74530029296875,300.51416015625,-1,-1,-1,-1
325,10,739.0475463867188,351.6908264160156,203.37255859375,306.6141662597656,-1,-1,-1,-1
326,10,737.1866455078125,359.47772216796875,214.9974365234375,304.68572998046875,-1,-1,-1,-1
327,10,748.357666015625,372.34075927734375,218.472900390625,311.577880859375,-1,-1,-1,-1
328,10,763.249267578125,379.6227111816406,222.2667236328125,320.1842956542969,-1,-1,-1,-1
329,10,782.9295654296875,387.73248291015625,225.4119873046875,319.68682861328125,-1,-1,-1,-1
330,10,797.1229858398438,391.0757141113281,234.17913818359375,328.7738342285156,-1,-1,-1,-1
331,10,806.99755859375,399.5714111328125,238.5938720703125,336.2052001953125,-1,-1,-1,-1
332,10,812.3099365234375,406.7173156738281,244.523681640625,342.8345642089844,-1,-1,-1,-1
333,10,816.20263671875,413.6580810546875,247.785400390625,346.8790283203125,-1,-1,-1,-1
334,10,814.3890380859375,417.4464111328125,248.8853759765625,355.46844482421875,-1,-1,-1,-1
335,10,807.5111083984375,425.6178894042969,249.8951416015625,357.9335021972656,-1,-1,-1,-1
336,10,808.510986328125,426.95068359375,247.5020751953125,362.35296630859375,-1,-1,-1,-1
337,10,804.7213134765625,424.33349609375,255.4010009765625,371.08721923828125,-1,-1,-1,-1
338,10,805.5162353515625,414.47235107421875,262.305419921875,381.5579833984375,-1,-1,-1,-1
339,10,806.5762939453125,398.1575622558594,272.61279296875,393.9273986816406,-1,-1,-1,-1
340,10,814.820068359375,378.5154724121094,279.732177734375,410.6229553222656,-1,-1,-1,-1
341,10,823.1822509765625,353.3082580566406,283.62744140625,421.3199768066406,-1,-1,-1,-1
342,10,830.1597290039062,328.5377197265625,297.55340576171875,435.349609375,-1,-1,-1,-1
343,10,850.7566528320312,295.55938720703125,292.00445556640625,450.0643310546875,-1,-1,-1,-1
344,10,869.1016845703125,267.979248046875,283.7906494140625,465.63238525390625,-1,-1,-1,-1
345,10,878.42236328125,244.41690063476562,286.9730224609375,475.5815124511719,-1,-1,-1,-1
346,10,887.7736206054688,209.28392028808594,289.67694091796875,495.05517578125,-1,-1,-1,-1
347,10,886.7222900390625,155.59298706054688,303.307861328125,509.9233703613281,-1,-1,-1,-1
348,10,885.3687744140625,116.24445343017578,321.82421875,518.4796142578125,-1,-1,-1,-1
349,10,897.5839233398438,87.31167602539062,323.06304931640625,533.6767578125,-1,-1,-1,-1
350,10,896.9635620117188,65.21490478515625,333.78509521484375,548.4423217773438,-1,-1,-1,-1
351,10,918.39794921875,59.95289611816406,318.9027099609375,542.2247314453125,-1,-1,-1,-1
352,10,919.213623046875,34.887718200683594,329.7391357421875,557.0354614257812,-1,-1,-1,-1
353,10,909.8359985351562,31.530702590942383,347.55743408203125,554.8262329101562,-1,-1,-1,-1
354,10,907.8574829101562,34.683494567871094,355.68084716796875,543.92919921875,-1,-1,-1,-1
355,10,920.07373046875,30.044336318969727,352.5645751953125,543.56396484375,-1,-1,-1,-1
356,10,954.5625610351562,44.783729553222656,319.45184326171875,542.83056640625,-1,-1,-1,-1
357,10,950.7864379882812,45.83877182006836,322.57476806640625,556.8502197265625,-1,-1,-1,-1
358,10,946.25439453125,57.38578414916992,325.341796875,595.01953125,-1,-1,-1,-1
359,10,931.37109375,96.50398254394531,339.333251953125,591.838623046875,-1,-1,-1,-1
360,10,913.855712890625,82.0290756225586,350.4019775390625,661.7941284179688,-1,-1,-1,-1
361,10,892.279541015625,136.23780822753906,355.02099609375,659.73974609375,-1,-1,-1,-1
362,10,863.3263549804688,158.98495483398438,364.17120361328125,666.901123046875,-1,-1,-1,-1
363,10,828.3419799804688,209.49444580078125,378.93634033203125,640.9508056640625,-1,-1,-1,-1
364,10,815.3543090820312,263.588134765625,376.58612060546875,609.7933349609375,-1,-1,-1,-1
365,10,805.0364379882812,312.4152526855469,367.01800537109375,588.081298828125,-1,-1,-1,-1
366,10,800.4783935546875,365.9692687988281,356.4248046875,569.1851806640625,-1,-1,-1,-1
367,10,798.6835327148438,421.6839599609375,349.37969970703125,550.1616821289062,-1,-1,-1,-1
368,10,804.8692626953125,475.93341064453125,337.4549560546875,532.6810913085938,-1,-1,-1,-1
369,10,805.291748046875,517.1349487304688,332.9603271484375,517.4412231445312,-1,-1,-1,-1
370,10,813.7084350585938,531.7947387695312,321.32574462890625,501.58343505859375,-1,-1,-1,-1
371,10,811.29638671875,533.74560546875,318.349609375,487.8502197265625,-1,-1,-1,-1
372,10,810.7661743164062,538.8776245117188,305.08172607421875,474.873291015625,-1,-1,-1,-1
373,10,803.4635620117188,540.6295776367188,298.59832763671875,466.2391357421875,-1,-1,-1,-1
374,10,795.4498901367188,548.6318359375,287.47515869140625,456.2279052734375,-1,-1,-1,-1
375,10,816.6751098632812,560.344970703125,248.31219482421875,445.8060302734375,-1,-1,-1,-1
376,10,790.349609375,566.0965576171875,263.1719970703125,436.58782958984375,-1,-1,-1,-1
377,10,784.0859985351562,565.969482421875,264.46368408203125,425.69439697265625,-1,-1,-1,-1
378,10,776.90869140625,550.5859375,253.507568359375,416.48162841796875,-1,-1,-1,-1
379,10,768.8463745117188,528.0003051757812,246.01116943359375,407.79876708984375,-1,-1,-1,-1
380,10,750.8392333984375,502.4488830566406,243.029052734375,391.1073913574219,-1,-1,-1,-1
381,10,750.3123779296875,478.87896728515625,237.0970458984375,392.5455322265625,-1,-1,-1,-1
382,10,753.0162963867188,478.3115539550781,242.20458984375,388.5818786621094,-1,-1,-1,-1
383,10,766.9392700195312,490.7918701171875,252.80206298828125,394.73095703125,-1,-1,-1,-1
384,10,794.1497802734375,506.23834228515625,251.4332275390625,396.65924072265625,-1,-1,-1,-1
385,10,835.7216186523438,521.8475341796875,248.84149169921875,404.76727294921875,-1,-1,-1,-1
386,10,876.6639404296875,541.6085815429688,256.928955078125,412.14111328125,-1,-1,-1,-1
387,10,916.3859252929688,557.3265380859375,261.71051025390625,423.1611328125,-1,-1,-1,-1
388,10,953.9193115234375,568.0626831054688,278.4603271484375,435.99951171875,-1,-1,-1,-1
389,10,1017.9133911132812,573.28515625,280.92926025390625,451.8558349609375,-1,-1,-1,-1
390,10,1059.445556640625,577.7730712890625,304.751953125,467.7862548828125,-1,-1,-1,-1
391,10,1079.78759765625,587.5576171875,328.8587646484375,464.706298828125,-1,-1,-1,-1
392,10,1125.302734375,588.88818359375,284.7125244140625,471.6307373046875,-1,-1,-1,-1
393,10,1193.0328369140625,597.2267456054688,212.85302734375,405.82086181640625,-1,-1,-1,-1
394,10,1205.138916015625,629.8597412109375,199.584716796875,400.1768798828125,-1,-1,-1,-1
395,10,1225.1024169921875,600.2651977539062,180.28759765625,395.94927978515625,-1,-1,-1,-1
396,10,1231.158203125,612.7824096679688,174.4078369140625,373.39398193359375,-1,-1,-1,-1
253,11,65.55736541748047,717.0899047851562,200.24945068359375,295.462158203125,-1,-1,-1,-1
254,11,78.30136108398438,711.1126708984375,200.56710815429688,300.21923828125,-1,-1,-1,-1
255,11,90.53152465820312,712.2113037109375,204.33389282226562,295.07489013671875,-1,-1,-1,-1
256,11,95.8738021850586,699.3388061523438,196.99774169921875,307.6026611328125,-1,-1,-1,-1
257,11,101.204345703125,688.1947021484375,186.44711303710938,312.38543701171875,-1,-1,-1,-1
258,11,98.81320190429688,677.35400390625,189.105224609375,297.466552734375,-1,-1,-1,-1
259,11,100.25372314453125,671.321044921875,187.63296508789062,325.8388671875,-1,-1,-1,-1
260,11,110.42840576171875,673.2750244140625,181.6099853515625,336.67877197265625,-1,-1,-1,-1
261,11,120.96430969238281,669.5145874023438,178.6492156982422,306.2325439453125,-1,-1,-1,-1
262,11,128.85765075683594,646.4613647460938,175.6167449951172,309.30499267578125,-1,-1,-1,-1
263,11,151.09190368652344,633.8663330078125,167.3415069580078,289.8995361328125,-1,-1,-1,-1
264,11,161.4294891357422,626.0595092773438,170.2370147705078,282.04217529296875,-1,-1,-1,-1
265,11,169.46951293945312,616.7916870117188,163.11785888671875,272.85504150390625,-1,-1,-1,-1
266,11,183.92617797851562,610.055908203125,154.88308715820312,266.779541015625,-1,-1,-1,-1
267,11,203.39825439453125,602.3717651367188,152.22323608398438,276.33282470703125,-1,-1,-1,-1
268,11,228.03480529785156,596.9481811523438,146.3877410888672,292.6961669921875,-1,-1,-1,-1
269,11,256.90699768066406,590.79150390625,145.3940887451172,328.71746826171875,-1,-1,-1,-1
270,11,289.1993408203125,585.7180786132812,140.777099609375,325.3397216796875,-1,-1,-1,-1
271,11,331.90069580078125,581.0823364257812,140.24847412109375,302.5498046875,-1,-1,-1,-1
272,11,380.37896728515625,580.5665893554688,133.40411376953125,288.170166015625,-1,-1,-1,-1
273,11,433.4082946777344,589.4509887695312,131.54684448242188,305.04119873046875,-1,-1,-1,-1
274,11,478.2416076660156,593.9020385742188,128.28652954101562,279.25518798828125,-1,-1,-1,-1
275,11,519.5198364257812,607.2430419921875,124.06591796875,277.62957763671875,-1,-1,-1,-1
276,11,563.6390380859375,616.1302490234375,123.337646484375,308.07196044921875,-1,-1,-1,-1
277,11,601.2568969726562,611.8619384765625,123.81591796875,322.03363037109375,-1,-1,-1,-1
278,11,640.3878784179688,610.9410400390625,122.77886962890625,317.3165283203125,-1,-1,-1,-1
279,11,667.8952026367188,612.2747192382812,124.577392578125,324.79669189453125,-1,-1,-1,-1
280,11,689.3978881835938,615.7511596679688,124.6004638671875,313.5682373046875,-1,-1,-1,-1
281,11,710.2141723632812,616.7636108398438,126.14129638671875,314.61041259765625,-1,-1,-1,-1
282,11,722.549560546875,619.198974609375,128.060791015625,307.54876708984375,-1,-1,-1,-1
283,11,736.9202270507812,618.399658203125,124.48211669921875,292.09735107421875,-1,-1,-1,-1
284,11,749.6732177734375,621.6350708007812,123.60028076171875,296.01495361328125,-1,-1,-1,-1
285,11,765.0421752929688,629.3411254882812,129.13616943359375,291.74853515625,-1,-1,-1,-1
286,11,774.9172973632812,635.0173950195312,131.54193115234375,305.546142578125,-1,-1,-1,-1
287,11,776.710205078125,631.627685546875,136.32861328125,283.68768310546875,-1,-1,-1,-1
288,11,785.0393676757812,623.1114501953125,134.69891357421875,289.7003173828125,-1,-1,-1,-1
289,11,796.2490234375,615.8106689453125,133.4578857421875,293.0108642578125,-1,-1,-1,-1
290,11,788.29150390625,614.8684692382812,138.61865234375,287.7764892578125,-1,-1,-1,-1
291,11,747.5979614257812,612.2086791992188,146.04034423828125,287.417236328125,-1,-1,-1,-1
292,11,714.98681640625,586.3402099609375,153.768798828125,289.010986328125,-1,-1,-1,-1
293,11,704.9981689453125,558.5368041992188,144.3759765625,297.96038818359375,-1,-1,-1,-1
294,11,699.7015991210938,530.4370727539062,142.99945068359375,295.51727294921875,-1,-1,-1,-1
295,11,697.7432250976562,505.46905517578125,139.7012939453125,291.56781005859375,-1,-1,-1,-1
296,11,692.4683837890625,479.3657531738281,138.325927734375,305.5740661621094,-1,-1,-1,-1
297,11,690.3192749023438,450.8956604003906,135.244873046875,296.0694274902344,-1,-1,-1,-1
298,11,687.8265991210938,422.39813232421875,136.762939453125,314.0411376953125,-1,-1,-1,-1
299,11,693.8668823242188,391.0396423339844,138.15399169921875,306.6663513183594,-1,-1,-1,-1
300,11,715.1107177734375,359.74322509765625,138.013916015625,335.52392578125,-1,-1,-1,-1
301,11,738.460205078125,337.36053466796875,143.29052734375,346.081298828125,-1,-1,-1,-1
302,11,759.2061767578125,337.59747314453125,142.49627685546875,352.2557373046875,-1,-1,-1,-1
303,11,777.5733032226562,336.48211669921875,141.8658447265625,341.5264892578125,-1,-1,-1,-1
304,11,793.6317749023438,332.1125793457031,146.92559814453125,354.7029724121094,-1,-1,-1,-1
305,11,806.15576171875,326.9051818847656,147.45306396484375,370.1648864746094,-1,-1,-1,-1
306,11,812.9501953125,320.4756774902344,148.9254150390625,361.0768127441406,-1,-1,-1,-1
307,11,807.630859375,304.9775390625,155.5738525390625,362.41375732421875,-1,-1,-1,-1
308,11,795.78857421875,294.2191162109375,153.32037353515625,388.06005859375,-1,-1,-1,-1
309,11,757.99072265625,296.7084655761719,155.60589599609375,373.3998107910156,-1,-1,-1,-1
310,11,708.6290283203125,297.59765625,152.3829345703125,371.8953857421875,-1,-1,-1,-1
311,11,657.2764282226562,299.2046203613281,148.558349609375,382.1274719238281,-1,-1,-1,-1
312,11,618.22314453125,315.863037109375,143.20477294921875,365.350830078125,-1,-1,-1,-1
313,11,594.8678588867188,344.0406494140625,144.82196044921875,369.25579833984375,-1,-1,-1,-1
314,11,580.0364990234375,344.38055419921875,140.58294677734375,382.97222900390625,-1,-1,-1,-1
315,11,559.6544189453125,338.64569091796875,142.20465087890625,390.81878662109375,-1,-1,-1,-1
316,11,537.5908203125,325.2758483886719,135.4044189453125,380.9104309082031,-1,-1,-1,-1
317,11,517.5704956054688,305.58880615234375,137.55523681640625,380.035400390625,-1,-1,-1,-1
318,11,499.3035583496094,283.904541015625,139.07913208007812,396.81097412109375,-1,-1,-1,-1
319,11,490.70074462890625,269.69818115234375,145.289794921875,369.155517578125,-1,-1,-1,-1
320,11,488.8121337890625,262.6324768066406,139.2979736328125,334.3673400878906,-1,-1,-1,-1
321,11,480.72088623046875,259.4205627441406,140.34320068359375,339.3785705566406,-1,-1,-1,-1
322,11,470.8069763183594,245.65904235839844,146.20535278320312,358.42034912109375,-1,-1,-1,-1
323,11,463.32708740234375,236.24691772460938,149.05780029296875,376.5566101074219,-1,-1,-1,-1
324,11,463.45556640625,223.98309326171875,151.7481689453125,413.46221923828125,-1,-1,-1,-1
325,11,462.8529357910156,213.73379516601562,160.09066772460938,422.2145080566406,-1,-1,-1,-1
326,11,465.34759521484375,213.9134521484375,163.69268798828125,418.99365234375,-1,-1,-1,-1
327,11,475.2995910644531,226.2958984375,162.41195678710938,406.84564208984375,-1,-1,-1,-1
328,11,490.1817321777344,236.00958251953125,163.25369262695312,394.56121826171875,-1,-1,-1,-1
329,11,507.12890625,239.05738830566406,163.280029296875,398.2845458984375,-1,-1,-1,-1
330,11,518.6027221679688,240.36944580078125,165.69091796875,399.79168701171875,-1,-1,-1,-1
331,11,529.802001953125,248.02952575683594,160.60260009765625,391.07196044921875,-1,-1,-1,-1
332,11,528.4927978515625,258.7372131347656,164.7178955078125,386.0209045410156,-1,-1,-1,-1
333,11,516.4791870117188,267.10736083984375,169.96942138671875,401.3167724609375,-1,-1,-1,-1
334,11,497.836669921875,275.3095397949219,180.810791015625,407.7099914550781,-1,-1,-1,-1
335,11,481.8281555175781,282.96832275390625,187.90615844726562,411.41632080078125,-1,-1,-1,-1
336,11,460.01617431640625,282.9091491699219,210.00372314453125,417.4308166503906,-1,-1,-1,-1
337,11,439.0058898925781,278.7471618652344,220.92941284179688,426.4209899902344,-1,-1,-1,-1
338,11,420.4538879394531,264.2897644042969,231.95260620117188,435.4610290527344,-1,-1,-1,-1
339,11,399.8079528808594,246.22669982910156,231.27517700195312,447.84661865234375,-1,-1,-1,-1
340,11,384.6418762207031,227.86129760742188,224.14450073242188,460.5171203613281,-1,-1,-1,-1
341,11,370.40728759765625,206.067138671875,201.66693115234375,475.457763671875,-1,-1,-1,-1
342,11,355.5189208984375,185.267333984375,201.04901123046875,486.93133544921875,-1,-1,-1,-1
343,11,345.1246643066406,158.3006591796875,198.56954956054688,497.33428955078125,-1,-1,-1,-1
344,11,309.3705139160156,116.20335388183594,221.38681030273438,563.0472412109375,-1,-1,-1,-1
345,11,292.3103332519531,98.80977630615234,224.24264526367188,577.4863891601562,-1,-1,-1,-1
346,11,271.96856689453125,76.98175811767578,233.19390869140625,617.4224853515625,-1,-1,-1,-1
347,11,238.93878173828125,47.62904357910156,250.19088745117188,627.4739990234375,-1,-1,-1,-1
348,11,219.24456787109375,11.04954719543457,254.36294555664062,607.1966552734375,-1,-1,-1,-1
349,11,193.69192504882812,-0.6371135711669922,271.3414306640625,645.6817016601562,-1,-1,-1,-1
350,11,179.94515991210938,0.3516082763671875,269.2889404296875,599.1561279296875,-1,-1,-1,-1
351,11,166.3595428466797,-0.1513652801513672,269.25531005859375,568.6751098632812,-1,-1,-1,-1
352,11,147.29193115234375,-1.2640209197998047,272.4858703613281,589.6697387695312,-1,-1,-1,-1
353,11,131.22906494140625,-9.56917953491211,272.19189453125,631.1976928710938,-1,-1,-1,-1
354,11,104.66048431396484,-11.75949478149414,289.4118957519531,646.6867065429688,-1,-1,-1,-1
355,11,75.2173843383789,1.8603401184082031,327.7206726074219,659.9161987304688,-1,-1,-1,-1
356,11,61.351234436035156,2.6675987243652344,328.5809631347656,673.3300170898438,-1,-1,-1,-1
357,11,45.424339294433594,1.1958351135253906,335.98895263671875,691.4091796875,-1,-1,-1,-1
358,11,45.34318542480469,9.653881072998047,313.21612548828125,692.273193359375,-1,-1,-1,-1
359,11,2.1708669662475586,19.480192184448242,350.0014343261719,694.5494384765625,-1,-1,-1,-1
360,11,35.4814453125,90.81890869140625,305.7011413574219,619.0634155273438,-1,-1,-1,-1
361,11,37.51924133300781,139.13059997558594,291.28192138671875,608.9818115234375,-1,-1,-1,-1
362,11,29.30215072631836,196.72567749023438,288.4207763671875,595.2818603515625,-1,-1,-1,-1
363,11,29.312850952148438,262.3189392089844,289.77178955078125,486.6536560058594,-1,-1,-1,-1
364,11,18.20655059814453,324.77349853515625,308.0536804199219,479.33807373046875,-1,-1,-1,-1
365,11,32.92186737060547,388.36553955078125,306.7535400390625,456.691162109375,-1,-1,-1,-1
366,11,53.77647399902344,450.30126953125,292.9970703125,461.7679443359375,-1,-1,-1,-1
367,11,77.08011627197266,499.123779296875,291.1134948730469,410.48583984375,-1,-1,-1,-1
368,11,99.8333740234375,546.1701049804688,277.6995849609375,414.2840576171875,-1,-1,-1,-1
369,11,123.7656021118164,573.513916015625,265.5202941894531,416.2109375,-1,-1,-1,-1
370,11,146.6327667236328,564.8372192382812,252.0249481201172,426.6593017578125,-1,-1,-1,-1
371,11,159.86834716796875,552.0594482421875,249.02325439453125,419.38922119140625,-1,-1,-1,-1
372,11,164.73367309570312,549.8133544921875,245.30517578125,435.2064208984375,-1,-1,-1,-1
373,11,168.2984161376953,538.1192626953125,242.69056701660156,456.0765380859375,-1,-1,-1,-1
374,11,165.9782257080078,534.309814453125,242.9456024169922,477.86199951171875,-1,-1,-1,-1
375,11,170.83206176757812,539.7371826171875,238.89877319335938,494.4837646484375,-1,-1,-1,-1
376,11,182.2714385986328,536.259521484375,235.8468780517578,513.007080078125,-1,-1,-1,-1
377,11,200.546875,521.4989013671875,231.36441040039062,530.4559326171875,-1,-1,-1,-1
378,11,207.6194305419922,498.90869140625,218.6187286376953,542.525390625,-1,-1,-1,-1
379,11,216.94522094726562,471.5645446777344,216.65621948242188,553.72314453125,-1,-1,-1,-1
380,11,216.9607696533203,446.5591735839844,212.6101837158203,561.105224609375,-1,-1,-1,-1
381,11,231.1608123779297,418.4256286621094,201.7581329345703,564.740234375,-1,-1,-1,-1
382,11,257.4200439453125,411.0174255371094,186.7537841796875,547.1107177734375,-1,-1,-1,-1
383,11,294.3314514160156,405.54351806640625,170.01608276367188,528.6670532226562,-1,-1,-1,-1
384,11,342.5743408203125,404.23980712890625,160.48773193359375,488.879638671875,-1,-1,-1,-1
385,11,398.0260009765625,408.76251220703125,156.88348388671875,455.6177978515625,-1,-1,-1,-1
386,11,455.36541748046875,418.1756286621094,149.7569580078125,422.6633605957031,-1,-1,-1,-1
387,11,512.1026306152344,429.50677490234375,142.68820190429688,395.67962646484375,-1,-1,-1,-1
388,11,566.5546264648438,431.88958740234375,139.50048828125,383.52764892578125,-1,-1,-1,-1
389,11,624.7935180664062,427.5160827636719,143.7315673828125,375.4178771972656,-1,-1,-1,-1
390,11,680.3021850585938,423.42327880859375,152.11114501953125,375.36529541015625,-1,-1,-1,-1
391,11,729.7114868164062,408.53485107421875,176.427490234375,378.5809326171875,-1,-1,-1,-1
392,11,769.6263427734375,389.1322021484375,196.8963623046875,377.388671875,-1,-1,-1,-1
393,11,793.9052124023438,369.2809143066406,225.78375244140625,381.2793884277344,-1,-1,-1,-1
394,11,821.4342041015625,360.8916931152344,233.3489990234375,374.9999694824219,-1,-1,-1,-1
395,11,854.707763671875,348.5550231933594,237.3966064453125,371.7407531738281,-1,-1,-1,-1
396,11,893.748046875,336.387451171875,233.1883544921875,374.13568115234375,-1,-1,-1,-1
397,11,936.31103515625,327.55499267578125,231.7054443359375,382.367431640625,-1,-1,-1,-1
398,11,952.1587524414062,335.2856750488281,237.09564208984375,386.8631896972656,-1,-1,-1,-1
399,11,953.266357421875,351.3870849609375,245.6602783203125,389.3990478515625,-1,-1,-1,-1
400,11,951.19921875,360.33892822265625,242.430419921875,393.15875244140625,-1,-1,-1,-1
401,11,946.1914672851562,364.9514465332031,244.82281494140625,396.9358825683594,-1,-1,-1,-1
402,11,950.9559936523438,368.90850830078125,233.20550537109375,397.2103271484375,-1,-1,-1,-1
403,11,964.1234130859375,375.33880615234375,229.8695068359375,394.23577880859375,-1,-1,-1,-1
404,11,994.0679931640625,390.1708679199219,200.942138671875,366.6707458496094,-1,-1,-1,-1
405,11,1019.6178588867188,399.0491638183594,182.27069091796875,363.4482727050781,-1,-1,-1,-1
406,11,1038.0927734375,399.74127197265625,160.6431884765625,378.99505615234375,-1,-1,-1,-1
407,11,1028.6832275390625,390.6810302734375,166.82421875,391.695068359375,-1,-1,-1,-1
408,11,1011.3978881835938,381.34100341796875,183.99456787109375,414.74456787109375,-1,-1,-1,-1
409,11,1007.542724609375,379.09527587890625,188.399658203125,405.39971923828125,-1,-1,-1,-1
410,11,1005.9690551757812,378.73651123046875,203.21380615234375,399.80999755859375,-1,-1,-1,-1
411,11,997.26708984375,381.3279113769531,212.0767822265625,402.1852722167969,-1,-1,-1,-1
412,11,985.8724365234375,382.4112243652344,214.788818359375,390.8286437988281,-1,-1,-1,-1
413,11,953.0753784179688,407.47589111328125,213.68035888671875,386.78570556640625,-1,-1,-1,-1
414,11,908.3258666992188,450.898681640625,184.04803466796875,362.93231201171875,-1,-1,-1,-1
415,11,869.6504516601562,480.84564208984375,163.75689697265625,355.60614013671875,-1,-1,-1,-1
416,11,856.964599609375,494.3457946777344,138.8951416015625,346.5090026855469,-1,-1,-1,-1
417,11,848.34326171875,496.49658203125,134.8916015625,346.4010009765625,-1,-1,-1,-1
418,11,838.366943359375,504.2604064941406,144.35498046875,366.4658508300781,-1,-1,-1,-1
419,11,832.5206909179688,508.9939270019531,152.8162841796875,391.0787048339844,-1,-1,-1,-1
420,11,833.8121948242188,512.8958740234375,157.2608642578125,397.82781982421875,-1,-1,-1,-1
421,11,844.1300659179688,533.1572875976562,154.3809814453125,376.45928955078125,-1,-1,-1,-1
422,11,850.9971313476562,553.4905395507812,157.9410400390625,368.7100830078125,-1,-1,-1,-1
423,11,849.5486450195312,543.1461791992188,163.8131103515625,382.54278564453125,-1,-1,-1,-1
424,11,847.3468017578125,550.42724609375,165.33905029296875,386.1943359375,-1,-1,-1,-1
425,11,839.9842529296875,566.7117309570312,168.076904296875,382.47174072265625,-1,-1,-1,-1
426,11,825.2393188476562,580.238037109375,176.33734130859375,381.79730224609375,-1,-1,-1,-1
427,11,818.7537231445312,591.6343994140625,180.84063720703125,382.9385986328125,-1,-1,-1,-1
428,11,819.3864135742188,594.298583984375,179.90576171875,381.35601806640625,-1,-1,-1,-1
429,11,826.8358764648438,591.5838012695312,167.60357666015625,380.14501953125,-1,-1,-1,-1
430,11,827.3502197265625,589.38427734375,155.39813232421875,377.25030517578125,-1,-1,-1,-1
431,11,818.091796875,591.9483032226562,148.92718505859375,373.78143310546875,-1,-1,-1,-1
432,11,808.9906616210938,596.6478271484375,143.5869140625,369.06597900390625,-1,-1,-1,-1
433,11,795.1547241210938,599.0186157226562,142.992919921875,365.12066650390625,-1,-1,-1,-1
434,11,777.4016723632812,599.031494140625,144.10540771484375,361.8406982421875,-1,-1,-1,-1
435,11,759.5010986328125,594.7380981445312,144.884033203125,360.94598388671875,-1,-1,-1,-1
436,11,744.995361328125,592.469482421875,146.2174072265625,348.4041748046875,-1,-1,-1,-1
437,11,726.1226806640625,593.996337890625,153.27301025390625,336.40252685546875,-1,-1,-1,-1
438,11,709.742431640625,592.3719482421875,160.60186767578125,325.48675537109375,-1,-1,-1,-1
439,11,695.6638793945312,596.3287353515625,164.32977294921875,314.33673095703125,-1,-1,-1,-1
440,11,682.5738525390625,592.517578125,166.34222412109375,308.40191650390625,-1,-1,-1,-1
441,11,678.4915161132812,591.4998779296875,165.4072265625,288.81024169921875,-1,-1,-1,-1
442,11,677.6016845703125,596.756103515625,166.8721923828125,279.1729736328125,-1,-1,-1,-1
443,11,671.69775390625,593.5919189453125,172.85650634765625,289.72686767578125,-1,-1,-1,-1
444,11,661.8453369140625,591.4951782226562,180.12384033203125,276.0091552734375,-1,-1,-1,-1
445,11,648.9987182617188,597.4150390625,184.3070068359375,261.83843994140625,-1,-1,-1,-1
446,11,634.7356567382812,611.4174194335938,186.91107177734375,248.83331298828125,-1,-1,-1,-1
447,11,624.165771484375,619.9418334960938,200.51171875,253.010498046875,-1,-1,-1,-1
448,11,611.7041625976562,628.0619506835938,200.31768798828125,249.40130615234375,-1,-1,-1,-1
449,11,605.8482055664062,632.7025756835938,200.97747802734375,247.26513671875,-1,-1,-1,-1
450,11,595.0452270507812,637.0398559570312,192.91571044921875,257.59515380859375,-1,-1,-1,-1
451,11,590.0576171875,639.0771484375,189.7003173828125,255.44329833984375,-1,-1,-1,-1
414,12,1038.5723876953125,660.2398071289062,359.571533203125,438.41925048828125,-1,-1,-1,-1
415,12,1054.3377685546875,679.9920043945312,312.1890869140625,420.42120361328125,-1,-1,-1,-1
416,12,1025.1707763671875,690.7808837890625,296.62841796875,414.3101806640625,-1,-1,-1,-1
417,12,1009.0311279296875,698.2587890625,282.4351806640625,414.4476318359375,-1,-1,-1,-1
418,12,998.2247314453125,705.1884765625,284.8677978515625,412.1142578125,-1,-1,-1,-1
419,12,995.3573608398438,711.571044921875,287.49749755859375,412.192626953125,-1,-1,-1,-1
420,12,1000.5164794921875,711.908935546875,281.7713623046875,415.8212890625,-1,-1,-1,-1
421,12,1010.9091186523438,711.982177734375,282.17950439453125,416.0865478515625,-1,-1,-1,-1
422,12,1016.306640625,718.9427490234375,280.7584228515625,419.9093017578125,-1,-1,-1,-1
423,12,1016.8387451171875,722.4073486328125,282.285400390625,416.9368896484375,-1,-1,-1,-1
424,12,1019.658203125,728.7167358398438,275.594970703125,411.81964111328125,-1,-1,-1,-1
425,12,1016.10888671875,740.421875,270.3048095703125,406.6328125,-1,-1,-1,-1
426,12,1014.651611328125,751.5149536132812,259.840087890625,403.61517333984375,-1,-1,-1,-1
427,12,997.6552734375,762.7308349609375,266.2164306640625,397.1937255859375,-1,-1,-1,-1
428,12,998.7109375,763.8779296875,262.96533203125,395.85595703125,-1,-1,-1,-1
429,12,990.2442626953125,756.6990966796875,267.7901611328125,400.85986328125,-1,-1,-1,-1
430,12,976.3291015625,750.9735107421875,267.1036376953125,398.145263671875,-1,-1,-1,-1
431,12,969.2344970703125,745.2811889648438,274.7647705078125,395.52569580078125,-1,-1,-1,-1
432,12,965.428466796875,748.228759765625,274.8875732421875,392.4471435546875,-1,-1,-1,-1
433,12,947.6865234375,743.2088012695312,281.9056396484375,389.85894775390625,-1,-1,-1,-1
434,12,936.1519775390625,735.8189697265625,285.8701171875,385.93896484375,-1,-1,-1,-1
435,12,931.07275390625,731.6178588867188,271.1962890625,373.59173583984375,-1,-1,-1,-1
436,12,918.9031372070312,725.4806518554688,264.45953369140625,353.45416259765625,-1,-1,-1,-1
437,12,912.4097900390625,719.0950927734375,277.463134765625,349.8143310546875,-1,-1,-1,-1
438,12,905.4005126953125,691.2237548828125,272.739990234375,356.8363037109375,-1,-1,-1,-1
439,12,905.892822265625,683.7177734375,262.677734375,343.7098388671875,-1,-1,-1,-1
440,12,886.2515258789062,652.9859619140625,273.06890869140625,343.0423583984375,-1,-1,-1,-1
441,12,878.16357421875,630.7909545898438,268.852783203125,339.617431640625,-1,-1,-1,-1
442,12,890.5222778320312,626.7784423828125,251.20867919921875,325.10687255859375,-1,-1,-1,-1
443,12,881.9923095703125,619.4510498046875,257.004638671875,317.516357421875,-1,-1,-1,-1
444,12,881.3777465820312,606.2786865234375,245.32720947265625,311.657958984375,-1,-1,-1,-1
445,12,852.1595458984375,595.0517578125,256.535888671875,308.66046142578125,-1,-1,-1,-1
446,12,837.5691528320312,596.98095703125,250.44061279296875,297.24371337890625,-1,-1,-1,-1
447,12,819.7818603515625,589.18505859375,245.213623046875,299.90411376953125,-1,-1,-1,-1
448,12,814.4038696289062,604.468505859375,248.00726318359375,286.26226806640625,-1,-1,-1,-1
449,12,808.0869140625,590.329833984375,248.3895263671875,299.79998779296875,-1,-1,-1,-1
450,12,792.4720458984375,608.0933227539062,251.232666015625,285.17877197265625,-1,-1,-1,-1
451,12,797.8115234375,599.8716430664062,234.4945068359375,296.73724365234375,-1,-1,-1,-1
447,13,1018.4302368164062,480.4084777832031,41.65850830078125,80.27499389648438,-1,-1,-1,-1
448,13,1001.3216552734375,479.8260498046875,40.3541259765625,81.89794921875,-1,-1,-1,-1
449,13,982.0613403320312,481.4496154785156,43.68829345703125,82.03781127929688,-1,-1,-1,-1
450,13,971.5364379882812,481.68585205078125,37.6658935546875,78.2943115234375,-1,-1,-1,-1
451,13,952.6322631835938,484.3099365234375,40.86798095703125,89.23675537109375,-1,-1,-1,-1
