8,1,880.953857421875,565.3289794921875,533.58642578125,677.73046875,-1,-1,-1,-1
9,1,878.8868408203125,548.0260009765625,533.578125,674.1209716796875,-1,-1,-1,-1
10,1,867.7463989257812,554.0656127929688,543.9070434570312,653.2426147460938,-1,-1,-1,-1
11,1,869.04150390625,538.5548095703125,544.01806640625,661.9940185546875,-1,-1,-1,-1
12,1,877.48291015625,515.4732666015625,533.8123779296875,697.2916259765625,-1,-1,-1,-1
13,1,882.0064086914062,512.2235107421875,528.9085083007812,711.242431640625,-1,-1,-1,-1
14,1,892.5728759765625,494.9640197753906,520.0035400390625,747.6314697265625,-1,-1,-1,-1
15,1,895.8277587890625,496.3381652832031,515.9754638671875,767.1307373046875,-1,-1,-1,-1
16,1,909.2815551757812,517.6820068359375,500.38519287109375,792.2371826171875,-1,-1,-1,-1
17,1,914.6411743164062,474.711669921875,492.25555419921875,930.3929443359375,-1,-1,-1,-1
18,1,908.072021484375,536.0118408203125,502.802490234375,872.5308837890625,-1,-1,-1,-1
19,1,885.4765625,631.1705322265625,531.519287109375,780.0523681640625,-1,-1,-1,-1
20,1,878.8316040039062,792.9718017578125,539.6011352539062,619.015625,-1,-1,-1,-1
21,1,902.0858154296875,689.3862915039062,510.593505859375,720.1884155273438,-1,-1,-1,-1
22,1,915.5111083984375,626.4691772460938,499.01416015625,783.4105834960938,-1,-1,-1,-1
23,1,861.2229614257812,624.7407836914062,550.1273803710938,784.7771606445312,-1,-1,-1,-1
24,1,691.3536987304688,615.1812744140625,715.1390991210938,794.395751953125,-1,-1,-1,-1
25,1,755.8515014648438,698.8229370117188,649.3440551757812,708.3023071289062,-1,-1,-1,-1
26,1,757.0623779296875,763.0374145507812,650.480712890625,646.2559204101562,-1,-1,-1,-1
27,1,566.9471435546875,798.4833984375,841.5042724609375,609.6390380859375,-1,-1,-1,-1
28,1,454.5125732421875,781.932861328125,955.017578125,626.4736328125,-1,-1,-1,-1
29,1,303.62384033203125,755.6181030273438,1109.890869140625,652.0111694335938,-1,-1,-1,-1
30,1,250.1945343017578,742.1654663085938,1178.1646728515625,663.5618286132812,-1,-1,-1,-1
31,1,282.62213134765625,735.3844604492188,1136.653076171875,672.5892944335938,-1,-1,-1,-1
32,1,334.8541259765625,750.5291748046875,1093.13134765625,658.14111328125,-1,-1,-1,-1
33,1,327.837890625,848.0919189453125,1081.2620849609375,559.7589111328125,-1,-1,-1,-1
34,1,372.0647277832031,839.921875,1007.65673828125,572.0013427734375,-1,-1,-1,-1
35,1,447.89593505859375,899.4430541992188,847.1640014648438,509.95037841796875,-1,-1,-1,-1
36,1,348.8282165527344,881.499755859375,863.1563720703125,527.5260009765625,-1,-1,-1,-1
37,1,409.102294921875,887.0478515625,757.7174072265625,523.2386474609375,-1,-1,-1,-1
38,1,480.9327392578125,896.664306640625,677.5040283203125,512.37255859375,-1,-1,-1,-1
39,1,536.9066162109375,907.7986450195312,610.71142578125,500.70782470703125,-1,-1,-1,-1
40,1,376.4136962890625,821.871826171875,803.6319580078125,588.5845947265625,-1,-1,-1,-1
41,1,360.60968017578125,814.5457153320312,799.6187133789062,595.1028442382812,-1,-1,-1,-1
42,1,378.6556701660156,769.8772583007812,865.6737060546875,638.3031616210938,-1,-1,-1,-1
43,1,550.8817749023438,811.3539428710938,774.3339233398438,596.6867065429688,-1,-1,-1,-1
44,1,566.853515625,794.8941650390625,784.9578857421875,613.612548828125,-1,-1,-1,-1
45,1,660.152587890625,818.9493408203125,731.2410888671875,591.0330810546875,-1,-1,-1,-1
46,1,686.8851318359375,796.8948974609375,715.9234619140625,614.8104248046875,-1,-1,-1,-1
47,1,684.05078125,775.89404296875,723.3447265625,634.20849609375,-1,-1,-1,-1
48,1,661.0339965820312,813.934814453125,738.2817993164062,596.0355224609375,-1,-1,-1,-1
49,1,692.5520629882812,777.2085571289062,717.7523803710938,632.8018188476562,-1,-1,-1,-1
50,1,664.191650390625,802.84521484375,748.5323486328125,608.351318359375,-1,-1,-1,-1
51,1,683.3460083007812,828.4515380859375,732.6813354492188,580.990234375,-1,-1,-1,-1
52,1,668.3826293945312,822.426025390625,745.2623901367188,585.7852783203125,-1,-1,-1,-1
53,1,701.5556640625,829.5476684570312,708.9361572265625,579.2582397460938,-1,-1,-1,-1
54,1,643.1686401367188,794.12353515625,755.2177124023438,615.0501708984375,-1,-1,-1,-1
55,1,668.57421875,840.4952392578125,741.7725830078125,571.1053466796875,-1,-1,-1,-1
56,1,708.3247680664062,857.1651611328125,699.5238647460938,554.9063720703125,-1,-1,-1,-1
57,1,685.5313110351562,897.6888427734375,728.0933227539062,519.077880859375,-1,-1,-1,-1
58,1,644.8095092773438,968.8197021484375,773.5665893554688,455.3653564453125,-1,-1,-1,-1
59,1,550.5789794921875,1063.1903076171875,732.48046875,359.4326171875,-1,-1,-1,-1
60,1,589.879150390625,1106.4569091796875,679.5806884765625,304.2862548828125,-1,-1,-1,-1
61,1,590.292724609375,1058.990966796875,744.657958984375,354.2900390625,-1,-1,-1,-1
62,1,589.6221313476562,996.6542358398438,815.3284301757812,417.78765869140625,-1,-1,-1,-1
63,1,564.3539428710938,943.5509033203125,816.7323608398438,467.938720703125,-1,-1,-1,-1
64,1,540.9719848632812,888.057373046875,817.0447387695312,526.399169921875,-1,-1,-1,-1
65,1,424.03448486328125,885.2202758789062,939.1445922851562,570.2732543945312,-1,-1,-1,-1
66,1,397.0551452636719,804.4494018554688,1016.21923828125,656.6256713867188,-1,-1,-1,-1
67,1,312.037353515625,726.2299194335938,1285.035888671875,772.6272583007812,-1,-1,-1,-1
68,1,290.7958984375,630.38623046875,1334.09619140625,869.8983154296875,-1,-1,-1,-1
69,1,335.51873779296875,648.7700805664062,1284.6611328125,812.9616088867188,-1,-1,-1,-1
70,1,343.0560607910156,530.1154174804688,1253.422607421875,925.9104614257812,-1,-1,-1,-1
71,1,358.0340881347656,541.1359252929688,1188.458740234375,874.7749633789062,-1,-1,-1,-1
72,1,340.40240478515625,565.5455322265625,1138.861328125,848.09619140625,-1,-1,-1,-1
73,1,322.465087890625,578.9431762695312,1207.068603515625,836.8626098632812,-1,-1,-1,-1
74,1,360.2206726074219,632.402099609375,1165.180908203125,786.12841796875,-1,-1,-1,-1
75,1,395.4602966308594,665.2901611328125,1103.2904052734375,749.915771484375,-1,-1,-1,-1
76,1,371.36053466796875,646.8280029296875,1151.197509765625,764.9556884765625,-1,-1,-1,-1
77,1,437.26727294921875,712.6702880859375,965.0794067382812,696.211669921875,-1,-1,-1,-1
78,1,352.2986145019531,651.3628540039062,1166.576171875,762.5697631835938,-1,-1,-1,-1
79,1,328.89276123046875,704.0184936523438,1178.06005859375,709.0587768554688,-1,-1,-1,-1
80,1,275.846435546875,763.2952270507812,1254.0416259765625,651.9590454101562,-1,-1,-1,-1
81,1,353.47711181640625,863.0130615234375,1051.814453125,577.0506591796875,-1,-1,-1,-1
82,1,489.17913818359375,851.19140625,939.8878784179688,564.851806640625,-1,-1,-1,-1
83,1,397.4833679199219,817.607177734375,1003.35986328125,593.6654052734375,-1,-1,-1,-1
84,1,215.7057342529297,801.9735717773438,1276.150634765625,637.7827758789062,-1,-1,-1,-1
85,1,121.35484313964844,756.662841796875,1322.7825927734375,663.037353515625,-1,-1,-1,-1
86,1,95.23806762695312,691.51220703125,1323.64453125,720.95947265625,-1,-1,-1,-1
87,1,97.4796142578125,609.9027709960938,1308.982177734375,804.9465942382812,-1,-1,-1,-1
88,1,151.5517578125,473.78985595703125,1265.0335693359375,965.6449584960938,-1,-1,-1,-1
14,2,0.17261028289794922,164.3631591796875,253.14779663085938,1003.344970703125,-1,-1,-1,-1
15,2,-2.295050621032715,226.59793090820312,261.9775390625,974.484375,-1,-1,-1,-1
16,2,-3.2403316497802734,283.46832275390625,268.6452331542969,944.5658569335938,-1,-1,-1,-1
17,2,-4.331356048583984,233.191162109375,284.82977294921875,1026.432373046875,-1,-1,-1,-1
18,2,-5.460156440734863,216.80076599121094,298.0115661621094,1030.7205810546875,-1,-1,-1,-1
19,2,0.029562950134277344,230.06678771972656,307.172119140625,1005.7733154296875,-1,-1,-1,-1
20,2,-3.522775650024414,183.29168701171875,335.51702880859375,1078.251953125,-1,-1,-1,-1
21,2,-3.692835807800293,245.98162841796875,330.6952209472656,803.2655639648438,-1,-1,-1,-1
22,2,-4.692981719970703,269.4976501464844,396.15673828125,847.7713623046875,-1,-1,-1,-1
23,2,-3.549652099609375,361.2041015625,329.5283508300781,654.0770874023438,-1,-1,-1,-1
24,2,5.761831283569336,384.24969482421875,454.90582275390625,728.5910034179688,-1,-1,-1,-1
26,3,452.5609130859375,1188.9774169921875,302.38055419921875,219.52685546875,-1,-1,-1,-1
27,3,421.256103515625,1165.84912109375,417.19873046875,241.323974609375,-1,-1,-1,-1
28,3,394.7265930175781,1076.6834716796875,586.514404296875,331.9757080078125,-1,-1,-1,-1
29,3,320.8112487792969,1024.2786254882812,850.359619140625,384.89947509765625,-1,-1,-1,-1
30,3,299.0758056640625,1006.0365600585938,782.5555419921875,404.57965087890625,-1,-1,-1,-1
31,3,284.9540710449219,1009.5570678710938,719.3848876953125,399.01055908203125,-1,-1,-1,-1
32,3,306.9421081542969,993.505615234375,696.8699951171875,416.8524169921875,-1,-1,-1,-1
33,3,289.7859191894531,957.19091796875,762.3935546875,450.3731689453125,-1,-1,-1,-1
34,3,305.6831359863281,888.9733276367188,768.13916015625,519.5932006835938,-1,-1,-1,-1
35,3,336.8032531738281,914.1651611328125,751.811279296875,494.204345703125,-1,-1,-1,-1
36,3,336.8800354003906,874.8051147460938,805.9752197265625,533.3943481445312,-1,-1,-1,-1
69,4,1.6465034484863281,192.6085205078125,625.260498046875,753.9971923828125,-1,-1,-1,-1
70,4,4.446102142333984,160.23988342285156,630.779296875,764.9539794921875,-1,-1,-1,-1
71,4,6.431980133056641,27.24966812133789,666.437255859375,882.2202758789062,-1,-1,-1,-1
72,4,14.620296478271484,10.212516784667969,671.5087280273438,886.4948120117188,-1,-1,-1,-1
73,4,41.99999237060547,47.89858627319336,675.120361328125,874.8143310546875,-1,-1,-1,-1
74,4,76.90704345703125,59.20293426513672,703.7791748046875,900.4163208007812,-1,-1,-1,-1
75,4,93.30445098876953,63.66941833496094,672.1074829101562,916.3356323242188,-1,-1,-1,-1
76,4,104.11616516113281,60.4348030090332,667.7595825195312,923.88623046875,-1,-1,-1,-1
77,4,111.5942611694336,62.908905029296875,638.2433471679688,903.78369140625,-1,-1,-1,-1
78,4,123.57685852050781,70.77432250976562,569.4879760742188,865.173583984375,-1,-1,-1,-1
79,4,125.61539459228516,76.99140930175781,575.8616943359375,873.63330078125,-1,-1,-1,-1
80,4,134.89682006835938,71.99226379394531,592.29931640625,870.1293334960938,-1,-1,-1,-1
81,4,141.80401611328125,69.18641662597656,599.5122680664062,881.9508056640625,-1,-1,-1,-1
82,4,153.8321075439453,75.4186019897461,577.7029418945312,860.2796630859375,-1,-1,-1,-1
83,4,165.71240234375,85.3281021118164,600.594482421875,842.5365600585938,-1,-1,-1,-1
84,4,190.95013427734375,112.17845153808594,600.0303344726562,815.6241455078125,-1,-1,-1,-1
85,4,212.896484375,137.28033447265625,572.920166015625,778.23681640625,-1,-1,-1,-1
86,4,227.47630310058594,157.7487030029297,537.5277709960938,759.4797973632812,-1,-1,-1,-1
87,4,243.44898986816406,176.2359619140625,520.2133178710938,752.2127685546875,-1,-1,-1,-1
88,4,254.39639282226562,198.066650390625,532.512451171875,748.8905029296875,-1,-1,-1,-1
89,4,271.56732177734375,221.95274353027344,486.50653076171875,716.3408203125,-1,-1,-1,-1
90,4,278.4446105957031,247.21139526367188,468.7018127441406,694.586669921875,-1,-1,-1,-1
91,4,269.0909729003906,266.8106384277344,474.4356994628906,726.324951171875,-1,-1,-1,-1
92,4,237.7352294921875,282.43304443359375,478.41864013671875,702.3471069335938,-1,-1,-1,-1
93,4,208.23219299316406,285.0906066894531,474.33258056640625,708.5074462890625,-1,-1,-1,-1
94,4,186.0033416748047,287.28961181640625,485.19696044921875,750.0077514648438,-1,-1,-1,-1
95,4,205.26361083984375,304.8955078125,465.74066162109375,744.0419921875,-1,-1,-1,-1
96,4,294.9954833984375,320.379638671875,383.914794921875,654.515625,-1,-1,-1,-1
97,4,452.8112487792969,358.4303894042969,334.7566833496094,635.2603759765625,-1,-1,-1,-1
98,4,601.45556640625,385.31536865234375,274.14947509765625,613.9324340820312,-1,-1,-1,-1
99,4,709.536376953125,387.226806640625,268.397705078125,640.9149169921875,-1,-1,-1,-1
100,4,777.3742065429688,378.4508972167969,265.76019287109375,680.4813232421875,-1,-1,-1,-1
101,4,797.654052734375,368.1824951171875,272.3253173828125,667.8140869140625,-1,-1,-1,-1
102,4,780.730712890625,350.93231201171875,280.689453125,798.4475708007812,-1,-1,-1,-1
103,4,749.5411376953125,335.3597412109375,277.617919921875,692.6041259765625,-1,-1,-1,-1
104,4,703.490478515625,319.9058837890625,282.544677734375,803.6053466796875,-1,-1,-1,-1
105,4,658.183837890625,302.85443115234375,285.1107177734375,805.1826782226562,-1,-1,-1,-1
106,4,610.8560180664062,298.8955078125,295.11737060546875,785.3431396484375,-1,-1,-1,-1
107,4,551.3311157226562,295.0716247558594,318.5599365234375,778.062255859375,-1,-1,-1,-1
108,4,498.0995178222656,287.65179443359375,328.7781066894531,774.5599975585938,-1,-1,-1,-1
109,4,445.8970947265625,317.1944580078125,333.57049560546875,726.95361328125,-1,-1,-1,-1
110,4,405.937744140625,283.4399719238281,341.35662841796875,748.1904296875,-1,-1,-1,-1
111,4,373.610107421875,266.3223876953125,347.4412841796875,757.9843139648438,-1,-1,-1,-1
112,4,353.01763916015625,341.0764465332031,352.5203857421875,665.3818359375,-1,-1,-1,-1
113,4,348.00238037109375,270.607666015625,349.29742431640625,711.1259155273438,-1,-1,-1,-1
114,4,348.4190979003906,345.90582275390625,346.3877258300781,631.3377685546875,-1,-1,-1,-1
115,4,352.30792236328125,354.2276611328125,337.853271484375,604.2318725585938,-1,-1,-1,-1
116,4,355.7865905761719,354.662353515625,336.7704772949219,605.5669555664062,-1,-1,-1,-1
117,4,362.161865234375,338.61041259765625,331.6961669921875,593.4439697265625,-1,-1,-1,-1
118,4,372.3924255371094,334.52056884765625,320.1003723144531,558.8717651367188,-1,-1,-1,-1
119,4,386.7646179199219,342.3994445800781,302.0879211425781,504.1003112792969,-1,-1,-1,-1
120,4,399.9429931640625,363.4664611816406,296.06024169921875,537.7855224609375,-1,-1,-1,-1
121,4,416.2730407714844,367.9638671875,284.7181091308594,475.7420654296875,-1,-1,-1,-1
122,4,433.6948547363281,374.2210998535156,276.2411804199219,469.7569885253906,-1,-1,-1,-1
123,4,447.965087890625,379.0592346191406,273.39605712890625,462.9447326660156,-1,-1,-1,-1
124,4,464.69976806640625,391.63043212890625,269.21649169921875,458.34686279296875,-1,-1,-1,-1
125,4,481.326416015625,399.6426696777344,262.9027099609375,453.5821228027344,-1,-1,-1,-1
126,4,493.8277587890625,413.2672119140625,257.8421630859375,485.8641357421875,-1,-1,-1,-1
127,4,499.2586975097656,418.93646240234375,255.35549926757812,487.11370849609375,-1,-1,-1,-1
128,4,497.8720397949219,422.89990234375,252.95040893554688,475.80804443359375,-1,-1,-1,-1
129,4,492.2591247558594,422.3251953125,257.6643371582031,463.60040283203125,-1,-1,-1,-1
130,4,479.543212890625,420.6651306152344,259.4464111328125,479.8481140136719,-1,-1,-1,-1
131,4,467.01910400390625,421.4392395019531,265.24310302734375,481.8898010253906,-1,-1,-1,-1
132,4,446.905029296875,422.79083251953125,265.864990234375,438.41693115234375,-1,-1,-1,-1
133,4,423.05096435546875,424.15625,272.121337890625,440.8382568359375,-1,-1,-1,-1
134,4,393.18499755859375,422.8687744140625,301.56561279296875,462.8529052734375,-1,-1,-1,-1
135,4,378.98046875,423.0567626953125,284.88043212890625,478.3089599609375,-1,-1,-1,-1
136,4,374.5317077636719,425.9938049316406,307.9422302246094,486.0586242675781,-1,-1,-1,-1
137,4,379.19427490234375,425.923828125,290.54266357421875,467.9171142578125,-1,-1,-1,-1
138,4,394.85211181640625,428.9142761230469,309.1177978515625,469.9226989746094,-1,-1,-1,-1
139,4,409.3687744140625,435.26397705078125,308.6904296875,485.44366455078125,-1,-1,-1,-1
140,4,421.42059326171875,439.23199462890625,291.02239990234375,454.505126953125,-1,-1,-1,-1
141,4,422.77294921875,440.64080810546875,308.82476806640625,457.56085205078125,-1,-1,-1,-1
142,4,424.8404235839844,448.5421142578125,335.0357360839844,466.36639404296875,-1,-1,-1,-1
143,4,426.62939453125,457.1129150390625,309.39117431640625,466.03302001953125,-1,-1,-1,-1
144,4,427.649169921875,468.2055969238281,323.22967529296875,462.3631896972656,-1,-1,-1,-1
145,4,431.3885192871094,477.35009765625,336.9376525878906,473.5614013671875,-1,-1,-1,-1
146,4,418.8276672363281,483.65277099609375,351.9382629394531,491.81695556640625,-1,-1,-1,-1
147,4,389.29278564453125,483.43450927734375,331.10760498046875,467.1998291015625,-1,-1,-1,-1
148,4,339.8635559082031,445.9967956542969,355.7227478027344,510.1930236816406,-1,-1,-1,-1
149,4,285.3135070800781,393.4768981933594,383.6015930175781,518.38525390625,-1,-1,-1,-1
150,4,247.03924560546875,338.30865478515625,399.1641845703125,511.5401611328125,-1,-1,-1,-1
151,4,228.12503051757812,315.8669128417969,402.4743957519531,545.32763671875,-1,-1,-1,-1
152,4,219.20855712890625,298.192138671875,394.7237548828125,490.4134521484375,-1,-1,-1,-1
153,4,216.06838989257812,281.41864013671875,398.0558776855469,484.08148193359375,-1,-1,-1,-1
154,4,210.78097534179688,271.3180847167969,411.6347351074219,509.0816955566406,-1,-1,-1,-1
155,4,202.6745147705078,252.26828002929688,416.97894287109375,495.8038635253906,-1,-1,-1,-1
156,4,182.53871154785156,223.5909881591797,411.453369140625,504.1776123046875,-1,-1,-1,-1
157,4,177.40748596191406,184.42750549316406,422.71923828125,535.6666259765625,-1,-1,-1,-1
158,4,189.2687530517578,174.71470642089844,435.653076171875,542.24072265625,-1,-1,-1,-1
159,4,233.79310607910156,187.3509521484375,404.50115966796875,557.8327026367188,-1,-1,-1,-1
160,4,292.5543212890625,214.54713439941406,385.00933837890625,558.5835571289062,-1,-1,-1,-1
161,4,328.3197937011719,235.42626953125,370.4615783691406,560.6052856445312,-1,-1,-1,-1
162,4,352.992919921875,248.10377502441406,347.39422607421875,574.3482666015625,-1,-1,-1,-1
163,4,357.43572998046875,240.2265625,349.69622802734375,600.784912109375,-1,-1,-1,-1
164,4,336.9713439941406,257.54339599609375,339.6819763183594,610.5814819335938,-1,-1,-1,-1
165,4,301.144287109375,276.9898376464844,311.77349853515625,617.718017578125,-1,-1,-1,-1
166,4,263.46978759765625,287.3382568359375,309.5904541015625,624.8677978515625,-1,-1,-1,-1
167,4,230.1429901123047,289.02264404296875,323.339111328125,641.7807006835938,-1,-1,-1,-1
168,4,188.9803466796875,281.0630187988281,329.78619384765625,656.3262939453125,-1,-1,-1,-1
169,4,117.6977310180664,263.88043212890625,372.09637451171875,679.6257934570312,-1,-1,-1,-1
170,4,18.06058692932129,264.24407958984375,429.2860107421875,702.0919799804688,-1,-1,-1,-1
171,4,-2.404109001159668,258.4259033203125,342.64874267578125,712.8770751953125,-1,-1,-1,-1
172,4,-1.6291608810424805,254.5811767578125,309.5951843261719,720.8697509765625,-1,-1,-1,-1
173,4,0.6494626998901367,218.73805236816406,274.5701904296875,722.27734375,-1,-1,-1,-1
174,4,0.36159515380859375,196.5410919189453,294.6429443359375,731.8272094726562,-1,-1,-1,-1
175,4,1.4698238372802734,191.23912048339844,297.1135559082031,692.7819213867188,-1,-1,-1,-1
176,4,0.9772043228149414,154.17723083496094,344.1500549316406,685.2275390625,-1,-1,-1,-1
177,4,1.5367107391357422,156.4508819580078,376.84613037109375,621.9183349609375,-1,-1,-1,-1
178,4,15.281129837036133,115.33340454101562,402.35491943359375,613.7506103515625,-1,-1,-1,-1
179,4,48.043521881103516,94.8892593383789,400.506103515625,608.515869140625,-1,-1,-1,-1
180,4,67.68030548095703,100.15313720703125,392.84954833984375,595.5827026367188,-1,-1,-1,-1
181,4,107.25523376464844,106.6083984375,386.12957763671875,585.5147094726562,-1,-1,-1,-1
182,4,129.6898193359375,113.68521118164062,409.83917236328125,581.463623046875,-1,-1,-1,-1
183,4,144.9749755859375,123.4985580444336,426.1748046875,577.0706176757812,-1,-1,-1,-1
184,4,159.4178466796875,129.9215850830078,425.316650390625,571.6576538085938,-1,-1,-1,-1
185,4,174.813232421875,127.84565734863281,410.9610595703125,573.4454345703125,-1,-1,-1,-1
186,4,181.9166717529297,138.18875122070312,425.95428466796875,565.1541748046875,-1,-1,-1,-1
187,4,214.1941680908203,145.2736358642578,447.1904296875,561.1685791015625,-1,-1,-1,-1
188,4,254.68255615234375,147.9956512451172,447.53436279296875,563.5883178710938,-1,-1,-1,-1
189,4,295.6085205078125,155.87681579589844,413.5716552734375,555.0164794921875,-1,-1,-1,-1
190,4,315.3074035644531,159.99378967285156,401.3340148925781,556.759521484375,-1,-1,-1,-1
191,4,344.6183776855469,164.69515991210938,356.9291076660156,552.340087890625,-1,-1,-1,-1
192,4,365.66552734375,165.3551483154297,343.07818603515625,552.0883178710938,-1,-1,-1,-1
193,4,378.79150390625,164.9613037109375,342.796142578125,554.954833984375,-1,-1,-1,-1
194,4,389.4922180175781,176.23081970214844,330.7120056152344,550.37841796875,-1,-1,-1,-1
195,4,393.4853820800781,178.18008422851562,332.3434143066406,551.859619140625,-1,-1,-1,-1
196,4,396.662841796875,194.336669921875,320.78582763671875,542.6527099609375,-1,-1,-1,-1
197,4,385.9421691894531,200.6029510498047,321.3644104003906,553.8096313476562,-1,-1,-1,-1
198,4,369.4839782714844,221.6022491455078,319.8636779785156,548.3090209960938,-1,-1,-1,-1
199,4,347.3132629394531,236.93821716308594,324.9303894042969,547.6046142578125,-1,-1,-1,-1
200,4,327.3446350097656,255.9165802001953,324.0279846191406,546.9171752929688,-1,-1,-1,-1
201,4,300.5322265625,287.64031982421875,333.43048095703125,543.127685546875,-1,-1,-1,-1
202,4,282.33599853515625,325.9626770019531,326.74517822265625,534.58642578125,-1,-1,-1,-1
203,4,263.5434265136719,343.11749267578125,327.3467102050781,551.2174682617188,-1,-1,-1,-1
204,4,247.4635467529297,366.3875427246094,325.1519775390625,546.4296875,-1,-1,-1,-1
205,4,241.3964385986328,365.7662353515625,311.70745849609375,560.8740844726562,-1,-1,-1,-1
206,4,247.43316650390625,361.056884765625,298.68450927734375,568.0652465820312,-1,-1,-1,-1
207,4,289.4217224121094,362.42669677734375,274.7140808105469,556.3758544921875,-1,-1,-1,-1
208,4,367.32891845703125,347.8807678222656,250.67291259765625,543.39306640625,-1,-1,-1,-1
209,4,459.406982421875,327.68017578125,221.80694580078125,534.9400634765625,-1,-1,-1,-1
210,4,533.6498413085938,306.3302917480469,204.0977783203125,533.0887451171875,-1,-1,-1,-1
211,4,575.2928466796875,288.6139221191406,198.404052734375,526.9072265625,-1,-1,-1,-1
212,4,593.4318237304688,268.6675109863281,195.0882568359375,519.6207275390625,-1,-1,-1,-1
213,4,590.399169921875,239.7086181640625,197.4892578125,551.7247314453125,-1,-1,-1,-1
214,4,584.8054809570312,218.45213317871094,200.0849609375,544.359619140625,-1,-1,-1,-1
215,4,584.26611328125,207.00198364257812,201.1806640625,527.8663330078125,-1,-1,-1,-1
216,4,584.5435791015625,225.70852661132812,199.339599609375,512.1566467285156,-1,-1,-1,-1
217,4,587.537109375,248.2130889892578,192.04425048828125,509.85540771484375,-1,-1,-1,-1
218,4,594.3191528320312,269.2862243652344,195.45416259765625,496.6097717285156,-1,-1,-1,-1
219,4,594.3422241210938,267.44903564453125,199.43035888671875,494.08209228515625,-1,-1,-1,-1
220,4,591.061767578125,233.34600830078125,200.650634765625,494.63067626953125,-1,-1,-1,-1
221,4,577.8397827148438,191.1911163330078,210.6029052734375,508.70367431640625,-1,-1,-1,-1
222,4,572.4017333984375,173.463134765625,213.8216552734375,513.4967041015625,-1,-1,-1,-1
223,4,571.2411499023438,159.49679565429688,200.92108154296875,516.2967529296875,-1,-1,-1,-1
224,4,567.7528686523438,156.97412109375,200.60369873046875,514.8070678710938,-1,-1,-1,-1
225,4,575.1895751953125,159.3301544189453,198.84539794921875,519.3156127929688,-1,-1,-1,-1
226,4,592.906982421875,166.7674102783203,210.6484375,516.8468017578125,-1,-1,-1,-1
227,4,619.2838745117188,164.48358154296875,214.81439208984375,523.002197265625,-1,-1,-1,-1
228,4,640.494140625,165.07371520996094,210.64068603515625,512.352783203125,-1,-1,-1,-1
229,4,655.7083129882812,164.46286010742188,212.90496826171875,519.029296875,-1,-1,-1,-1
230,4,669.343017578125,164.17276000976562,222.43243408203125,514.439697265625,-1,-1,-1,-1
231,4,672.1641845703125,152.74818420410156,220.418701171875,518.98486328125,-1,-1,-1,-1
232,4,661.2305297851562,140.0689239501953,219.01959228515625,518.8707275390625,-1,-1,-1,-1
233,4,657.7398071289062,122.23479461669922,216.77227783203125,523.7279663085938,-1,-1,-1,-1
234,4,655.7037353515625,108.63011169433594,222.07843017578125,528.2074584960938,-1,-1,-1,-1
235,4,655.4697265625,110.9007797241211,222.552490234375,525.158203125,-1,-1,-1,-1
236,4,635.3018188476562,123.75286865234375,218.557861328125,519.3118896484375,-1,-1,-1,-1
237,4,596.8532104492188,146.14651489257812,216.99859619140625,514.4483642578125,-1,-1,-1,-1
238,4,547.4224853515625,193.98220825195312,217.58453369140625,503.6825866699219,-1,-1,-1,-1
239,4,515.9588623046875,224.5023956298828,213.89166259765625,492.78564453125,-1,-1,-1,-1
240,4,501.3397216796875,242.61453247070312,213.6658935546875,486.3008117675781,-1,-1,-1,-1
241,4,506.2470397949219,249.86660766601562,208.35897827148438,486.3733215332031,-1,-1,-1,-1
99,5,2.480449676513672,102.21868133544922,609.82958984375,1312.2052001953125,-1,-1,-1,-1
100,5,-4.321390151977539,237.99761962890625,651.7489013671875,1177.486572265625,-1,-1,-1,-1
101,5,0.10046768188476562,92.86814880371094,643.5985717773438,1321.2841796875,-1,-1,-1,-1
102,5,0.2466411590576172,95.43125915527344,636.2840576171875,1318.4508056640625,-1,-1,-1,-1
103,5,3.0160484313964844,96.65309143066406,612.7647094726562,1317.361083984375,-1,-1,-1,-1
104,5,-0.042873382568359375,98.43125915527344,592.7489624023438,1312.7928466796875,-1,-1,-1,-1
105,5,-0.12822341918945312,99.30813598632812,568.0635375976562,1313.003662109375,-1,-1,-1,-1
106,5,-2.2093963623046875,213.52964782714844,551.3868408203125,1198.64306640625,-1,-1,-1,-1
107,5,-1.8741226196289062,81.9914779663086,518.90478515625,1328.4775390625,-1,-1,-1,-1
108,5,-18.32878303527832,111.96226501464844,508.1435241699219,1306.29541015625,-1,-1,-1,-1
109,5,-9.852777481079102,235.34568786621094,474.81201171875,1179.02783203125,-1,-1,-1,-1
110,5,-2.1536083221435547,307.3490295410156,446.20904541015625,1104.4332275390625,-1,-1,-1,-1
111,5,-1.2248077392578125,431.7043151855469,440.97369384765625,975.2530517578125,-1,-1,-1,-1
112,5,0.64752197265625,462.37078857421875,448.04925537109375,945.2351684570312,-1,-1,-1,-1
113,5,1.0390033721923828,438.8675842285156,454.53759765625,968.7393798828125,-1,-1,-1,-1
114,5,0.6654815673828125,432.4334716796875,451.5592041015625,961.9918212890625,-1,-1,-1,-1
115,5,1.336029052734375,413.33306884765625,439.2369384765625,982.1928100585938,-1,-1,-1,-1
116,5,0.7422504425048828,392.8897705078125,427.4066162109375,1004.4759521484375,-1,-1,-1,-1
117,5,2.9294605255126953,323.5440368652344,418.3387756347656,1062.3228759765625,-1,-1,-1,-1
118,5,1.0454654693603516,295.32403564453125,410.0985107421875,1014.0811157226562,-1,-1,-1,-1
119,5,1.4402408599853516,245.79376220703125,414.721435546875,1056.944091796875,-1,-1,-1,-1
120,5,-0.17387771606445312,207.10426330566406,420.5437316894531,1088.642822265625,-1,-1,-1,-1
121,5,0.43886756896972656,176.2974395751953,430.8621520996094,1116.601806640625,-1,-1,-1,-1
122,5,2.5417346954345703,146.634765625,429.4471130371094,1130.49658203125,-1,-1,-1,-1
123,5,1.3235034942626953,151.4928436279297,433.6418762207031,1122.8721923828125,-1,-1,-1,-1
124,5,1.030233383178711,146.15087890625,441.1318054199219,1125.154296875,-1,-1,-1,-1
125,5,0.09864234924316406,171.44125366210938,451.07208251953125,1089.86181640625,-1,-1,-1,-1
126,5,-0.6684799194335938,154.09669494628906,458.9669494628906,1114.11376953125,-1,-1,-1,-1
127,5,0.4714508056640625,146.90802001953125,458.44512939453125,1114.7119140625,-1,-1,-1,-1
128,5,2.1468753814697266,163.12130737304688,445.92950439453125,1090.3515625,-1,-1,-1,-1
129,5,0.4001789093017578,140.4150848388672,436.0291442871094,1103.70849609375,-1,-1,-1,-1
130,5,0.6857490539550781,138.33790588378906,432.30633544921875,1105.234375,-1,-1,-1,-1
131,5,1.592142105102539,153.87039184570312,421.2972717285156,1085.6453857421875,-1,-1,-1,-1
132,5,-0.07209968566894531,163.29574584960938,403.6571350097656,1078.880615234375,-1,-1,-1,-1
133,5,-3.1472816467285156,203.47743225097656,395.24884033203125,1041.5665283203125,-1,-1,-1,-1
134,5,-1.9723758697509766,258.6197204589844,376.8352355957031,987.353515625,-1,-1,-1,-1
135,5,-3.977304458618164,300.2884521484375,375.4484558105469,942.67626953125,-1,-1,-1,-1
136,5,-5.192996978759766,303.48089599609375,378.56561279296875,933.8436889648438,-1,-1,-1,-1
137,5,-5.073846817016602,282.79730224609375,379.79461669921875,956.6713256835938,-1,-1,-1,-1
138,5,-4.327411651611328,268.261962890625,403.3047180175781,972.598388671875,-1,-1,-1,-1
139,5,-5.526130676269531,225.6001739501953,400.44219970703125,1007.9574584960938,-1,-1,-1,-1
140,5,-4.636018753051758,189.379150390625,411.4755859375,1042.891357421875,-1,-1,-1,-1
141,5,-3.9713668823242188,185.05908203125,407.68890380859375,1056.6307373046875,-1,-1,-1,-1
142,5,-2.7968177795410156,234.40603637695312,402.53179931640625,1005.4503173828125,-1,-1,-1,-1
143,5,-2.4379405975341797,212.82830810546875,406.9142150878906,1042.32666015625,-1,-1,-1,-1
144,5,-0.9429931640625,204.38238525390625,419.6570739746094,1065.50390625,-1,-1,-1,-1
145,5,1.6340198516845703,252.5054931640625,423.24652099609375,1037.553466796875,-1,-1,-1,-1
146,5,0.7521114349365234,269.30963134765625,431.65301513671875,1089.227294921875,-1,-1,-1,-1
147,5,-1.1219806671142578,280.4635009765625,409.8679504394531,1100.1636962890625,-1,-1,-1,-1
148,5,-0.19687271118164062,385.8197021484375,397.2433776855469,1020.681884765625,-1,-1,-1,-1
149,5,0.5707740783691406,510.8065185546875,502.6653137207031,898.4359130859375,-1,-1,-1,-1
150,5,-14.485723495483398,526.0403442382812,533.809814453125,884.9091186523438,-1,-1,-1,-1
151,5,-4.079082489013672,565.6027221679688,521.2938842773438,842.8816528320312,-1,-1,-1,-1
152,5,-20.985963821411133,574.829345703125,564.6806640625,833.605712890625,-1,-1,-1,-1
153,5,-20.124469757080078,606.4421997070312,500.75360107421875,773.6780395507812,-1,-1,-1,-1
154,5,-2.1198081970214844,586.7260131835938,571.1531372070312,821.2993774414062,-1,-1,-1,-1
155,5,-3.964170455932617,598.9375,490.0914001464844,808.0162353515625,-1,-1,-1,-1
156,5,-3.6700611114501953,617.7979736328125,464.4055480957031,629.8580322265625,-1,-1,-1,-1
157,5,-0.09047889709472656,606.67333984375,420.7283935546875,557.009765625,-1,-1,-1,-1
158,5,-1.919881820678711,613.8364868164062,526.29248046875,564.3656616210938,-1,-1,-1,-1
159,5,-0.7532215118408203,592.5955200195312,437.87811279296875,584.1152954101562,-1,-1,-1,-1
160,5,-2.8435840606689453,557.4845581054688,479.1463317871094,621.3356323242188,-1,-1,-1,-1
161,5,-1.3855209350585938,404.2349853515625,497.6375732421875,858.715576171875,-1,-1,-1,-1
162,5,1.6457271575927734,391.4793701171875,510.2392578125,994.2335205078125,-1,-1,-1,-1
163,5,-1.4603385925292969,382.6282653808594,462.006591796875,915.9771728515625,-1,-1,-1,-1
164,5,-0.5038223266601562,314.8961486816406,433.4269714355469,1000.7869873046875,-1,-1,-1,-1
165,5,-88.53050994873047,405.7537841796875,523.0411987304688,1011.3431396484375,-1,-1,-1,-1
166,5,-23.62667465209961,519.0299682617188,464.39532470703125,899.5327758789062,-1,-1,-1,-1
167,5,-33.72038650512695,602.2350463867188,540.6619262695312,814.5956420898438,-1,-1,-1,-1
168,5,-75.47030639648438,656.323486328125,491.9692687988281,755.5028076171875,-1,-1,-1,-1
169,5,-120.45161437988281,666.6216430664062,525.3190307617188,747.1731567382812,-1,-1,-1,-1
158,6,562.51904296875,878.0963134765625,834.2686767578125,531.79345703125,-1,-1,-1,-1
159,6,595.7421875,809.154541015625,798.93212890625,600.85986328125,-1,-1,-1,-1
160,6,626.93212890625,726.62353515625,782.346923828125,682.4151611328125,-1,-1,-1,-1
161,6,646.9205322265625,670.4130859375,769.492431640625,741.1583251953125,-1,-1,-1,-1
162,6,651.7437744140625,642.6563110351562,761.33154296875,770.0795288085938,-1,-1,-1,-1
163,6,618.1372680664062,584.4569091796875,874.5748901367188,833.1055908203125,-1,-1,-1,-1
164,6,611.5281372070312,560.0261840820312,841.6544799804688,865.2039184570312,-1,-1,-1,-1
165,6,618.298828125,553.8084716796875,810.3701171875,865.8792724609375,-1,-1,-1,-1
166,6,657.1541748046875,540.8218383789062,764.730224609375,874.9459838867188,-1,-1,-1,-1
167,6,596.6991577148438,515.7548217773438,822.2118530273438,897.6375122070312,-1,-1,-1,-1
168,6,610.7045288085938,493.3683776855469,805.2855834960938,919.373046875,-1,-1,-1,-1
169,6,651.9666137695312,434.79058837890625,754.1254272460938,974.6625366210938,-1,-1,-1,-1
170,6,601.2274169921875,386.7816162109375,805.0201416015625,1024.1895751953125,-1,-1,-1,-1
171,6,527.7594604492188,392.6561584472656,883.8684692382812,1020.46533203125,-1,-1,-1,-1
172,6,498.99151611328125,371.5320739746094,907.8637084960938,1043.596435546875,-1,-1,-1,-1
173,6,441.79742431640625,424.4591369628906,941.0824584960938,990.7462158203125,-1,-1,-1,-1
174,6,429.670654296875,370.5856018066406,979.873291015625,1039.1395263671875,-1,-1,-1,-1
175,6,434.1058349609375,348.51947021484375,965.6129150390625,1066.52587890625,-1,-1,-1,-1
176,6,447.24591064453125,268.734130859375,964.2485961914062,1141.0562744140625,-1,-1,-1,-1
177,6,463.2646179199219,190.2142791748047,954.5677490234375,1210.739990234375,-1,-1,-1,-1
178,6,466.5460510253906,217.458984375,954.4063720703125,1200.2265625,-1,-1,-1,-1
179,6,486.9377136230469,209.7772216796875,1014.023681640625,1213.1988525390625,-1,-1,-1,-1
180,6,544.6539306640625,367.42340087890625,868.022705078125,951.2367553710938,-1,-1,-1,-1
181,6,554.8225708007812,529.073974609375,854.0706176757812,702.857421875,-1,-1,-1,-1
182,6,580.833251953125,544.26171875,829.6568603515625,602.8587646484375,-1,-1,-1,-1
183,6,629.3162841796875,524.070068359375,772.94091796875,761.13671875,-1,-1,-1,-1
184,6,638.9738159179688,543.254150390625,778.6884155273438,681.9852294921875,-1,-1,-1,-1
185,6,635.8722534179688,556.254150390625,781.5626831054688,622.5400390625,-1,-1,-1,-1
186,6,643.9847412109375,526.8663940429688,772.245849609375,671.1310424804688,-1,-1,-1,-1
187,6,671.3189086914062,589.62255859375,736.2036743164062,561.8031005859375,-1,-1,-1,-1
188,6,660.8065185546875,620.7672119140625,756.8355712890625,575.1788330078125,-1,-1,-1,-1
190,6,680.8970336914062,547.1610717773438,821.4695434570312,815.1010131835938,-1,-1,-1,-1
191,6,659.8446044921875,445.5802001953125,900.83642578125,976.9407958984375,-1,-1,-1,-1
192,6,618.6876831054688,465.30572509765625,898.4050903320312,961.2073364257812,-1,-1,-1,-1
193,6,585.8829345703125,625.0072631835938,868.3231201171875,786.9456176757812,-1,-1,-1,-1
194,6,479.4310607910156,740.9182739257812,939.8046875,674.7885131835938,-1,-1,-1,-1
195,6,610.3258056640625,737.4304809570312,778.1014404296875,678.5188598632812,-1,-1,-1,-1
196,6,627.708740234375,716.5294799804688,791.0045166015625,700.4302368164062,-1,-1,-1,-1
197,6,613.0821533203125,722.9991455078125,807.7608642578125,695.3577880859375,-1,-1,-1,-1
198,6,610.4391479492188,703.4335327148438,830.2584838867188,714.2609252929688,-1,-1,-1,-1
199,6,673.2872924804688,717.7279663085938,746.7549438476562,697.1450805664062,-1,-1,-1,-1
203,6,142.43247985839844,722.1065673828125,1256.1011962890625,693.1854248046875,-1,-1,-1,-1
204,6,94.1146240234375,822.3682861328125,1091.657470703125,584.7685546875,-1,-1,-1,-1
205,6,272.11602783203125,920.73095703125,816.9292602539062,486.4896240234375,-1,-1,-1,-1
206,6,244.42221069335938,914.8653564453125,906.4615478515625,491.9501953125,-1,-1,-1,-1
207,6,411.9266357421875,879.5375366210938,856.7249755859375,528.5786743164062,-1,-1,-1,-1
208,6,452.5519714355469,815.6590576171875,976.296875,594.640380859375,-1,-1,-1,-1
209,6,343.8326721191406,672.157470703125,1068.1578369140625,736.2781982421875,-1,-1,-1,-1
210,6,334.74609375,616.2442626953125,1104.9698486328125,798.2369384765625,-1,-1,-1,-1
211,6,256.3807830810547,592.5302734375,1184.9495849609375,818.5152587890625,-1,-1,-1,-1
212,6,227.19577026367188,533.1974487304688,1218.1826171875,880.8424682617188,-1,-1,-1,-1
213,6,209.01327514648438,438.9844665527344,1241.9244384765625,974.4403076171875,-1,-1,-1,-1
214,6,192.42019653320312,412.532958984375,1244.997802734375,999.2283935546875,-1,-1,-1,-1
215,6,209.8197784423828,362.4296569824219,1221.4337158203125,1046.3402099609375,-1,-1,-1,-1
216,6,254.55813598632812,363.81842041015625,1173.599365234375,1046.597900390625,-1,-1,-1,-1
217,6,315.33892822265625,358.6131286621094,1111.615966796875,1050.1845703125,-1,-1,-1,-1
218,6,322.8929138183594,366.5054016113281,1100.91845703125,1042.494384765625,-1,-1,-1,-1
219,6,314.2276611328125,366.0323181152344,1111.0040283203125,1044.7960205078125,-1,-1,-1,-1
220,6,309.79400634765625,345.429443359375,1116.9091796875,1065.7261962890625,-1,-1,-1,-1
221,6,298.08282470703125,315.3664245605469,1129.510986328125,1094.386962890625,-1,-1,-1,-1
222,6,308.9279479980469,303.60443115234375,1113.498046875,1106.286376953125,-1,-1,-1,-1
223,6,312.52032470703125,302.2430419921875,1110.9619140625,1109.2491455078125,-1,-1,-1,-1
224,6,304.3586120605469,306.04974365234375,1117.2822265625,1101.693603515625,-1,-1,-1,-1
225,6,297.1936950683594,367.6470642089844,1116.2501220703125,1041.690673828125,-1,-1,-1,-1
226,6,291.5834655761719,400.0902099609375,1124.7047119140625,1010.37744140625,-1,-1,-1,-1
227,6,259.8713073730469,506.31597900390625,1157.2135009765625,902.5138549804688,-1,-1,-1,-1
228,6,173.406494140625,532.3461303710938,1257.548828125,875.1799926757812,-1,-1,-1,-1
229,6,208.20294189453125,575.15087890625,1161.968505859375,835.0347900390625,-1,-1,-1,-1
230,6,197.08071899414062,785.97705078125,1089.6995849609375,621.806640625,-1,-1,-1,-1
231,6,246.160888671875,860.5518798828125,912.6292724609375,547.7763671875,-1,-1,-1,-1
232,6,295.7525329589844,890.6146240234375,864.2625732421875,518.13037109375,-1,-1,-1,-1
233,6,339.4968566894531,883.3319091796875,821.9034423828125,535.019775390625,-1,-1,-1,-1
234,6,347.2829284667969,841.1845703125,832.0260009765625,570.98388671875,-1,-1,-1,-1
235,6,358.9517517089844,814.118896484375,835.225341796875,599.576416015625,-1,-1,-1,-1
236,6,482.521240234375,770.2509155273438,793.4561767578125,644.3749389648438,-1,-1,-1,-1
237,6,519.7845458984375,725.9264526367188,919.809814453125,688.0211791992188,-1,-1,-1,-1
238,6,559.8272094726562,713.290283203125,860.5968627929688,701.8902587890625,-1,-1,-1,-1
240,6,602.4297485351562,620.5004272460938,801.8500366210938,799.8117065429688,-1,-1,-1,-1
241,6,629.2413330078125,572.864990234375,786.0203857421875,846.3424072265625,-1,-1,-1,-1
210,7,-126.2202377319336,245.03652954101562,505.3084411621094,1057.3563232421875,-1,-1,-1,-1
211,7,-88.06385803222656,257.800537109375,485.94683837890625,1002.145263671875,-1,-1,-1,-1
212,7,-8.373754501342773,241.38137817382812,421.3648986816406,1018.002197265625,-1,-1,-1,-1
213,7,-8.967910766601562,232.46556091308594,428.191162109375,1015.2535400390625,-1,-1,-1,-1
214,7,-11.154008865356445,209.70513916015625,413.803955078125,1011.0436401367188,-1,-1,-1,-1
215,7,-0.6149158477783203,228.97415161132812,396.4227600097656,985.8350830078125,-1,-1,-1,-1
216,7,-1.9498004913330078,220.0303955078125,386.6585998535156,1013.4033203125,-1,-1,-1,-1
217,7,-0.7362689971923828,222.9120635986328,373.6380615234375,1032.20068359375,-1,-1,-1,-1
218,7,-0.5585403442382812,229.95016479492188,369.39178466796875,1011.8704833984375,-1,-1,-1,-1
219,7,-1.3699321746826172,223.0340118408203,362.0149841308594,1012.6671752929688,-1,-1,-1,-1
220,7,-3.745298385620117,193.12474060058594,370.3122253417969,1034.56005859375,-1,-1,-1,-1
221,7,-0.028942108154296875,183.35215759277344,357.1743469238281,1018.298828125,-1,-1,-1,-1
222,7,-2.245640754699707,185.75035095214844,354.5052795410156,991.242919921875,-1,-1,-1,-1
223,7,-2.286280632019043,164.10714721679688,339.79443359375,999.3004150390625,-1,-1,-1,-1
224,7,-1.5345687866210938,158.90499877929688,329.07421875,1005.817138671875,-1,-1,-1,-1
225,7,-1.2153453826904297,159.06402587890625,324.1457214355469,995.3281860351562,-1,-1,-1,-1
226,7,0.29788684844970703,168.2274932861328,329.75799560546875,980.2927856445312,-1,-1,-1,-1
227,7,0.8449831008911133,162.4522705078125,339.3293762207031,996.85009765625,-1,-1,-1,-1
228,7,0.6719121932983398,156.07833862304688,348.6026611328125,981.4017333984375,-1,-1,-1,-1
229,7,1.3478412628173828,197.96514892578125,357.92681884765625,895.3184204101562,-1,-1,-1,-1
230,7,1.2146759033203125,244.66156005859375,361.1300048828125,842.0147094726562,-1,-1,-1,-1
231,7,0.03530120849609375,219.1899871826172,358.6110534667969,863.7145385742188,-1,-1,-1,-1
232,7,-0.8124818801879883,239.7250213623047,347.77630615234375,835.0109252929688,-1,-1,-1,-1
233,7,-1.8281641006469727,197.01492309570312,336.148681640625,877.317626953125,-1,-1,-1,-1
234,7,-1.866170883178711,182.1455078125,326.2376403808594,882.45947265625,-1,-1,-1,-1
235,7,-2.5963144302368164,186.9995880126953,312.11993408203125,876.4749145507812,-1,-1,-1,-1
236,7,-1.0778789520263672,236.4326629638672,290.75189208984375,847.0615844726562,-1,-1,-1,-1
237,7,-21.753421783447266,331.2088317871094,253.19366455078125,798.8865966796875,-1,-1,-1,-1
238,7,1.3774137496948242,570.5608520507812,187.71792602539062,608.4789428710938,-1,-1,-1,-1
239,7,-60.77164840698242,693.6934814453125,445.01629638671875,625.650390625,-1,-1,-1,-1
241,7,-201.51217651367188,668.6484375,674.3201904296875,751.7852783203125,-1,-1,-1,-1
