3,1,686.8463745117188,557.6591796875,730.3489379882812,852.18310546875,-1,-1,-1,-1
4,1,754.744873046875,541.0513305664062,658.1787109375,868.7276000976562,-1,-1,-1,-1
5,1,736.205078125,583.8013305664062,675.2398681640625,826.6705932617188,-1,-1,-1,-1
6,1,710.8063354492188,621.2478637695312,699.7348022460938,789.4526977539062,-1,-1,-1,-1
7,1,700.7207641601562,676.5045166015625,707.0658569335938,735.3870849609375,-1,-1,-1,-1
8,1,680.23828125,698.4281005859375,716.9649658203125,713.41552734375,-1,-1,-1,-1
9,1,681.7619018554688,700.5054931640625,721.7770385742188,712.5999755859375,-1,-1,-1,-1
10,1,635.13818359375,777.3426513671875,646.239013671875,637.0992431640625,-1,-1,-1,-1
11,1,705.5277709960938,861.0782470703125,530.2609252929688,553.1328125,-1,-1,-1,-1
12,1,625.392333984375,894.430419921875,570.4805908203125,518.786865234375,-1,-1,-1,-1
13,1,532.982177734375,961.6469116210938,666.29248046875,449.90264892578125,-1,-1,-1,-1
14,1,541.0016479492188,1013.935546875,613.6472778320312,397.09130859375,-1,-1,-1,-1
15,1,517.104736328125,1027.9869384765625,632.552001953125,383.249755859375,-1,-1,-1,-1
16,1,509.5328369140625,1035.197998046875,658.436279296875,376.5479736328125,-1,-1,-1,-1
17,1,514.4022216796875,1057.831298828125,673.0321044921875,351.34423828125,-1,-1,-1,-1
18,1,492.5225524902344,1038.5574951171875,669.650146484375,370.81982421875,-1,-1,-1,-1
19,1,529.9894409179688,1047.290771484375,585.1478881835938,361.8055419921875,-1,-1,-1,-1
20,1,466.7925720214844,1029.097900390625,652.076904296875,380.8297119140625,-1,-1,-1,-1
21,1,427.25201416015625,1038.205810546875,699.4989624023438,369.7003173828125,-1,-1,-1,-1
22,1,366.9902648925781,976.6066284179688,768.2943115234375,429.26739501953125,-1,-1,-1,-1
23,1,300.5317077636719,937.2650756835938,841.094970703125,468.58306884765625,-1,-1,-1,-1
24,1,275.3922119140625,936.8253784179688,874.8076171875,468.19903564453125,-1,-1,-1,-1
25,1,288.53900146484375,892.4797973632812,876.7543334960938,516.0204467773438,-1,-1,-1,-1
26,1,284.6900634765625,878.0533447265625,896.9774169921875,527.5672607421875,-1,-1,-1,-1
27,1,250.61289978027344,856.3392944335938,910.1107177734375,549.6884155273438,-1,-1,-1,-1
28,1,241.49163818359375,841.8695678710938,824.7877807617188,562.9231567382812,-1,-1,-1,-1
29,1,239.05992126464844,853.4102783203125,787.9462890625,555.0015869140625,-1,-1,-1,-1
30,1,241.07101440429688,842.635986328125,759.96240234375,565.7374267578125,-1,-1,-1,-1
31,1,245.51837158203125,862.73876953125,800.0182495117188,544.503662109375,-1,-1,-1,-1
32,1,210.4146270751953,902.4402465820312,863.3455200195312,504.96466064453125,-1,-1,-1,-1
33,1,193.05067443847656,888.0883178710938,870.8614501953125,519.7313842773438,-1,-1,-1,-1
34,1,196.34617614746094,880.4598388671875,858.0181884765625,528.4476318359375,-1,-1,-1,-1
35,1,200.85336303710938,897.4461059570312,777.664794921875,512.2540893554688,-1,-1,-1,-1
36,1,185.01434326171875,906.1629028320312,870.1914672851562,503.74591064453125,-1,-1,-1,-1
37,1,197.25350952148438,926.9213256835938,841.852294921875,481.54254150390625,-1,-1,-1,-1
38,1,191.6212921142578,919.048583984375,852.3298950195312,489.5687255859375,-1,-1,-1,-1
39,1,216.01840209960938,966.6695556640625,1005.5726318359375,438.785888671875,-1,-1,-1,-1
40,1,229.95541381835938,958.49609375,819.6593017578125,448.4931640625,-1,-1,-1,-1
41,1,249.5120086669922,912.0733032226562,683.8047485351562,492.35906982421875,-1,-1,-1,-1
44,1,151.7139892578125,846.5628051757812,1058.642578125,561.9568481445312,-1,-1,-1,-1
45,1,162.7772216796875,854.3642578125,1061.6341552734375,553.6068115234375,-1,-1,-1,-1
46,1,200.138671875,871.5235595703125,1003.1756591796875,536.8941650390625,-1,-1,-1,-1
47,1,233.01638793945312,895.1219482421875,959.6331787109375,513.6275634765625,-1,-1,-1,-1
48,1,297.7745361328125,958.0671997070312,878.3917236328125,447.75738525390625,-1,-1,-1,-1
49,1,351.58282470703125,995.1235961914062,826.2289428710938,409.09417724609375,-1,-1,-1,-1
50,1,446.2179870605469,1001.4673461914062,727.922607421875,404.97332763671875,-1,-1,-1,-1
51,1,495.8039855957031,998.21337890625,690.6241455078125,410.065673828125,-1,-1,-1,-1
52,1,437.44500732421875,988.2186279296875,790.2807006835938,418.8272705078125,-1,-1,-1,-1
53,1,498.4922790527344,998.8946533203125,725.809814453125,408.27880859375,-1,-1,-1,-1
54,1,553.2991943359375,964.2284545898438,649.2442626953125,442.21368408203125,-1,-1,-1,-1
55,1,527.5169677734375,949.2457885742188,673.6142578125,458.80499267578125,-1,-1,-1,-1
56,1,520.8099365234375,948.9866333007812,663.5504150390625,458.21148681640625,-1,-1,-1,-1
57,1,507.2950744628906,935.1952514648438,682.216064453125,470.61090087890625,-1,-1,-1,-1
58,1,506.5668640136719,929.7695922851562,675.4666748046875,474.72528076171875,-1,-1,-1,-1
59,1,479.7464904785156,928.6221923828125,703.65478515625,474.946044921875,-1,-1,-1,-1
60,1,469.40185546875,915.3651123046875,762.808837890625,491.2130126953125,-1,-1,-1,-1
61,1,501.5788879394531,925.564208984375,709.1839599609375,473.952392578125,-1,-1,-1,-1
62,1,461.383056640625,897.4903564453125,726.97998046875,501.7362060546875,-1,-1,-1,-1
63,1,403.7371826171875,882.1785278320312,809.224365234375,522.1185913085938,-1,-1,-1,-1
64,1,485.88134765625,899.4778442382812,712.045166015625,497.65203857421875,-1,-1,-1,-1
65,1,476.6480712890625,903.0111083984375,724.5716552734375,499.6922607421875,-1,-1,-1,-1
66,1,354.80029296875,898.5738525390625,861.510498046875,506.5318603515625,-1,-1,-1,-1
67,1,351.4561462402344,888.07958984375,909.872314453125,518.210693359375,-1,-1,-1,-1
68,1,295.4961853027344,867.9593505859375,956.401611328125,538.39892578125,-1,-1,-1,-1
69,1,337.3724365234375,784.0953979492188,866.4124755859375,622.3932495117188,-1,-1,-1,-1
70,1,318.59930419921875,805.1300048828125,895.6378784179688,601.501953125,-1,-1,-1,-1
71,1,303.3416442871094,837.981201171875,906.7965087890625,568.2755126953125,-1,-1,-1,-1
72,1,324.043212890625,863.2733154296875,889.948486328125,544.2047119140625,-1,-1,-1,-1
73,1,302.4118957519531,857.7422485351562,941.2369384765625,549.2890014648438,-1,-1,-1,-1
74,1,308.9073181152344,850.296142578125,927.525634765625,558.0418701171875,-1,-1,-1,-1
75,1,332.4595947265625,842.95458984375,899.62158203125,566.7735595703125,-1,-1,-1,-1
76,1,338.8646240234375,852.2958984375,769.337158203125,556.10546875,-1,-1,-1,-1
77,1,297.2821960449219,848.5158081054688,781.696533203125,560.3956909179688,-1,-1,-1,-1
78,1,316.4178466796875,862.2933959960938,781.9759521484375,547.1127319335938,-1,-1,-1,-1
79,1,341.0862731933594,867.4078369140625,817.69921875,543.0035400390625,-1,-1,-1,-1
80,1,360.19488525390625,863.5037231445312,895.2022094726562,545.6687622070312,-1,-1,-1,-1
81,1,351.2099914550781,874.0786743164062,858.8046875,535.3657836914062,-1,-1,-1,-1
82,1,419.0755310058594,869.717041015625,829.4501953125,539.9395751953125,-1,-1,-1,-1
83,1,431.2394104003906,869.0656127929688,820.6378173828125,540.7317504882812,-1,-1,-1,-1
84,1,435.5172424316406,862.1134033203125,794.8564453125,547.2796630859375,-1,-1,-1,-1
85,1,431.9745178222656,847.73974609375,824.996337890625,561.7232666015625,-1,-1,-1,-1
86,1,441.92816162109375,843.4661254882812,808.9649047851562,566.9398803710938,-1,-1,-1,-1
87,1,440.3043518066406,837.69873046875,807.496337890625,572.04833984375,-1,-1,-1,-1
88,1,453.1224670410156,838.8120727539062,838.4947509765625,570.6812133789062,-1,-1,-1,-1
89,1,448.8133850097656,858.9295043945312,810.6597900390625,550.7843627929688,-1,-1,-1,-1
90,1,454.89678955078125,867.0317993164062,788.6102905273438,542.7946166992188,-1,-1,-1,-1
91,1,459.52587890625,877.3162841796875,771.610595703125,533.28271484375,-1,-1,-1,-1
92,1,469.51287841796875,902.3294677734375,761.6685180664062,507.9591064453125,-1,-1,-1,-1
93,1,477.2669372558594,898.3938598632812,793.901123046875,512.2085571289062,-1,-1,-1,-1
94,1,474.17791748046875,916.396484375,782.2769165039062,494.631591796875,-1,-1,-1,-1
95,1,478.6393737792969,918.9520874023438,837.9150390625,491.87677001953125,-1,-1,-1,-1
96,1,474.5848693847656,928.0816650390625,802.8621826171875,482.4600830078125,-1,-1,-1,-1
97,1,491.03778076171875,944.5440673828125,775.9863891601562,465.559326171875,-1,-1,-1,-1
98,1,509.2530822753906,958.1196899414062,721.6759033203125,452.16412353515625,-1,-1,-1,-1
99,1,539.1065673828125,983.710693359375,666.6802978515625,426.4312744140625,-1,-1,-1,-1
100,1,545.9903564453125,990.4046630859375,673.3494873046875,419.0921630859375,-1,-1,-1,-1
101,1,591.9026489257812,1010.8513793945312,656.9960327148438,398.92974853515625,-1,-1,-1,-1
102,1,570.1168212890625,1007.4921264648438,678.4268798828125,401.06488037109375,-1,-1,-1,-1
103,1,565.6838989257812,1009.15966796875,702.7554321289062,399.2012939453125,-1,-1,-1,-1
104,1,600.747314453125,954.6853637695312,768.8095703125,454.99591064453125,-1,-1,-1,-1
105,1,748.2442016601562,765.9603271484375,656.5287475585938,635.780517578125,-1,-1,-1,-1
106,1,735.635009765625,667.9443359375,667.200927734375,734.3472900390625,-1,-1,-1,-1
107,1,660.4706420898438,636.5739135742188,743.2399291992188,770.2202758789062,-1,-1,-1,-1
108,1,571.2469482421875,634.0900268554688,827.10693359375,774.1483764648438,-1,-1,-1,-1
109,1,598.853759765625,567.9606323242188,810.0809326171875,838.6989135742188,-1,-1,-1,-1
110,1,682.6018676757812,539.845703125,724.3080444335938,866.1971435546875,-1,-1,-1,-1
111,1,681.8455810546875,519.3131713867188,730.343505859375,889.2813110351562,-1,-1,-1,-1
112,1,695.3773193359375,534.2460327148438,711.6949462890625,873.0383911132812,-1,-1,-1,-1
113,1,645.8201904296875,546.5567016601562,758.1209716796875,863.2219848632812,-1,-1,-1,-1
114,1,677.0020751953125,590.572021484375,725.0318603515625,785.2451171875,-1,-1,-1,-1
115,1,674.7553100585938,616.30810546875,721.9773559570312,715.4913330078125,-1,-1,-1,-1
116,1,600.7021484375,588.7408447265625,805.31982421875,693.8984375,-1,-1,-1,-1
117,1,567.0431518554688,523.2047729492188,833.6322631835938,882.0045776367188,-1,-1,-1,-1
118,1,610.4611206054688,537.6456909179688,797.2251586914062,864.7355346679688,-1,-1,-1,-1
119,1,606.6231689453125,541.57421875,802.1287841796875,820.036865234375,-1,-1,-1,-1
120,1,762.7509765625,561.7062377929688,650.4825439453125,840.6989135742188,-1,-1,-1,-1
121,1,786.7811889648438,580.7835693359375,626.5082397460938,828.483154296875,-1,-1,-1,-1
122,1,773.7667846679688,588.6439208984375,641.0686645507812,816.5810546875,-1,-1,-1,-1
123,1,745.1842651367188,595.851806640625,667.1567993164062,754.3724365234375,-1,-1,-1,-1
124,1,752.8857421875,579.8043212890625,663.2423095703125,823.7764892578125,-1,-1,-1,-1
125,1,738.5332641601562,598.7603759765625,677.7145385742188,808.6275634765625,-1,-1,-1,-1
126,1,739.4240112304688,601.6441040039062,675.6945190429688,808.1140747070312,-1,-1,-1,-1
127,1,758.2877807617188,634.740966796875,657.9109497070312,774.2642822265625,-1,-1,-1,-1
128,1,755.8187866210938,603.808837890625,659.6271362304688,806.0643310546875,-1,-1,-1,-1
129,1,731.8715209960938,618.4968872070312,683.0326538085938,790.9257202148438,-1,-1,-1,-1
130,1,723.611572265625,574.8203735351562,689.3251953125,834.7112426757812,-1,-1,-1,-1
131,1,719.08935546875,598.1441040039062,693.4937744140625,811.2260131835938,-1,-1,-1,-1
132,1,710.905517578125,578.6167602539062,703.2677001953125,830.6768188476562,-1,-1,-1,-1
133,1,748.5016479492188,585.0482177734375,667.4899291992188,823.8695068359375,-1,-1,-1,-1
134,1,745.4146118164062,571.144287109375,670.8058471679688,838.0599365234375,-1,-1,-1,-1
135,1,733.2603759765625,593.6539916992188,682.7247314453125,815.4524536132812,-1,-1,-1,-1
136,1,736.4130249023438,609.6390380859375,680.2360229492188,799.4676513671875,-1,-1,-1,-1
137,1,750.9732666015625,603.8732299804688,666.6705322265625,805.8298950195312,-1,-1,-1,-1
138,1,756.1840209960938,596.1315307617188,661.6998901367188,813.3294067382812,-1,-1,-1,-1
139,1,766.7636108398438,596.1818237304688,652.7579956054688,812.8469848632812,-1,-1,-1,-1
140,1,740.6734008789062,605.9693603515625,677.3486938476562,802.75390625,-1,-1,-1,-1
141,1,740.8802490234375,606.75634765625,676.0999755859375,801.8955078125,-1,-1,-1,-1
142,1,749.780517578125,609.5711669921875,669.6708984375,798.8724365234375,-1,-1,-1,-1
143,1,765.4160766601562,625.4874267578125,653.7742309570312,785.0479736328125,-1,-1,-1,-1
144,1,783.3592529296875,624.2815551757812,635.48828125,785.3119506835938,-1,-1,-1,-1
145,1,767.23388671875,620.8760986328125,649.3609619140625,788.781982421875,-1,-1,-1,-1
146,1,789.9442138671875,652.3363037109375,626.3023681640625,756.7294921875,-1,-1,-1,-1
147,1,772.3214721679688,605.0379638671875,645.5422973632812,804.27978515625,-1,-1,-1,-1
148,1,766.8770141601562,624.8178100585938,649.9375610351562,784.9338989257812,-1,-1,-1,-1
149,1,752.741943359375,653.0552978515625,661.311767578125,756.6873779296875,-1,-1,-1,-1
150,1,786.1181030273438,713.8485107421875,630.2273559570312,696.1226806640625,-1,-1,-1,-1
151,1,845.9515380859375,741.3320922851562,570.2161865234375,668.8357543945312,-1,-1,-1,-1
152,1,915.2205200195312,852.472412109375,502.91619873046875,556.513671875,-1,-1,-1,-1
153,1,882.5961303710938,932.412841796875,527.1047973632812,476.0091552734375,-1,-1,-1,-1
154,1,888.6351928710938,992.8362426757812,511.25299072265625,415.69195556640625,-1,-1,-1,-1
155,1,903.8858032226562,919.75146484375,516.8550415039062,489.572509765625,-1,-1,-1,-1
10,2,956.4014282226562,151.19642639160156,461.95648193359375,723.2973022460938,-1,-1,-1,-1
11,2,912.24169921875,117.51669311523438,495.22412109375,762.8955078125,-1,-1,-1,-1
12,2,890.45751953125,104.13401794433594,512.735107421875,778.1483154296875,-1,-1,-1,-1
13,2,889.7755126953125,132.27183532714844,505.649169921875,755.398193359375,-1,-1,-1,-1
14,2,868.761962890625,68.35725402832031,507.8092041015625,815.7997436523438,-1,-1,-1,-1
15,2,877.289306640625,91.75117492675781,471.6214599609375,791.6746826171875,-1,-1,-1,-1
16,2,880.419189453125,61.142738342285156,443.624755859375,823.5145263671875,-1,-1,-1,-1
17,2,902.4256591796875,83.6129150390625,410.26708984375,799.490478515625,-1,-1,-1,-1
18,2,909.9766845703125,77.05561065673828,396.701416015625,809.7028198242188,-1,-1,-1,-1
19,2,911.3729248046875,87.50381469726562,389.8389892578125,803.9056396484375,-1,-1,-1,-1
20,2,932.15771484375,92.74470520019531,371.644775390625,809.9969482421875,-1,-1,-1,-1
21,2,952.911865234375,97.32502746582031,355.34765625,811.5908203125,-1,-1,-1,-1
22,2,950.8978271484375,99.75586700439453,363.5860595703125,815.7255859375,-1,-1,-1,-1
23,2,951.4417114257812,99.8563232421875,364.77362060546875,810.1373901367188,-1,-1,-1,-1
24,2,973.3807373046875,86.14598083496094,350.2120361328125,813.2259521484375,-1,-1,-1,-1
25,2,986.8944702148438,83.63372802734375,360.79559326171875,808.9075317382812,-1,-1,-1,-1
26,2,1000.4666137695312,84.4391860961914,382.41632080078125,797.2721557617188,-1,-1,-1,-1
27,2,1023.8905639648438,76.95838928222656,379.85650634765625,782.0086669921875,-1,-1,-1,-1
28,2,1037.7373046875,89.53681945800781,368.8248291015625,762.5601196289062,-1,-1,-1,-1
29,2,1050.27734375,108.64506530761719,354.5550537109375,745.5084838867188,-1,-1,-1,-1
30,2,1068.44921875,94.17807006835938,336.1368408203125,781.81884765625,-1,-1,-1,-1
31,2,1062.931640625,112.40974426269531,335.457275390625,760.103515625,-1,-1,-1,-1
32,2,1052.83056640625,111.32221984863281,351.1220703125,744.8634643554688,-1,-1,-1,-1
33,2,1037.0472412109375,162.2953338623047,369.1683349609375,790.0569458007812,-1,-1,-1,-1
34,2,1025.5791015625,210.93490600585938,377.1605224609375,720.2381591796875,-1,-1,-1,-1
35,2,1013.8924560546875,163.86041259765625,392.540771484375,849.7760620117188,-1,-1,-1,-1
36,2,990.7843017578125,296.85516357421875,417.5679931640625,750.6514282226562,-1,-1,-1,-1
12,3,1169.4061279296875,640.2478637695312,237.02099609375,484.48272705078125,-1,-1,-1,-1
13,3,1151.994873046875,626.8739013671875,255.103515625,473.8968505859375,-1,-1,-1,-1
14,3,1128.456787109375,623.6182861328125,278.4407958984375,438.317626953125,-1,-1,-1,-1
15,3,1119.0228271484375,616.3319091796875,288.052001953125,420.2386474609375,-1,-1,-1,-1
16,3,1119.2774658203125,582.4572143554688,288.082763671875,433.2879638671875,-1,-1,-1,-1
17,3,1122.3126220703125,574.1478271484375,284.234130859375,438.66558837890625,-1,-1,-1,-1
18,3,1128.135498046875,556.7593994140625,278.876953125,456.33428955078125,-1,-1,-1,-1
19,3,1132.8485107421875,555.3194580078125,273.21337890625,463.093505859375,-1,-1,-1,-1
20,3,1143.900634765625,555.9298095703125,262.951171875,477.736083984375,-1,-1,-1,-1
21,3,1153.337158203125,502.6932373046875,253.451904296875,540.937255859375,-1,-1,-1,-1
22,3,1155.03369140625,491.061279296875,252.6112060546875,641.088134765625,-1,-1,-1,-1
23,3,1163.2808837890625,503.3624267578125,243.1781005859375,616.949951171875,-1,-1,-1,-1
24,3,1139.269775390625,488.695556640625,268.02490234375,614.4263916015625,-1,-1,-1,-1
25,3,1089.65185546875,549.4623413085938,316.752685546875,531.2354125976562,-1,-1,-1,-1
26,3,1070.286376953125,534.8580932617188,334.9234619140625,538.1690063476562,-1,-1,-1,-1
27,3,1059.677490234375,513.0574340820312,343.958984375,566.0758666992188,-1,-1,-1,-1
28,3,1055.5302734375,483.73486328125,348.788330078125,594.3787841796875,-1,-1,-1,-1
29,3,1050.5694580078125,483.43780517578125,355.3172607421875,586.5172729492188,-1,-1,-1,-1
30,3,1044.0238037109375,492.6741638183594,360.8487548828125,565.3695068359375,-1,-1,-1,-1
31,3,1035.214111328125,428.9653015136719,371.770751953125,633.50634765625,-1,-1,-1,-1
32,3,1033.5052490234375,429.84075927734375,373.266357421875,638.6638793945312,-1,-1,-1,-1
33,3,1023.5296020507812,380.22381591796875,383.95733642578125,688.0021362304688,-1,-1,-1,-1
34,3,1017.3837280273438,264.228271484375,390.13458251953125,814.223876953125,-1,-1,-1,-1
35,3,997.3399658203125,230.0960693359375,410.0909423828125,858.4566650390625,-1,-1,-1,-1
36,3,994.7176513671875,337.8992004394531,413.2166748046875,756.1002197265625,-1,-1,-1,-1
37,3,956.2169799804688,373.5431823730469,450.65753173828125,726.9710693359375,-1,-1,-1,-1
38,3,920.0205078125,367.0444030761719,482.38916015625,728.6337890625,-1,-1,-1,-1
39,3,867.515380859375,400.839111328125,472.2120361328125,690.2427978515625,-1,-1,-1,-1
40,3,827.427001953125,402.02142333984375,464.5242919921875,684.0545043945312,-1,-1,-1,-1
41,3,809.7188110351562,404.4075927734375,441.26446533203125,676.9503173828125,-1,-1,-1,-1
42,3,766.4291381835938,409.87969970703125,452.88653564453125,675.9937133789062,-1,-1,-1,-1
43,3,749.6377563476562,407.8230895996094,435.87139892578125,663.30615234375,-1,-1,-1,-1
44,3,717.283447265625,405.9267578125,441.3956298828125,636.849365234375,-1,-1,-1,-1
45,3,724.947509765625,409.02203369140625,413.9991455078125,603.5962524414062,-1,-1,-1,-1
46,3,709.3853149414062,414.7711486816406,410.45758056640625,585.9776611328125,-1,-1,-1,-1
47,3,706.5986328125,415.63726806640625,401.6883544921875,588.0147094726562,-1,-1,-1,-1
48,3,702.096923828125,421.1127624511719,401.36181640625,591.4814453125,-1,-1,-1,-1
49,3,690.9522705078125,427.8008728027344,409.9144287109375,594.147216796875,-1,-1,-1,-1
50,3,700.18115234375,435.808349609375,400.98828125,596.0478515625,-1,-1,-1,-1
51,3,695.7137451171875,437.1986999511719,407.696044921875,605.122802734375,-1,-1,-1,-1
52,3,690.663818359375,437.9712829589844,420.620849609375,607.8587646484375,-1,-1,-1,-1
53,3,694.1714477539062,424.1785888671875,426.23956298828125,625.1463623046875,-1,-1,-1,-1
54,3,691.9986572265625,417.82659912109375,437.1497802734375,656.0983276367188,-1,-1,-1,-1
55,3,703.9044799804688,400.7831726074219,429.57513427734375,675.629638671875,-1,-1,-1,-1
56,3,715.0322265625,388.7751770019531,418.49658203125,651.0960693359375,-1,-1,-1,-1
57,3,717.852294921875,372.50897216796875,417.9908447265625,652.0388793945312,-1,-1,-1,-1
58,3,707.0571899414062,341.6232604980469,424.24273681640625,708.3079833984375,-1,-1,-1,-1
59,3,693.2366333007812,323.7188415527344,433.31988525390625,736.4822998046875,-1,-1,-1,-1
60,3,708.6673583984375,284.2466125488281,414.8402099609375,752.6771240234375,-1,-1,-1,-1
61,3,732.6362915039062,229.52174377441406,395.68829345703125,799.2593994140625,-1,-1,-1,-1
62,3,746.4540405273438,137.60324096679688,390.61004638671875,875.483154296875,-1,-1,-1,-1
63,3,754.7418823242188,73.46231079101562,398.68780517578125,906.75732421875,-1,-1,-1,-1
64,3,748.4805297851562,24.264347076416016,414.57879638671875,952.4644775390625,-1,-1,-1,-1
65,3,754.5092163085938,14.109539031982422,410.05548095703125,971.2544555664062,-1,-1,-1,-1
66,3,744.24951171875,11.428943634033203,413.6046142578125,969.0389404296875,-1,-1,-1,-1
67,3,743.6834716796875,11.297393798828125,421.0450439453125,963.225341796875,-1,-1,-1,-1
68,3,768.1885986328125,16.723289489746094,391.427001953125,950.517578125,-1,-1,-1,-1
69,3,770.9913330078125,35.7244987487793,382.8013916015625,930.6340942382812,-1,-1,-1,-1
70,3,771.9746704101562,20.257930755615234,388.42840576171875,911.4033813476562,-1,-1,-1,-1
71,3,765.9766235351562,8.837139129638672,395.88653564453125,899.4738159179688,-1,-1,-1,-1
72,3,754.1293334960938,6.1020355224609375,408.35748291015625,846.9274291992188,-1,-1,-1,-1
73,3,747.3523559570312,4.925891876220703,425.18096923828125,784.467041015625,-1,-1,-1,-1
74,3,740.710693359375,1.7773399353027344,438.5968017578125,727.406005859375,-1,-1,-1,-1
75,3,752.297607421875,2.1955089569091797,440.7757568359375,679.6744995117188,-1,-1,-1,-1
76,3,756.2736206054688,3.435770034790039,445.88153076171875,658.2186889648438,-1,-1,-1,-1
77,3,736.4683227539062,9.903511047363281,499.27252197265625,653.2095947265625,-1,-1,-1,-1
78,3,735.9130859375,7.858068466186523,586.1865234375,653.6874389648438,-1,-1,-1,-1
79,3,733.9338989257812,4.865152359008789,555.1748657226562,635.3028564453125,-1,-1,-1,-1
80,3,761.1923217773438,13.276453018188477,546.1015014648438,618.2543334960938,-1,-1,-1,-1
81,3,760.0863037109375,17.298290252685547,577.0723876953125,611.4937744140625,-1,-1,-1,-1
82,3,784.6900634765625,19.94516944885254,577.9573974609375,585.975830078125,-1,-1,-1,-1
83,3,754.9386596679688,22.91920280456543,630.8956909179688,562.0671997070312,-1,-1,-1,-1
84,3,770.972900390625,32.83115768432617,627.7520751953125,550.5938110351562,-1,-1,-1,-1
85,3,812.024169921875,39.17970657348633,580.2559814453125,530.7528076171875,-1,-1,-1,-1
86,3,795.2093505859375,24.851055145263672,602.6805419921875,533.0546264648438,-1,-1,-1,-1
87,3,789.2946166992188,10.301685333251953,594.6386108398438,532.4513549804688,-1,-1,-1,-1
88,3,799.7860107421875,13.654632568359375,552.8739013671875,528.145751953125,-1,-1,-1,-1
89,3,820.2151489257812,20.482404708862305,540.9225463867188,534.5468139648438,-1,-1,-1,-1
90,3,801.285888671875,12.87704086303711,538.3026123046875,537.9141235351562,-1,-1,-1,-1
91,3,798.0609130859375,10.944454193115234,560.14111328125,563.8243408203125,-1,-1,-1,-1
92,3,782.4873657226562,22.723262786865234,555.5584106445312,554.5803833007812,-1,-1,-1,-1
93,3,792.3995971679688,8.482185363769531,520.4364624023438,584.1085815429688,-1,-1,-1,-1
94,3,789.288330078125,34.25434875488281,514.0625,567.6128540039062,-1,-1,-1,-1
95,3,798.18359375,19.359468460083008,449.349853515625,590.3123779296875,-1,-1,-1,-1
96,3,804.6767578125,-0.010311126708984375,422.4080810546875,614.6865844726562,-1,-1,-1,-1
97,3,811.0782470703125,-21.402538299560547,391.3460693359375,649.9942016601562,-1,-1,-1,-1
98,3,821.3575439453125,-27.63730812072754,386.093994140625,672.0272216796875,-1,-1,-1,-1
99,3,822.6612548828125,-16.394119262695312,390.1451416015625,680.0093383789062,-1,-1,-1,-1
100,3,826.672119140625,-19.608551025390625,369.1639404296875,697.7042236328125,-1,-1,-1,-1
101,3,830.3370971679688,-10.769115447998047,379.57904052734375,701.1223754882812,-1,-1,-1,-1
102,3,823.9523315429688,0.7790298461914062,370.22088623046875,708.3269653320312,-1,-1,-1,-1
103,3,817.7186279296875,0.23638153076171875,361.1068115234375,727.3974609375,-1,-1,-1,-1
104,3,814.453857421875,2.666675567626953,361.6805419921875,718.7609252929688,-1,-1,-1,-1
105,3,806.59912109375,1.743896484375,365.3817138671875,709.9628295898438,-1,-1,-1,-1
106,3,797.2272338867188,3.3291454315185547,365.90606689453125,683.4429321289062,-1,-1,-1,-1
107,3,792.5542602539062,3.5890560150146484,375.04095458984375,660.9423217773438,-1,-1,-1,-1
108,3,789.7813720703125,5.18183708190918,383.9354248046875,641.44873046875,-1,-1,-1,-1
109,3,790.3599243164062,8.279342651367188,383.94085693359375,618.521240234375,-1,-1,-1,-1
110,3,794.410888671875,4.81794548034668,388.4295654296875,605.5049438476562,-1,-1,-1,-1
111,3,805.617431640625,-1.5233650207519531,391.6624755859375,594.9803466796875,-1,-1,-1,-1
112,3,822.1962890625,-22.183025360107422,385.7825927734375,591.3248291015625,-1,-1,-1,-1
113,3,834.3092651367188,-26.64302635192871,380.24749755859375,576.0684204101562,-1,-1,-1,-1
114,3,838.7969970703125,-7.093650817871094,401.2880859375,531.8636474609375,-1,-1,-1,-1
115,3,844.9187622070312,-13.333812713623047,401.69720458984375,512.1684875488281,-1,-1,-1,-1
116,3,862.2752685546875,-18.163999557495117,358.8778076171875,494.1087341308594,-1,-1,-1,-1
117,3,861.9805908203125,-24.11812973022461,387.2691650390625,484.1242980957031,-1,-1,-1,-1
118,3,856.9075927734375,-21.628082275390625,392.23974609375,467.7266540527344,-1,-1,-1,-1
119,3,856.0994262695312,-29.214059829711914,392.66204833984375,459.751220703125,-1,-1,-1,-1
120,3,827.663330078125,-21.322223663330078,348.9222412109375,452.92010498046875,-1,-1,-1,-1
121,3,819.7766723632812,-20.212820053100586,338.75299072265625,466.95281982421875,-1,-1,-1,-1
122,3,802.6586303710938,-14.957204818725586,375.71661376953125,423.0115661621094,-1,-1,-1,-1
123,3,789.3828125,-12.760217666625977,375.5821533203125,384.4085388183594,-1,-1,-1,-1
124,3,780.219482421875,-2.575176239013672,377.8770751953125,373.97625732421875,-1,-1,-1,-1
125,3,799.0406494140625,8.976042747497559,353.7501220703125,349.59979248046875,-1,-1,-1,-1
126,3,804.3395385742188,7.314371109008789,358.09552001953125,366.7052307128906,-1,-1,-1,-1
127,3,807.0565185546875,3.342111587524414,359.7364501953125,385.98583984375,-1,-1,-1,-1
128,3,802.749267578125,-29.657489776611328,365.919189453125,537.7484741210938,-1,-1,-1,-1
129,3,795.7779541015625,-35.5103874206543,376.1519775390625,538.9657592773438,-1,-1,-1,-1
130,3,793.191162109375,-18.20816421508789,365.1597900390625,511.3289794921875,-1,-1,-1,-1
131,3,793.7318725585938,-18.685436248779297,361.21307373046875,503.2434997558594,-1,-1,-1,-1
132,3,811.0625,-11.770530700683594,392.1204833984375,487.64935302734375,-1,-1,-1,-1
133,3,797.8670654296875,-9.970270156860352,382.781005859375,485.87615966796875,-1,-1,-1,-1
134,3,814.5906372070312,-10.742050170898438,365.55780029296875,473.0552978515625,-1,-1,-1,-1
135,3,795.9458618164062,-14.324108123779297,379.51641845703125,476.87432861328125,-1,-1,-1,-1
136,3,811.2005615234375,-10.311712265014648,349.1954345703125,467.0832214355469,-1,-1,-1,-1
137,3,804.9595947265625,-11.146329879760742,356.115234375,465.2829895019531,-1,-1,-1,-1
138,3,808.6759643554688,-10.297990798950195,350.94659423828125,464.2339172363281,-1,-1,-1,-1
139,3,818.7335815429688,-12.554122924804688,344.63922119140625,462.48291015625,-1,-1,-1,-1
140,3,807.5279541015625,-14.710554122924805,336.156982421875,465.11529541015625,-1,-1,-1,-1
141,3,811.7992553710938,-10.036842346191406,310.19830322265625,455.1754455566406,-1,-1,-1,-1
142,3,808.982666015625,-12.260244369506836,298.8699951171875,462.27484130859375,-1,-1,-1,-1
143,3,803.017578125,-5.5891571044921875,310.59375,475.77923583984375,-1,-1,-1,-1
144,3,803.9706420898438,-5.621803283691406,353.33624267578125,496.4737243652344,-1,-1,-1,-1
145,3,800.9246826171875,-6.371805191040039,386.5133056640625,504.9640808105469,-1,-1,-1,-1
146,3,784.8084106445312,-11.546560287475586,394.11419677734375,520.9829711914062,-1,-1,-1,-1
147,3,760.0767822265625,-15.796501159667969,430.4449462890625,546.4319458007812,-1,-1,-1,-1
148,3,770.572998046875,-22.036054611206055,404.3800048828125,546.0484619140625,-1,-1,-1,-1
149,3,775.8992919921875,-47.53557586669922,393.260986328125,608.4198608398438,-1,-1,-1,-1
150,3,782.0897827148438,-57.423736572265625,386.43072509765625,639.7335205078125,-1,-1,-1,-1
151,3,792.9679565429688,-34.190673828125,379.49591064453125,618.843994140625,-1,-1,-1,-1
152,3,813.609375,-29.63044548034668,370.09033203125,610.0119018554688,-1,-1,-1,-1
153,3,836.60791015625,-13.784774780273438,364.2630615234375,590.365966796875,-1,-1,-1,-1
154,3,866.1588134765625,-10.569965362548828,355.76025390625,578.2804565429688,-1,-1,-1,-1
155,3,876.3209228515625,-16.31149673461914,365.5205078125,595.9166259765625,-1,-1,-1,-1
156,3,882.114013671875,-13.401412963867188,374.28662109375,603.770751953125,-1,-1,-1,-1
157,3,859.0797119140625,-30.907360076904297,419.1656494140625,635.30615234375,-1,-1,-1,-1
158,3,816.0142822265625,1.0941200256347656,402.9256591796875,623.884033203125,-1,-1,-1,-1
159,3,786.1953125,7.384761810302734,434.99267578125,643.4296264648438,-1,-1,-1,-1
160,3,761.639892578125,8.013872146606445,478.2314453125,670.9615478515625,-1,-1,-1,-1
161,3,762.0621337890625,5.380546569824219,499.6573486328125,705.877685546875,-1,-1,-1,-1
162,3,762.7826538085938,9.159236907958984,509.91314697265625,732.7603149414062,-1,-1,-1,-1
163,3,778.8612670898438,11.855525970458984,593.5304565429688,765.0827026367188,-1,-1,-1,-1
164,3,785.0512084960938,54.118438720703125,517.6409301757812,739.357421875,-1,-1,-1,-1
165,3,788.57861328125,93.4417724609375,436.0443115234375,722.4718017578125,-1,-1,-1,-1
166,3,793.593505859375,130.47703552246094,369.9638671875,701.5404663085938,-1,-1,-1,-1
167,3,799.9920043945312,154.38323974609375,316.31219482421875,673.6697387695312,-1,-1,-1,-1
168,3,798.34521484375,176.71710205078125,280.117431640625,650.1436157226562,-1,-1,-1,-1
169,3,795.9126586914062,204.15701293945312,249.89190673828125,626.68798828125,-1,-1,-1,-1
170,3,784.7817993164062,212.6864471435547,235.64813232421875,615.302001953125,-1,-1,-1,-1
171,3,783.1239624023438,224.79115295410156,215.4766845703125,598.86474609375,-1,-1,-1,-1
172,3,776.0905151367188,233.73410034179688,209.57757568359375,585.6649169921875,-1,-1,-1,-1
173,3,768.6282958984375,242.31375122070312,203.81591796875,577.982177734375,-1,-1,-1,-1
174,3,755.9581909179688,252.25172424316406,201.8297119140625,564.8338623046875,-1,-1,-1,-1
175,3,741.1400146484375,257.1722717285156,203.26141357421875,558.0750732421875,-1,-1,-1,-1
176,3,729.5514526367188,263.3907775878906,206.054931640625,548.6044921875,-1,-1,-1,-1
177,3,715.2530517578125,258.22198486328125,210.2451171875,542.155029296875,-1,-1,-1,-1
178,3,705.9736938476562,255.58682250976562,206.98040771484375,536.51220703125,-1,-1,-1,-1
179,3,698.5586547851562,260.6203918457031,205.23248291015625,529.4241943359375,-1,-1,-1,-1
180,3,696.7283325195312,260.18487548828125,205.0325927734375,526.402587890625,-1,-1,-1,-1
181,3,700.8965454101562,260.0513000488281,202.36138916015625,524.1075439453125,-1,-1,-1,-1
182,3,708.2371826171875,253.48916625976562,201.7169189453125,523.9456787109375,-1,-1,-1,-1
183,3,711.8128662109375,246.17510986328125,199.20379638671875,525.150146484375,-1,-1,-1,-1
184,3,711.6051635742188,232.253173828125,202.63775634765625,529.9446411132812,-1,-1,-1,-1
185,3,712.8218994140625,220.60818481445312,202.563232421875,535.77734375,-1,-1,-1,-1
186,3,717.1376953125,213.48175048828125,200.22998046875,535.62255859375,-1,-1,-1,-1
187,3,727.691162109375,203.7209014892578,201.18841552734375,538.1754760742188,-1,-1,-1,-1
188,3,740.0810546875,194.3941650390625,204.1495361328125,541.8768310546875,-1,-1,-1,-1
189,3,758.7444458007812,178.69970703125,202.529296875,548.31201171875,-1,-1,-1,-1
190,3,793.1192626953125,167.14964294433594,201.81072998046875,555.401611328125,-1,-1,-1,-1
191,3,835.5242919921875,161.43508911132812,204.3521728515625,562.773193359375,-1,-1,-1,-1
192,3,874.4638671875,162.52398681640625,208.7574462890625,566.1971435546875,-1,-1,-1,-1
193,3,906.1380004882812,166.0164337158203,215.48028564453125,572.0017700195312,-1,-1,-1,-1
194,3,934.7973022460938,174.55206298828125,219.01837158203125,576.0542602539062,-1,-1,-1,-1
195,3,965.6478271484375,189.7555694580078,221.636474609375,577.0604858398438,-1,-1,-1,-1
196,3,993.2498779296875,206.5223388671875,224.1710205078125,578.7044677734375,-1,-1,-1,-1
197,3,1017.6104736328125,231.22520446777344,223.84423828125,573.9679565429688,-1,-1,-1,-1
198,3,1029.6290283203125,255.8120574951172,223.2906494140625,575.2764282226562,-1,-1,-1,-1
199,3,1036.9150390625,275.6213684082031,229.918701171875,570.28662109375,-1,-1,-1,-1
200,3,1039.4453125,296.636962890625,236.6209716796875,566.2555541992188,-1,-1,-1,-1
201,3,1043.4342041015625,314.3490905761719,246.1956787109375,563.3626708984375,-1,-1,-1,-1
202,3,1049.1685791015625,337.397216796875,250.850341796875,556.7367553710938,-1,-1,-1,-1
203,3,1046.3326416015625,355.02783203125,263.021484375,554.33447265625,-1,-1,-1,-1
204,3,1049.4501953125,368.2664794921875,264.623046875,552.0410766601562,-1,-1,-1,-1
205,3,1042.718994140625,384.6181945800781,273.9132080078125,546.63427734375,-1,-1,-1,-1
206,3,1055.4583740234375,400.57427978515625,265.13525390625,542.8434448242188,-1,-1,-1,-1
207,3,1058.6732177734375,415.6000061035156,263.365966796875,541.607421875,-1,-1,-1,-1
208,3,1051.977294921875,435.040771484375,269.432861328125,534.6548461914062,-1,-1,-1,-1
209,3,1064.2894287109375,445.9421691894531,250.8834228515625,533.261474609375,-1,-1,-1,-1
210,3,1058.0911865234375,455.7972717285156,248.1680908203125,527.9356689453125,-1,-1,-1,-1
211,3,1053.555419921875,456.2146301269531,248.2978515625,526.6929931640625,-1,-1,-1,-1
212,3,1065.0228271484375,451.77752685546875,240.7576904296875,521.0623779296875,-1,-1,-1,-1
213,3,1063.7432861328125,448.9657897949219,246.9927978515625,520.27099609375,-1,-1,-1,-1
214,3,1061.4420166015625,446.6516418457031,250.9779052734375,517.982666015625,-1,-1,-1,-1
215,3,1061.83837890625,447.9596862792969,247.0599365234375,508.5425720214844,-1,-1,-1,-1
216,3,1061.2083740234375,452.75823974609375,242.3712158203125,513.3768310546875,-1,-1,-1,-1
217,3,1045.9407958984375,445.48175048828125,245.0274658203125,513.9266357421875,-1,-1,-1,-1
218,3,1040.5089111328125,448.17620849609375,231.115234375,494.43707275390625,-1,-1,-1,-1
219,3,1016.480224609375,406.9274597167969,240.2254638671875,508.5561828613281,-1,-1,-1,-1
220,3,989.9893188476562,391.85498046875,223.83660888671875,500.132568359375,-1,-1,-1,-1
221,3,944.6009521484375,384.3157043457031,204.071044921875,490.7728576660156,-1,-1,-1,-1
222,3,895.598876953125,372.0677185058594,189.8892822265625,487.8049011230469,-1,-1,-1,-1
223,3,845.82763671875,363.948974609375,180.1036376953125,479.9921875,-1,-1,-1,-1
224,3,801.590087890625,349.50787353515625,177.13677978515625,480.92864990234375,-1,-1,-1,-1
225,3,764.0614624023438,341.51031494140625,180.01873779296875,478.67474365234375,-1,-1,-1,-1
226,3,736.7764892578125,336.1932067871094,183.8182373046875,480.3219299316406,-1,-1,-1,-1
227,3,719.3447875976562,320.54083251953125,180.60736083984375,484.630859375,-1,-1,-1,-1
228,3,702.908203125,306.8653869628906,192.0162353515625,479.1728820800781,-1,-1,-1,-1
229,3,688.043701171875,293.5415954589844,194.20263671875,485.7024230957031,-1,-1,-1,-1
230,3,672.7587890625,286.27166748046875,191.342041015625,479.9344482421875,-1,-1,-1,-1
231,3,658.016357421875,279.59967041015625,193.3795166015625,480.5250244140625,-1,-1,-1,-1
232,3,644.768798828125,278.0297546386719,199.5863037109375,465.6412658691406,-1,-1,-1,-1
233,3,628.1295166015625,284.169921875,196.7061767578125,454.36553955078125,-1,-1,-1,-1
234,3,605.12646484375,291.4304504394531,190.396728515625,449.5801696777344,-1,-1,-1,-1
235,3,581.8973388671875,296.434814453125,193.7523193359375,444.36334228515625,-1,-1,-1,-1
236,3,558.3599243164062,306.4034729003906,199.3082275390625,431.9883117675781,-1,-1,-1,-1
237,3,542.88330078125,324.1698913574219,192.73553466796875,415.9030456542969,-1,-1,-1,-1
238,3,518.7400512695312,293.95733642578125,194.42919921875,452.3697509765625,-1,-1,-1,-1
239,3,502.315185546875,302.545654296875,193.86236572265625,451.722412109375,-1,-1,-1,-1
240,3,479.79290771484375,300.3230285644531,200.63201904296875,455.7829895019531,-1,-1,-1,-1
241,3,460.6780090332031,296.0632019042969,195.33151245117188,459.5152893066406,-1,-1,-1,-1
43,4,960.8129272460938,78.76364135742188,442.94635009765625,656.28662109375,-1,-1,-1,-1
44,4,927.342041015625,59.6429443359375,477.9154052734375,668.59814453125,-1,-1,-1,-1
45,4,891.5661010742188,37.66571044921875,514.8042602539062,701.1556396484375,-1,-1,-1,-1
46,4,903.2327270507812,35.050193786621094,491.65093994140625,698.71533203125,-1,-1,-1,-1
47,4,874.5167236328125,19.70953369140625,503.3372802734375,849.742919921875,-1,-1,-1,-1
48,4,822.9452514648438,40.18833923339844,526.7079467773438,842.2619018554688,-1,-1,-1,-1
49,4,872.8804321289062,44.841888427734375,472.28326416015625,844.3319091796875,-1,-1,-1,-1
50,4,910.0200805664062,53.51725387573242,430.37969970703125,839.98876953125,-1,-1,-1,-1
51,4,872.9180297851562,61.73926544189453,484.18756103515625,847.14208984375,-1,-1,-1,-1
52,4,808.805419921875,59.26944351196289,546.9036865234375,855.7261352539062,-1,-1,-1,-1
53,4,819.1138305664062,42.16423034667969,573.8305053710938,872.7791137695312,-1,-1,-1,-1
54,4,842.4810180664062,40.82829666137695,553.7401733398438,878.4031372070312,-1,-1,-1,-1
55,4,861.98193359375,50.64615249633789,529.5303955078125,859.572021484375,-1,-1,-1,-1
56,4,872.1343994140625,50.6521110534668,508.3765869140625,860.4379272460938,-1,-1,-1,-1
57,4,851.864013671875,28.250957489013672,523.6619873046875,878.4961547851562,-1,-1,-1,-1
58,4,842.4348754882812,42.99901580810547,536.6482543945312,861.6300659179688,-1,-1,-1,-1
59,4,818.73779296875,31.972328186035156,582.3814697265625,849.3121337890625,-1,-1,-1,-1
60,4,798.3875732421875,20.893230438232422,616.0592041015625,857.7368774414062,-1,-1,-1,-1
61,4,882.3983154296875,4.068614959716797,537.2137451171875,838.8173828125,-1,-1,-1,-1
62,4,934.58203125,3.0505409240722656,479.308837890625,905.8406982421875,-1,-1,-1,-1
63,4,962.5352172851562,17.643970489501953,450.23699951171875,793.5665283203125,-1,-1,-1,-1
64,4,991.5181274414062,26.91326141357422,418.24993896484375,752.3873901367188,-1,-1,-1,-1
65,4,987.200927734375,21.24050521850586,423.0040283203125,761.688720703125,-1,-1,-1,-1
66,4,985.666748046875,30.580711364746094,425.4571533203125,752.439208984375,-1,-1,-1,-1
67,4,1003.8904418945312,30.625778198242188,408.61431884765625,759.8441162109375,-1,-1,-1,-1
68,4,998.0977172851562,23.784053802490234,415.40472412109375,774.1670532226562,-1,-1,-1,-1
69,4,989.290283203125,25.791290283203125,422.9444580078125,773.3223876953125,-1,-1,-1,-1
70,4,951.56591796875,26.396587371826172,459.996337890625,765.246337890625,-1,-1,-1,-1
71,4,931.0250244140625,28.540283203125,480.3934326171875,740.3156127929688,-1,-1,-1,-1
72,4,908.1121826171875,67.99849700927734,505.5670166015625,662.3003540039062,-1,-1,-1,-1
73,4,901.175537109375,94.23855590820312,508.0941162109375,628.3614501953125,-1,-1,-1,-1
74,4,857.0668334960938,81.41805267333984,553.6500854492188,649.4857788085938,-1,-1,-1,-1
75,4,881.4258422851562,107.8121109008789,526.6073608398438,589.4404296875,-1,-1,-1,-1
76,4,872.049560546875,119.75096130371094,541.225341796875,571.3035888671875,-1,-1,-1,-1
77,4,883.851806640625,115.45945739746094,522.88623046875,583.6238403320312,-1,-1,-1,-1
78,4,897.09765625,109.43539428710938,507.97021484375,592.3875732421875,-1,-1,-1,-1
79,4,908.3377075195312,111.23863220214844,499.36883544921875,586.9774780273438,-1,-1,-1,-1
80,4,927.8604736328125,126.05836486816406,479.24755859375,565.3515014648438,-1,-1,-1,-1
81,4,939.8343505859375,186.57229614257812,467.319091796875,506.4425964355469,-1,-1,-1,-1
82,4,945.7959594726562,243.86593627929688,461.13140869140625,447.7417297363281,-1,-1,-1,-1
83,4,962.4266357421875,271.05938720703125,440.4285888671875,409.97894287109375,-1,-1,-1,-1
84,4,980.7828369140625,283.7547607421875,424.422119140625,387.73333740234375,-1,-1,-1,-1
85,4,971.4498901367188,299.8935241699219,438.46734619140625,366.4670715332031,-1,-1,-1,-1
86,4,984.7129516601562,271.7689208984375,423.03033447265625,390.00054931640625,-1,-1,-1,-1
87,4,991.4883422851562,256.34503173828125,414.29522705078125,404.540771484375,-1,-1,-1,-1
88,4,999.8092041015625,242.77883911132812,405.3155517578125,436.7330017089844,-1,-1,-1,-1
89,4,1005.5194702148438,173.63113403320312,398.24676513671875,537.506591796875,-1,-1,-1,-1
90,4,1043.53125,216.24371337890625,359.42236328125,497.3729248046875,-1,-1,-1,-1
91,4,1090.0579833984375,240.72390747070312,314.318359375,373.6577453613281,-1,-1,-1,-1
92,4,1083.265869140625,149.7337646484375,322.0025634765625,579.6074829101562,-1,-1,-1,-1
93,4,1096.409912109375,151.4066925048828,312.412109375,502.59716796875,-1,-1,-1,-1
94,4,1103.097412109375,166.5851287841797,305.3162841796875,501.19500732421875,-1,-1,-1,-1
95,4,1105.941650390625,155.32943725585938,298.7152099609375,529.665283203125,-1,-1,-1,-1
96,4,1109.091064453125,157.981689453125,297.2105712890625,538.31494140625,-1,-1,-1,-1
97,4,1102.2596435546875,166.7382049560547,306.4993896484375,539.1851806640625,-1,-1,-1,-1
98,4,1098.6529541015625,166.71739196777344,311.736328125,545.0405883789062,-1,-1,-1,-1
99,4,1111.9910888671875,187.71554565429688,299.2750244140625,542.372802734375,-1,-1,-1,-1
100,4,1119.2054443359375,193.9853515625,291.7493896484375,536.4706420898438,-1,-1,-1,-1
101,4,1113.2340087890625,222.9525146484375,296.99951171875,527.6785888671875,-1,-1,-1,-1
102,4,1117.4700927734375,256.7216796875,292.2415771484375,530.7338256835938,-1,-1,-1,-1
103,4,1106.59521484375,284.3082275390625,301.3966064453125,518.7819213867188,-1,-1,-1,-1
104,4,1104.9517822265625,296.2689514160156,304.0076904296875,529.0625,-1,-1,-1,-1
105,4,1092.0999755859375,292.5553894042969,313.969970703125,565.4237060546875,-1,-1,-1,-1
106,4,1099.3350830078125,296.3952331542969,307.4537353515625,541.4107666015625,-1,-1,-1,-1
107,4,1099.8486328125,296.7129821777344,305.8951416015625,590.6451416015625,-1,-1,-1,-1
108,4,1078.447509765625,287.039306640625,330.0341796875,793.75390625,-1,-1,-1,-1
109,4,1044.25830078125,292.4560241699219,367.8109130859375,828.9981689453125,-1,-1,-1,-1
110,4,997.5690307617188,286.54296875,407.11590576171875,842.988525390625,-1,-1,-1,-1
111,4,853.6240234375,275.5167236328125,551.49267578125,903.1964111328125,-1,-1,-1,-1
112,4,835.2401123046875,249.77618408203125,609.53466796875,1135.892578125,-1,-1,-1,-1
113,4,730.1746826171875,314.9914245605469,675.1912841796875,1091.366455078125,-1,-1,-1,-1
114,4,710.754150390625,550.391845703125,697.645263671875,788.015869140625,-1,-1,-1,-1
90,5,796.698974609375,-8.775516510009766,513.3963623046875,427.337646484375,-1,-1,-1,-1
91,5,795.2167358398438,0.36830902099609375,473.48895263671875,417.1484680175781,-1,-1,-1,-1
92,5,794.4277954101562,7.483497619628906,424.02252197265625,427.1758728027344,-1,-1,-1,-1
93,5,792.2109375,-8.510696411132812,407.477294921875,460.57843017578125,-1,-1,-1,-1
94,5,791.9310913085938,4.055397033691406,389.28021240234375,465.2806091308594,-1,-1,-1,-1
95,5,801.602783203125,1.949676513671875,398.8519287109375,478.63189697265625,-1,-1,-1,-1
96,5,806.1401977539062,-9.192636489868164,397.04840087890625,500.0035400390625,-1,-1,-1,-1
97,5,810.4419555664062,-10.816658020019531,391.74334716796875,541.401123046875,-1,-1,-1,-1
170,6,1102.87841796875,469.0352783203125,305.662109375,555.3802490234375,-1,-1,-1,-1
171,6,1095.4088134765625,409.62176513671875,312.052978515625,596.3148803710938,-1,-1,-1,-1
172,6,1101.1202392578125,354.00439453125,304.9102783203125,643.2785034179688,-1,-1,-1,-1
173,6,1111.4737548828125,371.5263366699219,295.67138671875,620.4111328125,-1,-1,-1,-1
174,6,1104.425537109375,355.7628479003906,303.1473388671875,624.501708984375,-1,-1,-1,-1
175,6,1127.0791015625,373.4315490722656,282.0625,623.253662109375,-1,-1,-1,-1
176,6,1120.6890869140625,321.8898010253906,285.857421875,672.43115234375,-1,-1,-1,-1
177,6,1146.344482421875,245.2144012451172,260.623779296875,690.449462890625,-1,-1,-1,-1
178,6,1140.1029052734375,196.58053588867188,269.4727783203125,807.0706787109375,-1,-1,-1,-1
179,6,1120.8392333984375,144.7530059814453,288.41650390625,906.3237915039062,-1,-1,-1,-1
180,6,1132.9986572265625,168.06069946289062,274.3758544921875,880.6988525390625,-1,-1,-1,-1
181,6,1133.2012939453125,160.8958282470703,275.235595703125,884.9450073242188,-1,-1,-1,-1
182,6,1084.88818359375,194.695068359375,324.3421630859375,845.0377197265625,-1,-1,-1,-1
183,6,1067.0777587890625,256.5615234375,342.690185546875,640.8660888671875,-1,-1,-1,-1
184,6,1068.9571533203125,247.89959716796875,341.5252685546875,643.2699584960938,-1,-1,-1,-1
185,6,1065.8046875,143.44631958007812,346.636962890625,745.3114013671875,-1,-1,-1,-1
186,6,1064.529541015625,200.03012084960938,343.619140625,685.39892578125,-1,-1,-1,-1
187,6,1106.137451171875,279.1004943847656,300.54150390625,594.7237548828125,-1,-1,-1,-1
188,6,1104.5247802734375,358.51947021484375,304.98193359375,515.89794921875,-1,-1,-1,-1
189,6,1134.663330078125,351.0285339355469,276.34228515625,520.9324951171875,-1,-1,-1,-1
190,6,1199.904052734375,338.70550537109375,208.646728515625,540.3714599609375,-1,-1,-1,-1
191,6,1234.2935791015625,330.0670166015625,172.623291015625,556.169677734375,-1,-1,-1,-1
190,7,722.9251708984375,1289.066162109375,133.81439208984375,120.704345703125,-1,-1,-1,-1
191,7,727.8224487304688,1293.4127197265625,127.16864013671875,115.6881103515625,-1,-1,-1,-1
192,7,723.2078247070312,1306.2769775390625,123.16070556640625,101.7232666015625,-1,-1,-1,-1
193,7,719.3193969726562,1325.215576171875,102.0556640625,81.43359375,-1,-1,-1,-1
194,7,701.7471923828125,1346.3065185546875,93.80328369140625,62.53125,-1,-1,-1,-1
195,7,679.724609375,1350.501953125,78.5303955078125,60.6138916015625,-1,-1,-1,-1
228,8,1113.0921630859375,240.5814208984375,297.302490234375,735.4146728515625,-1,-1,-1,-1
229,8,1113.8385009765625,226.71412658691406,292.279296875,630.830322265625,-1,-1,-1,-1
230,8,1095.9403076171875,179.82643127441406,312.8021240234375,667.795166015625,-1,-1,-1,-1
231,8,1084.3411865234375,168.01025390625,324.35107421875,664.5593872070312,-1,-1,-1,-1
232,8,1074.9144287109375,206.138671875,332.126220703125,631.7625732421875,-1,-1,-1,-1
233,8,1059.90771484375,196.9464111328125,345.3948974609375,683.1978149414062,-1,-1,-1,-1
234,8,1104.1932373046875,168.57102966308594,299.5455322265625,654.7311401367188,-1,-1,-1,-1
235,8,1028.4671630859375,156.23580932617188,364.828857421875,613.0875244140625,-1,-1,-1,-1
236,8,979.0772705078125,141.96856689453125,401.8873291015625,615.2067260742188,-1,-1,-1,-1
237,8,965.9896850585938,132.76466369628906,420.99749755859375,682.6377563476562,-1,-1,-1,-1
238,8,951.8483276367188,275.0990905761719,281.84808349609375,510.8644104003906,-1,-1,-1,-1
239,8,928.543212890625,231.4701690673828,284.66162109375,559.1105346679688,-1,-1,-1,-1
240,8,908.3455200195312,191.8036346435547,282.80938720703125,594.93017578125,-1,-1,-1,-1
241,8,888.83740234375,153.06057739257812,274.9638671875,625.67919921875,-1,-1,-1,-1
