1,1,989.5003051757812,270.65625,400.28240966796875,684.9764404296875,-1,-1,-1,-1
2,1,983.8884887695312,305.2823486328125,403.78704833984375,647.32763671875,-1,-1,-1,-1
3,1,985.5248413085938,324.8628845214844,407.55426025390625,625.2264404296875,-1,-1,-1,-1
4,1,994.1551513671875,362.80291748046875,405.1632080078125,593.7223510742188,-1,-1,-1,-1
5,1,983.2313232421875,410.0249938964844,413.2659912109375,541.90576171875,-1,-1,-1,-1
6,1,947.3917236328125,419.6031494140625,424.4212646484375,523.93505859375,-1,-1,-1,-1
7,1,891.0056762695312,444.66070556640625,388.01116943359375,483.10906982421875,-1,-1,-1,-1
8,1,819.46533203125,447.96209716796875,346.6429443359375,454.01324462890625,-1,-1,-1,-1
9,1,760.4710693359375,443.05352783203125,322.3360595703125,433.8748779296875,-1,-1,-1,-1
10,1,734.2540283203125,448.0354309082031,298.1024169921875,413.1372985839844,-1,-1,-1,-1
11,1,741.73779296875,468.2088623046875,276.5899658203125,381.0224609375,-1,-1,-1,-1
12,1,787.1472778320312,488.7783508300781,278.14678955078125,374.3791809082031,-1,-1,-1,-1
13,1,885.7142944335938,509.2701416015625,302.29522705078125,382.35089111328125,-1,-1,-1,-1
14,1,671.1813354492188,382.38037109375,387.51531982421875,461.333740234375,-1,-1,-1,-1
15,1,770.0230712890625,395.91790771484375,400.284912109375,472.82464599609375,-1,-1,-1,-1
16,1,847.625732421875,410.462890625,390.65087890625,478.86572265625,-1,-1,-1,-1
17,1,843.0203247070312,413.4149169921875,430.38726806640625,489.810546875,-1,-1,-1,-1
18,1,866.192626953125,434.6656494140625,430.0777587890625,470.6964111328125,-1,-1,-1,-1
19,1,866.6137084960938,429.8980407714844,446.06671142578125,486.3525695800781,-1,-1,-1,-1
20,1,868.6553955078125,425.8011474609375,450.076416015625,482.76275634765625,-1,-1,-1,-1
21,1,870.6602783203125,425.3703308105469,446.39208984375,477.3360900878906,-1,-1,-1,-1
22,1,872.27197265625,403.1033935546875,455.733642578125,481.48968505859375,-1,-1,-1,-1
23,1,882.2777099609375,390.2303161621094,462.201904296875,477.4494934082031,-1,-1,-1,-1
24,1,899.928466796875,387.108642578125,462.4931640625,480.698974609375,-1,-1,-1,-1
25,1,910.296142578125,378.4787902832031,466.755615234375,487.8132019042969,-1,-1,-1,-1
26,1,912.0208129882812,380.6717834472656,474.57122802734375,490.4548034667969,-1,-1,-1,-1
27,1,932.2620849609375,369.15625,466.6873779296875,476.96124267578125,-1,-1,-1,-1
28,1,925.7915649414062,381.93560791015625,478.26043701171875,488.517822265625,-1,-1,-1,-1
29,1,943.4754638671875,364.2489929199219,464.56298828125,525.52392578125,-1,-1,-1,-1
30,1,959.8733520507812,353.75885009765625,448.71185302734375,560.6318969726562,-1,-1,-1,-1
31,1,958.8855590820312,343.0341491699219,450.81536865234375,517.7926025390625,-1,-1,-1,-1
32,1,972.6801147460938,335.0699157714844,436.44000244140625,533.1688232421875,-1,-1,-1,-1
33,1,976.6141967773438,334.9959716796875,432.06402587890625,513.7950439453125,-1,-1,-1,-1
34,1,991.8541870117188,329.9148864746094,418.95379638671875,484.3910217285156,-1,-1,-1,-1
35,1,1008.89453125,316.4114685058594,402.4603271484375,479.7742004394531,-1,-1,-1,-1
36,1,1005.5930786132812,304.1037902832031,404.08062744140625,473.4230651855469,-1,-1,-1,-1
37,1,1011.4873657226562,276.2348327636719,400.13641357421875,452.2702331542969,-1,-1,-1,-1
38,1,994.20068359375,264.8452453613281,412.5546875,473.0481262207031,-1,-1,-1,-1
39,1,996.0900268554688,252.01402282714844,405.99200439453125,459.30999755859375,-1,-1,-1,-1
40,1,974.0009765625,235.14779663085938,427.3314208984375,482.9915466308594,-1,-1,-1,-1
41,1,961.6693115234375,210.87318420410156,435.58056640625,475.9210205078125,-1,-1,-1,-1
42,1,944.815673828125,200.47715759277344,451.17236328125,470.587890625,-1,-1,-1,-1
43,1,930.786865234375,187.16799926757812,464.6904296875,486.2538146972656,-1,-1,-1,-1
44,1,913.6748657226562,177.95751953125,457.29083251953125,489.4222412109375,-1,-1,-1,-1
45,1,899.81396484375,165.78968811035156,433.859130859375,489.645751953125,-1,-1,-1,-1
46,1,889.1900024414062,155.12646484375,421.37506103515625,503.276611328125,-1,-1,-1,-1
47,1,881.1403198242188,140.3995819091797,408.96026611328125,521.0556030273438,-1,-1,-1,-1
48,1,887.0823974609375,127.7724380493164,407.0985107421875,521.5885009765625,-1,-1,-1,-1
49,1,884.2134399414062,124.74899291992188,420.02423095703125,528.4708251953125,-1,-1,-1,-1
50,1,888.0228881835938,94.05350494384766,413.91693115234375,551.4998168945312,-1,-1,-1,-1
51,1,887.0269775390625,81.01366424560547,430.0130615234375,564.397705078125,-1,-1,-1,-1
52,1,885.7979125976562,70.60707092285156,453.44378662109375,581.731201171875,-1,-1,-1,-1
53,1,874.7491455078125,43.7448844909668,436.626708984375,607.4177856445312,-1,-1,-1,-1
54,1,867.1674194335938,28.375268936157227,458.99652099609375,589.4293212890625,-1,-1,-1,-1
55,1,855.4512939453125,22.58195686340332,457.759033203125,576.911865234375,-1,-1,-1,-1
56,1,846.2811889648438,24.32307243347168,454.97052001953125,563.5929565429688,-1,-1,-1,-1
57,1,826.7484130859375,21.527795791625977,472.37158203125,563.4521484375,-1,-1,-1,-1
58,1,807.39111328125,16.44659423828125,484.1357421875,589.7904663085938,-1,-1,-1,-1
59,1,794.8637084960938,4.585079193115234,496.56231689453125,583.5254516601562,-1,-1,-1,-1
60,1,769.809814453125,15.299026489257812,488.2508544921875,552.7737426757812,-1,-1,-1,-1
61,1,750.822509765625,8.22928237915039,462.6748046875,554.1498413085938,-1,-1,-1,-1
62,1,746.7246704101562,9.103805541992188,449.67047119140625,547.29931640625,-1,-1,-1,-1
63,1,735.3032836914062,12.214822769165039,427.30206298828125,546.7166137695312,-1,-1,-1,-1
64,1,726.508056640625,2.5401611328125,448.207763671875,555.241943359375,-1,-1,-1,-1
65,1,704.7039184570312,-5.754947662353516,437.28131103515625,560.7978515625,-1,-1,-1,-1
66,1,704.547119140625,-6.366308212280273,401.1517333984375,554.1724853515625,-1,-1,-1,-1
67,1,688.587646484375,-15.995189666748047,405.5750732421875,543.3232421875,-1,-1,-1,-1
68,1,662.5671997070312,-6.832376480102539,442.62176513671875,539.5808715820312,-1,-1,-1,-1
69,1,659.4358520507812,-14.406164169311523,427.62579345703125,553.883056640625,-1,-1,-1,-1
70,1,628.3804321289062,-0.44547462463378906,447.17755126953125,559.8782348632812,-1,-1,-1,-1
71,1,621.95263671875,2.056406021118164,479.5943603515625,574.5205688476562,-1,-1,-1,-1
72,1,570.4867553710938,-0.12052345275878906,500.76470947265625,581.3834228515625,-1,-1,-1,-1
73,1,559.9898071289062,-60.64385223388672,507.13690185546875,661.45166015625,-1,-1,-1,-1
74,1,543.6103515625,-64.02063751220703,502.1600341796875,673.6714477539062,-1,-1,-1,-1
75,1,524.0096435546875,-39.251773834228516,489.7027587890625,643.49267578125,-1,-1,-1,-1
76,1,505.0507507324219,-45.9773063659668,472.0941467285156,650.6664428710938,-1,-1,-1,-1
77,1,483.0914306640625,-38.13599395751953,467.949951171875,635.244384765625,-1,-1,-1,-1
78,1,455.270751953125,-54.33477020263672,451.513427734375,648.0260620117188,-1,-1,-1,-1
79,1,436.0817565917969,-17.153352737426758,435.1325988769531,614.7164306640625,-1,-1,-1,-1
80,1,420.9171447753906,3.0009002685546875,400.0445861816406,601.5964965820312,-1,-1,-1,-1
81,1,403.17559814453125,-15.494880676269531,425.634033203125,615.7041625976562,-1,-1,-1,-1
82,1,398.9188232421875,3.696645736694336,364.7462158203125,580.8270263671875,-1,-1,-1,-1
83,1,426.7641296386719,5.296077728271484,344.3953552246094,531.2275390625,-1,-1,-1,-1
84,1,446.2093811035156,0.025272369384765625,365.0797424316406,510.8891296386719,-1,-1,-1,-1
85,1,424.6226806640625,0.09274673461914062,347.3900146484375,498.3509826660156,-1,-1,-1,-1
86,1,388.1644592285156,4.559818267822266,341.6501159667969,490.3448791503906,-1,-1,-1,-1
87,1,388.61114501953125,2.294370651245117,331.9774169921875,501.43896484375,-1,-1,-1,-1
88,1,324.16241455078125,-9.577970504760742,410.049072265625,575.4954223632812,-1,-1,-1,-1
89,1,353.51983642578125,1.0602149963378906,382.48687744140625,675.0589599609375,-1,-1,-1,-1
90,1,390.2017822265625,49.75067138671875,395.2886962890625,704.5524291992188,-1,-1,-1,-1
91,1,427.784912109375,103.9000015258789,392.0087890625,698.6536254882812,-1,-1,-1,-1
92,1,458.41766357421875,157.18336486816406,397.43353271484375,663.7265014648438,-1,-1,-1,-1
93,1,466.2213439941406,161.82789611816406,370.3341979980469,666.9298095703125,-1,-1,-1,-1
94,1,468.7919616699219,143.87596130371094,362.9818420410156,685.5146484375,-1,-1,-1,-1
95,1,466.7008972167969,138.95126342773438,465.6070861816406,676.6337890625,-1,-1,-1,-1
96,1,454.89825439453125,115.48139953613281,486.21282958984375,695.6013793945312,-1,-1,-1,-1
97,1,446.1226501464844,82.87774658203125,493.1310119628906,719.3073120117188,-1,-1,-1,-1
98,1,438.9913330078125,58.341251373291016,499.96356201171875,726.537109375,-1,-1,-1,-1
99,1,424.16455078125,40.715293884277344,514.23388671875,714.2652587890625,-1,-1,-1,-1
100,1,419.31842041015625,41.64915084838867,446.7113037109375,703.3706665039062,-1,-1,-1,-1
101,1,408.0072021484375,32.26492691040039,529.7040405273438,711.082275390625,-1,-1,-1,-1
102,1,400.93121337890625,33.35706329345703,526.7855224609375,694.7432861328125,-1,-1,-1,-1
103,1,390.892822265625,33.642738342285156,458.0091552734375,683.4391479492188,-1,-1,-1,-1
104,1,391.4027404785156,11.267181396484375,449.6191101074219,691.09423828125,-1,-1,-1,-1
105,1,399.1008605957031,-0.0032196044921875,502.8765563964844,693.9470825195312,-1,-1,-1,-1
106,1,417.4990234375,2.1848297119140625,476.22491455078125,684.5875854492188,-1,-1,-1,-1
107,1,434.5688781738281,0.5469398498535156,477.6679382324219,687.7894287109375,-1,-1,-1,-1
108,1,450.2925720214844,0.5522270202636719,463.2932434082031,675.1560668945312,-1,-1,-1,-1
109,1,462.0641174316406,-4.872053146362305,532.5806884765625,672.2364501953125,-1,-1,-1,-1
110,1,459.40472412109375,-1.8168449401855469,527.0968017578125,644.800048828125,-1,-1,-1,-1
111,1,467.9004821777344,-2.8703765869140625,481.0528869628906,615.0734252929688,-1,-1,-1,-1
112,1,482.1031494140625,-7.834463119506836,450.1751708984375,586.396484375,-1,-1,-1,-1
113,1,490.0118103027344,-7.278135299682617,457.2655334472656,545.0618286132812,-1,-1,-1,-1
114,1,453.4405517578125,-46.03234100341797,459.59698486328125,525.41455078125,-1,-1,-1,-1
115,1,419.6164245605469,-2.031940460205078,492.4549255371094,476.2862854003906,-1,-1,-1,-1
116,1,406.0323486328125,8.180858612060547,454.8887939453125,462.18310546875,-1,-1,-1,-1
117,1,426.4256286621094,21.526473999023438,403.8090515136719,440.14666748046875,-1,-1,-1,-1
118,1,427.8411865234375,17.601526260375977,384.43914794921875,432.93841552734375,-1,-1,-1,-1
119,1,421.1510314941406,19.92349624633789,400.2481994628906,429.8212890625,-1,-1,-1,-1
120,1,403.7012939453125,16.84630012512207,405.82275390625,419.38916015625,-1,-1,-1,-1
121,1,417.2204895019531,16.88100242614746,358.7689514160156,402.8395080566406,-1,-1,-1,-1
122,1,422.9230041503906,8.593866348266602,350.7632751464844,397.5161437988281,-1,-1,-1,-1
123,1,429.1988220214844,11.828901290893555,345.0696105957031,379.5216064453125,-1,-1,-1,-1
124,1,436.6829528808594,8.666942596435547,341.4201354980469,375.4474792480469,-1,-1,-1,-1
125,1,452.3626708984375,6.2027435302734375,351.1463623046875,379.88897705078125,-1,-1,-1,-1
126,1,467.91644287109375,4.818113327026367,342.6962890625,371.58160400390625,-1,-1,-1,-1
127,1,477.2688903808594,5.9932708740234375,338.7228088378906,367.71630859375,-1,-1,-1,-1
128,1,473.8343505859375,6.3344926834106445,358.487060546875,352.3318176269531,-1,-1,-1,-1
129,1,478.7130126953125,9.249160766601562,351.5146484375,346.0009765625,-1,-1,-1,-1
130,1,477.7589111328125,9.008951187133789,355.34619140625,333.1432800292969,-1,-1,-1,-1
131,1,469.7645568847656,9.29409122467041,375.5333557128906,339.47705078125,-1,-1,-1,-1
132,1,478.9385070800781,8.576620101928711,361.0132141113281,366.29486083984375,-1,-1,-1,-1
133,1,494.4424743652344,9.19361400604248,352.2311706542969,352.8596496582031,-1,-1,-1,-1
134,1,530.32666015625,5.680478096008301,328.373779296875,345.0747985839844,-1,-1,-1,-1
135,1,535.84716796875,7.0817461013793945,330.20135498046875,341.6663513183594,-1,-1,-1,-1
136,1,538.1328735351562,6.63472843170166,342.5899658203125,336.8909912109375,-1,-1,-1,-1
137,1,568.0855102539062,3.1025314331054688,344.966552734375,346.9628601074219,-1,-1,-1,-1
138,1,609.550537109375,0.5264415740966797,338.6524658203125,361.3544921875,-1,-1,-1,-1
139,1,661.1371459960938,0.9323577880859375,319.713623046875,357.00042724609375,-1,-1,-1,-1
140,1,744.6612548828125,2.1503162384033203,303.164306640625,344.80438232421875,-1,-1,-1,-1
141,1,741.3689575195312,-6.442636489868164,353.30291748046875,396.76416015625,-1,-1,-1,-1
142,1,762.896728515625,-42.439266204833984,411.527099609375,459.53094482421875,-1,-1,-1,-1
143,1,772.39453125,-80.88184356689453,493.565185546875,542.5535888671875,-1,-1,-1,-1
144,1,806.7251586914062,-6.115566253662109,532.9257202148438,459.3866882324219,-1,-1,-1,-1
145,1,828.4265747070312,16.154205322265625,481.43341064453125,446.0714416503906,-1,-1,-1,-1
146,1,881.3048706054688,16.456350326538086,483.57635498046875,470.04742431640625,-1,-1,-1,-1
147,1,913.8204956054688,30.55286979675293,493.27667236328125,522.3253784179688,-1,-1,-1,-1
148,1,955.2130737304688,64.3844223022461,453.17156982421875,526.67578125,-1,-1,-1,-1
149,1,955.155517578125,78.1839828491211,455.4398193359375,528.4186401367188,-1,-1,-1,-1
150,1,970.260498046875,79.44270324707031,439.9588623046875,519.6259155273438,-1,-1,-1,-1
151,1,1052.0042724609375,82.81228637695312,353.4117431640625,491.6288757324219,-1,-1,-1,-1
152,1,1029.5096435546875,121.43783569335938,380.1507568359375,458.0748596191406,-1,-1,-1,-1
153,1,981.2071533203125,95.510986328125,429.2239990234375,531.9153442382812,-1,-1,-1,-1
154,1,928.1449584960938,79.02357482910156,485.92083740234375,538.988037109375,-1,-1,-1,-1
155,1,883.3442993164062,76.5647201538086,533.9697875976562,575.20654296875,-1,-1,-1,-1
156,1,865.47216796875,75.80542755126953,551.383544921875,567.5514526367188,-1,-1,-1,-1
157,1,827.4173583984375,65.17183685302734,587.0626220703125,550.5879516601562,-1,-1,-1,-1
158,1,798.779296875,78.05876922607422,615.3836669921875,536.8658447265625,-1,-1,-1,-1
159,1,764.8826904296875,72.33328247070312,578.8927001953125,583.3570556640625,-1,-1,-1,-1
160,1,746.23828125,48.20297622680664,543.4976806640625,623.2316284179688,-1,-1,-1,-1
161,1,711.3585205078125,192.60414123535156,519.25537109375,513.9964599609375,-1,-1,-1,-1
162,1,671.6996459960938,60.966270446777344,467.63043212890625,686.3573608398438,-1,-1,-1,-1
163,1,639.1306762695312,102.19092559814453,453.07928466796875,655.6762084960938,-1,-1,-1,-1
164,1,596.1514282226562,212.35621643066406,368.0355224609375,566.509765625,-1,-1,-1,-1
165,1,552.5603637695312,274.5133972167969,339.389404296875,522.4339599609375,-1,-1,-1,-1
166,1,494.4217834472656,284.3318786621094,327.1180114746094,524.124267578125,-1,-1,-1,-1
167,1,450.7503662109375,326.95513916015625,319.4442138671875,481.26812744140625,-1,-1,-1,-1
168,1,414.4409484863281,392.5101013183594,339.9501647949219,448.1669616699219,-1,-1,-1,-1
169,1,382.77532958984375,357.7447204589844,320.3175048828125,489.5445861816406,-1,-1,-1,-1
170,1,345.2898254394531,369.0635070800781,322.3013000488281,487.8801574707031,-1,-1,-1,-1
171,1,319.7354736328125,400.48284912109375,314.7138671875,481.86358642578125,-1,-1,-1,-1
172,1,305.84954833984375,430.7340087890625,304.55218505859375,468.9708251953125,-1,-1,-1,-1
173,1,290.39727783203125,438.55126953125,307.24468994140625,462.908935546875,-1,-1,-1,-1
174,1,285.63873291015625,462.4052429199219,291.296630859375,459.9564514160156,-1,-1,-1,-1
175,1,262.35540771484375,465.3989562988281,307.7283935546875,453.3617858886719,-1,-1,-1,-1
176,1,266.0949401855469,483.15118408203125,311.9616394042969,436.692138671875,-1,-1,-1,-1
177,1,265.6007080078125,467.9320068359375,304.85552978515625,456.79833984375,-1,-1,-1,-1
178,1,266.9256286621094,478.11279296875,298.5304870605469,439.40692138671875,-1,-1,-1,-1
179,1,266.2971496582031,438.55572509765625,319.5221252441406,455.36480712890625,-1,-1,-1,-1
180,1,288.4274597167969,411.67181396484375,315.0632019042969,449.7275390625,-1,-1,-1,-1
181,1,312.58575439453125,388.2461242675781,317.65313720703125,448.9101867675781,-1,-1,-1,-1
182,1,335.5849914550781,377.4744873046875,305.0980529785156,440.34515380859375,-1,-1,-1,-1
183,1,356.90380859375,372.8671875,295.51519775390625,434.4542236328125,-1,-1,-1,-1
184,1,373.41619873046875,365.3077392578125,286.741943359375,427.82177734375,-1,-1,-1,-1
185,1,387.0283508300781,361.20947265625,284.2830505371094,417.28570556640625,-1,-1,-1,-1
186,1,400.21234130859375,367.8208312988281,284.05047607421875,422.7703552246094,-1,-1,-1,-1
187,1,402.87628173828125,358.7996826171875,301.7027587890625,431.2823486328125,-1,-1,-1,-1
188,1,413.1361083984375,358.0404357910156,306.81280517578125,429.5247497558594,-1,-1,-1,-1
189,1,413.9142761230469,345.1708679199219,326.5971984863281,434.0691833496094,-1,-1,-1,-1
190,1,414.11810302734375,350.4526062011719,336.7386474609375,430.6222229003906,-1,-1,-1,-1
191,1,401.8081359863281,391.91448974609375,336.5373229980469,430.83209228515625,-1,-1,-1,-1
192,1,376.7173767089844,418.4288330078125,338.0053405761719,427.8348388671875,-1,-1,-1,-1
193,1,342.54742431640625,445.9719543457031,353.71343994140625,432.0155944824219,-1,-1,-1,-1
194,1,312.80767822265625,474.2330627441406,351.12841796875,434.2172546386719,-1,-1,-1,-1
195,1,277.0747985839844,475.828857421875,370.4570007324219,441.48272705078125,-1,-1,-1,-1
196,1,262.7978210449219,454.401123046875,368.0198059082031,453.23419189453125,-1,-1,-1,-1
197,1,259.9561462402344,441.06365966796875,353.2367248535156,386.419921875,-1,-1,-1,-1
198,1,276.81280517578125,461.75408935546875,319.8544921875,344.42645263671875,-1,-1,-1,-1
199,1,256.35740661621094,486.670166015625,315.50616455078125,344.02557373046875,-1,-1,-1,-1
200,1,229.85772705078125,503.6671447753906,329.6656494140625,355.0545349121094,-1,-1,-1,-1
201,1,175.681396484375,499.6322937011719,369.191650390625,363.3493957519531,-1,-1,-1,-1
202,1,102.96226501464844,485.2864990234375,441.9322509765625,411.46368408203125,-1,-1,-1,-1
203,1,92.60436248779297,473.3279113769531,449.6572265625,498.4047546386719,-1,-1,-1,-1
204,1,86.4488525390625,460.34625244140625,457.801513671875,485.4005126953125,-1,-1,-1,-1
205,1,111.63603210449219,453.02398681640625,449.17120361328125,487.97698974609375,-1,-1,-1,-1
206,1,178.82887268066406,439.3084411621094,436.69390869140625,460.6972961425781,-1,-1,-1,-1
207,1,286.9563293457031,425.23504638671875,411.0025329589844,422.7222900390625,-1,-1,-1,-1
208,1,402.3866271972656,412.60345458984375,375.8227844238281,413.32122802734375,-1,-1,-1,-1
209,1,480.6713562011719,412.1766662597656,365.9027404785156,420.2803649902344,-1,-1,-1,-1
210,1,526.1423950195312,413.8453369140625,368.4288330078125,428.63946533203125,-1,-1,-1,-1
211,1,552.838134765625,410.49237060546875,370.3831787109375,437.931396484375,-1,-1,-1,-1
212,1,565.1194458007812,410.70556640625,379.04388427734375,446.1929931640625,-1,-1,-1,-1
213,1,582.3967895507812,419.937744140625,373.438232421875,456.37005615234375,-1,-1,-1,-1
214,1,593.1093139648438,411.10748291015625,360.3016357421875,463.96331787109375,-1,-1,-1,-1
215,1,575.829345703125,414.88922119140625,367.59246826171875,473.3343505859375,-1,-1,-1,-1
216,1,570.6719970703125,423.4387512207031,365.06378173828125,473.3653259277344,-1,-1,-1,-1
217,1,563.4562377929688,435.0887756347656,371.97235107421875,475.8417053222656,-1,-1,-1,-1
218,1,567.2965087890625,459.67010498046875,369.553466796875,470.9534912109375,-1,-1,-1,-1
219,1,577.4525756835938,481.4835205078125,361.9532470703125,473.94561767578125,-1,-1,-1,-1
220,1,570.3740844726562,499.6873474121094,369.0172119140625,481.8464660644531,-1,-1,-1,-1
221,1,582.7911376953125,503.1201477050781,359.9193115234375,481.3409118652344,-1,-1,-1,-1
222,1,574.0283813476562,510.338134765625,380.93292236328125,495.189453125,-1,-1,-1,-1
223,1,610.31640625,520.7385864257812,366.02978515625,493.7132568359375,-1,-1,-1,-1
224,1,610.2817993164062,516.1380615234375,403.46478271484375,499.7884521484375,-1,-1,-1,-1
225,1,644.8869018554688,504.26300048828125,404.02801513671875,505.29400634765625,-1,-1,-1,-1
226,1,674.094970703125,505.8760070800781,401.6722412109375,505.2524108886719,-1,-1,-1,-1
227,1,690.2844848632812,507.515625,404.55657958984375,505.7547607421875,-1,-1,-1,-1
228,1,707.5917358398438,505.1051330566406,403.85968017578125,508.5949401855469,-1,-1,-1,-1
229,1,715.5950927734375,501.5039978027344,414.5302734375,516.7044677734375,-1,-1,-1,-1
230,1,726.5328979492188,502.44549560546875,414.06378173828125,511.72821044921875,-1,-1,-1,-1
231,1,731.3836669921875,508.15789794921875,403.5841064453125,506.56072998046875,-1,-1,-1,-1
232,1,720.7761840820312,509.302490234375,405.98114013671875,505.363037109375,-1,-1,-1,-1
233,1,711.434814453125,512.0761108398438,399.9173583984375,500.73345947265625,-1,-1,-1,-1
234,1,705.7653198242188,512.43994140625,393.85833740234375,496.0194091796875,-1,-1,-1,-1
235,1,695.0966796875,512.4829711914062,392.4927978515625,493.89013671875,-1,-1,-1,-1
236,1,690.3815307617188,513.5220336914062,388.96636962890625,488.4339599609375,-1,-1,-1,-1
237,1,688.0576782226562,515.6246948242188,382.30828857421875,488.01776123046875,-1,-1,-1,-1
238,1,684.9979858398438,515.1865234375,379.45123291015625,485.27545166015625,-1,-1,-1,-1
239,1,677.8582763671875,511.99066162109375,377.264892578125,472.94964599609375,-1,-1,-1,-1
240,1,665.4473266601562,493.72076416015625,372.48101806640625,474.69122314453125,-1,-1,-1,-1
241,1,648.5269775390625,475.89532470703125,361.37908935546875,462.7161865234375,-1,-1,-1,-1
242,1,630.8135375976562,441.6419372558594,354.33587646484375,466.0447082519531,-1,-1,-1,-1
243,1,611.6488647460938,409.74078369140625,344.9970703125,466.5155029296875,-1,-1,-1,-1
244,1,593.1517333984375,373.0232238769531,352.16497802734375,470.3109436035156,-1,-1,-1,-1
245,1,580.4142456054688,348.9425048828125,347.26507568359375,467.316162109375,-1,-1,-1,-1
246,1,555.2421875,318.2544860839844,348.126220703125,471.0453186035156,-1,-1,-1,-1
247,1,521.742919921875,267.5638427734375,350.8785400390625,482.28179931640625,-1,-1,-1,-1
248,1,462.5753173828125,219.54241943359375,382.961181640625,488.270751953125,-1,-1,-1,-1
249,1,470.8320617675781,195.71144104003906,352.5339660644531,498.2083740234375,-1,-1,-1,-1
250,1,454.280517578125,168.75582885742188,357.69635009765625,509.7272033691406,-1,-1,-1,-1
251,1,447.1142272949219,169.00120544433594,356.7574768066406,498.65142822265625,-1,-1,-1,-1
252,1,430.6095886230469,164.85220336914062,370.6744689941406,504.8583679199219,-1,-1,-1,-1
253,1,401.228271484375,149.71875,381.86456298828125,512.255859375,-1,-1,-1,-1
254,1,396.2684326171875,77.42292022705078,374.75140380859375,580.4169921875,-1,-1,-1,-1
255,1,315.820556640625,112.41899871826172,456.9454345703125,539.25146484375,-1,-1,-1,-1
256,1,309.88482666015625,28.687820434570312,468.3861083984375,631.527587890625,-1,-1,-1,-1
257,1,325.408203125,29.59035301208496,435.6014404296875,627.604248046875,-1,-1,-1,-1
258,1,314.5775146484375,97.57950592041016,451.6669921875,562.1632690429688,-1,-1,-1,-1
259,1,299.35748291015625,111.79315948486328,476.34222412109375,556.0709838867188,-1,-1,-1,-1
260,1,288.1628112792969,98.35535430908203,497.4618225097656,562.638671875,-1,-1,-1,-1
261,1,294.82061767578125,80.33586120605469,497.3426513671875,582.0062866210938,-1,-1,-1,-1
262,1,281.6766052246094,70.78326416015625,500.2900695800781,592.493896484375,-1,-1,-1,-1
263,1,254.04080200195312,48.515254974365234,521.092529296875,604.2178344726562,-1,-1,-1,-1
264,1,151.51828002929688,21.466951370239258,627.368408203125,626.4110717773438,-1,-1,-1,-1
265,1,225.60096740722656,1.4515495300292969,571.3939208984375,627.159423828125,-1,-1,-1,-1
266,1,226.45021057128906,1.1176605224609375,608.6715087890625,601.4308471679688,-1,-1,-1,-1
267,1,267.88812255859375,4.3312530517578125,621.2652587890625,605.4274291992188,-1,-1,-1,-1
268,1,395.44140625,6.418741226196289,576.4822998046875,595.515380859375,-1,-1,-1,-1
269,1,490.2774353027344,7.468748092651367,565.285888671875,607.1970825195312,-1,-1,-1,-1
270,1,573.16064453125,6.850191116333008,550.382080078125,629.112548828125,-1,-1,-1,-1
271,1,635.22802734375,7.816694259643555,550.03515625,641.119384765625,-1,-1,-1,-1
272,1,586.5817260742188,5.377378463745117,652.2438354492188,656.9234008789062,-1,-1,-1,-1
273,1,676.4925537109375,17.27103614807129,602.9451904296875,684.3954467773438,-1,-1,-1,-1
274,1,683.6326904296875,45.02714920043945,647.1890869140625,706.2667846679688,-1,-1,-1,-1
275,1,818.7506103515625,72.79243469238281,572.3062744140625,714.9161987304688,-1,-1,-1,-1
276,1,868.1321411132812,118.77520751953125,551.3043823242188,719.3525390625,-1,-1,-1,-1
277,1,917.273193359375,165.5728759765625,502.3218994140625,759.4959106445312,-1,-1,-1,-1
278,1,951.3948974609375,204.21075439453125,465.6534423828125,599.3340454101562,-1,-1,-1,-1
279,1,967.0018920898438,229.83486938476562,450.87261962890625,620.1287841796875,-1,-1,-1,-1
280,1,971.367919921875,253.1388397216797,445.211669921875,643.6423950195312,-1,-1,-1,-1
281,1,960.1227416992188,275.4394226074219,455.89276123046875,599.6107177734375,-1,-1,-1,-1
282,1,922.9989013671875,285.5155944824219,490.90576171875,668.901123046875,-1,-1,-1,-1
283,1,846.3812255859375,285.0079345703125,528.9205322265625,679.8335571289062,-1,-1,-1,-1
284,1,771.2971801757812,287.5848693847656,513.9310913085938,646.9593505859375,-1,-1,-1,-1
285,1,730.3851928710938,286.98779296875,499.41314697265625,631.995849609375,-1,-1,-1,-1
286,1,702.5152587890625,282.0420837402344,492.88525390625,623.35595703125,-1,-1,-1,-1
287,1,686.4518432617188,278.3187255859375,496.35687255859375,616.2061767578125,-1,-1,-1,-1
288,1,677.8250732421875,275.4913330078125,492.2843017578125,622.2164916992188,-1,-1,-1,-1
289,1,664.2454223632812,277.0495300292969,490.95233154296875,623.522216796875,-1,-1,-1,-1
290,1,650.4166259765625,284.264404296875,484.95263671875,614.9630126953125,-1,-1,-1,-1
291,1,630.7640991210938,296.27301025390625,479.65594482421875,606.7206420898438,-1,-1,-1,-1
292,1,603.551513671875,323.25653076171875,470.8431396484375,603.6665649414062,-1,-1,-1,-1
293,1,558.807373046875,373.6835021972656,460.494873046875,586.4501953125,-1,-1,-1,-1
294,1,501.68011474609375,419.91741943359375,460.2080078125,592.761962890625,-1,-1,-1,-1
295,1,457.341064453125,464.9951171875,453.58966064453125,592.111328125,-1,-1,-1,-1
296,1,418.6281433105469,486.3923645019531,464.3396301269531,589.025390625,-1,-1,-1,-1
297,1,406.2804870605469,499.7182312011719,471.3750305175781,576.329345703125,-1,-1,-1,-1
298,1,421.5821533203125,493.98480224609375,463.20269775390625,579.8796997070312,-1,-1,-1,-1
299,1,435.8401794433594,474.454345703125,459.8327941894531,588.01904296875,-1,-1,-1,-1
300,1,450.888427734375,447.1571044921875,458.146484375,590.87939453125,-1,-1,-1,-1
301,1,473.9923095703125,414.0169677734375,446.71563720703125,587.9569702148438,-1,-1,-1,-1
302,1,492.51239013671875,368.11798095703125,447.608642578125,603.1586303710938,-1,-1,-1,-1
303,1,525.662109375,304.18280029296875,449.66778564453125,626.2031860351562,-1,-1,-1,-1
304,1,564.2897338867188,251.84765625,450.79608154296875,651.6156005859375,-1,-1,-1,-1
305,1,601.3173828125,196.98023986816406,450.4716796875,677.0318603515625,-1,-1,-1,-1
306,1,640.3011474609375,161.6663818359375,431.6038818359375,697.1810913085938,-1,-1,-1,-1
307,1,667.134521484375,125.57630920410156,419.5682373046875,725.1907958984375,-1,-1,-1,-1
308,1,691.6908569335938,86.38381958007812,401.65911865234375,756.23974609375,-1,-1,-1,-1
309,1,712.10693359375,52.05199432373047,392.2791748046875,780.2772216796875,-1,-1,-1,-1
310,1,722.4462890625,21.02704620361328,387.33642578125,806.4024658203125,-1,-1,-1,-1
311,1,734.2820434570312,7.669429779052734,383.13116455078125,812.9886474609375,-1,-1,-1,-1
312,1,741.1356201171875,-1.3724708557128906,378.74853515625,818.0358276367188,-1,-1,-1,-1
313,1,752.6333618164062,-1.0319099426269531,370.87396240234375,813.9482421875,-1,-1,-1,-1
314,1,760.1085205078125,0.2824974060058594,371.0186767578125,813.2805786132812,-1,-1,-1,-1
315,1,760.1542358398438,3.686595916748047,372.57476806640625,810.4822387695312,-1,-1,-1,-1
316,1,765.5740356445312,3.6897010803222656,379.38848876953125,808.7064819335938,-1,-1,-1,-1
317,1,764.7789306640625,5.933979034423828,410.7071533203125,804.850341796875,-1,-1,-1,-1
318,1,780.8448486328125,7.476112365722656,374.6180419921875,809.2896728515625,-1,-1,-1,-1
319,1,786.0374755859375,4.973182678222656,355.4447021484375,814.1708984375,-1,-1,-1,-1
320,1,789.350830078125,5.696140289306641,338.08251953125,815.2716064453125,-1,-1,-1,-1
321,1,779.8333740234375,7.334114074707031,339.5745849609375,811.355712890625,-1,-1,-1,-1
322,1,772.0816040039062,7.276374816894531,333.09320068359375,802.09375,-1,-1,-1,-1
323,1,773.6083984375,7.712818145751953,330.257080078125,795.0979614257812,-1,-1,-1,-1
324,1,754.2301635742188,7.731071472167969,327.11517333984375,784.825927734375,-1,-1,-1,-1
325,1,699.0275268554688,-12.44296646118164,324.08221435546875,790.560302734375,-1,-1,-1,-1
326,1,612.479736328125,4.116514205932617,335.7200927734375,615.4737548828125,-1,-1,-1,-1
327,1,494.59747314453125,7.991401672363281,355.10345458984375,569.8909301757812,-1,-1,-1,-1
328,1,383.8687744140625,-14.607097625732422,344.5296630859375,605.0423583984375,-1,-1,-1,-1
329,1,274.9053955078125,-14.32016372680664,371.8211669921875,581.580322265625,-1,-1,-1,-1
330,1,204.68084716796875,12.138326644897461,375.0416259765625,638.802001953125,-1,-1,-1,-1
331,1,123.80523681640625,45.960418701171875,382.50018310546875,611.6468505859375,-1,-1,-1,-1
332,1,59.21392822265625,56.562896728515625,380.4129638671875,591.5323486328125,-1,-1,-1,-1
333,1,11.852106094360352,25.753252029418945,382.31317138671875,606.2849731445312,-1,-1,-1,-1
334,1,-0.7013359069824219,12.876054763793945,378.03863525390625,603.4818115234375,-1,-1,-1,-1
335,1,10.032060623168945,-3.9721221923828125,389.7424011230469,604.9087524414062,-1,-1,-1,-1
336,1,99.34500122070312,12.168329238891602,368.0435791015625,576.8872680664062,-1,-1,-1,-1
337,1,170.88681030273438,13.554071426391602,372.6675109863281,557.9336547851562,-1,-1,-1,-1
338,1,241.23464965820312,20.270771026611328,392.6786193847656,515.9405517578125,-1,-1,-1,-1
339,1,323.0279235839844,7.99696159362793,447.6018371582031,527.01611328125,-1,-1,-1,-1
340,1,423.9038391113281,7.020618438720703,364.3014221191406,517.5079345703125,-1,-1,-1,-1
341,1,647.0919799804688,63.479793548583984,339.76275634765625,531.52001953125,-1,-1,-1,-1
342,1,762.3463134765625,27.202566146850586,376.3502197265625,590.5799560546875,-1,-1,-1,-1
343,1,852.3942260742188,41.09185791015625,303.31488037109375,557.937744140625,-1,-1,-1,-1
344,1,887.2564086914062,38.33025360107422,263.65887451171875,575.1484375,-1,-1,-1,-1
345,1,915.8975830078125,73.98065948486328,233.4771728515625,576.0499267578125,-1,-1,-1,-1
346,1,943.9047241210938,103.81356048583984,224.71929931640625,580.0197143554688,-1,-1,-1,-1
347,1,952.0248413085938,129.12893676757812,227.07098388671875,559.379638671875,-1,-1,-1,-1
348,1,924.0882568359375,122.71752166748047,256.1031494140625,561.057861328125,-1,-1,-1,-1
349,1,887.7288818359375,114.67404174804688,211.669189453125,562.88134765625,-1,-1,-1,-1
350,1,867.5098876953125,121.45838165283203,208.712158203125,562.9190063476562,-1,-1,-1,-1
351,1,852.3060913085938,125.10403442382812,209.73175048828125,555.6925048828125,-1,-1,-1,-1
352,1,842.4044189453125,143.35154724121094,212.496337890625,545.8032836914062,-1,-1,-1,-1
353,1,833.5458984375,166.2015380859375,210.095458984375,535.3507080078125,-1,-1,-1,-1
354,1,824.186279296875,190.36636352539062,209.9375,533.4222412109375,-1,-1,-1,-1
355,1,810.6133422851562,206.66973876953125,214.46435546875,523.601318359375,-1,-1,-1,-1
356,1,789.9315795898438,225.757568359375,219.52783203125,521.014892578125,-1,-1,-1,-1
357,1,768.3421630859375,249.12496948242188,222.220703125,516.3614501953125,-1,-1,-1,-1
358,1,734.4564208984375,277.7427062988281,236.2265625,510.6324157714844,-1,-1,-1,-1
359,1,703.6968994140625,317.11199951171875,244.41650390625,501.55902099609375,-1,-1,-1,-1
360,1,682.1927490234375,363.6171875,236.24920654296875,499.57928466796875,-1,-1,-1,-1
361,1,655.2608032226562,428.17828369140625,226.99835205078125,488.71636962890625,-1,-1,-1,-1
362,1,633.7979736328125,463.3014221191406,220.7396240234375,487.4373474121094,-1,-1,-1,-1
363,1,622.6047973632812,477.1727294921875,213.1929931640625,483.7825927734375,-1,-1,-1,-1
364,1,608.6589965820312,473.0371398925781,215.48052978515625,485.8813781738281,-1,-1,-1,-1
365,1,592.2643432617188,459.0985412597656,218.9031982421875,490.8800354003906,-1,-1,-1,-1
366,1,575.8601684570312,441.25445556640625,225.92816162109375,494.2415771484375,-1,-1,-1,-1
367,1,560.8303833007812,424.46307373046875,232.49591064453125,503.73822021484375,-1,-1,-1,-1
368,1,555.5894775390625,395.9716796875,237.49725341796875,519.177001953125,-1,-1,-1,-1
369,1,569.8223876953125,341.6933288574219,249.9766845703125,540.3740234375,-1,-1,-1,-1
370,1,590.330322265625,268.2571716308594,258.2261962890625,561.6781005859375,-1,-1,-1,-1
371,1,599.172607421875,225.48731994628906,272.15167236328125,576.7703857421875,-1,-1,-1,-1
1,2,406.31964111328125,303.2269592285156,33.70123291015625,90.67575073242188,-1,-1,-1,-1
2,2,404.9444885253906,306.1831970214844,34.72265625,93.57028198242188,-1,-1,-1,-1
3,2,414.7205505371094,306.0294189453125,37.43084716796875,93.760986328125,-1,-1,-1,-1
4,2,435.31634521484375,310.0412902832031,32.904632568359375,89.494873046875,-1,-1,-1,-1
5,2,443.5394287109375,307.1443176269531,34.8011474609375,94.16726684570312,-1,-1,-1,-1
6,2,423.2286071777344,307.00640869140625,35.129608154296875,90.24697875976562,-1,-1,-1,-1
7,2,351.14849853515625,305.6310119628906,34.4488525390625,91.53414916992188,-1,-1,-1,-1
8,2,255.23910522460938,300.4222412109375,39.19732666015625,102.5765380859375,-1,-1,-1,-1
9,2,181.06674194335938,287.40362548828125,38.74015808105469,105.55731201171875,-1,-1,-1,-1
10,2,142.4348602294922,286.77734375,35.9266357421875,102.10791015625,-1,-1,-1,-1
11,2,141.98336791992188,293.9927978515625,31.65814208984375,88.608154296875,-1,-1,-1,-1
12,2,210.03753662109375,293.7926025390625,32.86564636230469,83.02120971679688,-1,-1,-1,-1
13,2,349.50982666015625,292.3921813964844,44.75494384765625,92.4639892578125,-1,-1,-1,-1
14,2,522.63525390625,199.90916442871094,91.28558349609375,194.0667266845703,-1,-1,-1,-1
15,2,611.5414428710938,295.8984680175781,37.17138671875,102.49923706054688,-1,-1,-1,-1
16,2,661.469482421875,306.73455810546875,36.0050048828125,97.21786499023438,-1,-1,-1,-1
17,2,687.2235717773438,311.918701171875,32.43597412109375,88.907958984375,-1,-1,-1,-1
18,2,696.1535034179688,319.5612487792969,35.96722412109375,89.00595092773438,-1,-1,-1,-1
19,2,695.9515991210938,319.28887939453125,38.5032958984375,91.26290893554688,-1,-1,-1,-1
20,2,691.0391235351562,307.00262451171875,46.38739013671875,99.83541870117188,-1,-1,-1,-1
22,2,679.6242065429688,279.9554443359375,41.53790283203125,108.656982421875,-1,-1,-1,-1
23,2,688.3722534179688,263.3185729980469,33.13751220703125,95.0648193359375,-1,-1,-1,-1
24,2,690.5457763671875,258.1441345214844,38.998046875,103.4403076171875,-1,-1,-1,-1
25,2,696.1542358398438,250.48355102539062,34.35430908203125,90.28646850585938,-1,-1,-1,-1
26,2,700.0635986328125,244.90869140625,35.17279052734375,92.18643188476562,-1,-1,-1,-1
27,2,707.6358032226562,231.1681671142578,37.72467041015625,93.79060363769531,-1,-1,-1,-1
29,2,723.0383911132812,227.67312622070312,37.69012451171875,98.36761474609375,-1,-1,-1,-1
30,2,710.5479736328125,230.31842041015625,46.76324462890625,95.8387451171875,-1,-1,-1,-1
31,2,707.2634887695312,221.81460571289062,41.30401611328125,108.89007568359375,-1,-1,-1,-1
32,2,705.6914672851562,204.1319122314453,46.045654296875,110.66984558105469,-1,-1,-1,-1
33,2,707.4398193359375,195.29251098632812,38.00433349609375,93.25900268554688,-1,-1,-1,-1
34,2,694.7026977539062,194.73580932617188,38.293701171875,85.1800537109375,-1,-1,-1,-1
35,2,684.662841796875,193.81259155273438,36.36767578125,82.82009887695312,-1,-1,-1,-1
36,2,672.8833618164062,176.0697021484375,34.1077880859375,82.50634765625,-1,-1,-1,-1
37,2,634.0369873046875,157.67971801757812,39.36456298828125,83.6746826171875,-1,-1,-1,-1
38,2,601.7000732421875,167.44520568847656,38.16259765625,86.69361877441406,-1,-1,-1,-1
39,2,581.3855590820312,149.62911987304688,38.4351806640625,85.58035278320312,-1,-1,-1,-1
40,2,550.5667724609375,135.86001586914062,42.0350341796875,86.53317260742188,-1,-1,-1,-1
41,2,508.2951354980469,127.74029541015625,43.569122314453125,89.96771240234375,-1,-1,-1,-1
42,2,467.7514343261719,127.23046112060547,40.853179931640625,79.76386260986328,-1,-1,-1,-1
43,2,430.5343322753906,127.61463928222656,43.024200439453125,79.70816040039062,-1,-1,-1,-1
44,2,399.2431945800781,128.24481964111328,43.413421630859375,84.9495620727539,-1,-1,-1,-1
45,2,364.1228332519531,121.64575958251953,49.247528076171875,95.94744110107422,-1,-1,-1,-1
46,2,331.6505126953125,117.53597259521484,46.28912353515625,91.7900161743164,-1,-1,-1,-1
47,2,302.3365783691406,120.22480773925781,46.458343505859375,82.08772277832031,-1,-1,-1,-1
48,2,280.1456298828125,119.9706802368164,44.15789794921875,75.49857330322266,-1,-1,-1,-1
49,2,250.35958862304688,137.33143615722656,44.25274658203125,77.98591613769531,-1,-1,-1,-1
1,3,528.21044921875,348.9015808105469,424.530029296875,545.0587158203125,-1,-1,-1,-1
2,3,532.2079467773438,363.2358703613281,408.05926513671875,527.7947998046875,-1,-1,-1,-1
3,3,539.9802856445312,370.8873291015625,412.5291748046875,518.1253662109375,-1,-1,-1,-1
4,3,560.4093017578125,382.065673828125,405.48919677734375,509.57318115234375,-1,-1,-1,-1
5,3,569.4658813476562,386.2057800292969,401.476806640625,503.0776062011719,-1,-1,-1,-1
6,3,555.5851440429688,392.8363952636719,399.4635009765625,494.4275207519531,-1,-1,-1,-1
7,3,498.6883239746094,397.1431884765625,382.8716735839844,481.58807373046875,-1,-1,-1,-1
8,3,429.810302734375,392.86181640625,371.719482421875,473.2266845703125,-1,-1,-1,-1
9,3,364.4132080078125,373.58087158203125,376.763427734375,471.53271484375,-1,-1,-1,-1
10,3,369.7182312011719,362.368408203125,338.4216613769531,469.4365234375,-1,-1,-1,-1
11,3,371.58837890625,373.45294189453125,334.87640380859375,459.72802734375,-1,-1,-1,-1
12,3,425.4712829589844,384.046142578125,349.9977722167969,445.8770751953125,-1,-1,-1,-1
13,3,541.1207885742188,383.7361755371094,357.09075927734375,446.6411437988281,-1,-1,-1,-1
16,4,807.4021606445312,414.69305419921875,365.28204345703125,562.0657348632812,-1,-1,-1,-1
17,5,1166.7427978515625,365.3839111328125,43.391357421875,77.29763793945312,-1,-1,-1,-1
18,5,1181.2890625,376.053955078125,42.270751953125,69.22607421875,-1,-1,-1,-1
19,5,1178.7255859375,378.6634216308594,43.5211181640625,70.80526733398438,-1,-1,-1,-1
20,5,1179.6531982421875,373.68316650390625,43.9365234375,69.61117553710938,-1,-1,-1,-1
21,5,1170.4034423828125,362.8978271484375,46.43896484375,71.61572265625,-1,-1,-1,-1
22,5,1167.235595703125,350.7239074707031,46.80029296875,68.390869140625,-1,-1,-1,-1
23,5,1172.968017578125,333.49420166015625,50.3638916015625,72.6119384765625,-1,-1,-1,-1
24,5,1174.400146484375,320.7955322265625,59.6707763671875,85.878662109375,-1,-1,-1,-1
25,5,1184.034423828125,319.3561706542969,54.2435302734375,78.42172241210938,-1,-1,-1,-1
26,5,1191.4417724609375,312.7626647949219,54.948974609375,75.3739013671875,-1,-1,-1,-1
27,5,1210.1085205078125,311.3110046386719,46.4554443359375,70.55569458007812,-1,-1,-1,-1
28,5,1218.864990234375,301.4898376464844,53.37890625,81.67227172851562,-1,-1,-1,-1
30,5,1225.3447265625,294.5697937011719,51.35107421875,83.42001342773438,-1,-1,-1,-1
31,5,1227.6160888671875,284.62890625,43.5364990234375,83.79132080078125,-1,-1,-1,-1
32,5,1235.1844482421875,270.56329345703125,41.2943115234375,87.74411010742188,-1,-1,-1,-1
33,5,1237.1239013671875,267.33929443359375,40.7294921875,81.27407836914062,-1,-1,-1,-1
38,5,1077.216064453125,265.9064636230469,218.4942626953125,172.84100341796875,-1,-1,-1,-1
46,6,306.6013488769531,1004.1063842773438,809.5435791015625,403.43560791015625,-1,-1,-1,-1
47,6,312.602294921875,1004.4593505859375,808.3255615234375,402.8843994140625,-1,-1,-1,-1
48,6,415.4264221191406,1017.311279296875,744.3040771484375,389.9840087890625,-1,-1,-1,-1
49,6,571.8615112304688,1011.068603515625,633.4657592773438,396.5328369140625,-1,-1,-1,-1
50,6,594.105224609375,975.726806640625,620.875,432.86962890625,-1,-1,-1,-1
51,6,587.1970825195312,990.387451171875,635.3225708007812,418.8380126953125,-1,-1,-1,-1
52,6,613.6493530273438,946.5863647460938,614.8585815429688,464.49456787109375,-1,-1,-1,-1
53,6,623.4542236328125,902.919921875,607.2882080078125,507.5970458984375,-1,-1,-1,-1
54,6,628.126220703125,937.9566650390625,603.148681640625,472.167236328125,-1,-1,-1,-1
55,6,599.461669921875,925.8677978515625,682.49755859375,484.349853515625,-1,-1,-1,-1
56,6,498.176513671875,947.6349487304688,756.2869873046875,460.98468017578125,-1,-1,-1,-1
57,6,434.3690185546875,880.861083984375,815.7545166015625,527.0950927734375,-1,-1,-1,-1
58,6,222.19586181640625,808.0646362304688,1045.847412109375,598.8458862304688,-1,-1,-1,-1
59,6,209.21087646484375,756.0900268554688,1051.958984375,654.1830444335938,-1,-1,-1,-1
60,6,211.4257354736328,755.738037109375,1057.8760986328125,653.1904296875,-1,-1,-1,-1
61,6,181.3585968017578,692.3004760742188,1054.606201171875,718.3095092773438,-1,-1,-1,-1
62,6,187.85821533203125,710.7456665039062,1076.5322265625,698.8163452148438,-1,-1,-1,-1
63,6,167.4355926513672,731.83935546875,1097.4500732421875,680.3148193359375,-1,-1,-1,-1
64,6,179.6531524658203,682.4559326171875,1114.2862548828125,727.52001953125,-1,-1,-1,-1
65,6,177.680908203125,684.4099731445312,1114.796875,725.9938354492188,-1,-1,-1,-1
66,6,197.57052612304688,669.20263671875,1070.1153564453125,740.299072265625,-1,-1,-1,-1
67,6,167.54397583007812,667.7660522460938,1068.5794677734375,744.5845336914062,-1,-1,-1,-1
68,6,158.2304229736328,675.6366577148438,1081.0179443359375,735.4600219726562,-1,-1,-1,-1
69,6,157.351318359375,676.8460083007812,1055.518310546875,734.1442260742188,-1,-1,-1,-1
70,6,156.59181213378906,754.43505859375,1070.5604248046875,656.160400390625,-1,-1,-1,-1
71,6,153.79464721679688,818.3974609375,1077.938720703125,591.683837890625,-1,-1,-1,-1
72,6,178.5091552734375,789.7738037109375,1022.7567138671875,619.4705810546875,-1,-1,-1,-1
73,6,191.0213623046875,802.2918090820312,1043.97216796875,605.7030639648438,-1,-1,-1,-1
74,6,193.79818725585938,775.137451171875,1102.8800048828125,633.2862548828125,-1,-1,-1,-1
75,6,201.3245086669922,759.0435180664062,1136.704833984375,650.7968139648438,-1,-1,-1,-1
76,6,159.52682495117188,704.95947265625,1257.55810546875,704.6273193359375,-1,-1,-1,-1
77,6,149.5779266357422,739.1220703125,1310.747314453125,669.52392578125,-1,-1,-1,-1
78,6,148.92919921875,713.54541015625,1316.421875,694.7286376953125,-1,-1,-1,-1
79,6,128.96194458007812,778.91064453125,1341.107666015625,628.786865234375,-1,-1,-1,-1
80,6,164.4933624267578,804.0142822265625,1292.771728515625,601.8486328125,-1,-1,-1,-1
81,6,192.8959197998047,791.2366943359375,1225.5135498046875,616.6219482421875,-1,-1,-1,-1
82,6,208.86497497558594,837.562255859375,1202.798828125,569.2830810546875,-1,-1,-1,-1
83,6,180.71885681152344,955.0151977539062,1225.9461669921875,451.12176513671875,-1,-1,-1,-1
84,6,196.62774658203125,911.5557861328125,1195.41552734375,496.9949951171875,-1,-1,-1,-1
85,6,210.06402587890625,851.768310546875,1171.919189453125,556.4981689453125,-1,-1,-1,-1
86,6,202.00709533691406,910.2666625976562,1173.03662109375,497.86175537109375,-1,-1,-1,-1
87,6,207.4309844970703,912.0606689453125,1181.8402099609375,497.5076904296875,-1,-1,-1,-1
88,6,183.0865020751953,763.00244140625,1242.580810546875,642.112060546875,-1,-1,-1,-1
89,6,151.6093292236328,703.5388793945312,1307.52685546875,704.0924682617188,-1,-1,-1,-1
90,6,188.83297729492188,736.6439819335938,1240.584228515625,671.6406860351562,-1,-1,-1,-1
91,6,254.0216064453125,767.674560546875,1166.135498046875,641.3018798828125,-1,-1,-1,-1
92,6,379.9272155761719,741.6514282226562,1030.42626953125,670.7385864257812,-1,-1,-1,-1
93,6,428.552001953125,718.6622314453125,950.4998779296875,693.093994140625,-1,-1,-1,-1
95,6,396.13409423828125,656.0064697265625,1003.3788452148438,755.0123291015625,-1,-1,-1,-1
96,6,354.2200927734375,641.2747802734375,1062.3316650390625,770.4407958984375,-1,-1,-1,-1
97,6,272.7630615234375,633.5524291992188,1111.14599609375,777.6691284179688,-1,-1,-1,-1
98,6,158.5545654296875,692.8224487304688,1263.4381103515625,717.8562622070312,-1,-1,-1,-1
99,6,145.13589477539062,732.3531494140625,1282.3023681640625,677.314697265625,-1,-1,-1,-1
100,6,192.41944885253906,743.4995727539062,1233.3905029296875,668.9452514648438,-1,-1,-1,-1
101,6,190.89157104492188,739.7501220703125,1191.8692626953125,670.89794921875,-1,-1,-1,-1
102,6,172.0142822265625,723.03076171875,1238.406982421875,688.922607421875,-1,-1,-1,-1
103,6,276.7552795410156,728.214111328125,1099.571044921875,681.835205078125,-1,-1,-1,-1
104,6,387.0860595703125,684.4328002929688,966.8515625,724.5565795898438,-1,-1,-1,-1
105,6,403.4401550292969,698.7275390625,927.34228515625,709.611572265625,-1,-1,-1,-1
106,6,390.2934265136719,695.6822509765625,998.2421875,712.118408203125,-1,-1,-1,-1
107,6,401.79522705078125,690.074462890625,983.7609252929688,718.087890625,-1,-1,-1,-1
108,6,384.51123046875,688.762451171875,1017.5977783203125,720.33203125,-1,-1,-1,-1
109,6,373.79107666015625,717.8840942382812,990.2799682617188,691.4556274414062,-1,-1,-1,-1
110,6,414.5914306640625,736.5443725585938,899.0782470703125,672.8859252929688,-1,-1,-1,-1
111,6,382.9955139160156,688.9931030273438,969.0289306640625,719.8079223632812,-1,-1,-1,-1
112,6,352.1055908203125,699.9996948242188,1023.81787109375,708.1390991210938,-1,-1,-1,-1
113,6,345.7921142578125,650.7938232421875,1044.3546142578125,757.6126708984375,-1,-1,-1,-1
114,6,309.4211730957031,713.501953125,1108.05126953125,694.563720703125,-1,-1,-1,-1
115,6,288.65277099609375,726.5369873046875,1122.541259765625,683.4371337890625,-1,-1,-1,-1
116,6,266.3072814941406,792.8638916015625,1132.310302734375,616.6278076171875,-1,-1,-1,-1
117,6,278.6436767578125,842.02783203125,1117.7362060546875,566.92919921875,-1,-1,-1,-1
118,6,255.85357666015625,800.2937622070312,1119.146240234375,608.7721557617188,-1,-1,-1,-1
119,6,159.43115234375,808.2393188476562,1217.991943359375,599.5846557617188,-1,-1,-1,-1
120,6,143.11070251464844,895.177734375,1168.3577880859375,512.93994140625,-1,-1,-1,-1
121,6,187.17112731933594,911.7998657226562,951.4578857421875,496.08624267578125,-1,-1,-1,-1
122,6,199.96730041503906,892.5797119140625,831.808837890625,517.9117431640625,-1,-1,-1,-1
123,6,204.62147521972656,871.6903076171875,861.547119140625,537.4385986328125,-1,-1,-1,-1
124,6,175.5684356689453,866.6142578125,841.1502685546875,545.1444091796875,-1,-1,-1,-1
125,6,171.21725463867188,871.939208984375,854.1602783203125,538.7138671875,-1,-1,-1,-1
126,6,175.26039123535156,866.237548828125,862.9156494140625,544.681396484375,-1,-1,-1,-1
127,6,177.0325164794922,861.1992797851562,850.5202026367188,549.2813110351562,-1,-1,-1,-1
128,6,199.7838897705078,860.4417724609375,816.6698608398438,550.591796875,-1,-1,-1,-1
129,6,194.1287078857422,875.318359375,850.0640258789062,534.748291015625,-1,-1,-1,-1
130,6,194.9420928955078,872.0463256835938,871.9099731445312,538.6419067382812,-1,-1,-1,-1
131,6,200.27337646484375,871.4417114257812,862.0077514648438,539.0289916992188,-1,-1,-1,-1
132,6,195.25759887695312,866.412353515625,888.3863525390625,544.87060546875,-1,-1,-1,-1
133,6,194.72125244140625,841.8944702148438,873.3456420898438,569.4976196289062,-1,-1,-1,-1
134,6,197.65492248535156,846.990234375,897.6053466796875,562.66552734375,-1,-1,-1,-1
135,6,215.06704711914062,835.0601806640625,801.9815673828125,577.4207763671875,-1,-1,-1,-1
136,6,209.63568115234375,831.033447265625,808.7303466796875,580.6083984375,-1,-1,-1,-1
137,6,188.21115112304688,821.8297119140625,862.3023681640625,587.8206787109375,-1,-1,-1,-1
138,6,170.2940673828125,804.5738525390625,963.6651611328125,605.341064453125,-1,-1,-1,-1
139,6,208.25909423828125,784.1373291015625,996.6724243164062,624.2506103515625,-1,-1,-1,-1
140,6,258.280517578125,791.566650390625,947.400634765625,619.7586669921875,-1,-1,-1,-1
141,6,195.34051513671875,837.0438232421875,1011.0431518554688,575.241943359375,-1,-1,-1,-1
142,6,177.73358154296875,883.802001953125,1042.742431640625,527.4932861328125,-1,-1,-1,-1
143,6,138.6355743408203,876.8309326171875,1131.88818359375,536.3836669921875,-1,-1,-1,-1
144,6,205.82044982910156,875.2633056640625,1032.5235595703125,535.5008544921875,-1,-1,-1,-1
145,6,289.5506896972656,850.2427978515625,958.68115234375,558.621337890625,-1,-1,-1,-1
146,6,285.59710693359375,800.1729125976562,948.2959594726562,608.2234497070312,-1,-1,-1,-1
147,6,276.21771240234375,850.1998291015625,985.1607055664062,557.31884765625,-1,-1,-1,-1
148,6,294.80572509765625,854.665283203125,951.6452026367188,554.2615966796875,-1,-1,-1,-1
149,6,338.1141052246094,869.6240234375,905.9698486328125,538.7650146484375,-1,-1,-1,-1
150,6,388.6097717285156,890.6431274414062,821.0174560546875,517.5597534179688,-1,-1,-1,-1
151,6,440.658935546875,894.8238525390625,837.8687744140625,512.422607421875,-1,-1,-1,-1
152,6,393.2132568359375,879.532958984375,911.0916748046875,527.1256103515625,-1,-1,-1,-1
153,6,418.03558349609375,889.953857421875,865.0342407226562,518.7340087890625,-1,-1,-1,-1
154,6,436.4434814453125,816.066650390625,813.4993896484375,591.2840576171875,-1,-1,-1,-1
155,6,480.4481201171875,849.2809448242188,715.3759765625,558.5310668945312,-1,-1,-1,-1
156,6,516.6675415039062,890.5972900390625,664.2476196289062,516.494140625,-1,-1,-1,-1
157,6,474.3262634277344,957.8526611328125,719.1605224609375,449.9715576171875,-1,-1,-1,-1
158,6,425.32427978515625,948.150146484375,765.5629272460938,460.373046875,-1,-1,-1,-1
159,6,355.0035400390625,957.6517333984375,831.2254638671875,451.3446044921875,-1,-1,-1,-1
160,6,475.6502685546875,955.1720581054688,724.3336181640625,456.26104736328125,-1,-1,-1,-1
161,6,493.2419128417969,814.8118286132812,806.0924072265625,596.3961791992188,-1,-1,-1,-1
162,6,494.3771667480469,781.013671875,860.4774169921875,628.2830810546875,-1,-1,-1,-1
163,6,520.7254638671875,758.6346435546875,805.31005859375,654.1387939453125,-1,-1,-1,-1
164,6,478.7452392578125,713.142578125,879.586669921875,695.7039794921875,-1,-1,-1,-1
165,6,413.0274658203125,703.8916015625,895.2843017578125,705.5330810546875,-1,-1,-1,-1
166,6,494.93072509765625,685.9823608398438,753.3126831054688,722.2306518554688,-1,-1,-1,-1
167,6,432.0785217285156,616.8299560546875,811.269287109375,793.2325439453125,-1,-1,-1,-1
168,6,251.5183868408203,550.777587890625,940.1237182617188,860.9456787109375,-1,-1,-1,-1
72,7,446.7474060058594,-47.1861686706543,243.18875122070312,446.3072509765625,-1,-1,-1,-1
73,7,429.5802001953125,-56.92877960205078,219.64715576171875,484.3267822265625,-1,-1,-1,-1
74,7,413.6678161621094,-66.47950744628906,207.87136840820312,509.71343994140625,-1,-1,-1,-1
75,7,387.08782958984375,-40.3970947265625,219.34466552734375,494.98333740234375,-1,-1,-1,-1
76,7,355.6854553222656,-39.258907318115234,224.79495239257812,507.70367431640625,-1,-1,-1,-1
77,7,332.03009033203125,-50.48994827270508,241.0048828125,525.8809204101562,-1,-1,-1,-1
78,7,275.2214050292969,-56.80933380126953,275.7237243652344,530.82275390625,-1,-1,-1,-1
79,7,254.62295532226562,-44.50975799560547,280.5366516113281,522.4535522460938,-1,-1,-1,-1
80,7,243.0364227294922,-25.39470863342285,276.5653076171875,508.5859680175781,-1,-1,-1,-1
81,7,232.5846710205078,5.651283264160156,274.6182861328125,480.9460144042969,-1,-1,-1,-1
82,7,227.44180297851562,12.884782791137695,232.969970703125,455.5476989746094,-1,-1,-1,-1
83,7,207.2312469482422,14.967529296875,242.4440155029297,414.50128173828125,-1,-1,-1,-1
84,7,186.94017028808594,38.451690673828125,257.81549072265625,365.9422607421875,-1,-1,-1,-1
85,7,160.16395568847656,9.227025985717773,267.28204345703125,394.9401550292969,-1,-1,-1,-1
86,7,129.28726196289062,8.979095458984375,288.1639099121094,414.5777893066406,-1,-1,-1,-1
87,7,110.48821258544922,5.806058883666992,300.97039794921875,467.6109924316406,-1,-1,-1,-1
88,7,115.0958251953125,13.099102020263672,322.0453796386719,501.5153503417969,-1,-1,-1,-1
89,7,122.68705749511719,6.013978958129883,359.23284912109375,655.153076171875,-1,-1,-1,-1
90,7,141.63125610351562,21.679046630859375,382.2325134277344,728.2581787109375,-1,-1,-1,-1
91,7,150.21182250976562,53.89612579345703,397.9523010253906,758.8973388671875,-1,-1,-1,-1
92,7,155.71151733398438,81.62305450439453,412.3916931152344,760.982421875,-1,-1,-1,-1
93,7,151.74197387695312,98.60968017578125,431.1878356933594,756.3388061523438,-1,-1,-1,-1
94,7,140.00250244140625,99.84944152832031,444.5980224609375,754.386474609375,-1,-1,-1,-1
95,7,120.67180633544922,95.56574249267578,461.39617919921875,749.5774536132812,-1,-1,-1,-1
96,7,95.70417785644531,97.10939025878906,480.69140625,740.57373046875,-1,-1,-1,-1
97,7,41.545021057128906,81.0273666381836,518.687744140625,748.361083984375,-1,-1,-1,-1
98,7,22.384716033935547,62.79090881347656,526.2528686523438,753.6544799804688,-1,-1,-1,-1
99,7,21.391965866088867,57.12541198730469,515.7713623046875,744.1792602539062,-1,-1,-1,-1
100,7,11.62154769897461,113.91209411621094,511.5348205566406,675.6976928710938,-1,-1,-1,-1
101,7,9.728425979614258,117.33161926269531,507.1130065917969,667.4913940429688,-1,-1,-1,-1
102,7,7.8983306884765625,117.0625991821289,501.4539794921875,668.6837768554688,-1,-1,-1,-1
103,7,8.997243881225586,104.29515075683594,504.8940734863281,697.213134765625,-1,-1,-1,-1
104,7,8.191831588745117,92.71782684326172,507.9254150390625,703.656005859375,-1,-1,-1,-1
105,7,11.79478645324707,81.21279907226562,517.8753662109375,711.2255859375,-1,-1,-1,-1
106,7,11.06700325012207,70.93386840820312,534.8502807617188,715.3958740234375,-1,-1,-1,-1
107,7,11.966787338256836,68.94639587402344,544.8260498046875,710.8394775390625,-1,-1,-1,-1
108,7,11.95480728149414,59.4451789855957,556.4411010742188,712.273193359375,-1,-1,-1,-1
109,7,11.10659408569336,22.99706268310547,572.11669921875,735.026611328125,-1,-1,-1,-1
110,7,12.225103378295898,16.183242797851562,574.1595458984375,726.0313720703125,-1,-1,-1,-1
111,7,8.525636672973633,7.572498321533203,591.7578735351562,712.3475341796875,-1,-1,-1,-1
112,7,11.365476608276367,6.619716644287109,592.0626831054688,723.3795166015625,-1,-1,-1,-1
113,7,8.987613677978516,19.629470825195312,595.544189453125,735.2841796875,-1,-1,-1,-1
114,7,-5.808889389038086,17.80795669555664,571.7529907226562,825.475341796875,-1,-1,-1,-1
115,7,-8.33475112915039,17.164012908935547,559.5225830078125,824.5707397460938,-1,-1,-1,-1
116,7,-9.850784301757812,17.721221923828125,538.828857421875,833.706787109375,-1,-1,-1,-1
117,7,-9.309814453125,30.351139068603516,544.3762817382812,714.1785888671875,-1,-1,-1,-1
118,7,-3.52984619140625,70.49190521240234,491.92425537109375,520.8527221679688,-1,-1,-1,-1
119,7,3.976907730102539,97.0451431274414,466.4205627441406,495.6570739746094,-1,-1,-1,-1
120,7,1.9474105834960938,149.23464965820312,459.0069274902344,429.0432434082031,-1,-1,-1,-1
121,7,5.640142440795898,120.85383605957031,456.8212890625,443.47149658203125,-1,-1,-1,-1
122,7,9.005678176879883,106.0102767944336,444.73065185546875,451.4584655761719,-1,-1,-1,-1
123,7,0.9727458953857422,107.75348663330078,458.47064208984375,451.02880859375,-1,-1,-1,-1
124,7,2.629812240600586,28.799774169921875,448.9377746582031,534.645751953125,-1,-1,-1,-1
125,7,8.586732864379883,33.925140380859375,431.6257019042969,523.4368896484375,-1,-1,-1,-1
126,7,14.28516960144043,56.76896667480469,431.78570556640625,478.16375732421875,-1,-1,-1,-1
127,7,10.844060897827148,71.81185150146484,437.6924743652344,455.0951232910156,-1,-1,-1,-1
128,7,6.437099456787109,23.668638229370117,441.3092041015625,498.66656494140625,-1,-1,-1,-1
129,7,11.035259246826172,24.37386703491211,433.1861877441406,504.2902526855469,-1,-1,-1,-1
130,7,7.309083938598633,41.393287658691406,436.5069274902344,485.5163269042969,-1,-1,-1,-1
131,7,1.680450439453125,20.93571662902832,448.0022277832031,507.8255615234375,-1,-1,-1,-1
132,7,4.384943008422852,76.38690948486328,456.2646484375,441.26104736328125,-1,-1,-1,-1
133,7,3.642263412475586,22.620267868041992,453.87322998046875,476.65631103515625,-1,-1,-1,-1
134,7,15.336246490478516,41.99445343017578,470.9632873535156,438.182861328125,-1,-1,-1,-1
135,7,19.97857093811035,58.329376220703125,494.821044921875,426.1324462890625,-1,-1,-1,-1
136,7,27.44298553466797,38.195098876953125,518.8782348632812,440.3865051269531,-1,-1,-1,-1
137,7,12.735504150390625,9.622493743896484,577.4580078125,441.016357421875,-1,-1,-1,-1
138,7,-4.209646224975586,30.15253448486328,600.2805786132812,407.2954406738281,-1,-1,-1,-1
139,7,-2.8710689544677734,32.87630844116211,634.322509765625,439.2076110839844,-1,-1,-1,-1
140,7,22.451120376586914,24.724897384643555,608.3983764648438,429.2461853027344,-1,-1,-1,-1
141,7,-3.514425277709961,55.107704162597656,701.3204345703125,555.4962158203125,-1,-1,-1,-1
142,7,87.88410949707031,5.708686828613281,679.8561401367188,639.78515625,-1,-1,-1,-1
143,7,257.58197021484375,15.313209533691406,486.32183837890625,596.1198120117188,-1,-1,-1,-1
144,7,372.4337158203125,6.835483551025391,449.5521240234375,575.5072631835938,-1,-1,-1,-1
145,7,475.33917236328125,11.319276809692383,391.66497802734375,563.33984375,-1,-1,-1,-1
146,7,553.9853515625,-10.277618408203125,369.60235595703125,548.435791015625,-1,-1,-1,-1
147,7,622.2155151367188,14.734474182128906,387.40484619140625,534.0971069335938,-1,-1,-1,-1
148,7,660.7420043945312,14.688987731933594,387.98822021484375,529.7679443359375,-1,-1,-1,-1
149,7,692.1217041015625,13.768957138061523,406.053955078125,534.8795166015625,-1,-1,-1,-1
150,7,714.7830810546875,5.369342803955078,412.4193115234375,527.4646606445312,-1,-1,-1,-1
151,7,716.208984375,7.745737075805664,415.7174072265625,496.2691650390625,-1,-1,-1,-1
152,7,711.958251953125,9.454458236694336,407.020751953125,478.97711181640625,-1,-1,-1,-1
153,7,681.1519165039062,17.50516128540039,430.41558837890625,550.8882446289062,-1,-1,-1,-1
154,7,656.2620849609375,9.078397750854492,397.9595947265625,622.7274169921875,-1,-1,-1,-1
155,7,630.33056640625,5.6706695556640625,377.71337890625,658.7086181640625,-1,-1,-1,-1
156,7,590.7684936523438,6.53380012512207,387.6722412109375,664.5467529296875,-1,-1,-1,-1
157,7,535.8870239257812,5.589683532714844,402.9674072265625,655.8221435546875,-1,-1,-1,-1
158,7,458.3883361816406,8.080780029296875,392.7931823730469,661.2220458984375,-1,-1,-1,-1
159,7,398.6617736816406,10.544538497924805,380.9316711425781,677.573486328125,-1,-1,-1,-1
160,7,304.24603271484375,-5.1968994140625,548.4588623046875,745.8748779296875,-1,-1,-1,-1
161,7,261.6902770996094,6.033092498779297,534.6866455078125,780.26171875,-1,-1,-1,-1
162,7,198.33908081054688,-2.280017852783203,521.7838134765625,856.9970703125,-1,-1,-1,-1
163,7,115.6412353515625,62.9645881652832,498.727294921875,858.1712036132812,-1,-1,-1,-1
164,7,67.9849853515625,137.2112274169922,519.392578125,846.809326171875,-1,-1,-1,-1
165,7,19.477779388427734,203.75140380859375,535.0735473632812,815.5323486328125,-1,-1,-1,-1
166,7,10.757305145263672,268.3246154785156,523.75927734375,769.9837646484375,-1,-1,-1,-1
167,7,-0.3675727844238281,326.9361877441406,532.2885131835938,730.639404296875,-1,-1,-1,-1
168,7,-3.0522804260253906,378.7932434082031,521.9803466796875,652.8082275390625,-1,-1,-1,-1
169,7,10.596025466918945,408.07904052734375,454.7454833984375,544.2581787109375,-1,-1,-1,-1
170,7,9.149879455566406,434.0615234375,464.2262878417969,591.9156494140625,-1,-1,-1,-1
171,7,5.43205451965332,492.9479064941406,448.80377197265625,556.348388671875,-1,-1,-1,-1
172,7,11.451728820800781,528.8984375,496.00030517578125,565.1865234375,-1,-1,-1,-1
173,7,5.016633987426758,549.6051025390625,452.08343505859375,519.7833251953125,-1,-1,-1,-1
174,7,0.9849567413330078,574.0659790039062,445.54296875,525.4959106445312,-1,-1,-1,-1
175,7,-0.7109870910644531,581.5332641601562,462.7773132324219,528.7748413085938,-1,-1,-1,-1
176,7,1.4705162048339844,590.3823852539062,397.3997802734375,456.96258544921875,-1,-1,-1,-1
177,7,0.9020404815673828,590.293701171875,377.6379089355469,451.9354248046875,-1,-1,-1,-1
178,7,-3.021648406982422,584.3541870117188,370.8633728027344,453.81768798828125,-1,-1,-1,-1
179,7,-1.8549566268920898,548.252197265625,343.3173828125,426.0750732421875,-1,-1,-1,-1
180,7,3.627744674682617,523.66796875,369.8360900878906,417.6297607421875,-1,-1,-1,-1
181,7,14.607477188110352,505.06060791015625,381.2394714355469,411.4281005859375,-1,-1,-1,-1
182,7,9.99704360961914,488.4072570800781,373.7026062011719,379.2453918457031,-1,-1,-1,-1
183,7,3.5120983123779297,474.738037109375,384.1141357421875,396.7493896484375,-1,-1,-1,-1
184,7,4.496665954589844,463.1731262207031,411.3719482421875,410.7986145019531,-1,-1,-1,-1
185,7,14.486166000366211,463.5169982910156,426.3570251464844,423.0125427246094,-1,-1,-1,-1
186,7,23.036296844482422,470.7074279785156,434.3159484863281,421.1448669433594,-1,-1,-1,-1
187,7,30.491962432861328,466.67877197265625,430.12835693359375,424.342041015625,-1,-1,-1,-1
188,7,43.09527587890625,467.3078308105469,411.754638671875,413.3606262207031,-1,-1,-1,-1
189,7,47.81140899658203,461.3162536621094,417.6227722167969,417.7936096191406,-1,-1,-1,-1
190,7,48.8369140625,465.1369323730469,403.1966247558594,394.2134094238281,-1,-1,-1,-1
191,7,33.08391571044922,493.9576416015625,402.8493347167969,375.760986328125,-1,-1,-1,-1
192,7,11.43022346496582,513.5284423828125,401.5138244628906,405.7774658203125,-1,-1,-1,-1
193,7,0.25008201599121094,529.8182373046875,384.9845886230469,419.7255859375,-1,-1,-1,-1
194,7,6.932866096496582,555.2198486328125,348.57000732421875,396.56427001953125,-1,-1,-1,-1
195,7,-1.924046516418457,572.4293823242188,342.0782775878906,395.8160400390625,-1,-1,-1,-1
196,7,0.05315589904785156,564.0594482421875,322.417724609375,391.0609130859375,-1,-1,-1,-1
197,7,0.8570261001586914,536.2796630859375,333.6797180175781,403.70013427734375,-1,-1,-1,-1
198,7,0.7160978317260742,537.7217407226562,334.658935546875,369.02581787109375,-1,-1,-1,-1
199,7,3.3305091857910156,513.0442504882812,330.66143798828125,428.7552490234375,-1,-1,-1,-1
200,7,5.5635833740234375,516.209228515625,320.3134765625,442.7880859375,-1,-1,-1,-1
201,7,8.502882957458496,501.2528381347656,352.624267578125,456.2295837402344,-1,-1,-1,-1
202,7,10.053628921508789,501.26055908203125,335.9303283691406,466.4136962890625,-1,-1,-1,-1
203,7,-6.373714447021484,504.08038330078125,406.19293212890625,459.6170654296875,-1,-1,-1,-1
204,7,2.6007747650146484,488.14361572265625,393.1112365722656,463.9744873046875,-1,-1,-1,-1
205,7,-8.560903549194336,465.4102478027344,474.1940612792969,459.7380676269531,-1,-1,-1,-1
206,7,74.34847259521484,450.2579650878906,554.0919799804688,437.0221862792969,-1,-1,-1,-1
207,7,276.8982238769531,433.93450927734375,386.0258483886719,408.75872802734375,-1,-1,-1,-1
208,7,408.51678466796875,422.1409912109375,330.5369873046875,388.80743408203125,-1,-1,-1,-1
155,8,246.92823791503906,968.1028442382812,710.887939453125,440.11114501953125,-1,-1,-1,-1
156,8,246.41220092773438,1030.7779541015625,680.59130859375,375.1646728515625,-1,-1,-1,-1
157,8,243.9796142578125,1056.5626220703125,647.301025390625,351.7591552734375,-1,-1,-1,-1
158,8,219.58998107910156,1099.6826171875,443.99896240234375,306.4822998046875,-1,-1,-1,-1
159,8,227.15652465820312,1104.21044921875,421.0973205566406,305.69189453125,-1,-1,-1,-1
160,8,249.23187255859375,1220.94384765625,198.912841796875,185.2552490234375,-1,-1,-1,-1
161,8,235.94525146484375,868.5023803710938,523.7117309570312,482.20941162109375,-1,-1,-1,-1
162,8,75.58145141601562,782.77099609375,936.568359375,630.1912841796875,-1,-1,-1,-1
165,8,33.167564392089844,757.1687622070312,1229.38037109375,655.2924194335938,-1,-1,-1,-1
166,8,-3.6364288330078125,750.5701904296875,1326.772705078125,662.77880859375,-1,-1,-1,-1
167,8,3.25653076171875,700.007080078125,1277.866943359375,711.8048095703125,-1,-1,-1,-1
168,8,16.731094360351562,623.4525756835938,1125.4847412109375,791.5470581054688,-1,-1,-1,-1
169,8,-0.8802604675292969,666.5098266601562,878.2478637695312,524.8604125976562,-1,-1,-1,-1
170,8,1.0187568664550781,550.7153930664062,846.7544555664062,665.1063842773438,-1,-1,-1,-1
171,8,3.9590110778808594,496.0442810058594,784.3104248046875,678.6063232421875,-1,-1,-1,-1
172,8,-0.7663345336914062,532.8987426757812,776.6109008789062,603.5625610351562,-1,-1,-1,-1
173,8,-31.10980224609375,554.1275024414062,623.636962890625,390.42138671875,-1,-1,-1,-1
174,8,-1.0573177337646484,573.390380859375,424.93389892578125,440.393798828125,-1,-1,-1,-1
175,8,-0.2582836151123047,582.4328002929688,410.0583190917969,442.10394287109375,-1,-1,-1,-1
176,8,5.664752960205078,590.32421875,365.2724914550781,409.7657470703125,-1,-1,-1,-1
177,8,3.2849807739257812,590.26318359375,361.8616943359375,422.29986572265625,-1,-1,-1,-1
209,9,198.6023712158203,431.9379577636719,401.009033203125,378.4713439941406,-1,-1,-1,-1
210,9,271.9751281738281,424.59490966796875,390.6732482910156,375.43499755859375,-1,-1,-1,-1
211,9,310.3999328613281,414.8226318359375,386.2684020996094,387.14849853515625,-1,-1,-1,-1
212,9,334.7710876464844,408.02191162109375,375.4306335449219,387.291748046875,-1,-1,-1,-1
213,9,361.10650634765625,405.6546630859375,381.45220947265625,404.86126708984375,-1,-1,-1,-1
214,9,373.735595703125,379.68914794921875,314.68212890625,424.91339111328125,-1,-1,-1,-1
215,9,379.2268371582031,350.40692138671875,295.4433898925781,460.59661865234375,-1,-1,-1,-1
216,9,386.9279479980469,341.56646728515625,288.8093566894531,462.78228759765625,-1,-1,-1,-1
217,9,406.13250732421875,331.001708984375,279.63372802734375,496.4302978515625,-1,-1,-1,-1
218,9,426.69970703125,324.6929931640625,271.34796142578125,508.85284423828125,-1,-1,-1,-1
219,9,451.3260498046875,336.0630798339844,243.98822021484375,538.62939453125,-1,-1,-1,-1
220,9,460.3398742675781,346.9166259765625,250.08627319335938,577.2656860351562,-1,-1,-1,-1
221,9,487.8620300292969,345.070556640625,228.34689331054688,511.24530029296875,-1,-1,-1,-1
222,9,505.810791015625,340.39373779296875,230.232666015625,491.5255126953125,-1,-1,-1,-1
223,9,549.7119140625,341.1514892578125,217.36688232421875,480.477783203125,-1,-1,-1,-1
224,9,608.9814453125,323.8460693359375,198.021484375,473.66796875,-1,-1,-1,-1
225,9,652.3245849609375,305.8608093261719,199.51800537109375,480.1138000488281,-1,-1,-1,-1
226,9,683.9024658203125,307.15948486328125,202.2091064453125,472.33807373046875,-1,-1,-1,-1
227,9,707.2160034179688,308.8777160644531,206.81658935546875,489.5420837402344,-1,-1,-1,-1
228,9,726.17919921875,307.5464172363281,207.988525390625,481.5130310058594,-1,-1,-1,-1
229,9,738.5624389648438,302.3916320800781,219.735107421875,475.4778747558594,-1,-1,-1,-1
230,9,746.283203125,310.64324951171875,221.42852783203125,450.170166015625,-1,-1,-1,-1
231,9,752.848876953125,318.49884033203125,218.21124267578125,428.41925048828125,-1,-1,-1,-1
232,9,747.5133056640625,325.9337463378906,215.44427490234375,400.5032653808594,-1,-1,-1,-1
233,9,741.5325927734375,333.2336120605469,215.7467041015625,398.7734069824219,-1,-1,-1,-1
234,9,739.6585693359375,336.0257568359375,210.31658935546875,399.645751953125,-1,-1,-1,-1
235,9,741.0046997070312,337.36566162109375,202.246826171875,394.37445068359375,-1,-1,-1,-1
236,9,742.3781127929688,337.9750671386719,200.275146484375,380.7730407714844,-1,-1,-1,-1
237,9,744.6265869140625,340.0366516113281,195.3468017578125,376.7798767089844,-1,-1,-1,-1
238,9,744.2822265625,339.483642578125,194.638671875,375.6590576171875,-1,-1,-1,-1
239,9,735.6751708984375,332.3857421875,198.8577880859375,371.602294921875,-1,-1,-1,-1
240,9,741.9058837890625,321.8538818359375,174.65301513671875,378.33721923828125,-1,-1,-1,-1
241,9,714.1123046875,298.787841796875,182.09197998046875,383.0223388671875,-1,-1,-1,-1
242,9,714.8639526367188,266.42138671875,159.74468994140625,394.91680908203125,-1,-1,-1,-1
243,9,698.5101928710938,231.41366577148438,158.3367919921875,423.0496520996094,-1,-1,-1,-1
244,9,689.3015747070312,196.41773986816406,159.730224609375,422.40924072265625,-1,-1,-1,-1
245,9,688.7335815429688,165.35498046875,153.2564697265625,487.115966796875,-1,-1,-1,-1
246,9,681.3065185546875,129.57708740234375,152.08380126953125,498.8072509765625,-1,-1,-1,-1
247,9,654.6945190429688,75.70673370361328,174.58416748046875,516.3474731445312,-1,-1,-1,-1
248,9,632.896484375,26.3090763092041,193.24169921875,522.7858276367188,-1,-1,-1,-1
249,9,622.9993896484375,11.301128387451172,179.1666259765625,521.288330078125,-1,-1,-1,-1
250,9,618.624267578125,2.7975540161132812,189.29376220703125,519.6718139648438,-1,-1,-1,-1
251,9,614.813232421875,-3.4735965728759766,210.01690673828125,543.9384155273438,-1,-1,-1,-1
252,9,603.8556518554688,2.321016311645508,220.75665283203125,532.652587890625,-1,-1,-1,-1
253,9,587.16796875,1.4094619750976562,234.9957275390625,543.922119140625,-1,-1,-1,-1
254,9,571.28369140625,1.3278884887695312,248.0186767578125,549.2562255859375,-1,-1,-1,-1
255,9,560.4169311523438,-4.233270645141602,259.31036376953125,554.4359741210938,-1,-1,-1,-1
256,9,551.820068359375,18.871265411376953,268.562255859375,523.8025512695312,-1,-1,-1,-1
257,9,553.33056640625,2.740863800048828,273.0057373046875,537.8330688476562,-1,-1,-1,-1
258,9,569.0476684570312,-6.004850387573242,270.96942138671875,547.0208740234375,-1,-1,-1,-1
259,9,568.5073852539062,-0.8975276947021484,286.78790283203125,540.23095703125,-1,-1,-1,-1
260,9,588.934326171875,-0.9350833892822266,294.086669921875,533.9024047851562,-1,-1,-1,-1
261,9,609.2913818359375,-4.374492645263672,295.397216796875,533.4916381835938,-1,-1,-1,-1
262,9,600.5694580078125,-19.16961097717285,307.299560546875,549.3712158203125,-1,-1,-1,-1
263,9,605.8651123046875,-9.206693649291992,311.57562255859375,528.6878051757812,-1,-1,-1,-1
264,9,673.3606567382812,-11.385196685791016,268.85174560546875,532.32177734375,-1,-1,-1,-1
265,9,699.8803100585938,-32.136627197265625,293.18353271484375,552.9981689453125,-1,-1,-1,-1
266,9,772.5445556640625,-19.457195281982422,287.787353515625,539.812255859375,-1,-1,-1,-1
267,9,829.1163940429688,-52.27959442138672,316.98846435546875,584.9977416992188,-1,-1,-1,-1
268,9,912.4275512695312,-0.9712963104248047,327.91156005859375,548.065673828125,-1,-1,-1,-1
269,9,999.2872314453125,4.005903244018555,311.2373046875,562.5043334960938,-1,-1,-1,-1
270,9,1055.255615234375,2.869749069213867,336.246337890625,584.266845703125,-1,-1,-1,-1
271,9,1146.039794921875,45.49934387207031,262.61572265625,559.8085327148438,-1,-1,-1,-1
272,9,1193.2672119140625,52.3440055847168,209.9185791015625,528.9932861328125,-1,-1,-1,-1
273,9,1222.412841796875,107.78489685058594,182.9542236328125,544.236328125,-1,-1,-1,-1
277,9,936.0933227539062,183.24978637695312,473.00396728515625,640.3150634765625,-1,-1,-1,-1
214,10,546.4696044921875,488.1457824707031,330.24609375,513.3177490234375,-1,-1,-1,-1
215,10,549.22509765625,487.5797119140625,344.62359619140625,588.66650390625,-1,-1,-1,-1
216,10,542.5716552734375,492.059326171875,354.1619873046875,626.6666259765625,-1,-1,-1,-1
217,10,536.796142578125,504.55255126953125,354.290771484375,621.5066528320312,-1,-1,-1,-1
218,10,550.95556640625,523.3553466796875,340.4384765625,628.8294677734375,-1,-1,-1,-1
219,10,554.400634765625,545.5591430664062,348.42822265625,652.5838012695312,-1,-1,-1,-1
220,10,555.1735229492188,562.968505859375,361.62493896484375,658.62890625,-1,-1,-1,-1
221,10,565.3764038085938,521.9862670898438,369.03375244140625,604.1754760742188,-1,-1,-1,-1
222,10,568.8536987304688,509.80474853515625,384.72802734375,561.1603393554688,-1,-1,-1,-1
255,11,608.4931030273438,1154.8260498046875,403.024169921875,254.0096435546875,-1,-1,-1,-1
256,11,621.6972045898438,1142.42333984375,375.09149169921875,265.39208984375,-1,-1,-1,-1
257,11,623.5823364257812,1121.398193359375,439.47674560546875,285.5860595703125,-1,-1,-1,-1
258,11,627.57861328125,1111.42333984375,452.8974609375,296.1685791015625,-1,-1,-1,-1
259,11,633.5762329101562,1114.6851806640625,444.88629150390625,294.65380859375,-1,-1,-1,-1
260,11,631.4470825195312,1133.351806640625,353.9896240234375,274.4700927734375,-1,-1,-1,-1
261,11,656.7579956054688,1156.7730712890625,279.88818359375,252.9266357421875,-1,-1,-1,-1
262,11,655.6055297851562,1183.898681640625,305.1217041015625,224.490966796875,-1,-1,-1,-1
263,11,649.1141967773438,1190.8326416015625,330.32354736328125,215.9833984375,-1,-1,-1,-1
264,11,667.3911743164062,1200.03857421875,263.18792724609375,209.070556640625,-1,-1,-1,-1
265,11,704.4125366210938,1199.1568603515625,244.710693359375,209.372314453125,-1,-1,-1,-1
266,11,713.708251953125,1195.0257568359375,354.99853515625,213.4593505859375,-1,-1,-1,-1
267,11,730.101318359375,1168.9356689453125,508.18896484375,236.736328125,-1,-1,-1,-1
268,11,773.5546264648438,1126.3199462890625,502.11175537109375,279.6187744140625,-1,-1,-1,-1
285,12,1257.982421875,301.7105712890625,148.5689697265625,693.3346557617188,-1,-1,-1,-1
286,12,1227.8206787109375,313.1231689453125,180.5694580078125,671.4833374023438,-1,-1,-1,-1
287,12,1212.47802734375,332.23516845703125,195.268798828125,617.7869873046875,-1,-1,-1,-1
288,12,1199.096923828125,342.3047790527344,209.448974609375,626.9354248046875,-1,-1,-1,-1
289,12,1191.0809326171875,334.1854248046875,215.754150390625,624.5606079101562,-1,-1,-1,-1
290,12,1174.6004638671875,314.3721923828125,233.58203125,651.2540283203125,-1,-1,-1,-1
291,12,1152.7147216796875,296.1475524902344,256.0830078125,672.57958984375,-1,-1,-1,-1
292,12,1112.9932861328125,189.01614379882812,298.0076904296875,799.4559326171875,-1,-1,-1,-1
293,12,1050.8515625,211.41494750976562,346.028076171875,830.2642822265625,-1,-1,-1,-1
294,12,983.177978515625,276.3243103027344,350.1429443359375,838.6783447265625,-1,-1,-1,-1
295,12,930.6143188476562,341.02984619140625,330.77252197265625,795.3801879882812,-1,-1,-1,-1
296,12,898.1849975585938,289.20062255859375,324.40264892578125,870.7627563476562,-1,-1,-1,-1
297,12,894.3185424804688,298.04254150390625,320.65899658203125,871.1782836914062,-1,-1,-1,-1
298,12,908.2086181640625,282.2775573730469,319.34423828125,830.2471923828125,-1,-1,-1,-1
299,12,932.2028198242188,256.45513916015625,321.22161865234375,840.4329223632812,-1,-1,-1,-1
300,12,949.1582641601562,232.09584045410156,330.98382568359375,818.6380615234375,-1,-1,-1,-1
301,12,954.4407958984375,200.97421264648438,348.3936767578125,791.68896484375,-1,-1,-1,-1
302,12,979.23681640625,166.8954620361328,347.88720703125,783.707275390625,-1,-1,-1,-1
303,12,1008.812255859375,131.15557861328125,354.2283935546875,781.9108276367188,-1,-1,-1,-1
304,12,1033.51318359375,90.99510955810547,348.23828125,796.1315307617188,-1,-1,-1,-1
305,12,1054.5469970703125,98.98239135742188,331.002685546875,763.7034912109375,-1,-1,-1,-1
306,12,1057.8519287109375,98.02348327636719,329.216552734375,749.6068725585938,-1,-1,-1,-1
307,12,1051.1180419921875,110.22219848632812,330.674072265625,727.6741943359375,-1,-1,-1,-1
308,12,1036.9765625,85.73395538330078,348.441162109375,740.4482421875,-1,-1,-1,-1
309,12,1025.1458740234375,83.14353942871094,353.5625,732.5921020507812,-1,-1,-1,-1
310,12,1016.3623657226562,50.69902420043945,362.24884033203125,756.4981079101562,-1,-1,-1,-1
311,12,1032.01220703125,21.997241973876953,328.753662109375,777.4043579101562,-1,-1,-1,-1
312,12,1033.14501953125,37.81318283081055,297.9151611328125,754.2327270507812,-1,-1,-1,-1
313,12,1031.84033203125,20.04279327392578,307.305419921875,764.80419921875,-1,-1,-1,-1
314,12,1004.6024780273438,31.733272552490234,299.43695068359375,745.734130859375,-1,-1,-1,-1
315,12,985.9239501953125,37.346778869628906,292.2501220703125,725.3529663085938,-1,-1,-1,-1
316,12,972.9244384765625,29.623817443847656,286.9278564453125,721.552490234375,-1,-1,-1,-1
317,12,964.5362548828125,36.17504119873047,278.6544189453125,692.3472900390625,-1,-1,-1,-1
318,12,950.8907470703125,77.49847412109375,272.3546142578125,639.300048828125,-1,-1,-1,-1
319,12,927.54296875,94.47815704345703,268.382568359375,604.988525390625,-1,-1,-1,-1
320,12,930.3126220703125,86.3760757446289,243.45068359375,598.861572265625,-1,-1,-1,-1
321,12,917.5992431640625,72.77008819580078,236.1783447265625,599.3203735351562,-1,-1,-1,-1
322,12,893.0606079101562,72.24794006347656,239.51361083984375,592.7096557617188,-1,-1,-1,-1
323,12,880.634033203125,71.82139587402344,231.31787109375,581.7451171875,-1,-1,-1,-1
324,12,849.620361328125,86.28801727294922,242.0562744140625,553.6290893554688,-1,-1,-1,-1
325,12,774.3618774414062,23.091875076293945,268.73394775390625,599.9820556640625,-1,-1,-1,-1
326,12,638.536376953125,10.451425552368164,316.29901123046875,582.52099609375,-1,-1,-1,-1
329,13,484.65118408203125,997.3717041015625,813.8803100585938,410.3699951171875,-1,-1,-1,-1
330,13,459.1959228515625,957.8321533203125,832.2591552734375,451.8544921875,-1,-1,-1,-1
331,13,728.9868774414062,1048.49267578125,543.5204467773438,359.706787109375,-1,-1,-1,-1
332,13,748.5234985351562,1056.78173828125,557.5641479492188,350.1678466796875,-1,-1,-1,-1
333,13,791.4964599609375,1022.1318359375,551.7349853515625,385.2403564453125,-1,-1,-1,-1
334,13,847.6642456054688,1001.203369140625,525.8510131835938,407.19775390625,-1,-1,-1,-1
335,13,885.2803955078125,1013.35400390625,503.2353515625,395.6553955078125,-1,-1,-1,-1
336,13,913.1298828125,1040.1558837890625,471.3924560546875,368.5384521484375,-1,-1,-1,-1
337,13,984.89794921875,1056.60986328125,405.317626953125,350.87548828125,-1,-1,-1,-1
338,13,968.9722900390625,1028.6304931640625,451.3330078125,379.77587890625,-1,-1,-1,-1
342,13,835.6672973632812,1209.1217041015625,397.69085693359375,197.3104248046875,-1,-1,-1,-1
343,13,957.113525390625,1248.2059326171875,258.1253662109375,156.50341796875,-1,-1,-1,-1
342,14,885.69140625,4.690025329589844,494.7728271484375,698.3919067382812,-1,-1,-1,-1
343,14,923.7955322265625,13.040124893188477,492.270751953125,684.2420043945312,-1,-1,-1,-1
344,14,1003.5177612304688,18.985191345214844,287.00201416015625,676.0,-1,-1,-1,-1
350,15,1095.030517578125,43.48316955566406,312.792236328125,840.0372924804688,-1,-1,-1,-1
351,15,1102.6695556640625,50.91600799560547,308.01513671875,854.7843017578125,-1,-1,-1,-1
352,15,1095.2470703125,51.05884552001953,314.01806640625,875.7651977539062,-1,-1,-1,-1
353,15,1071.6256103515625,62.23609161376953,337.6395263671875,887.5728149414062,-1,-1,-1,-1
354,15,1051.4515380859375,99.12535095214844,356.5816650390625,870.5433959960938,-1,-1,-1,-1
355,15,1065.4207763671875,106.9127197265625,344.1693115234375,885.72607421875,-1,-1,-1,-1
356,15,1050.4444580078125,134.03477478027344,358.6575927734375,872.37646484375,-1,-1,-1,-1
357,15,1043.3739013671875,168.2691192626953,366.7108154296875,854.3908081054688,-1,-1,-1,-1
358,15,1028.8660888671875,201.39248657226562,382.7158203125,845.2457275390625,-1,-1,-1,-1
359,15,1003.8046875,218.166748046875,408.0308837890625,858.2578125,-1,-1,-1,-1
360,15,969.5048828125,230.2506103515625,440.4033203125,881.4261474609375,-1,-1,-1,-1
361,15,977.5210571289062,280.35223388671875,429.82647705078125,886.0015258789062,-1,-1,-1,-1
362,15,917.1390380859375,311.3583679199219,492.1046142578125,916.7879638671875,-1,-1,-1,-1
363,15,944.62841796875,317.3361511230469,462.7374267578125,885.5653076171875,-1,-1,-1,-1
364,15,929.5958251953125,316.72601318359375,479.1722412109375,933.6911010742188,-1,-1,-1,-1
365,15,910.528564453125,299.5403747558594,495.793212890625,953.552978515625,-1,-1,-1,-1
366,15,903.511962890625,282.56201171875,503.9501953125,959.8701171875,-1,-1,-1,-1
367,15,909.2562255859375,264.60888671875,495.533447265625,955.7322998046875,-1,-1,-1,-1
368,15,878.4013061523438,235.58432006835938,530.2516479492188,942.5634765625,-1,-1,-1,-1
369,15,851.0926513671875,194.0651397705078,548.0916748046875,964.0427856445312,-1,-1,-1,-1
370,15,854.0715942382812,132.93777465820312,548.6981811523438,982.6751708984375,-1,-1,-1,-1
371,15,839.5881958007812,100.17820739746094,568.0982055664062,971.177978515625,-1,-1,-1,-1
