4,1,1094.8907470703125,234.4544677734375,313.6666259765625,677.5741577148438,-1,-1,-1,-1
5,1,1101.726318359375,250.83419799804688,305.8985595703125,646.57177734375,-1,-1,-1,-1
6,1,1090.2724609375,224.68690490722656,317.391845703125,697.0479736328125,-1,-1,-1,-1
7,1,1119.0972900390625,235.9720458984375,285.1080322265625,640.295166015625,-1,-1,-1,-1
8,1,1114.7337646484375,183.58950805664062,291.6578369140625,698.876220703125,-1,-1,-1,-1
9,1,1104.696533203125,158.65570068359375,299.619140625,755.0263061523438,-1,-1,-1,-1
10,1,1110.0040283203125,154.72540283203125,287.533447265625,742.508544921875,-1,-1,-1,-1
11,1,1089.1190185546875,106.96098327636719,283.0882568359375,715.4238891601562,-1,-1,-1,-1
12,1,1086.4149169921875,99.47212219238281,286.5574951171875,710.2879638671875,-1,-1,-1,-1
13,1,1065.29736328125,98.23396301269531,265.2857666015625,698.001953125,-1,-1,-1,-1
14,1,1048.1131591796875,92.51626586914062,257.0234375,685.75048828125,-1,-1,-1,-1
15,1,1018.2550048828125,80.29557800292969,253.0946044921875,669.6006469726562,-1,-1,-1,-1
16,1,966.383544921875,89.89787292480469,259.5008544921875,639.7550048828125,-1,-1,-1,-1
17,1,905.7490234375,92.382568359375,264.4517822265625,628.7978515625,-1,-1,-1,-1
18,1,857.4126586914062,111.22999572753906,264.40948486328125,600.8516235351562,-1,-1,-1,-1
19,1,811.1435546875,138.2077178955078,210.13848876953125,568.1592407226562,-1,-1,-1,-1
20,1,767.4360961914062,155.0072021484375,202.03936767578125,545.2535400390625,-1,-1,-1,-1
21,1,736.8428955078125,173.39688110351562,211.7371826171875,527.0162353515625,-1,-1,-1,-1
22,1,708.554931640625,189.85958862304688,186.68121337890625,517.265869140625,-1,-1,-1,-1
23,1,679.2684936523438,205.26565551757812,209.8050537109375,511.5519104003906,-1,-1,-1,-1
24,1,661.8133544921875,215.8073272705078,196.1746826171875,511.59429931640625,-1,-1,-1,-1
25,1,649.6817016601562,231.59164428710938,202.57989501953125,507.7001037597656,-1,-1,-1,-1
26,1,639.779052734375,238.15359497070312,211.3271484375,506.3157043457031,-1,-1,-1,-1
27,1,635.967529296875,242.27850341796875,213.730712890625,508.05853271484375,-1,-1,-1,-1
28,1,631.7095336914062,240.38275146484375,217.024169921875,509.49176025390625,-1,-1,-1,-1
29,1,619.2289428710938,247.66537475585938,223.596923828125,507.6363830566406,-1,-1,-1,-1
30,1,598.0835571289062,273.30389404296875,230.78155517578125,502.255859375,-1,-1,-1,-1
31,1,574.8603515625,304.6044006347656,245.50189208984375,491.6725769042969,-1,-1,-1,-1
32,1,573.043212890625,320.09771728515625,241.794921875,490.25543212890625,-1,-1,-1,-1
33,1,568.5466918945312,340.182861328125,239.64044189453125,489.76336669921875,-1,-1,-1,-1
34,1,564.3015747070312,379.4512023925781,231.8741455078125,473.6516418457031,-1,-1,-1,-1
35,1,554.5574340820312,413.2197265625,215.20684814453125,451.17181396484375,-1,-1,-1,-1
36,1,529.1525268554688,418.7286682128906,210.41046142578125,441.7519836425781,-1,-1,-1,-1
37,1,512.20166015625,413.5978088378906,198.5177001953125,429.9173278808594,-1,-1,-1,-1
38,1,473.494140625,293.0034484863281,204.755615234375,522.0928955078125,-1,-1,-1,-1
39,1,436.7999267578125,234.77915954589844,218.96417236328125,545.4786987304688,-1,-1,-1,-1
40,1,397.68115234375,183.314208984375,230.7149658203125,559.752197265625,-1,-1,-1,-1
41,1,336.99835205078125,147.27926635742188,260.06109619140625,571.1171875,-1,-1,-1,-1
42,1,228.13717651367188,112.7120590209961,341.4880676269531,572.7989501953125,-1,-1,-1,-1
43,1,250.19290161132812,82.70608520507812,306.7907409667969,560.3260498046875,-1,-1,-1,-1
44,1,165.02481079101562,63.07664489746094,380.2981872558594,538.5404052734375,-1,-1,-1,-1
45,1,238.60430908203125,49.183746337890625,312.98846435546875,515.9595947265625,-1,-1,-1,-1
46,1,272.3993835449219,39.749481201171875,277.5483703613281,505.6178283691406,-1,-1,-1,-1
47,1,261.37872314453125,32.51495552062988,286.2906494140625,498.10211181640625,-1,-1,-1,-1
48,1,254.11795043945312,38.68019485473633,299.5196838378906,478.1647033691406,-1,-1,-1,-1
49,1,249.2634735107422,59.959083557128906,304.75384521484375,447.49432373046875,-1,-1,-1,-1
50,1,240.36659240722656,10.103878021240234,309.1419677734375,491.47589111328125,-1,-1,-1,-1
51,1,225.62245178222656,45.99100875854492,313.1011962890625,436.3453369140625,-1,-1,-1,-1
52,1,166.97418212890625,2.558015823364258,356.93072509765625,469.3095397949219,-1,-1,-1,-1
53,1,173.31390380859375,4.03087043762207,348.99151611328125,452.3223571777344,-1,-1,-1,-1
54,1,199.98736572265625,2.367006301879883,306.4670715332031,407.57745361328125,-1,-1,-1,-1
55,1,187.28573608398438,-10.807363510131836,315.3362121582031,394.3523254394531,-1,-1,-1,-1
56,1,206.03306579589844,-14.460336685180664,295.64788818359375,385.84100341796875,-1,-1,-1,-1
57,1,209.8607940673828,-16.32377052307129,289.10906982421875,371.4438171386719,-1,-1,-1,-1
58,1,223.74301147460938,-7.035439491271973,266.5272521972656,350.50238037109375,-1,-1,-1,-1
59,1,212.6072235107422,-1.435434341430664,268.44500732421875,336.4736328125,-1,-1,-1,-1
60,1,209.31031799316406,-1.5993680953979492,269.57196044921875,317.3842468261719,-1,-1,-1,-1
61,1,268.5726623535156,1.0642852783203125,200.74090576171875,289.6685791015625,-1,-1,-1,-1
62,1,276.0780944824219,1.7990026473999023,177.4981689453125,258.0759582519531,-1,-1,-1,-1
63,1,282.04425048828125,6.348287582397461,171.00833129882812,227.85281372070312,-1,-1,-1,-1
64,1,296.3175354003906,8.10146713256836,188.4788818359375,203.90542602539062,-1,-1,-1,-1
65,1,341.47894287109375,7.780759334564209,141.65951538085938,161.53738403320312,-1,-1,-1,-1
66,1,344.1538391113281,7.005134582519531,188.83334350585938,221.46176147460938,-1,-1,-1,-1
67,1,284.5413513183594,-5.370096206665039,277.8201599121094,336.6446228027344,-1,-1,-1,-1
68,1,279.5008239746094,-6.989911079406738,271.8256530761719,340.88824462890625,-1,-1,-1,-1
8,2,770.6812744140625,270.0774841308594,39.96441650390625,90.00640869140625,-1,-1,-1,-1
9,2,744.421142578125,289.48931884765625,39.80126953125,98.39642333984375,-1,-1,-1,-1
10,2,714.058349609375,292.61309814453125,49.342529296875,119.9913330078125,-1,-1,-1,-1
11,2,688.78271484375,248.72789001464844,45.6512451171875,121.31355285644531,-1,-1,-1,-1
12,2,660.2330322265625,247.97384643554688,56.96502685546875,134.93304443359375,-1,-1,-1,-1
13,2,638.4473266601562,250.89593505859375,50.922119140625,132.0264892578125,-1,-1,-1,-1
14,2,605.3904418945312,254.54470825195312,55.84185791015625,130.34378051757812,-1,-1,-1,-1
15,2,568.4647827148438,262.3575134277344,57.40301513671875,138.07778930664062,-1,-1,-1,-1
16,2,526.1887817382812,275.0043640136719,53.22332763671875,126.92236328125,-1,-1,-1,-1
17,2,481.0665283203125,308.42974853515625,56.05352783203125,123.979736328125,-1,-1,-1,-1
18,2,440.0119323730469,341.26470947265625,51.36651611328125,112.12716674804688,-1,-1,-1,-1
19,2,402.0596008300781,369.5068054199219,51.24920654296875,111.13931274414062,-1,-1,-1,-1
20,2,364.64373779296875,395.12457275390625,56.819183349609375,110.73077392578125,-1,-1,-1,-1
21,2,335.515869140625,421.656005859375,53.78131103515625,97.47332763671875,-1,-1,-1,-1
22,2,307.9344177246094,447.0978698730469,56.086029052734375,96.93740844726562,-1,-1,-1,-1
23,2,284.82611083984375,473.9964599609375,55.856658935546875,99.76470947265625,-1,-1,-1,-1
18,3,1200.8797607421875,249.0982666015625,201.9107666015625,399.0732421875,-1,-1,-1,-1
19,3,1153.48779296875,268.16754150390625,228.01123046875,387.41229248046875,-1,-1,-1,-1
20,3,1119.604248046875,274.182373046875,234.3260498046875,395.13909912109375,-1,-1,-1,-1
21,3,1095.3758544921875,280.5124816894531,250.1351318359375,380.8147888183594,-1,-1,-1,-1
22,3,1068.93505859375,277.5085144042969,231.4697265625,378.3543395996094,-1,-1,-1,-1
23,3,1046.4835205078125,276.0703430175781,247.7742919921875,386.5357360839844,-1,-1,-1,-1
24,3,1031.1834716796875,274.6402587890625,238.2841796875,385.53582763671875,-1,-1,-1,-1
25,3,1021.4607543945312,272.8899230957031,238.03082275390625,394.9454040527344,-1,-1,-1,-1
26,3,1014.001708984375,265.4747619628906,244.9886474609375,399.2436828613281,-1,-1,-1,-1
27,3,1009.9474487304688,264.25592041015625,234.79400634765625,398.88525390625,-1,-1,-1,-1
28,3,1006.3803100585938,253.77655029296875,244.60882568359375,408.329833984375,-1,-1,-1,-1
29,3,996.5767822265625,255.88604736328125,235.938720703125,402.0118408203125,-1,-1,-1,-1
30,3,969.6337890625,273.5502624511719,251.244140625,405.2898254394531,-1,-1,-1,-1
31,3,950.7528076171875,294.892333984375,245.8505859375,401.35040283203125,-1,-1,-1,-1
32,3,941.4793701171875,308.2682189941406,241.864501953125,395.8901672363281,-1,-1,-1,-1
33,3,927.6830444335938,321.449951171875,238.16754150390625,405.1195068359375,-1,-1,-1,-1
34,3,911.7322387695312,343.7376403808594,233.01776123046875,399.6271057128906,-1,-1,-1,-1
35,3,890.6343994140625,345.69158935546875,225.444580078125,410.38543701171875,-1,-1,-1,-1
36,3,865.6185302734375,322.7173767089844,222.0521240234375,424.0767517089844,-1,-1,-1,-1
37,3,837.5219116210938,291.89019775390625,221.61553955078125,436.25433349609375,-1,-1,-1,-1
38,3,802.9832763671875,232.00326538085938,220.6129150390625,456.0071716308594,-1,-1,-1,-1
39,3,766.7191772460938,160.48304748535156,222.28045654296875,480.17449951171875,-1,-1,-1,-1
40,3,735.4118041992188,92.86341094970703,224.74346923828125,506.33892822265625,-1,-1,-1,-1
41,3,704.5867919921875,48.316001892089844,219.72869873046875,524.6449584960938,-1,-1,-1,-1
42,3,680.4264526367188,14.89791488647461,219.20416259765625,533.7643432617188,-1,-1,-1,-1
43,3,660.5244750976562,-1.969879150390625,220.16009521484375,524.4224853515625,-1,-1,-1,-1
44,3,640.779296875,-17.961828231811523,222.1165771484375,512.3063049316406,-1,-1,-1,-1
45,3,618.37890625,-40.84759521484375,228.96673583984375,512.4537353515625,-1,-1,-1,-1
46,3,591.9583129882812,-58.227386474609375,230.92919921875,510.30352783203125,-1,-1,-1,-1
47,3,572.4190063476562,-55.25163269042969,233.77899169921875,486.1524658203125,-1,-1,-1,-1
48,3,558.7871704101562,-59.36064529418945,235.03643798828125,474.999755859375,-1,-1,-1,-1
49,3,541.28125,-57.27920913696289,247.6761474609375,466.6328430175781,-1,-1,-1,-1
50,3,526.0308227539062,-75.96138763427734,252.0458984375,487.333740234375,-1,-1,-1,-1
51,3,528.87158203125,-73.9084701538086,233.746826171875,483.7103271484375,-1,-1,-1,-1
52,3,513.4984130859375,-76.53787231445312,246.49310302734375,501.8917541503906,-1,-1,-1,-1
53,3,503.3551330566406,-25.655689239501953,244.92416381835938,442.6741027832031,-1,-1,-1,-1
54,3,477.2377624511719,-61.56642150878906,255.21731567382812,498.5084228515625,-1,-1,-1,-1
55,3,473.51287841796875,-56.708900451660156,251.24530029296875,523.9678955078125,-1,-1,-1,-1
56,3,463.718505859375,-6.417543411254883,253.089111328125,455.655517578125,-1,-1,-1,-1
57,3,484.80572509765625,1.6158504486083984,229.245361328125,366.261962890625,-1,-1,-1,-1
58,3,444.4476013183594,-3.5391407012939453,261.6960144042969,362.0544738769531,-1,-1,-1,-1
59,3,415.951904296875,-2.1590423583984375,283.2301025390625,359.43511962890625,-1,-1,-1,-1
60,3,389.8670959472656,-7.655580520629883,307.9079284667969,411.7535400390625,-1,-1,-1,-1
61,3,380.9734191894531,-7.922330856323242,296.9377136230469,395.6473388671875,-1,-1,-1,-1
62,3,389.34283447265625,-5.147636413574219,252.147216796875,370.59124755859375,-1,-1,-1,-1
63,3,379.945556640625,-0.4240531921386719,254.7823486328125,352.35546875,-1,-1,-1,-1
64,3,381.1099548339844,-3.820871353149414,264.9728698730469,340.8160705566406,-1,-1,-1,-1
65,3,373.439208984375,-4.427280426025391,261.16534423828125,337.723388671875,-1,-1,-1,-1
66,3,351.66021728515625,-4.137713432312012,263.99346923828125,333.7802429199219,-1,-1,-1,-1
67,3,313.22857666015625,-6.879751205444336,274.34381103515625,341.0910339355469,-1,-1,-1,-1
68,3,303.26971435546875,-5.643759727478027,260.59283447265625,343.0538330078125,-1,-1,-1,-1
69,3,332.81231689453125,-1.7690505981445312,266.54864501953125,346.1099853515625,-1,-1,-1,-1
70,3,347.3070983886719,-1.933466911315918,271.4123229980469,348.6440124511719,-1,-1,-1,-1
71,3,326.0064392089844,-7.2479753494262695,286.2327575683594,355.80828857421875,-1,-1,-1,-1
72,3,299.5535888671875,-10.266613960266113,301.4244384765625,358.34185791015625,-1,-1,-1,-1
73,3,309.8453674316406,-9.768203735351562,301.4668884277344,357.8626708984375,-1,-1,-1,-1
74,3,261.46148681640625,-12.4344482421875,352.6195068359375,352.8548889160156,-1,-1,-1,-1
75,3,229.53712463378906,-47.653621673583984,373.0364990234375,393.0810241699219,-1,-1,-1,-1
76,3,225.11886596679688,-36.30389404296875,352.0450744628906,378.5108947753906,-1,-1,-1,-1
77,3,213.61143493652344,-10.540204048156738,251.9842071533203,283.9473571777344,-1,-1,-1,-1
78,3,192.4000244140625,-38.85606384277344,255.04168701171875,314.57305908203125,-1,-1,-1,-1
79,3,171.00201416015625,-39.33698654174805,234.82376098632812,324.4476318359375,-1,-1,-1,-1
80,3,163.33558654785156,-12.405232429504395,204.1504669189453,314.5248107910156,-1,-1,-1,-1
81,3,92.17117309570312,-34.201656341552734,271.69329833984375,354.8173828125,-1,-1,-1,-1
82,3,50.08193588256836,-53.308902740478516,308.6706848144531,392.9431457519531,-1,-1,-1,-1
83,3,61.00730895996094,-61.22966003417969,296.012939453125,399.7606201171875,-1,-1,-1,-1
84,3,28.158662796020508,-76.13262939453125,329.06903076171875,412.8052978515625,-1,-1,-1,-1
85,3,19.838157653808594,-87.93936157226562,328.3688049316406,418.4866027832031,-1,-1,-1,-1
86,3,12.613815307617188,-87.50115966796875,325.387939453125,419.8166198730469,-1,-1,-1,-1
87,3,23.073076248168945,-54.479400634765625,307.3536071777344,380.16241455078125,-1,-1,-1,-1
88,3,29.765090942382812,-51.77460479736328,299.26568603515625,380.5636901855469,-1,-1,-1,-1
89,3,17.985885620117188,-71.26358032226562,322.03277587890625,412.95684814453125,-1,-1,-1,-1
90,3,16.630197525024414,-59.33514404296875,348.2396545410156,433.99249267578125,-1,-1,-1,-1
91,3,9.335643768310547,-58.82556915283203,385.51776123046875,473.7843017578125,-1,-1,-1,-1
92,3,8.379295349121094,-62.70161437988281,410.5245361328125,528.5894775390625,-1,-1,-1,-1
93,3,9.569664001464844,-74.38265228271484,445.013427734375,593.538818359375,-1,-1,-1,-1
94,3,6.829671859741211,-74.043701171875,506.03216552734375,654.4331665039062,-1,-1,-1,-1
95,3,13.879693984985352,52.08161926269531,504.7841796875,595.0369262695312,-1,-1,-1,-1
96,3,192.9355926513672,3.9744110107421875,440.268798828125,694.5746459960938,-1,-1,-1,-1
97,3,231.34193420410156,50.701942443847656,430.667724609375,685.1201782226562,-1,-1,-1,-1
98,3,268.09857177734375,205.0172882080078,431.70233154296875,554.0068359375,-1,-1,-1,-1
99,3,292.32342529296875,279.43402099609375,379.11431884765625,533.60986328125,-1,-1,-1,-1
100,3,307.24383544921875,328.6498718261719,361.52728271484375,558.5086669921875,-1,-1,-1,-1
101,3,313.92425537109375,398.4810791015625,352.53369140625,542.2891845703125,-1,-1,-1,-1
102,3,321.6858215332031,438.7207336425781,347.5737609863281,530.2935791015625,-1,-1,-1,-1
103,3,321.47137451171875,460.9139099121094,336.2271728515625,529.905517578125,-1,-1,-1,-1
104,3,314.8211975097656,486.3787841796875,341.5104675292969,519.1826171875,-1,-1,-1,-1
105,3,298.3580322265625,502.7339172363281,339.325927734375,516.1280517578125,-1,-1,-1,-1
106,3,285.7831115722656,516.1966552734375,337.4646911621094,506.9794921875,-1,-1,-1,-1
107,3,274.3066711425781,526.5243530273438,338.4446105957031,502.23516845703125,-1,-1,-1,-1
108,3,263.3565979003906,541.9111938476562,337.5650329589844,505.79949951171875,-1,-1,-1,-1
109,3,253.58609008789062,559.209228515625,335.8307189941406,502.9317626953125,-1,-1,-1,-1
110,3,246.94569396972656,567.4451293945312,337.17803955078125,497.78472900390625,-1,-1,-1,-1
111,3,242.7458953857422,577.2470703125,338.2283935546875,503.600341796875,-1,-1,-1,-1
112,3,234.61196899414062,588.857421875,338.0365905761719,494.251220703125,-1,-1,-1,-1
113,3,227.1634521484375,586.9739990234375,333.36566162109375,474.0013427734375,-1,-1,-1,-1
114,3,212.4399871826172,580.2819213867188,337.7662353515625,503.74969482421875,-1,-1,-1,-1
115,3,201.20089721679688,579.7036743164062,334.1228332519531,499.36175537109375,-1,-1,-1,-1
116,3,183.67962646484375,565.111083984375,334.3455810546875,490.63720703125,-1,-1,-1,-1
117,3,156.6159210205078,565.86083984375,341.58953857421875,467.85791015625,-1,-1,-1,-1
118,3,127.56988525390625,564.707275390625,331.5154724121094,508.91259765625,-1,-1,-1,-1
119,3,98.86026000976562,541.0545654296875,334.3262023925781,522.54345703125,-1,-1,-1,-1
120,3,64.01134490966797,521.1129150390625,345.0491638183594,532.44384765625,-1,-1,-1,-1
121,3,26.303348541259766,504.82965087890625,380.0667419433594,532.7399291992188,-1,-1,-1,-1
122,3,18.07023811340332,485.9073791503906,353.1332702636719,544.6199951171875,-1,-1,-1,-1
123,3,8.496955871582031,470.465576171875,340.3582458496094,551.6505737304688,-1,-1,-1,-1
124,3,3.2921981811523438,460.20880126953125,334.95794677734375,556.6152954101562,-1,-1,-1,-1
125,3,2.43721866607666,448.7062683105469,328.4310302734375,563.2435302734375,-1,-1,-1,-1
126,3,1.6597318649291992,437.09295654296875,319.5041198730469,572.1768798828125,-1,-1,-1,-1
127,3,1.8100700378417969,426.75274658203125,323.4189147949219,575.9813232421875,-1,-1,-1,-1
128,3,2.8184614181518555,420.6297607421875,299.823486328125,582.4577026367188,-1,-1,-1,-1
129,3,1.5032463073730469,413.2219543457031,311.5381164550781,594.4267578125,-1,-1,-1,-1
130,3,1.84326171875,410.5548095703125,290.6529235839844,599.6449584960938,-1,-1,-1,-1
131,3,1.4062309265136719,403.5589599609375,255.4700469970703,519.9295654296875,-1,-1,-1,-1
132,3,1.0633306503295898,390.7117919921875,251.2632598876953,485.8582763671875,-1,-1,-1,-1
133,3,2.37075138092041,386.37799072265625,226.99977111816406,472.07305908203125,-1,-1,-1,-1
134,3,1.3051033020019531,371.0638732910156,225.37828063964844,462.3287048339844,-1,-1,-1,-1
135,3,1.747945785522461,355.8573303222656,237.9318084716797,499.2261047363281,-1,-1,-1,-1
136,3,2.1651077270507812,349.92132568359375,247.1900634765625,574.2513427734375,-1,-1,-1,-1
137,3,0.5788936614990234,346.7135009765625,251.20343017578125,626.27734375,-1,-1,-1,-1
138,3,0.9245424270629883,352.2256774902344,237.19650268554688,484.6900329589844,-1,-1,-1,-1
139,3,1.5279932022094727,355.5399475097656,245.22439575195312,527.472900390625,-1,-1,-1,-1
140,3,0.5552377700805664,361.0553894042969,240.55674743652344,481.4033508300781,-1,-1,-1,-1
141,3,2.1354827880859375,357.66497802734375,242.13182067871094,480.33416748046875,-1,-1,-1,-1
142,3,2.638089179992676,346.5359191894531,247.68251037597656,457.9862365722656,-1,-1,-1,-1
143,3,11.610648155212402,346.4454345703125,266.39495849609375,474.46380615234375,-1,-1,-1,-1
144,3,0.33708953857421875,344.6297607421875,286.45233154296875,446.861572265625,-1,-1,-1,-1
145,3,4.764056205749512,351.8653259277344,306.1149597167969,459.6242980957031,-1,-1,-1,-1
146,3,3.9661760330200195,352.9772033691406,333.2489318847656,467.9316101074219,-1,-1,-1,-1
147,3,4.026317596435547,362.17901611328125,352.20623779296875,467.38348388671875,-1,-1,-1,-1
148,3,3.6191635131835938,373.0042724609375,359.84796142578125,489.77294921875,-1,-1,-1,-1
149,3,2.372671127319336,375.93011474609375,358.86236572265625,549.0592041015625,-1,-1,-1,-1
150,3,0.8876266479492188,368.493408203125,359.0029296875,507.42657470703125,-1,-1,-1,-1
151,3,0.7166957855224609,362.093017578125,362.4212951660156,514.0094604492188,-1,-1,-1,-1
152,3,1.7112922668457031,356.58502197265625,362.39227294921875,510.208740234375,-1,-1,-1,-1
153,3,2.2026634216308594,354.09820556640625,349.2865295410156,505.7598876953125,-1,-1,-1,-1
154,3,2.551753044128418,352.70703125,348.6130676269531,468.93841552734375,-1,-1,-1,-1
155,3,2.7950572967529297,348.0440673828125,339.1562805175781,472.70916748046875,-1,-1,-1,-1
156,3,2.121866226196289,338.82562255859375,340.6058654785156,498.3671875,-1,-1,-1,-1
157,3,1.281646728515625,335.1308898925781,328.72576904296875,477.7907409667969,-1,-1,-1,-1
158,3,0.3809499740600586,328.9233093261719,323.3086242675781,491.4187927246094,-1,-1,-1,-1
159,3,5.265508651733398,316.5125732421875,309.54791259765625,458.3746337890625,-1,-1,-1,-1
160,3,7.098278999328613,292.8944396972656,302.7701110839844,459.4665222167969,-1,-1,-1,-1
161,3,5.8881988525390625,284.3164978027344,293.2608642578125,451.0183410644531,-1,-1,-1,-1
162,3,5.8977556228637695,264.8194274902344,280.20745849609375,443.5708923339844,-1,-1,-1,-1
163,3,4.27143669128418,267.775634765625,273.18902587890625,413.06536865234375,-1,-1,-1,-1
164,3,1.3478937149047852,188.93679809570312,273.07904052734375,477.6108703613281,-1,-1,-1,-1
165,3,1.998530387878418,153.956787109375,283.77392578125,484.44281005859375,-1,-1,-1,-1
166,3,3.637605667114258,192.49923706054688,305.298095703125,458.6780700683594,-1,-1,-1,-1
167,3,1.6740617752075195,194.55218505859375,334.93878173828125,418.1124267578125,-1,-1,-1,-1
168,3,5.698416709899902,188.47769165039062,350.71337890625,454.0055847167969,-1,-1,-1,-1
169,3,12.448318481445312,162.08743286132812,369.20782470703125,463.0727233886719,-1,-1,-1,-1
170,3,53.01530838012695,138.25711059570312,358.3583984375,475.4253845214844,-1,-1,-1,-1
171,3,90.34976959228516,110.98078155517578,345.87554931640625,446.18536376953125,-1,-1,-1,-1
172,3,124.44957733154297,91.2559814453125,344.08245849609375,454.62835693359375,-1,-1,-1,-1
173,3,144.30039978027344,90.75223541259766,353.69366455078125,458.6979675292969,-1,-1,-1,-1
74,4,612.5181884765625,975.6158447265625,619.8516845703125,433.3646240234375,-1,-1,-1,-1
75,4,647.058837890625,1015.7933349609375,561.660888671875,394.1207275390625,-1,-1,-1,-1
76,4,667.4559936523438,974.7901000976562,534.1177368164062,435.52825927734375,-1,-1,-1,-1
77,4,611.2610473632812,951.56982421875,628.8557739257812,460.445068359375,-1,-1,-1,-1
78,4,606.5480346679688,935.0955810546875,697.3071899414062,473.662109375,-1,-1,-1,-1
79,4,692.4050903320312,811.8997802734375,634.0807495117188,600.7666015625,-1,-1,-1,-1
80,4,727.8821411132812,744.123046875,688.5087280273438,664.1724853515625,-1,-1,-1,-1
81,4,594.576171875,736.0791625976562,811.482421875,676.2699584960938,-1,-1,-1,-1
82,4,514.9102172851562,777.250244140625,859.8496704101562,635.2388916015625,-1,-1,-1,-1
83,4,339.6250915527344,819.8185424804688,997.3525390625,590.4320678710938,-1,-1,-1,-1
84,4,225.66098022460938,871.9830322265625,995.8599853515625,540.8758544921875,-1,-1,-1,-1
85,4,290.1775817871094,855.7745971679688,873.83203125,556.5303344726562,-1,-1,-1,-1
86,4,164.34994506835938,831.66650390625,944.264404296875,580.5804443359375,-1,-1,-1,-1
87,4,199.56588745117188,814.1099853515625,890.2652587890625,596.1431884765625,-1,-1,-1,-1
88,4,146.24842834472656,814.96728515625,1021.2001953125,594.274169921875,-1,-1,-1,-1
89,4,134.3416748046875,829.553955078125,1016.97265625,579.9678955078125,-1,-1,-1,-1
90,4,245.19297790527344,871.7593994140625,643.0360717773438,541.4434814453125,-1,-1,-1,-1
91,4,184.55535888671875,857.8953857421875,866.7190551757812,551.3587646484375,-1,-1,-1,-1
92,4,307.2139587402344,884.7235107421875,637.140869140625,528.5775146484375,-1,-1,-1,-1
93,4,291.8580627441406,867.0523681640625,855.16796875,546.23193359375,-1,-1,-1,-1
94,4,498.9620361328125,920.4683837890625,605.578857421875,492.7584228515625,-1,-1,-1,-1
95,5,614.3948974609375,6.261070251464844,187.556640625,288.9864807128906,-1,-1,-1,-1
96,5,635.3907470703125,23.076642990112305,194.940185546875,364.145263671875,-1,-1,-1,-1
97,5,654.2418823242188,107.27083587646484,176.83807373046875,341.49676513671875,-1,-1,-1,-1
98,5,661.2947387695312,195.64845275878906,178.82513427734375,329.4549560546875,-1,-1,-1,-1
99,5,667.0289306640625,280.4922790527344,163.03277587890625,301.7185974121094,-1,-1,-1,-1
100,5,666.5983276367188,335.46044921875,163.46636962890625,291.7373046875,-1,-1,-1,-1
101,5,661.5009765625,392.48828125,157.115478515625,270.63287353515625,-1,-1,-1,-1
102,5,652.7693481445312,432.7210388183594,150.86163330078125,271.7900695800781,-1,-1,-1,-1
103,5,647.7825927734375,453.9132080078125,148.21160888671875,265.85870361328125,-1,-1,-1,-1
104,5,632.4093017578125,478.26708984375,144.58465576171875,254.35198974609375,-1,-1,-1,-1
105,5,618.7344970703125,483.8056335449219,143.71588134765625,248.85061645507812,-1,-1,-1,-1
106,5,605.8070068359375,494.03753662109375,146.37371826171875,247.96160888671875,-1,-1,-1,-1
107,5,597.2317504882812,501.8293151855469,143.818603515625,240.25161743164062,-1,-1,-1,-1
108,5,586.4291381835938,514.83154296875,148.81817626953125,243.64178466796875,-1,-1,-1,-1
109,5,577.9525146484375,532.3133544921875,147.06256103515625,243.18572998046875,-1,-1,-1,-1
110,5,575.2530517578125,539.9105834960938,147.55023193359375,245.5760498046875,-1,-1,-1,-1
111,5,576.39501953125,553.8652954101562,145.89373779296875,270.823974609375,-1,-1,-1,-1
112,5,576.4553833007812,561.649169921875,144.23260498046875,269.733154296875,-1,-1,-1,-1
113,5,572.0186157226562,563.233642578125,140.80328369140625,280.65325927734375,-1,-1,-1,-1
114,5,566.040771484375,564.9008178710938,141.67864990234375,273.64666748046875,-1,-1,-1,-1
115,5,560.8262939453125,562.407958984375,139.22222900390625,274.03240966796875,-1,-1,-1,-1
116,5,549.5462646484375,550.7423706054688,138.69805908203125,292.86639404296875,-1,-1,-1,-1
117,5,530.9968872070312,536.697265625,138.64337158203125,300.60809326171875,-1,-1,-1,-1
118,5,506.6038513183594,522.9708251953125,143.24618530273438,314.58673095703125,-1,-1,-1,-1
119,5,485.4199523925781,501.92877197265625,144.63632202148438,330.91046142578125,-1,-1,-1,-1
120,5,464.01336669921875,478.67852783203125,147.52996826171875,333.1170654296875,-1,-1,-1,-1
121,5,442.7779541015625,455.31085205078125,154.89544677734375,310.7406005859375,-1,-1,-1,-1
122,5,422.8212890625,429.508544921875,157.5235595703125,298.66339111328125,-1,-1,-1,-1
123,5,405.1778564453125,408.1292724609375,160.00921630859375,293.2535400390625,-1,-1,-1,-1
124,5,391.5351257324219,387.956298828125,166.23092651367188,319.79803466796875,-1,-1,-1,-1
125,5,383.4100036621094,367.88580322265625,176.11325073242188,329.7813720703125,-1,-1,-1,-1
126,5,378.7378234863281,351.37347412109375,192.94894409179688,337.72998046875,-1,-1,-1,-1
127,5,372.6748962402344,332.3116455078125,210.63211059570312,352.4527587890625,-1,-1,-1,-1
128,5,365.3863830566406,316.8138732910156,210.26260375976562,362.4883728027344,-1,-1,-1,-1
129,5,360.1676025390625,309.4117736816406,213.43341064453125,376.7650451660156,-1,-1,-1,-1
130,5,353.3211669921875,302.51470947265625,210.62841796875,392.0595703125,-1,-1,-1,-1
131,5,350.4710998535156,293.8836975097656,207.26242065429688,393.1844787597656,-1,-1,-1,-1
132,5,351.902099609375,280.0804748535156,207.12506103515625,400.6275329589844,-1,-1,-1,-1
133,5,363.15740966796875,271.9527893066406,196.97686767578125,414.8052673339844,-1,-1,-1,-1
134,5,370.7735290527344,252.4435577392578,193.39157104492188,419.41326904296875,-1,-1,-1,-1
135,5,383.72235107421875,230.8310089111328,189.79412841796875,431.859375,-1,-1,-1,-1
136,5,391.99261474609375,221.964599609375,186.56573486328125,437.11798095703125,-1,-1,-1,-1
137,5,401.435546875,218.58384704589844,188.240478515625,443.82794189453125,-1,-1,-1,-1
138,5,407.2613830566406,222.7885284423828,191.88455200195312,444.9976806640625,-1,-1,-1,-1
139,5,418.9884948730469,234.019775390625,187.34567260742188,438.243408203125,-1,-1,-1,-1
140,5,432.2353515625,249.10617065429688,185.4959716796875,447.7961120605469,-1,-1,-1,-1
141,5,446.95751953125,259.575439453125,185.062255859375,438.52081298828125,-1,-1,-1,-1
142,5,463.3102722167969,264.004638671875,186.09896850585938,431.378173828125,-1,-1,-1,-1
143,5,482.7334899902344,270.0595703125,189.19876098632812,394.5732421875,-1,-1,-1,-1
144,5,500.0263977050781,279.7957763671875,187.87203979492188,383.62603759765625,-1,-1,-1,-1
145,5,516.1493530273438,282.58929443359375,195.17962646484375,395.8165283203125,-1,-1,-1,-1
146,5,539.8248291015625,292.5714111328125,193.70947265625,384.8624267578125,-1,-1,-1,-1
147,5,558.0687255859375,301.129638671875,195.7564697265625,382.7391357421875,-1,-1,-1,-1
148,5,559.54931640625,304.203857421875,200.105224609375,383.8516845703125,-1,-1,-1,-1
149,5,560.732666015625,308.0373840332031,203.0411376953125,381.4491882324219,-1,-1,-1,-1
150,5,565.1697998046875,301.2896423339844,206.32440185546875,387.8821105957031,-1,-1,-1,-1
151,5,563.3218383789062,299.9324951171875,208.44403076171875,388.619140625,-1,-1,-1,-1
152,5,565.173828125,297.71087646484375,209.3751220703125,390.125244140625,-1,-1,-1,-1
153,5,566.6484375,295.6969299316406,213.20562744140625,394.5803527832031,-1,-1,-1,-1
154,5,568.7183227539062,295.1612243652344,218.99566650390625,400.1701965332031,-1,-1,-1,-1
155,5,570.1272583007812,290.4584045410156,222.0975341796875,403.5720520019531,-1,-1,-1,-1
156,5,567.5775756835938,278.8256530761719,228.86309814453125,415.5002136230469,-1,-1,-1,-1
157,5,563.4666748046875,267.6134033203125,235.0294189453125,428.78729248046875,-1,-1,-1,-1
158,5,559.3975219726562,262.5708923339844,238.96514892578125,440.3196716308594,-1,-1,-1,-1
159,5,557.8485107421875,252.8353271484375,243.0849609375,450.3199462890625,-1,-1,-1,-1
160,5,552.3109741210938,227.0897979736328,250.8922119140625,463.671142578125,-1,-1,-1,-1
161,5,547.099609375,216.83526611328125,253.61151123046875,471.7220458984375,-1,-1,-1,-1
162,5,541.7384033203125,207.39663696289062,255.77197265625,477.0939636230469,-1,-1,-1,-1
163,5,538.26953125,195.33599853515625,258.6318359375,488.50213623046875,-1,-1,-1,-1
164,5,537.4408569335938,175.71109008789062,266.08514404296875,501.3995056152344,-1,-1,-1,-1
165,5,545.7596435546875,160.18545532226562,273.451416015625,509.4505310058594,-1,-1,-1,-1
166,5,562.0982666015625,150.68235778808594,276.642333984375,517.0791625976562,-1,-1,-1,-1
167,5,576.0714721679688,144.35342407226562,286.653076171875,520.7205810546875,-1,-1,-1,-1
168,5,600.7779541015625,171.07952880859375,288.68133544921875,506.10394287109375,-1,-1,-1,-1
169,5,619.9404296875,148.8444061279297,302.0592041015625,528.0634155273438,-1,-1,-1,-1
170,5,644.7603149414062,149.73939514160156,313.77423095703125,525.9061889648438,-1,-1,-1,-1
171,5,665.7921752929688,142.2318878173828,334.3868408203125,526.6182861328125,-1,-1,-1,-1
172,5,689.888671875,140.84298706054688,340.6177978515625,522.27392578125,-1,-1,-1,-1
173,5,708.0076293945312,138.37701416015625,347.21820068359375,517.718994140625,-1,-1,-1,-1
174,5,719.501953125,159.8079833984375,358.599853515625,494.2593994140625,-1,-1,-1,-1
175,5,740.479736328125,192.18301391601562,360.4775390625,485.8027038574219,-1,-1,-1,-1
176,5,742.7078247070312,228.57675170898438,380.58355712890625,571.749267578125,-1,-1,-1,-1
177,5,754.1263427734375,269.44891357421875,385.667724609375,624.4793090820312,-1,-1,-1,-1
178,5,783.3494873046875,298.5962219238281,375.5030517578125,670.4339599609375,-1,-1,-1,-1
179,5,786.8579711914062,322.4283142089844,374.88922119140625,731.10888671875,-1,-1,-1,-1
180,5,786.611083984375,336.7779846191406,384.1505126953125,689.156982421875,-1,-1,-1,-1
181,5,807.6766967773438,338.2070617675781,385.30474853515625,696.8031005859375,-1,-1,-1,-1
182,5,800.6040649414062,338.8084411621094,406.89788818359375,598.650146484375,-1,-1,-1,-1
183,5,807.1409301757812,348.5636901855469,401.88067626953125,514.380859375,-1,-1,-1,-1
184,5,774.0994873046875,336.5813293457031,466.1517333984375,556.7493896484375,-1,-1,-1,-1
185,5,782.5225830078125,332.49566650390625,471.6162109375,449.20416259765625,-1,-1,-1,-1
186,5,798.330810546875,363.70977783203125,459.2291259765625,393.54986572265625,-1,-1,-1,-1
187,5,819.0811767578125,361.4256896972656,461.745361328125,400.5083923339844,-1,-1,-1,-1
188,5,756.2139892578125,371.201416015625,583.1080322265625,443.567626953125,-1,-1,-1,-1
189,5,836.8599853515625,349.3050537109375,575.090576171875,535.5575561523438,-1,-1,-1,-1
190,5,860.9873046875,356.3935241699219,515.6640625,482.4793395996094,-1,-1,-1,-1
191,5,814.2116088867188,314.096923828125,593.2700805664062,458.767578125,-1,-1,-1,-1
192,5,864.6083374023438,315.47528076171875,552.2433471679688,486.10272216796875,-1,-1,-1,-1
193,5,896.9886474609375,314.200927734375,517.3363037109375,454.9107666015625,-1,-1,-1,-1
194,5,932.0732421875,319.261474609375,485.8839111328125,468.51031494140625,-1,-1,-1,-1
195,5,858.4321899414062,368.0107421875,557.2039184570312,513.638427734375,-1,-1,-1,-1
196,5,773.9502563476562,347.64324951171875,640.5718383789062,586.2007446289062,-1,-1,-1,-1
197,5,737.1143798828125,387.22894287109375,674.9786376953125,591.0474243164062,-1,-1,-1,-1
198,5,740.69091796875,424.1037902832031,667.770751953125,682.004150390625,-1,-1,-1,-1
199,5,719.3104248046875,451.8818664550781,691.7906494140625,751.7852783203125,-1,-1,-1,-1
200,5,643.850341796875,474.6705017089844,771.2454833984375,711.9932861328125,-1,-1,-1,-1
201,5,630.0408325195312,494.5839538574219,783.4767456054688,677.638427734375,-1,-1,-1,-1
202,5,612.1475830078125,466.34307861328125,797.4521484375,665.7196655273438,-1,-1,-1,-1
203,5,605.9037475585938,465.84051513671875,811.2492065429688,734.4288940429688,-1,-1,-1,-1
204,5,607.8086547851562,481.5436096191406,805.5546264648438,715.69775390625,-1,-1,-1,-1
205,5,565.0504150390625,508.43524169921875,845.5274658203125,669.4783325195312,-1,-1,-1,-1
206,5,585.4810180664062,526.5947265625,822.6220092773438,627.4241943359375,-1,-1,-1,-1
207,5,614.036865234375,564.49755859375,790.130615234375,569.10009765625,-1,-1,-1,-1
208,5,698.7091674804688,561.653076171875,714.5023803710938,623.491455078125,-1,-1,-1,-1
209,5,716.3848876953125,618.8885498046875,693.2857666015625,530.4246826171875,-1,-1,-1,-1
210,5,526.7120971679688,550.7178344726562,875.5691528320312,795.4838256835938,-1,-1,-1,-1
211,5,325.64288330078125,496.1600341796875,1088.486083984375,913.0855712890625,-1,-1,-1,-1
212,5,374.8962707519531,570.242431640625,1026.642822265625,840.8818359375,-1,-1,-1,-1
213,5,377.7117004394531,569.1655883789062,1008.07080078125,842.6879272460938,-1,-1,-1,-1
214,5,373.1217041015625,672.3458251953125,995.0360107421875,739.394775390625,-1,-1,-1,-1
215,5,367.80902099609375,711.2047729492188,907.2733764648438,698.7772827148438,-1,-1,-1,-1
111,6,420.4980773925781,556.935546875,36.048492431640625,69.17034912109375,-1,-1,-1,-1
112,6,414.44476318359375,563.772705078125,38.845916748046875,67.80078125,-1,-1,-1,-1
113,6,406.6468200683594,560.9610595703125,33.364105224609375,67.94329833984375,-1,-1,-1,-1
114,6,395.9884033203125,559.34326171875,39.153045654296875,74.90228271484375,-1,-1,-1,-1
115,6,392.867431640625,554.7448120117188,36.90478515625,68.860107421875,-1,-1,-1,-1
116,6,379.4162902832031,546.6107788085938,40.149078369140625,76.00732421875,-1,-1,-1,-1
117,6,354.7693176269531,543.2130737304688,52.807708740234375,113.3392333984375,-1,-1,-1,-1
118,6,326.53863525390625,531.4188842773438,78.98583984375,160.16357421875,-1,-1,-1,-1
119,6,301.2715759277344,515.1107177734375,91.76495361328125,170.76898193359375,-1,-1,-1,-1
120,6,276.2415466308594,500.941650390625,113.29159545898438,200.94183349609375,-1,-1,-1,-1
121,6,249.65255737304688,483.681396484375,139.10836791992188,218.155029296875,-1,-1,-1,-1
122,6,211.4610595703125,474.0427551269531,150.064208984375,228.17074584960938,-1,-1,-1,-1
123,6,206.73782348632812,454.2513732910156,140.00418090820312,227.49356079101562,-1,-1,-1,-1
124,6,202.74868774414062,441.7490234375,147.21646118164062,228.13775634765625,-1,-1,-1,-1
125,6,185.18275451660156,430.73699951171875,135.8121795654297,222.076416015625,-1,-1,-1,-1
126,6,204.55181884765625,418.8096923828125,102.2928466796875,205.11590576171875,-1,-1,-1,-1
127,6,206.05958557128906,413.08740234375,58.28172302246094,143.91748046875,-1,-1,-1,-1
128,6,193.27183532714844,404.25274658203125,61.40596008300781,106.5941162109375,-1,-1,-1,-1
129,6,157.09835815429688,308.2016296386719,107.05804443359375,222.14236450195312,-1,-1,-1,-1
130,6,148.979736328125,294.1059265136719,109.28076171875,270.3409729003906,-1,-1,-1,-1
131,6,141.02352905273438,288.72637939453125,107.33976745605469,239.66162109375,-1,-1,-1,-1
132,6,136.54107666015625,277.627197265625,104.35371398925781,225.58145141601562,-1,-1,-1,-1
133,6,148.41160583496094,282.5823974609375,88.07730102539062,221.67575073242188,-1,-1,-1,-1
134,6,145.8326416015625,258.7861022949219,96.49838256835938,239.8310546875,-1,-1,-1,-1
135,6,147.72903442382812,223.71856689453125,108.49264526367188,281.64166259765625,-1,-1,-1,-1
173,7,190.80364990234375,54.29094314575195,289.4059753417969,432.46136474609375,-1,-1,-1,-1
174,7,192.1369171142578,38.73296356201172,326.68896484375,460.45758056640625,-1,-1,-1,-1
175,7,204.55992126464844,33.628597259521484,341.49603271484375,470.9051513671875,-1,-1,-1,-1
176,7,236.34951782226562,29.13091468811035,333.5161437988281,470.54608154296875,-1,-1,-1,-1
177,7,262.4527587890625,23.49976348876953,328.1646728515625,470.7925720214844,-1,-1,-1,-1
178,7,286.9942932128906,18.556657791137695,327.4905090332031,475.8457336425781,-1,-1,-1,-1
179,7,316.9054870605469,22.133155822753906,321.5809631347656,464.29229736328125,-1,-1,-1,-1
180,7,336.5202331542969,11.85453987121582,327.8483581542969,470.4140625,-1,-1,-1,-1
181,7,350.69677734375,9.940458297729492,330.50604248046875,467.5787658691406,-1,-1,-1,-1
182,7,354.9349365234375,1.26654052734375,337.40252685546875,464.9071044921875,-1,-1,-1,-1
183,7,372.7886657714844,-0.8633499145507812,320.4296569824219,443.18023681640625,-1,-1,-1,-1
184,7,457.2400817871094,-8.339157104492188,263.5124816894531,413.3834228515625,-1,-1,-1,-1
185,7,512.9041748046875,-1.0663604736328125,235.271728515625,395.2508544921875,-1,-1,-1,-1
186,7,479.7765197753906,-0.8903102874755859,290.7406311035156,387.592041015625,-1,-1,-1,-1
187,7,529.3773193359375,5.431802749633789,288.0655517578125,366.3904113769531,-1,-1,-1,-1
188,7,561.4806518554688,7.831087112426758,284.54840087890625,345.16925048828125,-1,-1,-1,-1
189,7,514.8301391601562,8.251469612121582,362.50836181640625,302.2281188964844,-1,-1,-1,-1
190,7,521.430908203125,9.034684181213379,352.45111083984375,303.1506652832031,-1,-1,-1,-1
191,7,516.5957641601562,-0.3277616500854492,337.14898681640625,336.7594909667969,-1,-1,-1,-1
190,8,2.3292198181152344,696.8956909179688,1316.9566650390625,712.7931518554688,-1,-1,-1,-1
191,8,41.40522766113281,658.1363525390625,1275.74853515625,749.7520751953125,-1,-1,-1,-1
192,8,60.79596710205078,756.3548583984375,1282.9561767578125,652.4010009765625,-1,-1,-1,-1
193,8,29.504226684570312,766.5225830078125,1339.9429931640625,642.1376953125,-1,-1,-1,-1
194,8,16.897724151611328,727.6271362304688,1351.5299072265625,681.3506469726562,-1,-1,-1,-1
195,8,19.51525115966797,752.788330078125,1341.8375244140625,656.8140869140625,-1,-1,-1,-1
196,8,12.534465789794922,749.7763061523438,1364.8841552734375,660.1494750976562,-1,-1,-1,-1
197,8,17.73141860961914,721.5185546875,1369.1136474609375,687.6888427734375,-1,-1,-1,-1
198,8,16.20132827758789,746.2727661132812,1357.750244140625,662.6434936523438,-1,-1,-1,-1
199,8,12.840282440185547,772.3243408203125,1358.9971923828125,636.077392578125,-1,-1,-1,-1
200,8,18.397937774658203,789.1026611328125,1338.8499755859375,620.5264892578125,-1,-1,-1,-1
201,8,14.717018127441406,785.8494873046875,1335.62744140625,622.673095703125,-1,-1,-1,-1
202,8,34.3387565612793,812.969482421875,1275.4781494140625,595.47802734375,-1,-1,-1,-1
203,8,32.079078674316406,774.5670776367188,1222.9117431640625,632.2366333007812,-1,-1,-1,-1
204,8,90.549560546875,639.6836547851562,1146.6552734375,767.8986206054688,-1,-1,-1,-1
205,8,85.28622436523438,658.7280883789062,1059.6903076171875,748.1309204101562,-1,-1,-1,-1
206,8,124.88469696044922,697.87353515625,996.5652465820312,710.111572265625,-1,-1,-1,-1
207,8,209.02471923828125,746.9464721679688,968.9191284179688,659.7553100585938,-1,-1,-1,-1
208,8,194.83450317382812,792.2813720703125,1008.3675537109375,615.6790771484375,-1,-1,-1,-1
209,8,295.55120849609375,831.3945922851562,727.865234375,575.5227661132812,-1,-1,-1,-1
210,8,320.5466003417969,808.77978515625,729.9029541015625,598.919189453125,-1,-1,-1,-1
211,8,347.4425964355469,808.5717163085938,745.3651123046875,599.5050659179688,-1,-1,-1,-1
212,8,385.9774169921875,792.7239990234375,752.38330078125,615.841552734375,-1,-1,-1,-1
213,8,384.1895751953125,793.823974609375,734.5213623046875,613.3839111328125,-1,-1,-1,-1
214,8,382.1728820800781,790.53515625,769.725830078125,618.824951171875,-1,-1,-1,-1
215,8,374.7501525878906,747.861083984375,800.9307861328125,661.2310791015625,-1,-1,-1,-1
216,8,372.4301452636719,732.072998046875,846.8177490234375,676.6123046875,-1,-1,-1,-1
217,8,369.4122314453125,710.7584838867188,885.990234375,699.2005004882812,-1,-1,-1,-1
218,8,406.9098815917969,736.3017578125,837.2352294921875,672.7342529296875,-1,-1,-1,-1
219,8,429.755859375,788.2351684570312,765.1826171875,620.5014038085938,-1,-1,-1,-1
220,8,414.3150329589844,834.91162109375,730.7490234375,574.560302734375,-1,-1,-1,-1
221,8,398.822509765625,831.899658203125,774.583984375,576.9088134765625,-1,-1,-1,-1
222,8,412.63427734375,824.1404418945312,758.7705078125,584.5637817382812,-1,-1,-1,-1
223,8,393.1000061035156,822.8583984375,770.563232421875,585.4281005859375,-1,-1,-1,-1
224,8,392.9167175292969,823.9517822265625,694.7923583984375,583.5985107421875,-1,-1,-1,-1
225,8,401.0683898925781,819.4524536132812,743.6263427734375,589.0601196289062,-1,-1,-1,-1
226,8,392.50335693359375,813.0131225585938,672.9467163085938,594.0499877929688,-1,-1,-1,-1
227,8,411.3487854003906,810.744140625,684.570556640625,597.9969482421875,-1,-1,-1,-1
228,8,401.3043518066406,797.106201171875,731.0819091796875,610.933349609375,-1,-1,-1,-1
229,8,402.19586181640625,780.7467041015625,719.0501098632812,627.3848876953125,-1,-1,-1,-1
230,8,359.4979248046875,761.4801025390625,785.462890625,646.8548583984375,-1,-1,-1,-1
231,8,383.5136413574219,742.2752075195312,821.833251953125,665.4244995117188,-1,-1,-1,-1
232,8,355.69873046875,738.94580078125,799.83642578125,668.9136962890625,-1,-1,-1,-1
233,8,348.6340026855469,732.65625,772.49951171875,676.064697265625,-1,-1,-1,-1
234,8,350.7378845214844,732.443115234375,751.3900146484375,676.3179931640625,-1,-1,-1,-1
235,8,340.4534912109375,733.1648559570312,760.562255859375,675.4025268554688,-1,-1,-1,-1
236,8,349.4190368652344,738.5476684570312,792.977294921875,670.0156860351562,-1,-1,-1,-1
237,8,358.79986572265625,734.6236572265625,736.6248168945312,674.34521484375,-1,-1,-1,-1
238,8,365.7864685058594,739.8365478515625,659.0738525390625,668.2432861328125,-1,-1,-1,-1
239,8,372.43707275390625,745.8697509765625,643.5146484375,661.642822265625,-1,-1,-1,-1
240,8,402.5032653808594,752.79296875,628.8809814453125,655.2081298828125,-1,-1,-1,-1
241,8,427.0068664550781,768.97314453125,620.8138427734375,640.5557861328125,-1,-1,-1,-1
242,8,357.27984619140625,755.655517578125,713.9931030273438,653.755615234375,-1,-1,-1,-1
243,8,346.48455810546875,753.9703369140625,751.8156127929688,655.510986328125,-1,-1,-1,-1
244,8,330.9306335449219,768.8795776367188,713.7919921875,639.5516967773438,-1,-1,-1,-1
245,8,292.222900390625,770.9442138671875,815.018310546875,636.42431640625,-1,-1,-1,-1
246,8,266.28369140625,769.4491577148438,940.6402587890625,638.1963500976562,-1,-1,-1,-1
247,8,272.5270080566406,776.755859375,923.9598388671875,630.178466796875,-1,-1,-1,-1
248,8,215.9876708984375,782.70947265625,971.6925048828125,625.90478515625,-1,-1,-1,-1
249,8,445.4270324707031,804.4508056640625,826.841796875,603.9801025390625,-1,-1,-1,-1
250,8,439.16461181640625,785.757568359375,807.1602172851562,622.57666015625,-1,-1,-1,-1
251,8,507.7940673828125,797.6243286132812,735.2064208984375,611.0538940429688,-1,-1,-1,-1
252,8,498.05712890625,813.7236328125,713.9544677734375,594.7210693359375,-1,-1,-1,-1
253,8,331.2311706542969,831.2315063476562,915.04052734375,575.9348754882812,-1,-1,-1,-1
254,8,361.2549133300781,814.3870239257812,941.867431640625,594.0438842773438,-1,-1,-1,-1
255,8,247.1508026123047,768.263671875,932.7318725585938,638.18701171875,-1,-1,-1,-1
256,8,213.84616088867188,786.48583984375,1008.0982666015625,619.983154296875,-1,-1,-1,-1
257,8,197.4505615234375,717.412841796875,978.648681640625,689.7760009765625,-1,-1,-1,-1
258,8,113.86262512207031,624.0277099609375,970.7633666992188,783.151611328125,-1,-1,-1,-1
259,8,99.53602600097656,618.8294677734375,901.08154296875,790.1287841796875,-1,-1,-1,-1
260,8,90.6845932006836,618.4559326171875,910.1610107421875,790.8231201171875,-1,-1,-1,-1
261,8,55.11066436767578,660.581787109375,901.629638671875,748.5594482421875,-1,-1,-1,-1
262,8,72.74551391601562,637.5181884765625,834.29150390625,771.198486328125,-1,-1,-1,-1
263,8,96.45411682128906,634.47412109375,792.9637451171875,775.061767578125,-1,-1,-1,-1
264,8,73.65382385253906,672.4668579101562,801.2957763671875,736.3601684570312,-1,-1,-1,-1
265,8,113.27041625976562,665.8353881835938,765.3839111328125,743.2556762695312,-1,-1,-1,-1
266,8,156.09927368164062,671.321533203125,818.5279541015625,736.38671875,-1,-1,-1,-1
267,8,181.11526489257812,637.6580810546875,844.2916259765625,768.4998779296875,-1,-1,-1,-1
268,8,220.25283813476562,526.4589233398438,936.5960693359375,884.0092163085938,-1,-1,-1,-1
269,8,274.8183898925781,649.29150390625,702.1927490234375,759.9287109375,-1,-1,-1,-1
270,8,337.68914794921875,657.8591918945312,436.6358642578125,755.9364624023438,-1,-1,-1,-1
271,8,320.96075439453125,690.787353515625,436.5457763671875,720.3818359375,-1,-1,-1,-1
272,8,333.4764404296875,790.0707397460938,387.9853515625,619.5005493164062,-1,-1,-1,-1
273,8,341.4228820800781,800.521728515625,369.0379943847656,609.861083984375,-1,-1,-1,-1
274,8,332.335693359375,809.754150390625,361.96063232421875,601.731689453125,-1,-1,-1,-1
275,8,342.9275207519531,834.0799560546875,356.2332458496094,576.6656494140625,-1,-1,-1,-1
276,8,334.0412292480469,830.5609741210938,355.3408508300781,578.9728393554688,-1,-1,-1,-1
277,8,341.18695068359375,793.3917236328125,363.14794921875,616.323974609375,-1,-1,-1,-1
278,8,335.6365966796875,790.84375,373.7764892578125,620.225830078125,-1,-1,-1,-1
279,8,329.4619140625,775.336669921875,382.345947265625,635.900390625,-1,-1,-1,-1
280,8,323.2543640136719,774.5811767578125,395.5755920410156,636.021240234375,-1,-1,-1,-1
281,8,317.1631774902344,752.2329711914062,400.0048522949219,657.6970825195312,-1,-1,-1,-1
282,8,307.07647705078125,748.107666015625,409.632080078125,662.3045654296875,-1,-1,-1,-1
283,8,318.89593505859375,719.6619262695312,396.3602294921875,689.6701049804688,-1,-1,-1,-1
284,8,295.44378662109375,697.4159545898438,438.72442626953125,711.6152954101562,-1,-1,-1,-1
285,8,299.8465576171875,692.026611328125,441.12396240234375,718.53466796875,-1,-1,-1,-1
286,8,288.81103515625,645.8084716796875,507.62054443359375,766.1197509765625,-1,-1,-1,-1
287,8,217.90245056152344,615.1516723632812,602.3184814453125,793.5072631835938,-1,-1,-1,-1
288,8,214.0827178955078,656.1328125,580.7991333007812,752.7772216796875,-1,-1,-1,-1
289,8,211.56689453125,648.790771484375,583.3265380859375,761.102294921875,-1,-1,-1,-1
290,8,195.56430053710938,633.7018432617188,578.6944580078125,775.8526000976562,-1,-1,-1,-1
291,8,195.60911560058594,596.8489379882812,631.5934448242188,813.6915893554688,-1,-1,-1,-1
292,8,171.47186279296875,612.7559814453125,658.1723022460938,797.413330078125,-1,-1,-1,-1
293,8,170.3019256591797,618.2630615234375,641.92578125,791.140869140625,-1,-1,-1,-1
294,8,176.41285705566406,623.3067626953125,618.1702880859375,785.75,-1,-1,-1,-1
295,8,144.61947631835938,604.4337768554688,710.82275390625,804.6213989257812,-1,-1,-1,-1
296,8,76.38896179199219,589.4819946289062,832.9992065429688,820.2943725585938,-1,-1,-1,-1
297,8,95.70539093017578,560.0127563476562,778.3098754882812,850.1670532226562,-1,-1,-1,-1
298,8,131.17593383789062,547.4383544921875,822.4727783203125,862.398193359375,-1,-1,-1,-1
299,8,57.9245719909668,545.6935424804688,841.0715942382812,864.4889526367188,-1,-1,-1,-1
300,8,72.85130310058594,541.4527587890625,896.05810546875,868.8179931640625,-1,-1,-1,-1
301,8,46.186466217041016,515.46923828125,929.9387817382812,895.9195556640625,-1,-1,-1,-1
302,8,39.803550720214844,508.19049072265625,915.3780517578125,903.4634399414062,-1,-1,-1,-1
303,8,34.41239929199219,491.1926574707031,948.8602905273438,919.8414306640625,-1,-1,-1,-1
304,8,11.89324951171875,505.8316955566406,896.6842041015625,904.9517822265625,-1,-1,-1,-1
305,8,13.462196350097656,486.78472900390625,947.36865234375,924.5009155273438,-1,-1,-1,-1
306,8,16.662025451660156,491.82110595703125,934.3054809570312,919.1028442382812,-1,-1,-1,-1
307,8,4.972721099853516,495.7899475097656,891.03759765625,913.8785400390625,-1,-1,-1,-1
308,8,3.6309547424316406,496.7901306152344,897.9605712890625,913.0308837890625,-1,-1,-1,-1
309,8,15.57400131225586,496.06097412109375,886.2782592773438,914.0671997070312,-1,-1,-1,-1
310,8,-0.46429443359375,496.0256042480469,903.013427734375,913.6590576171875,-1,-1,-1,-1
311,8,5.909515380859375,504.9356689453125,916.0924072265625,905.174072265625,-1,-1,-1,-1
312,8,23.762317657470703,499.3512268066406,892.9006958007812,910.5047607421875,-1,-1,-1,-1
313,8,1.1610908508300781,479.6882019042969,900.0885620117188,930.312744140625,-1,-1,-1,-1
314,8,2.5333633422851562,472.69281005859375,876.7225952148438,936.6094360351562,-1,-1,-1,-1
315,8,5.260242462158203,465.06329345703125,842.3983154296875,943.8097534179688,-1,-1,-1,-1
316,8,31.56265640258789,477.0326843261719,776.1139526367188,931.7373046875,-1,-1,-1,-1
317,8,32.457237243652344,495.0580749511719,766.901123046875,915.343017578125,-1,-1,-1,-1
318,8,35.90147399902344,507.28253173828125,678.7310180664062,902.3441772460938,-1,-1,-1,-1
319,8,6.290065765380859,545.5035400390625,707.3302001953125,863.332763671875,-1,-1,-1,-1
320,8,75.97850036621094,574.8399658203125,607.1087036132812,833.970458984375,-1,-1,-1,-1
321,8,86.79720306396484,612.4096069335938,597.7990112304688,795.8245239257812,-1,-1,-1,-1
322,8,98.03446960449219,642.1798706054688,592.0584106445312,766.1074829101562,-1,-1,-1,-1
323,8,116.30870056152344,672.1068115234375,565.685546875,736.236328125,-1,-1,-1,-1
324,8,130.38742065429688,701.7247924804688,544.8348388671875,706.4545288085938,-1,-1,-1,-1
325,8,160.40870666503906,716.4050903320312,531.487060546875,690.5751342773438,-1,-1,-1,-1
326,8,157.143310546875,723.767333984375,544.1085815429688,683.57958984375,-1,-1,-1,-1
327,8,151.58421325683594,725.362548828125,574.0618896484375,681.8446044921875,-1,-1,-1,-1
328,8,196.4341278076172,722.796630859375,539.5614013671875,684.2603759765625,-1,-1,-1,-1
329,8,193.4033203125,724.9641723632812,541.721435546875,682.3756713867188,-1,-1,-1,-1
330,8,221.0440673828125,683.6001586914062,752.346435546875,723.8511352539062,-1,-1,-1,-1
331,8,217.6724853515625,667.0700073242188,707.92431640625,741.3584594726562,-1,-1,-1,-1
332,8,218.116943359375,606.5621337890625,768.7080078125,803.494140625,-1,-1,-1,-1
333,8,210.7866973876953,594.5175170898438,787.8748779296875,813.2227172851562,-1,-1,-1,-1
334,8,212.2814178466797,557.5062255859375,885.8751831054688,853.77294921875,-1,-1,-1,-1
335,8,213.5005645751953,583.715087890625,605.8870849609375,825.4052734375,-1,-1,-1,-1
336,8,217.1168670654297,561.9041748046875,584.9031372070312,847.6912841796875,-1,-1,-1,-1
337,8,199.8379364013672,527.8570556640625,595.4298095703125,881.808837890625,-1,-1,-1,-1
338,8,195.33380126953125,500.65118408203125,593.009521484375,909.3922729492188,-1,-1,-1,-1
339,8,201.45553588867188,510.9469909667969,594.9490966796875,898.23779296875,-1,-1,-1,-1
340,8,226.66006469726562,526.2127075195312,594.15869140625,883.7532348632812,-1,-1,-1,-1
341,8,247.4991912841797,551.9896850585938,600.6705932617188,858.4484252929688,-1,-1,-1,-1
342,8,275.34698486328125,598.8296508789062,587.6259155273438,810.7660522460938,-1,-1,-1,-1
343,8,310.46856689453125,663.2213134765625,552.3583374023438,746.1136474609375,-1,-1,-1,-1
344,8,238.16098022460938,692.290771484375,619.3099365234375,716.953857421875,-1,-1,-1,-1
345,8,239.30296325683594,761.366943359375,619.857421875,646.0465087890625,-1,-1,-1,-1
346,8,260.48712158203125,872.0983276367188,616.871826171875,534.2472534179688,-1,-1,-1,-1
347,8,369.08001708984375,874.9954833984375,856.1780395507812,532.9765625,-1,-1,-1,-1
348,8,422.22314453125,897.85009765625,817.092529296875,510.80126953125,-1,-1,-1,-1
349,8,430.5640869140625,822.286376953125,811.0029296875,585.8931884765625,-1,-1,-1,-1
350,8,417.682373046875,818.1420288085938,789.1827392578125,590.1140747070312,-1,-1,-1,-1
351,8,435.7626953125,817.557373046875,754.7235107421875,592.287109375,-1,-1,-1,-1
352,8,428.5122375488281,864.1837768554688,797.0517578125,544.7904663085938,-1,-1,-1,-1
353,8,531.386474609375,863.38818359375,685.285400390625,545.4051513671875,-1,-1,-1,-1
354,8,567.525146484375,851.6834106445312,649.9595947265625,559.4822387695312,-1,-1,-1,-1
355,8,561.4886474609375,1016.8236083984375,673.8585205078125,389.4652099609375,-1,-1,-1,-1
356,8,543.1396484375,985.6484375,682.3348388671875,421.6787109375,-1,-1,-1,-1
357,8,770.2877197265625,1075.449462890625,474.1151123046875,332.2265625,-1,-1,-1,-1
358,8,775.0254516601562,1079.37841796875,456.11798095703125,326.963134765625,-1,-1,-1,-1
359,8,517.0316162109375,1014.1729125976562,690.03564453125,395.54974365234375,-1,-1,-1,-1
360,8,518.6051635742188,1022.22216796875,706.9077758789062,384.7843017578125,-1,-1,-1,-1
361,8,543.3973999023438,982.6961059570312,718.6195678710938,424.00140380859375,-1,-1,-1,-1
362,8,551.9863891601562,927.5315551757812,741.4675903320312,480.68463134765625,-1,-1,-1,-1
363,8,566.7060546875,906.8430786132812,729.36572265625,502.25970458984375,-1,-1,-1,-1
364,8,550.8823852539062,878.9583129882812,753.4904174804688,530.3107299804688,-1,-1,-1,-1
365,8,555.6758422851562,856.290771484375,755.9913940429688,552.8426513671875,-1,-1,-1,-1
366,8,557.6970825195312,836.1753540039062,768.9702758789062,572.9244995117188,-1,-1,-1,-1
367,8,554.4319458007812,804.2472534179688,740.2941284179688,603.6884155273438,-1,-1,-1,-1
368,8,546.372314453125,762.4772338867188,755.17578125,642.7428588867188,-1,-1,-1,-1
369,8,538.149169921875,746.58740234375,760.844482421875,659.5157470703125,-1,-1,-1,-1
370,8,432.8106384277344,725.4591674804688,908.290771484375,682.4191284179688,-1,-1,-1,-1
371,8,308.9530029296875,706.105712890625,1040.744873046875,700.21533203125,-1,-1,-1,-1
372,8,175.16754150390625,699.8047485351562,1136.41650390625,708.3602905273438,-1,-1,-1,-1
373,8,273.30584716796875,722.7324829101562,997.2009887695312,686.0177612304688,-1,-1,-1,-1
374,8,173.892578125,812.69677734375,1128.4405517578125,595.021484375,-1,-1,-1,-1
375,8,298.439453125,846.4945678710938,983.635009765625,561.3995971679688,-1,-1,-1,-1
376,8,296.73834228515625,850.8809204101562,980.4364624023438,557.6295776367188,-1,-1,-1,-1
377,8,310.04962158203125,821.3810424804688,969.2959594726562,586.6947631835938,-1,-1,-1,-1
378,8,312.9827575683594,853.66064453125,968.3297119140625,554.392333984375,-1,-1,-1,-1
379,8,272.8668212890625,808.2918701171875,1074.11279296875,600.171142578125,-1,-1,-1,-1
380,8,393.1021728515625,708.4825439453125,1025.8665771484375,695.573974609375,-1,-1,-1,-1
381,8,566.4439697265625,697.6397094726562,815.18359375,710.1969604492188,-1,-1,-1,-1
382,8,598.15478515625,701.9512939453125,773.5067138671875,706.419921875,-1,-1,-1,-1
383,8,608.146484375,702.9423828125,753.6126708984375,704.61767578125,-1,-1,-1,-1
384,8,587.6282348632812,698.0376586914062,776.6450805664062,710.1029663085938,-1,-1,-1,-1
385,8,577.0578002929688,710.652099609375,801.3703002929688,697.987060546875,-1,-1,-1,-1
386,8,575.1973266601562,739.7675170898438,789.6759643554688,668.5281372070312,-1,-1,-1,-1
387,8,585.9841918945312,762.8565673828125,784.9586791992188,644.7529296875,-1,-1,-1,-1
388,8,527.4661865234375,794.1270751953125,827.7142333984375,613.7681884765625,-1,-1,-1,-1
389,8,451.4570617675781,812.572265625,916.553955078125,595.391357421875,-1,-1,-1,-1
390,8,495.39105224609375,843.3043212890625,861.8801879882812,565.3533935546875,-1,-1,-1,-1
391,8,489.6688232421875,817.0020141601562,881.5257568359375,592.4951782226562,-1,-1,-1,-1
392,8,378.5269775390625,833.3214721679688,980.9835205078125,574.6244506835938,-1,-1,-1,-1
393,8,205.41246032714844,757.5903930664062,1169.38671875,647.5491333007812,-1,-1,-1,-1
394,8,201.0125274658203,689.4811401367188,1126.3724365234375,717.6791381835938,-1,-1,-1,-1
395,8,254.49371337890625,676.102294921875,1022.4276733398438,731.6409912109375,-1,-1,-1,-1
396,8,253.34597778320312,669.1155395507812,986.1624755859375,737.8290405273438,-1,-1,-1,-1
397,8,314.82049560546875,654.6337280273438,803.9860229492188,735.5299682617188,-1,-1,-1,-1
398,8,306.8072509765625,640.3200073242188,862.2669677734375,767.1264038085938,-1,-1,-1,-1
399,8,284.20123291015625,649.955322265625,870.0770874023438,758.7689208984375,-1,-1,-1,-1
400,8,280.8185729980469,691.9445190429688,850.7041015625,715.0768432617188,-1,-1,-1,-1
401,8,260.69195556640625,692.9109497070312,933.1017456054688,714.6752319335938,-1,-1,-1,-1
402,8,215.9996337890625,698.078857421875,1037.595947265625,709.0985107421875,-1,-1,-1,-1
403,8,229.79286193847656,673.9639892578125,1008.303955078125,734.1688232421875,-1,-1,-1,-1
404,8,233.74337768554688,677.5169067382812,1013.80322265625,730.2814331054688,-1,-1,-1,-1
405,8,237.26925659179688,713.1099853515625,1018.7958984375,694.4859619140625,-1,-1,-1,-1
406,8,183.55642700195312,727.5731811523438,1125.9217529296875,679.0169067382812,-1,-1,-1,-1
407,8,188.4510498046875,728.3416748046875,1136.8370361328125,678.0921630859375,-1,-1,-1,-1
408,8,211.9459686279297,755.8998413085938,1141.8621826171875,651.1829223632812,-1,-1,-1,-1
409,8,316.5595703125,768.7945556640625,988.5350341796875,635.9483642578125,-1,-1,-1,-1
410,8,494.3506164550781,765.812255859375,802.79345703125,641.1043701171875,-1,-1,-1,-1
411,8,513.5230102539062,754.77685546875,780.4041137695312,651.9488525390625,-1,-1,-1,-1
412,8,501.5885314941406,764.0615234375,788.7061767578125,642.6339111328125,-1,-1,-1,-1
413,8,518.8474731445312,769.9179077148438,781.5894165039062,636.9494018554688,-1,-1,-1,-1
414,8,531.4189453125,773.677490234375,753.442626953125,634.13916015625,-1,-1,-1,-1
415,8,466.2153625488281,765.322265625,812.8895263671875,641.2099609375,-1,-1,-1,-1
416,8,442.0584716796875,768.0465087890625,841.935791015625,638.5491943359375,-1,-1,-1,-1
417,8,478.6175842285156,779.8328247070312,798.35205078125,627.1958618164062,-1,-1,-1,-1
418,8,515.0142822265625,770.472900390625,765.8438720703125,636.64208984375,-1,-1,-1,-1
419,8,537.6997680664062,769.1723022460938,772.4246215820312,638.0226440429688,-1,-1,-1,-1
420,8,543.6788940429688,755.5088500976562,767.7172241210938,652.3670043945312,-1,-1,-1,-1
421,8,552.2178344726562,761.4805908203125,748.2559204101562,646.034423828125,-1,-1,-1,-1
422,8,533.207275390625,767.329345703125,772.32080078125,639.63134765625,-1,-1,-1,-1
423,8,484.59698486328125,768.1470947265625,808.9889526367188,637.836181640625,-1,-1,-1,-1
424,8,415.38641357421875,734.9384765625,886.2351684570312,671.4588623046875,-1,-1,-1,-1
425,8,397.1116638183594,760.83984375,899.324951171875,644.58837890625,-1,-1,-1,-1
426,8,320.03875732421875,747.1539306640625,963.0254516601562,658.4813232421875,-1,-1,-1,-1
427,8,279.024169921875,682.6566772460938,1025.3193359375,726.1041870117188,-1,-1,-1,-1
428,8,258.6425476074219,684.2820434570312,1010.1734619140625,724.2578735351562,-1,-1,-1,-1
429,8,193.19406127929688,736.5213623046875,1083.461669921875,670.3287353515625,-1,-1,-1,-1
430,8,156.19972229003906,744.5126342773438,1119.41943359375,661.9049682617188,-1,-1,-1,-1
431,8,192.27996826171875,747.8815307617188,1086.970458984375,658.9882202148438,-1,-1,-1,-1
432,8,172.22991943359375,740.9247436523438,1102.856689453125,665.8220825195312,-1,-1,-1,-1
433,8,166.50128173828125,742.0968017578125,1125.9365234375,664.2757568359375,-1,-1,-1,-1
434,8,210.62078857421875,749.7747192382812,1076.635009765625,656.1076049804688,-1,-1,-1,-1
435,8,252.10556030273438,748.4041748046875,1026.0841064453125,657.414794921875,-1,-1,-1,-1
436,8,212.2894744873047,731.0140380859375,1064.1683349609375,676.0706787109375,-1,-1,-1,-1
437,8,200.17807006835938,736.5452880859375,1064.8157958984375,670.3165283203125,-1,-1,-1,-1
438,8,186.9072723388672,763.8067626953125,1067.9564208984375,642.6934814453125,-1,-1,-1,-1
439,8,187.82762145996094,758.3519897460938,1056.0096435546875,648.9524536132812,-1,-1,-1,-1
440,8,204.49407958984375,753.5674438476562,1037.405029296875,654.5548706054688,-1,-1,-1,-1
441,8,192.57876586914062,727.3613891601562,1053.8221435546875,681.0029907226562,-1,-1,-1,-1
442,8,223.9542694091797,754.599853515625,1026.4205322265625,653.4910888671875,-1,-1,-1,-1
443,8,198.88577270507812,747.2705078125,1047.759765625,659.7938232421875,-1,-1,-1,-1
444,8,222.54263305664062,755.1140747070312,1046.993408203125,650.1724243164062,-1,-1,-1,-1
445,8,142.09146118164062,739.1400146484375,1134.9342041015625,666.72509765625,-1,-1,-1,-1
446,8,160.63499450683594,726.332275390625,1134.7242431640625,679.999267578125,-1,-1,-1,-1
447,8,165.0093231201172,726.521728515625,1117.8023681640625,679.813720703125,-1,-1,-1,-1
448,8,129.11703491210938,744.038818359375,1164.5181884765625,662.5947265625,-1,-1,-1,-1
449,8,128.60426330566406,726.196533203125,1148.240234375,681.2744140625,-1,-1,-1,-1
450,8,177.17681884765625,706.41455078125,1092.89697265625,701.417236328125,-1,-1,-1,-1
451,8,135.3898468017578,714.99462890625,1162.0150146484375,694.3741455078125,-1,-1,-1,-1
193,9,11.309310913085938,495.22705078125,666.7874755859375,915.737060546875,-1,-1,-1,-1
194,9,6.81756591796875,491.8428955078125,697.2129516601562,918.8599853515625,-1,-1,-1,-1
195,9,6.175531387329102,496.8701171875,663.9114990234375,913.7520751953125,-1,-1,-1,-1
196,9,13.189592361450195,488.3799743652344,659.204833984375,923.23583984375,-1,-1,-1,-1
197,9,11.702764511108398,475.9417724609375,655.3442993164062,934.723388671875,-1,-1,-1,-1
198,9,18.440235137939453,462.4455261230469,632.997314453125,948.2926025390625,-1,-1,-1,-1
199,9,15.414295196533203,483.26165771484375,625.9892578125,927.9201049804688,-1,-1,-1,-1
200,9,5.573528289794922,499.3492126464844,643.801513671875,911.9388427734375,-1,-1,-1,-1
201,9,10.394798278808594,519.9246826171875,629.3592529296875,891.588134765625,-1,-1,-1,-1
202,9,19.244976043701172,532.6417846679688,616.7234497070312,878.3579711914062,-1,-1,-1,-1
203,9,13.422416687011719,573.128662109375,662.9524536132812,837.60888671875,-1,-1,-1,-1
204,9,72.2550277709961,618.0201416015625,815.2880249023438,789.3060302734375,-1,-1,-1,-1
205,9,84.7489013671875,652.8135986328125,850.408447265625,752.0872802734375,-1,-1,-1,-1
206,9,99.59095764160156,698.7650146484375,870.0634765625,708.0853271484375,-1,-1,-1,-1
207,9,169.91036987304688,745.4924926757812,865.24267578125,660.4580688476562,-1,-1,-1,-1
208,9,165.4586181640625,793.679443359375,940.7530517578125,611.485595703125,-1,-1,-1,-1
209,9,280.7556457519531,832.6766967773438,619.3028564453125,573.9619750976562,-1,-1,-1,-1
210,9,334.8697204589844,820.2815551757812,598.5523681640625,587.1746215820312,-1,-1,-1,-1
211,9,353.1472473144531,817.9942016601562,674.9442138671875,589.6277465820312,-1,-1,-1,-1
250,10,115.98347473144531,801.9769287109375,620.68798828125,606.2274169921875,-1,-1,-1,-1
251,10,88.920654296875,810.1554565429688,644.9984741210938,597.2307739257812,-1,-1,-1,-1
252,10,72.85153198242188,814.0838012695312,650.6409912109375,593.2764282226562,-1,-1,-1,-1
253,10,55.24286651611328,814.2249755859375,628.813720703125,592.86181640625,-1,-1,-1,-1
254,10,86.62171936035156,795.6741333007812,608.2059326171875,610.8064575195312,-1,-1,-1,-1
255,10,114.09133911132812,735.6507568359375,596.3463134765625,672.05908203125,-1,-1,-1,-1
256,10,106.12531280517578,711.2825927734375,621.1312255859375,697.510498046875,-1,-1,-1,-1
257,10,165.25514221191406,614.02392578125,754.080322265625,793.63818359375,-1,-1,-1,-1
258,10,98.39593505859375,609.1460571289062,892.0259399414062,799.2079467773438,-1,-1,-1,-1
356,11,198.69776916503906,2.353242874145508,441.24176025390625,382.7778015136719,-1,-1,-1,-1
357,11,99.91377258300781,4.659246444702148,506.02978515625,401.796875,-1,-1,-1,-1
358,11,49.18267822265625,68.10789489746094,514.9382934570312,416.9185791015625,-1,-1,-1,-1
359,11,35.42988586425781,138.06814575195312,488.159912109375,400.6748962402344,-1,-1,-1,-1
360,11,21.68519401550293,221.7690887451172,470.0492248535156,390.991455078125,-1,-1,-1,-1
361,11,16.501564025878906,266.0247802734375,453.0423278808594,363.49847412109375,-1,-1,-1,-1
362,11,17.372814178466797,304.5502624511719,431.04132080078125,339.1693420410156,-1,-1,-1,-1
363,11,29.293243408203125,331.1128234863281,422.8499450683594,350.8484802246094,-1,-1,-1,-1
364,11,25.45058250427246,344.85626220703125,393.5018615722656,342.476318359375,-1,-1,-1,-1
365,11,18.234790802001953,355.884033203125,396.94989013671875,339.25274658203125,-1,-1,-1,-1
366,11,9.81352424621582,371.859619140625,391.50152587890625,329.8232421875,-1,-1,-1,-1
367,11,6.3950958251953125,384.57745361328125,384.44488525390625,325.67449951171875,-1,-1,-1,-1
368,11,8.314863204956055,399.5734558105469,365.43524169921875,348.5785217285156,-1,-1,-1,-1
369,11,2.599127769470215,413.9312744140625,349.3404235839844,339.1483154296875,-1,-1,-1,-1
370,11,-0.6525764465332031,435.79473876953125,340.1405334472656,346.648681640625,-1,-1,-1,-1
371,11,-1.520721435546875,431.07989501953125,320.3437805175781,345.27569580078125,-1,-1,-1,-1
372,11,-0.8970136642456055,399.9674377441406,326.8155517578125,393.0711975097656,-1,-1,-1,-1
373,11,-1.6315422058105469,363.45941162109375,306.9451904296875,445.1837158203125,-1,-1,-1,-1
374,11,-0.1419658660888672,358.4905700683594,284.6508483886719,426.9004211425781,-1,-1,-1,-1
375,11,0.7750015258789062,323.478759765625,269.0315246582031,401.65155029296875,-1,-1,-1,-1
376,11,0.6269187927246094,329.03118896484375,266.6120300292969,364.11639404296875,-1,-1,-1,-1
377,11,-1.5760688781738281,287.5968933105469,281.6767578125,438.9873352050781,-1,-1,-1,-1
378,11,-0.17430782318115234,269.8883972167969,290.3050537109375,484.0396423339844,-1,-1,-1,-1
379,11,-0.8728017807006836,304.1444396972656,309.1379699707031,472.2979431152344,-1,-1,-1,-1
380,11,-1.004246711730957,273.62396240234375,318.53912353515625,571.4537353515625,-1,-1,-1,-1
381,11,-1.426213264465332,252.7498779296875,317.393798828125,597.37890625,-1,-1,-1,-1
382,11,-0.20621967315673828,208.8495330810547,298.7337646484375,625.2523803710938,-1,-1,-1,-1
383,11,-1.103590965270996,178.8951416015625,302.9747314453125,629.4418334960938,-1,-1,-1,-1
384,11,0.19222736358642578,186.43423461914062,305.2705078125,549.776123046875,-1,-1,-1,-1
385,11,0.3856496810913086,173.0622100830078,311.80889892578125,506.62127685546875,-1,-1,-1,-1
386,11,1.0200681686401367,128.8105926513672,309.5054016113281,497.5670166015625,-1,-1,-1,-1
387,11,-0.7117214202880859,87.80062866210938,318.7550964355469,512.3304748535156,-1,-1,-1,-1
388,11,10.537237167358398,78.08218383789062,335.76593017578125,462.9130554199219,-1,-1,-1,-1
389,11,1.5326404571533203,43.06569290161133,395.173095703125,483.1731872558594,-1,-1,-1,-1
390,11,23.039716720581055,8.001934051513672,430.20880126953125,508.3658752441406,-1,-1,-1,-1
391,11,93.70963287353516,6.857975006103516,422.8729553222656,480.63519287109375,-1,-1,-1,-1
392,11,204.6441650390625,14.724088668823242,353.54339599609375,443.0929260253906,-1,-1,-1,-1
393,11,238.4441375732422,5.821479797363281,351.291748046875,414.7395935058594,-1,-1,-1,-1
394,11,252.65013122558594,-0.17085647583007812,364.9019775390625,386.4562683105469,-1,-1,-1,-1
395,11,292.52520751953125,0.2192821502685547,347.77191162109375,383.0279235839844,-1,-1,-1,-1
396,11,322.24114990234375,6.65330696105957,318.2861328125,376.5295104980469,-1,-1,-1,-1
397,11,365.64691162109375,2.7593584060668945,320.4610595703125,350.4726867675781,-1,-1,-1,-1
398,11,361.53692626953125,-8.14919662475586,393.4024658203125,363.8175048828125,-1,-1,-1,-1
399,11,356.81280517578125,-54.29560852050781,455.04681396484375,414.8031005859375,-1,-1,-1,-1
400,11,396.5577392578125,-55.836326599121094,445.09326171875,418.5400085449219,-1,-1,-1,-1
401,11,424.3613586425781,-37.22809982299805,420.9102478027344,418.2720031738281,-1,-1,-1,-1
402,11,414.835205078125,0.5044956207275391,437.68218994140625,405.9225158691406,-1,-1,-1,-1
403,11,403.33050537109375,-6.437223434448242,444.2003173828125,421.1044921875,-1,-1,-1,-1
404,11,404.27734375,-0.1772136688232422,437.2708740234375,430.08074951171875,-1,-1,-1,-1
405,11,386.7742004394531,-6.524335861206055,446.7947082519531,449.462158203125,-1,-1,-1,-1
406,11,336.2539367675781,-19.77851676940918,485.9176940917969,475.25640869140625,-1,-1,-1,-1
407,11,347.6453857421875,-2.5021419525146484,461.23590087890625,491.19122314453125,-1,-1,-1,-1
408,11,362.3984375,2.2657318115234375,445.73876953125,515.029541015625,-1,-1,-1,-1
409,11,413.9740295410156,2.401247024536133,418.9633483886719,545.1064453125,-1,-1,-1,-1
410,11,387.3614501953125,-16.78816032409668,455.725341796875,599.6692504882812,-1,-1,-1,-1
411,11,381.025146484375,-16.300188064575195,468.9735107421875,586.17333984375,-1,-1,-1,-1
412,11,360.94482421875,-36.889312744140625,491.7152099609375,640.253662109375,-1,-1,-1,-1
413,11,365.21173095703125,-25.296266555786133,490.12847900390625,638.5966186523438,-1,-1,-1,-1
414,11,382.7757873535156,-22.49362564086914,494.2547912597656,611.5992431640625,-1,-1,-1,-1
415,11,391.4321594238281,-38.2425537109375,506.2111511230469,603.507080078125,-1,-1,-1,-1
416,11,417.2129821777344,-20.332977294921875,496.8425598144531,580.5450439453125,-1,-1,-1,-1
417,11,452.751708984375,-34.728538513183594,493.0230712890625,589.972900390625,-1,-1,-1,-1
418,11,472.5244140625,-65.49327850341797,520.841552734375,627.2694091796875,-1,-1,-1,-1
419,11,489.433349609375,-36.56295394897461,546.8585205078125,601.7493286132812,-1,-1,-1,-1
420,11,521.536865234375,-53.14863967895508,557.1114501953125,647.6720581054688,-1,-1,-1,-1
421,11,589.5782470703125,-31.167251586914062,503.382080078125,655.851318359375,-1,-1,-1,-1
422,11,559.574462890625,-23.617589950561523,545.8150634765625,662.0078735351562,-1,-1,-1,-1
423,11,546.0499267578125,-2.8911476135253906,567.554443359375,646.6712646484375,-1,-1,-1,-1
424,11,557.9227294921875,-1.3217182159423828,557.76220703125,655.4284057617188,-1,-1,-1,-1
425,11,570.7067260742188,-22.834836959838867,560.7590942382812,679.0758666992188,-1,-1,-1,-1
426,11,592.3031005859375,-23.269224166870117,551.177734375,687.5679931640625,-1,-1,-1,-1
427,11,621.009033203125,5.270606994628906,535.6983642578125,664.900146484375,-1,-1,-1,-1
428,11,643.44775390625,19.036762237548828,522.842041015625,652.462890625,-1,-1,-1,-1
429,11,656.4030151367188,20.431568145751953,523.2459106445312,652.4348754882812,-1,-1,-1,-1
430,11,659.6581420898438,14.855260848999023,525.6546020507812,658.6580200195312,-1,-1,-1,-1
431,11,711.6925659179688,9.709081649780273,484.45782470703125,669.43994140625,-1,-1,-1,-1
432,11,784.4955444335938,3.9033069610595703,448.80523681640625,681.3320922851562,-1,-1,-1,-1
433,11,795.58349609375,6.765806198120117,462.300048828125,681.907958984375,-1,-1,-1,-1
434,11,813.1217041015625,8.748872756958008,437.1219482421875,683.9523315429688,-1,-1,-1,-1
435,11,821.174072265625,6.650411605834961,428.8067626953125,689.783447265625,-1,-1,-1,-1
436,11,821.6406860351562,-13.128494262695312,435.79827880859375,707.4885864257812,-1,-1,-1,-1
437,11,811.079833984375,-12.300233840942383,424.710205078125,700.78515625,-1,-1,-1,-1
438,11,805.0883178710938,7.5008697509765625,440.44305419921875,687.4480590820312,-1,-1,-1,-1
439,11,795.634033203125,-1.1380729675292969,495.69775390625,690.7702026367188,-1,-1,-1,-1
440,11,773.6341552734375,2.5265865325927734,549.06005859375,673.4254150390625,-1,-1,-1,-1
441,11,762.5208740234375,12.696416854858398,565.5341796875,636.8001098632812,-1,-1,-1,-1
442,11,732.0755004882812,15.570413589477539,596.0982055664062,642.5634765625,-1,-1,-1,-1
443,11,725.4866333007812,27.719051361083984,588.3745727539062,579.3628540039062,-1,-1,-1,-1
444,11,704.64892578125,25.335670471191406,583.919921875,593.6713256835938,-1,-1,-1,-1
445,11,713.858642578125,12.256889343261719,621.55615234375,651.4482421875,-1,-1,-1,-1
446,11,704.1800537109375,20.337196350097656,574.0885009765625,660.609619140625,-1,-1,-1,-1
447,11,709.0968017578125,17.280372619628906,616.1038818359375,648.6551513671875,-1,-1,-1,-1
448,11,714.3876953125,19.412403106689453,606.257568359375,657.9986572265625,-1,-1,-1,-1
449,11,715.0145874023438,16.06056785583496,618.0325317382812,661.093505859375,-1,-1,-1,-1
450,11,709.1594848632812,11.564332962036133,631.9430541992188,667.5821533203125,-1,-1,-1,-1
451,11,680.1512451171875,15.32000732421875,653.3990478515625,664.879638671875,-1,-1,-1,-1
