1,1,1148.0240478515625,462.10137939453125,112.8270263671875,296.20697021484375,-1,-1,-1,-1
2,1,1144.268798828125,466.0531311035156,131.18310546875,299.8799743652344,-1,-1,-1,-1
3,1,1145.373779296875,459.5677490234375,146.433349609375,319.56927490234375,-1,-1,-1,-1
4,1,1143.848388671875,451.9466247558594,148.1356201171875,331.6641540527344,-1,-1,-1,-1
5,1,1144.68408203125,450.767822265625,148.6422119140625,330.11260986328125,-1,-1,-1,-1
6,1,1142.8092041015625,446.1629943847656,151.091552734375,322.4019470214844,-1,-1,-1,-1
7,1,1080.5185546875,418.7811584472656,153.492431640625,314.7715759277344,-1,-1,-1,-1
8,1,846.060791015625,421.00775146484375,152.90020751953125,271.92132568359375,-1,-1,-1,-1
9,1,467.5420227050781,376.4052429199219,280.1604919433594,252.35501098632812,-1,-1,-1,-1
10,1,133.47021484375,359.7316589355469,207.45364379882812,350.7805480957031,-1,-1,-1,-1
1,2,567.329345703125,501.66229248046875,181.436279296875,331.51068115234375,-1,-1,-1,-1
2,2,566.2599487304688,499.8537902832031,181.4569091796875,326.7477722167969,-1,-1,-1,-1
3,2,566.8583374023438,501.92498779296875,180.53240966796875,325.09625244140625,-1,-1,-1,-1
4,2,564.29443359375,500.1112365722656,173.1778564453125,326.5044860839844,-1,-1,-1,-1
5,2,554.1311645507812,497.3202819824219,172.99603271484375,328.1502380371094,-1,-1,-1,-1
6,2,536.2792358398438,497.95587158203125,170.41033935546875,328.93853759765625,-1,-1,-1,-1
7,2,436.7435302734375,486.5532531738281,203.9915771484375,339.2914733886719,-1,-1,-1,-1
8,2,553.926025390625,407.2467956542969,194.6009521484375,284.3232727050781,-1,-1,-1,-1
9,2,509.316650390625,413.67572021484375,146.9071044921875,131.7069091796875,-1,-1,-1,-1
10,2,124.29164123535156,358.75714111328125,221.95066833496094,336.78515625,-1,-1,-1,-1
8,3,132.31680297851562,487.31512451171875,230.36715698242188,356.14373779296875,-1,-1,-1,-1
9,3,490.8979187011719,396.84222412109375,162.46218872070312,244.37835693359375,-1,-1,-1,-1
8,4,1164.3231201171875,372.57000732421875,251.43505859375,587.3682250976562,-1,-1,-1,-1
9,4,807.9423828125,363.136474609375,245.13916015625,498.131591796875,-1,-1,-1,-1
10,4,494.71832275390625,372.7294616699219,233.8511962890625,451.5379333496094,-1,-1,-1,-1
11,4,292.0059509277344,335.38397216796875,294.2007141113281,493.5677490234375,-1,-1,-1,-1
12,4,219.40142822265625,349.2044677734375,327.731689453125,505.46649169921875,-1,-1,-1,-1
13,4,207.62954711914062,377.2532653808594,346.8081359863281,503.4737243652344,-1,-1,-1,-1
14,4,223.26416015625,387.8788757324219,350.16552734375,502.4772033691406,-1,-1,-1,-1
15,4,336.5610046386719,392.0472106933594,315.5649719238281,485.5045471191406,-1,-1,-1,-1
16,4,564.9572143554688,396.5152587890625,268.11712646484375,483.77410888671875,-1,-1,-1,-1
17,4,797.42626953125,398.4523010253906,296.396728515625,530.9744873046875,-1,-1,-1,-1
10,5,132.85536193847656,336.2884216308594,215.87876892089844,359.1197204589844,-1,-1,-1,-1
11,6,-18.794776916503906,325.64202880859375,168.691162109375,414.53643798828125,-1,-1,-1,-1
12,6,-73.66057586669922,407.89617919921875,174.41836547851562,363.03131103515625,-1,-1,-1,-1
13,6,-89.55381774902344,472.87115478515625,182.19692993164062,333.0794677734375,-1,-1,-1,-1
14,6,-70.73523712158203,495.594970703125,144.50680541992188,312.96490478515625,-1,-1,-1,-1
15,6,5.200384140014648,416.9812316894531,223.75181579589844,358.8282775878906,-1,-1,-1,-1
16,6,265.47869873046875,405.26812744140625,235.09005737304688,333.10015869140625,-1,-1,-1,-1
17,6,590.6455688476562,416.6706237792969,201.17718505859375,304.9108581542969,-1,-1,-1,-1
18,6,880.8809814453125,429.80645751953125,193.7386474609375,322.43572998046875,-1,-1,-1,-1
19,6,1105.11572265625,476.4916076660156,220.49853515625,335.4324645996094,-1,-1,-1,-1
20,6,925.5634765625,562.9288330078125,208.2530517578125,243.206298828125,-1,-1,-1,-1
18,8,114.91244506835938,580.08154296875,213.5418701171875,415.58734130859375,-1,-1,-1,-1
19,8,373.340087890625,569.967041015625,164.6160888671875,374.277587890625,-1,-1,-1,-1
20,8,512.1553344726562,562.09765625,137.7489013671875,364.87939453125,-1,-1,-1,-1
21,8,555.8740234375,557.6843872070312,129.0155029296875,364.90191650390625,-1,-1,-1,-1
22,8,576.7667846679688,548.0103759765625,126.671142578125,366.104248046875,-1,-1,-1,-1
23,8,581.8511962890625,536.7033081054688,133.18572998046875,363.77978515625,-1,-1,-1,-1
24,8,578.7105102539062,537.1204833984375,140.07733154296875,367.80645751953125,-1,-1,-1,-1
25,8,570.6875610351562,542.5737915039062,150.7435302734375,380.54998779296875,-1,-1,-1,-1
26,8,559.7591552734375,542.1296997070312,164.427978515625,400.79266357421875,-1,-1,-1,-1
27,8,552.4229736328125,533.0120239257812,181.9605712890625,423.411376953125,-1,-1,-1,-1
28,8,544.878662109375,526.519287109375,189.49853515625,443.11907958984375,-1,-1,-1,-1
29,8,531.3684692382812,515.6929321289062,189.56378173828125,473.78265380859375,-1,-1,-1,-1
30,8,523.8583374023438,487.8836975097656,184.21405029296875,506.0969543457031,-1,-1,-1,-1
31,8,516.4119873046875,482.6232604980469,179.80047607421875,513.4068603515625,-1,-1,-1,-1
32,8,503.4122009277344,445.3126525878906,190.74221801757812,530.252197265625,-1,-1,-1,-1
33,8,510.2487487792969,409.8711853027344,205.72708129882812,548.4501953125,-1,-1,-1,-1
34,8,508.17132568359375,392.1394958496094,214.07916259765625,594.6453857421875,-1,-1,-1,-1
35,8,487.3544616699219,347.898193359375,227.85006713867188,670.0343017578125,-1,-1,-1,-1
36,8,465.44775390625,329.6543273925781,242.2052001953125,730.5765380859375,-1,-1,-1,-1
37,8,435.9465026855469,311.23382568359375,255.16964721679688,737.1878051757812,-1,-1,-1,-1
38,8,415.5543518066406,270.06658935546875,278.7372741699219,745.5096435546875,-1,-1,-1,-1
39,8,379.3668212890625,228.3585205078125,313.87890625,764.70361328125,-1,-1,-1,-1
40,8,302.71136474609375,219.8749237060547,354.48577880859375,794.015625,-1,-1,-1,-1
41,8,175.41188049316406,182.99871826171875,442.547119140625,891.2710571289062,-1,-1,-1,-1
42,8,30.375246047973633,221.87342834472656,534.4207153320312,980.25732421875,-1,-1,-1,-1
43,8,-50.6021728515625,240.15151977539062,554.75146484375,1052.5047607421875,-1,-1,-1,-1
44,8,-141.23814392089844,258.50189208984375,639.807373046875,1063.94873046875,-1,-1,-1,-1
45,8,-284.09014892578125,259.5665588378906,820.2280883789062,1092.998779296875,-1,-1,-1,-1
46,8,-301.5024108886719,317.6494445800781,825.260009765625,1113.910888671875,-1,-1,-1,-1
47,8,-296.727294921875,443.9498291015625,798.7606201171875,977.7493896484375,-1,-1,-1,-1
48,8,-157.3527069091797,508.2041015625,683.9656372070312,904.8468017578125,-1,-1,-1,-1
49,8,-207.303955078125,557.8792114257812,726.6035766601562,860.0676879882812,-1,-1,-1,-1
50,8,-154.0196533203125,590.5794067382812,922.111328125,828.0902709960938,-1,-1,-1,-1
51,8,-171.86451721191406,681.6904907226562,988.223876953125,740.6088256835938,-1,-1,-1,-1
52,8,-67.3634033203125,655.559814453125,837.474609375,773.39306640625,-1,-1,-1,-1
53,8,-52.12458801269531,736.1575317382812,781.9849243164062,697.3621215820312,-1,-1,-1,-1
54,8,-119.11708068847656,744.96533203125,771.4093017578125,679.6922607421875,-1,-1,-1,-1
55,8,-116.84752655029297,818.2009887695312,632.4791259765625,599.5700073242188,-1,-1,-1,-1
56,8,-48.27751922607422,841.9089965820312,516.4423217773438,564.3058471679688,-1,-1,-1,-1
57,8,-189.22433471679688,810.1463623046875,568.6270141601562,601.2779541015625,-1,-1,-1,-1
58,8,-31.07394790649414,946.4588012695312,420.987060546875,372.82464599609375,-1,-1,-1,-1
59,8,-203.6583709716797,781.1354370117188,595.1862182617188,501.27777099609375,-1,-1,-1,-1
60,8,-199.86053466796875,798.1477661132812,479.5467529296875,428.91253662109375,-1,-1,-1,-1
61,8,-180.86512756347656,757.0664672851562,428.739990234375,439.51422119140625,-1,-1,-1,-1
62,8,-42.71412658691406,784.6927490234375,366.661865234375,406.1243896484375,-1,-1,-1,-1
63,8,-22.100570678710938,552.6140747070312,498.05950927734375,523.3008422851562,-1,-1,-1,-1
64,8,115.94436645507812,520.068359375,503.4382629394531,570.15771484375,-1,-1,-1,-1
65,8,247.14407348632812,558.0455932617188,444.8892517089844,545.2517700195312,-1,-1,-1,-1
66,8,314.06475830078125,596.1270141601562,392.0914306640625,552.4912719726562,-1,-1,-1,-1
67,8,354.8866882324219,606.7032470703125,347.6689147949219,542.7698974609375,-1,-1,-1,-1
68,8,374.167724609375,575.202392578125,309.74371337890625,532.8541259765625,-1,-1,-1,-1
69,8,428.97857666015625,545.3553466796875,292.25701904296875,497.4053955078125,-1,-1,-1,-1
70,8,466.3247985839844,540.2366943359375,315.4969177246094,426.205810546875,-1,-1,-1,-1
71,8,454.35174560546875,553.05615234375,350.76129150390625,382.25445556640625,-1,-1,-1,-1
72,8,401.171142578125,551.5594482421875,430.650146484375,387.08697509765625,-1,-1,-1,-1
73,8,371.47900390625,548.8663330078125,422.89788818359375,397.40399169921875,-1,-1,-1,-1
74,8,379.9681701660156,537.2997436523438,411.5515441894531,414.2760009765625,-1,-1,-1,-1
75,8,396.0536804199219,532.17724609375,412.8238220214844,415.44989013671875,-1,-1,-1,-1
76,8,399.16278076171875,543.8541259765625,416.21502685546875,393.04736328125,-1,-1,-1,-1
77,8,386.4483947753906,541.2067260742188,399.9256286621094,367.03485107421875,-1,-1,-1,-1
78,8,387.6302185058594,541.079833984375,381.6852111816406,339.04974365234375,-1,-1,-1,-1
79,8,404.0107116699219,551.3223266601562,323.1211242675781,320.95245361328125,-1,-1,-1,-1
80,8,418.68963623046875,539.5950927734375,245.75335693359375,333.632568359375,-1,-1,-1,-1
81,8,461.8801574707031,539.8759765625,221.78384399414062,321.58343505859375,-1,-1,-1,-1
82,8,522.4917602539062,534.183837890625,204.0015869140625,306.1441650390625,-1,-1,-1,-1
83,8,578.0394897460938,529.857666015625,208.99652099609375,289.4371337890625,-1,-1,-1,-1
84,8,632.9387817382812,546.9396362304688,203.4700927734375,261.072021484375,-1,-1,-1,-1
85,8,679.3960571289062,555.6981811523438,189.83978271484375,248.3616943359375,-1,-1,-1,-1
86,8,710.8189086914062,566.5076904296875,184.737060546875,233.27020263671875,-1,-1,-1,-1
87,8,732.8804321289062,564.2716674804688,176.61395263671875,226.635498046875,-1,-1,-1,-1
88,8,739.743408203125,552.6060180664062,176.745361328125,233.937744140625,-1,-1,-1,-1
89,8,749.0211181640625,545.0054931640625,170.3214111328125,237.005126953125,-1,-1,-1,-1
90,8,765.7485961914062,544.6522216796875,164.13787841796875,237.58331298828125,-1,-1,-1,-1
91,8,777.7430419921875,532.3705444335938,171.52569580078125,248.98046875,-1,-1,-1,-1
92,8,784.3582763671875,530.7158813476562,185.050048828125,246.627685546875,-1,-1,-1,-1
93,8,792.7908935546875,528.8875732421875,182.88720703125,238.705810546875,-1,-1,-1,-1
94,8,803.6386108398438,514.13818359375,167.64422607421875,245.4931640625,-1,-1,-1,-1
95,8,822.27294921875,526.7473754882812,135.94085693359375,238.4971923828125,-1,-1,-1,-1
96,8,859.7116088867188,532.380615234375,141.07257080078125,238.3175048828125,-1,-1,-1,-1
97,8,904.4232788085938,525.4010009765625,159.46942138671875,247.57965087890625,-1,-1,-1,-1
98,8,936.6431274414062,510.1148986816406,164.47100830078125,255.96487426757812,-1,-1,-1,-1
99,8,949.0798950195312,527.1980590820312,166.40191650390625,235.06072998046875,-1,-1,-1,-1
100,8,946.3204956054688,523.6395874023438,152.36846923828125,240.50537109375,-1,-1,-1,-1
101,8,947.9594116210938,519.4191284179688,117.79644775390625,234.4388427734375,-1,-1,-1,-1
102,8,948.3201904296875,504.5467834472656,125.9033203125,233.00070190429688,-1,-1,-1,-1
103,8,948.2946166992188,497.80169677734375,134.28094482421875,234.33575439453125,-1,-1,-1,-1
104,8,953.1633911132812,495.2826232910156,131.71795654296875,234.81979370117188,-1,-1,-1,-1
105,8,963.2962646484375,516.3018188476562,110.3721923828125,213.96038818359375,-1,-1,-1,-1
106,8,950.0626831054688,501.24957275390625,104.62139892578125,230.60113525390625,-1,-1,-1,-1
107,8,907.3739013671875,493.7654113769531,145.1829833984375,236.91293334960938,-1,-1,-1,-1
108,8,861.8023071289062,502.1549377441406,189.77044677734375,217.39840698242188,-1,-1,-1,-1
109,8,862.8023071289062,481.9813537597656,180.57391357421875,250.03317260742188,-1,-1,-1,-1
110,8,857.7122192382812,479.4506530761719,161.30902099609375,252.31295776367188,-1,-1,-1,-1
111,8,826.7403564453125,489.6645812988281,166.0992431640625,241.21273803710938,-1,-1,-1,-1
112,8,805.0135498046875,478.0134582519531,177.05352783203125,254.00949096679688,-1,-1,-1,-1
113,8,817.2830810546875,470.4173583984375,185.6707763671875,282.4100341796875,-1,-1,-1,-1
114,8,817.991455078125,458.2369689941406,183.56646728515625,314.1119689941406,-1,-1,-1,-1
115,8,804.39697265625,437.4768981933594,167.3294677734375,354.1150207519531,-1,-1,-1,-1
116,8,786.7972412109375,428.5958251953125,164.90362548828125,361.372802734375,-1,-1,-1,-1
117,8,746.7275390625,412.9933166503906,196.01080322265625,372.8632507324219,-1,-1,-1,-1
118,8,685.3060302734375,395.6722412109375,255.06719970703125,389.23760986328125,-1,-1,-1,-1
119,8,641.2860107421875,374.750732421875,306.48748779296875,425.38446044921875,-1,-1,-1,-1
120,8,606.2260131835938,359.15863037109375,395.9093017578125,506.12847900390625,-1,-1,-1,-1
121,8,575.1657104492188,361.38140869140625,466.66815185546875,577.2130737304688,-1,-1,-1,-1
18,9,1078.711181640625,406.29888916015625,333.6651611328125,636.3267211914062,-1,-1,-1,-1
19,9,1135.7313232421875,460.3204040527344,190.5830078125,352.9535217285156,-1,-1,-1,-1
20,9,932.2774047851562,565.2916259765625,185.62127685546875,225.3216552734375,-1,-1,-1,-1
20,10,1319.4019775390625,490.93548583984375,132.6522216796875,384.6541748046875,-1,-1,-1,-1
21,10,1217.134521484375,514.7623901367188,164.175048828125,325.92376708984375,-1,-1,-1,-1
40,11,1247.0472412109375,253.09347534179688,167.7044677734375,411.6751403808594,-1,-1,-1,-1
41,11,1115.989501953125,187.4796142578125,191.4732666015625,403.640380859375,-1,-1,-1,-1
42,11,990.141357421875,151.80677795410156,177.993896484375,396.98626708984375,-1,-1,-1,-1
43,11,890.88818359375,126.62446594238281,153.5716552734375,372.344482421875,-1,-1,-1,-1
44,11,800.065673828125,121.84485626220703,136.09326171875,347.4806823730469,-1,-1,-1,-1
45,11,730.579833984375,76.80162048339844,128.3046875,376.2513427734375,-1,-1,-1,-1
46,11,667.5934448242188,67.48468017578125,147.161865234375,369.3299560546875,-1,-1,-1,-1
47,11,605.2000732421875,77.41694641113281,171.6253662109375,364.5889892578125,-1,-1,-1,-1
48,11,578.41162109375,58.134063720703125,176.4825439453125,378.30181884765625,-1,-1,-1,-1
49,11,547.237060546875,66.70685577392578,171.95709228515625,364.96014404296875,-1,-1,-1,-1
50,11,497.21624755859375,70.3114013671875,164.2001953125,357.11993408203125,-1,-1,-1,-1
51,11,451.3804931640625,77.00093078613281,158.5574951171875,341.95050048828125,-1,-1,-1,-1
52,11,412.49334716796875,90.44981384277344,170.46826171875,332.87689208984375,-1,-1,-1,-1
53,11,344.549560546875,105.65123748779297,184.40704345703125,321.00787353515625,-1,-1,-1,-1
54,11,263.6923828125,120.4759292602539,172.08203125,303.89154052734375,-1,-1,-1,-1
44,12,1037.5430908203125,145.08323669433594,344.2620849609375,533.3071899414062,-1,-1,-1,-1
45,12,964.8997802734375,99.3862075805664,392.37109375,529.4459228515625,-1,-1,-1,-1
46,12,899.1280517578125,60.96536636352539,400.88330078125,524.5450439453125,-1,-1,-1,-1
47,12,856.6229248046875,49.75360870361328,356.1656494140625,496.81915283203125,-1,-1,-1,-1
48,12,840.5955200195312,46.67124938964844,267.88970947265625,456.46343994140625,-1,-1,-1,-1
49,12,818.3342895507812,48.670074462890625,193.0538330078125,445.1960754394531,-1,-1,-1,-1
50,12,764.7844848632812,57.22911834716797,166.40167236328125,435.39794921875,-1,-1,-1,-1
51,12,714.782958984375,56.60508728027344,175.0128173828125,426.29412841796875,-1,-1,-1,-1
52,12,664.5475463867188,63.45673370361328,192.12579345703125,414.87017822265625,-1,-1,-1,-1
53,12,592.6729125976562,60.262550354003906,228.587158203125,410.8787841796875,-1,-1,-1,-1
54,12,500.283447265625,46.53900909423828,251.411865234375,396.3521728515625,-1,-1,-1,-1
55,12,360.69659423828125,36.331031799316406,274.9376220703125,352.8841247558594,-1,-1,-1,-1
56,12,223.1404266357422,44.58342742919922,257.2431640625,282.6223449707031,-1,-1,-1,-1
57,12,115.98661041259766,47.72673034667969,186.07931518554688,257.95684814453125,-1,-1,-1,-1
58,12,19.506103515625,-10.115478515625,190.11138916015625,309.909423828125,-1,-1,-1,-1
59,12,5.5874857902526855,-58.11178207397461,172.3561248779297,389.47845458984375,-1,-1,-1,-1
60,12,31.17862892150879,129.8881072998047,135.0011444091797,263.627685546875,-1,-1,-1,-1
61,12,10.222251892089844,205.9317169189453,227.17440795898438,268.66058349609375,-1,-1,-1,-1
62,12,143.00267028808594,308.822509765625,260.80816650390625,251.50665283203125,-1,-1,-1,-1
63,12,394.0467834472656,399.27880859375,201.38650512695312,210.5999755859375,-1,-1,-1,-1
64,12,574.4360961914062,447.75390625,172.54803466796875,198.71954345703125,-1,-1,-1,-1
65,12,640.3139038085938,486.5110778808594,187.32037353515625,205.64791870117188,-1,-1,-1,-1
66,12,684.2007446289062,520.538818359375,190.18109130859375,215.4139404296875,-1,-1,-1,-1
67,12,703.5924072265625,529.1542358398438,207.12799072265625,229.82830810546875,-1,-1,-1,-1
68,12,704.1575927734375,524.8904418945312,218.5413818359375,244.89593505859375,-1,-1,-1,-1
69,12,721.4312744140625,513.0599975585938,215.09918212890625,255.31988525390625,-1,-1,-1,-1
70,12,768.9144897460938,513.4031982421875,179.38592529296875,254.16766357421875,-1,-1,-1,-1
71,12,789.6602783203125,517.6192626953125,159.13671875,258.54510498046875,-1,-1,-1,-1
72,12,766.9437255859375,522.8309326171875,162.41326904296875,266.01617431640625,-1,-1,-1,-1
73,12,743.1949462890625,521.7779541015625,185.6806640625,286.95208740234375,-1,-1,-1,-1
74,12,730.73291015625,514.7545776367188,219.1607666015625,304.7220458984375,-1,-1,-1,-1
75,12,709.8450927734375,504.99176025390625,272.1802978515625,316.00030517578125,-1,-1,-1,-1
76,12,726.6727294921875,499.6231689453125,294.1865234375,319.1778564453125,-1,-1,-1,-1
77,12,729.8594360351562,506.66455078125,302.01751708984375,303.9127197265625,-1,-1,-1,-1
78,12,758.2940063476562,504.3773498535156,284.97613525390625,303.5033874511719,-1,-1,-1,-1
79,12,769.198486328125,506.8865051269531,283.9490966796875,319.0898132324219,-1,-1,-1,-1
80,12,771.6484985351562,512.1462097167969,307.38226318359375,375.1283874511719,-1,-1,-1,-1
81,12,791.4329223632812,514.2181396484375,317.22979736328125,413.42449951171875,-1,-1,-1,-1
82,12,863.359375,509.63079833984375,312.5098876953125,425.9161376953125,-1,-1,-1,-1
83,12,985.5,505.8319091796875,283.558349609375,444.385986328125,-1,-1,-1,-1
84,12,1100.684326171875,498.076904296875,251.965087890625,465.896728515625,-1,-1,-1,-1
85,12,1142.149658203125,498.7653503417969,268.5057373046875,529.03271484375,-1,-1,-1,-1
86,12,1176.8153076171875,496.57110595703125,238.6246337890625,515.95361328125,-1,-1,-1,-1
87,12,1210.697265625,508.88214111328125,238.9761962890625,495.89141845703125,-1,-1,-1,-1
88,12,1229.8941650390625,529.8560180664062,241.70947265625,479.89056396484375,-1,-1,-1,-1
89,12,1249.6763916015625,571.0908203125,165.53662109375,427.1697998046875,-1,-1,-1,-1
90,12,1266.3892822265625,588.9998168945312,246.1702880859375,441.83782958984375,-1,-1,-1,-1
53,13,728.0234375,1185.9046630859375,232.522705078125,237.57958984375,-1,-1,-1,-1
54,13,684.2243041992188,1146.741455078125,305.80316162109375,278.5078125,-1,-1,-1,-1
55,13,710.8014526367188,1090.123779296875,292.31268310546875,323.8839111328125,-1,-1,-1,-1
56,13,442.07171630859375,1015.4351196289062,564.903564453125,409.46026611328125,-1,-1,-1,-1
57,13,318.0522766113281,957.7586669921875,875.625732421875,467.7799072265625,-1,-1,-1,-1
58,13,367.4446716308594,928.4498291015625,764.2520751953125,462.7933349609375,-1,-1,-1,-1
59,13,153.0316162109375,891.121826171875,1159.9405517578125,550.1669921875,-1,-1,-1,-1
60,13,331.25958251953125,917.32373046875,1010.9229125976562,520.1920166015625,-1,-1,-1,-1
61,13,546.0438232421875,1010.9464111328125,731.7431640625,402.5115966796875,-1,-1,-1,-1
62,13,772.2967529296875,1132.5909423828125,428.9342041015625,280.28759765625,-1,-1,-1,-1
63,13,867.574951171875,1267.261474609375,278.97705078125,155.3990478515625,-1,-1,-1,-1
55,14,141.12399291992188,141.04379272460938,170.98733520507812,283.5346374511719,-1,-1,-1,-1
62,15,2.203523635864258,444.2943115234375,204.66168212890625,206.36993408203125,-1,-1,-1,-1
63,15,197.84500122070312,463.7376708984375,192.643310546875,203.69970703125,-1,-1,-1,-1
64,15,343.8720397949219,469.47100830078125,173.70254516601562,207.01904296875,-1,-1,-1,-1
65,15,420.0127868652344,476.0363464355469,157.14248657226562,244.34658813476562,-1,-1,-1,-1
66,15,466.3041076660156,542.876953125,129.83071899414062,221.578857421875,-1,-1,-1,-1
67,15,469.10784912109375,555.6312866210938,111.552978515625,198.48321533203125,-1,-1,-1,-1
68,15,455.5028076171875,559.753173828125,163.094482421875,213.3255615234375,-1,-1,-1,-1
69,15,488.9382629394531,528.8157958984375,73.65908813476562,141.170166015625,-1,-1,-1,-1
70,15,534.077392578125,521.5,52.76898193359375,98.55560302734375,-1,-1,-1,-1
71,15,503.7521667480469,537.5654907226562,113.88461303710938,127.30645751953125,-1,-1,-1,-1
72,15,454.0966491699219,560.2582397460938,89.16482543945312,153.08984375,-1,-1,-1,-1
73,15,393.3610534667969,566.3074340820312,98.00018310546875,194.6683349609375,-1,-1,-1,-1
74,15,353.7291564941406,569.8841552734375,105.71881103515625,197.84228515625,-1,-1,-1,-1
75,15,315.4468994140625,573.7938842773438,141.8759765625,203.90838623046875,-1,-1,-1,-1
76,15,276.5433654785156,594.9388427734375,155.88143920898438,185.35107421875,-1,-1,-1,-1
77,15,243.7296905517578,574.7484741210938,162.5228729248047,199.5823974609375,-1,-1,-1,-1
78,15,217.51210021972656,574.3117065429688,168.3685760498047,191.24798583984375,-1,-1,-1,-1
79,15,207.17373657226562,597.3854370117188,157.24905395507812,173.07196044921875,-1,-1,-1,-1
80,15,193.10694885253906,609.9700927734375,136.51576232910156,176.22900390625,-1,-1,-1,-1
81,15,184.07069396972656,598.1773681640625,132.7257843017578,195.38470458984375,-1,-1,-1,-1
82,15,225.8478546142578,598.9866333007812,130.7605743408203,184.4029541015625,-1,-1,-1,-1
83,15,283.0314025878906,573.4488525390625,137.93984985351562,194.30908203125,-1,-1,-1,-1
84,15,332.708984375,566.5313720703125,138.30780029296875,189.5965576171875,-1,-1,-1,-1
85,15,371.47320556640625,572.3547973632812,121.6737060546875,178.4278564453125,-1,-1,-1,-1
86,15,390.6145324707031,571.90087890625,109.48660278320312,175.8114013671875,-1,-1,-1,-1
87,15,394.2115173339844,562.6204833984375,106.43777465820312,179.78948974609375,-1,-1,-1,-1
88,15,390.6158752441406,562.76171875,117.85308837890625,180.7330322265625,-1,-1,-1,-1
89,15,369.3047180175781,556.8853759765625,141.03146362304688,197.0919189453125,-1,-1,-1,-1
90,15,357.1509704589844,556.2849731445312,162.34280395507812,203.05535888671875,-1,-1,-1,-1
91,15,369.4192199707031,556.0225830078125,159.32986450195312,208.26092529296875,-1,-1,-1,-1
92,15,381.893310546875,553.2401733398438,145.83612060546875,208.1834716796875,-1,-1,-1,-1
93,15,400.34259033203125,561.1148681640625,124.6522216796875,195.0130615234375,-1,-1,-1,-1
94,15,408.7391662597656,559.4827270507812,109.85513305664062,193.26153564453125,-1,-1,-1,-1
95,15,425.3505554199219,554.8956298828125,119.66409301757812,213.436767578125,-1,-1,-1,-1
96,15,465.6143798828125,554.3274536132812,116.51953125,220.0238037109375,-1,-1,-1,-1
97,15,510.93328857421875,557.4075317382812,112.4305419921875,218.119873046875,-1,-1,-1,-1
98,15,524.2388916015625,537.3787231445312,115.429443359375,234.18133544921875,-1,-1,-1,-1
99,15,534.7670288085938,532.9049682617188,99.64556884765625,235.352294921875,-1,-1,-1,-1
100,15,527.7338256835938,532.51171875,100.53173828125,234.404052734375,-1,-1,-1,-1
101,15,517.300048828125,536.4407958984375,115.4581298828125,245.45538330078125,-1,-1,-1,-1
102,15,494.54913330078125,516.0576782226562,145.05572509765625,285.73193359375,-1,-1,-1,-1
103,15,487.5200500488281,504.97576904296875,154.28195190429688,304.673095703125,-1,-1,-1,-1
104,15,468.659423828125,503.215087890625,156.976806640625,302.12750244140625,-1,-1,-1,-1
105,15,463.09600830078125,504.22601318359375,158.04510498046875,301.18804931640625,-1,-1,-1,-1
106,15,471.1968688964844,499.6455993652344,150.93063354492188,343.9777526855469,-1,-1,-1,-1
107,15,461.1604309082031,486.82550048828125,151.80087280273438,402.01727294921875,-1,-1,-1,-1
108,15,439.0619201660156,475.7144775390625,162.38082885742188,454.7744140625,-1,-1,-1,-1
109,15,410.9434509277344,475.92529296875,164.89041137695312,476.28302001953125,-1,-1,-1,-1
110,15,353.01019287109375,474.0325927734375,188.53106689453125,479.99530029296875,-1,-1,-1,-1
111,15,283.3302307128906,476.41680908203125,222.18582153320312,500.43017578125,-1,-1,-1,-1
112,15,229.489013671875,466.2362060546875,250.27203369140625,623.1439208984375,-1,-1,-1,-1
113,15,169.43121337890625,464.750732421875,296.49810791015625,726.8585205078125,-1,-1,-1,-1
114,15,107.0288314819336,479.7503967285156,337.2019348144531,728.7674560546875,-1,-1,-1,-1
115,15,54.86882019042969,495.12835693359375,378.74462890625,718.3388061523438,-1,-1,-1,-1
116,15,41.60991668701172,490.77337646484375,385.1785583496094,736.9070434570312,-1,-1,-1,-1
117,15,-9.6669921875,488.1555480957031,626.65673828125,928.497802734375,-1,-1,-1,-1
118,15,-2.179309844970703,436.327392578125,630.2789306640625,988.5240478515625,-1,-1,-1,-1
119,15,-35.84792709350586,631.1577758789062,673.5104370117188,793.6388549804688,-1,-1,-1,-1
120,15,-33.587890625,703.9133911132812,686.1909790039062,738.2979125976562,-1,-1,-1,-1
121,15,-113.76741027832031,761.2874755859375,784.5772705078125,696.71435546875,-1,-1,-1,-1
65,16,80.26358032226562,837.50048828125,726.7764892578125,573.49267578125,-1,-1,-1,-1
66,16,262.92724609375,921.081787109375,633.9217529296875,491.3839111328125,-1,-1,-1,-1
67,16,343.3291931152344,914.6841430664062,567.401123046875,513.6760864257812,-1,-1,-1,-1
