1,1,396.712158203125,588.1282958984375,111.4041748046875,296.85174560546875,-1,-1,-1,-1
2,1,378.30694580078125,600.488525390625,114.966552734375,298.09564208984375,-1,-1,-1,-1
3,1,384.6436767578125,601.3104858398438,116.13821411132812,301.31097412109375,-1,-1,-1,-1
4,1,441.5551452636719,598.5322265625,115.14541625976562,294.56640625,-1,-1,-1,-1
5,1,513.0693969726562,596.552978515625,113.93585205078125,289.370849609375,-1,-1,-1,-1
6,1,567.5325927734375,601.0284423828125,113.68267822265625,281.7080078125,-1,-1,-1,-1
7,1,598.0030517578125,604.9244384765625,114.8316650390625,279.0404052734375,-1,-1,-1,-1
8,1,615.9547729492188,613.1475830078125,118.420654296875,273.6558837890625,-1,-1,-1,-1
9,1,623.3323364257812,613.8680419921875,121.39862060546875,271.77716064453125,-1,-1,-1,-1
10,1,624.0960693359375,613.18017578125,126.42340087890625,270.4442138671875,-1,-1,-1,-1
11,1,619.5503540039062,606.0820922851562,130.77386474609375,274.78021240234375,-1,-1,-1,-1
12,1,610.5448608398438,603.21728515625,132.2440185546875,276.15313720703125,-1,-1,-1,-1
13,1,592.8045043945312,597.370361328125,134.56268310546875,280.49774169921875,-1,-1,-1,-1
14,1,579.346435546875,595.2904663085938,134.516357421875,281.368896484375,-1,-1,-1,-1
15,1,578.9814453125,588.4462890625,136.38330078125,287.51727294921875,-1,-1,-1,-1
16,1,575.1058959960938,578.597412109375,139.24859619140625,293.135498046875,-1,-1,-1,-1
17,1,563.9871826171875,563.4908447265625,140.25836181640625,296.27783203125,-1,-1,-1,-1
18,1,527.767578125,540.7437133789062,143.0430908203125,298.47216796875,-1,-1,-1,-1
19,1,476.5832824707031,537.6970825195312,138.92910766601562,304.27484130859375,-1,-1,-1,-1
20,1,438.72845458984375,534.5941772460938,142.85797119140625,305.40692138671875,-1,-1,-1,-1
21,1,424.00775146484375,533.0704345703125,148.73822021484375,305.18853759765625,-1,-1,-1,-1
22,1,414.77587890625,530.8975830078125,153.35125732421875,311.42474365234375,-1,-1,-1,-1
23,1,395.90008544921875,518.56494140625,160.05548095703125,319.02545166015625,-1,-1,-1,-1
24,1,370.4148864746094,505.129638671875,167.32839965820312,326.97198486328125,-1,-1,-1,-1
25,1,363.9324951171875,490.45074462890625,173.11761474609375,332.22735595703125,-1,-1,-1,-1
26,1,353.6846923828125,491.18603515625,179.01507568359375,334.04644775390625,-1,-1,-1,-1
27,1,371.0340881347656,490.3253173828125,184.65713500976562,330.06414794921875,-1,-1,-1,-1
28,1,437.3580627441406,485.3096923828125,185.73916625976562,320.64642333984375,-1,-1,-1,-1
29,1,512.6462707519531,493.91912841796875,180.62130737304688,314.20501708984375,-1,-1,-1,-1
30,1,518.1483764648438,494.5548400878906,180.46832275390625,317.4081726074219,-1,-1,-1,-1
31,1,466.4412841796875,488.881591796875,187.14111328125,324.3853759765625,-1,-1,-1,-1
32,1,413.3995056152344,470.50457763671875,193.10238647460938,329.56829833984375,-1,-1,-1,-1
33,1,379.5303039550781,466.8559875488281,196.99490356445312,330.9588928222656,-1,-1,-1,-1
34,1,354.97979736328125,468.2125244140625,200.2989501953125,330.345703125,-1,-1,-1,-1
35,1,346.5288391113281,488.7890930175781,192.81240844726562,321.9964294433594,-1,-1,-1,-1
36,1,307.7873840332031,526.4922485351562,203.97171020507812,324.449462890625,-1,-1,-1,-1
37,1,226.91529846191406,542.9315185546875,246.6687774658203,331.64691162109375,-1,-1,-1,-1
38,1,132.8475799560547,492.26617431640625,301.95965576171875,358.8165283203125,-1,-1,-1,-1
39,1,61.16270065307617,475.4433898925781,330.8063659667969,388.5517272949219,-1,-1,-1,-1
40,1,-8.308409690856934,411.66693115234375,366.9389343261719,417.78448486328125,-1,-1,-1,-1
41,1,-10.649587631225586,348.0849609375,320.5936279296875,432.556640625,-1,-1,-1,-1
42,1,-5.019936561584473,331.7255859375,235.05174255371094,453.39056396484375,-1,-1,-1,-1
43,1,-13.060333251953125,366.24395751953125,138.95339965820312,460.4951171875,-1,-1,-1,-1
44,1,-84.00756072998047,284.5997009277344,222.42242431640625,583.31201171875,-1,-1,-1,-1
45,1,-150.93954467773438,404.1999206542969,320.11346435546875,503.8769226074219,-1,-1,-1,-1
46,1,-146.8189239501953,385.4565124511719,372.3814697265625,492.7333679199219,-1,-1,-1,-1
47,1,-11.358729362487793,371.43536376953125,327.30419921875,484.97601318359375,-1,-1,-1,-1
48,1,145.54156494140625,364.64678955078125,265.7598571777344,436.23358154296875,-1,-1,-1,-1
49,1,262.4923400878906,360.8387756347656,232.13473510742188,386.6173400878906,-1,-1,-1,-1
50,1,335.05767822265625,368.5097961425781,232.78863525390625,364.9939880371094,-1,-1,-1,-1
51,1,379.0427551269531,389.50885009765625,243.96273803710938,353.36700439453125,-1,-1,-1,-1
52,1,442.84173583984375,410.17877197265625,240.40374755859375,343.54559326171875,-1,-1,-1,-1
53,1,488.37762451171875,421.98046875,235.71380615234375,337.36102294921875,-1,-1,-1,-1
54,1,525.40478515625,400.05377197265625,226.80316162109375,363.20782470703125,-1,-1,-1,-1
55,1,561.697998046875,409.00323486328125,195.3896484375,366.65472412109375,-1,-1,-1,-1
56,1,604.3689575195312,430.359619140625,171.033203125,365.190673828125,-1,-1,-1,-1
57,1,620.3426513671875,464.20086669921875,174.09234619140625,361.28668212890625,-1,-1,-1,-1
58,1,622.2112426757812,462.7327880859375,195.5697021484375,376.962890625,-1,-1,-1,-1
59,1,614.6973266601562,488.5137023925781,225.53485107421875,370.0656433105469,-1,-1,-1,-1
60,1,599.960693359375,514.7010498046875,259.51678466796875,353.854248046875,-1,-1,-1,-1
61,1,574.7294311523438,540.9795532226562,299.3751220703125,338.58636474609375,-1,-1,-1,-1
62,1,573.3215942382812,571.587890625,318.74468994140625,314.5169677734375,-1,-1,-1,-1
63,1,604.63134765625,609.6676025390625,284.544677734375,304.635498046875,-1,-1,-1,-1
64,1,632.5974731445312,595.5860595703125,259.07086181640625,316.94866943359375,-1,-1,-1,-1
65,1,616.2841186523438,556.9163208007812,318.69818115234375,336.3118896484375,-1,-1,-1,-1
66,1,586.900634765625,552.13525390625,415.67578125,362.84576416015625,-1,-1,-1,-1
67,1,581.27197265625,569.8680419921875,525.81103515625,396.201171875,-1,-1,-1,-1
68,1,578.6154174804688,583.3634033203125,595.8899536132812,414.1329345703125,-1,-1,-1,-1
69,1,580.2999267578125,543.099365234375,607.4068603515625,419.0367431640625,-1,-1,-1,-1
70,1,630.4785766601562,541.6135864257812,665.1062622070312,467.93182373046875,-1,-1,-1,-1
71,1,606.4673461914062,545.0867919921875,793.8773803710938,517.5274658203125,-1,-1,-1,-1
72,1,579.8289184570312,565.896484375,849.9138793945312,562.41455078125,-1,-1,-1,-1
73,1,590.6151123046875,595.901611328125,897.3524169921875,623.788818359375,-1,-1,-1,-1
74,1,658.5400390625,651.08154296875,794.3092041015625,643.9256591796875,-1,-1,-1,-1
75,1,822.0189208984375,760.5399780273438,651.5308837890625,580.2527465820312,-1,-1,-1,-1
1,2,815.3275756835938,584.6608276367188,124.39697265625,353.25244140625,-1,-1,-1,-1
2,2,795.9610595703125,589.298095703125,127.0931396484375,348.6669921875,-1,-1,-1,-1
3,2,795.49169921875,592.69482421875,141.35723876953125,339.95074462890625,-1,-1,-1,-1
4,2,832.6304321289062,594.6154174804688,172.43511962890625,332.19500732421875,-1,-1,-1,-1
5,2,888.608642578125,596.1936645507812,204.3291015625,338.65423583984375,-1,-1,-1,-1
6,2,942.2047119140625,603.1144409179688,219.9339599609375,349.28155517578125,-1,-1,-1,-1
7,2,974.7901000976562,612.9874267578125,224.87591552734375,352.42706298828125,-1,-1,-1,-1
8,2,997.6404418945312,616.5347290039062,226.28399658203125,358.12103271484375,-1,-1,-1,-1
9,2,1012.5361328125,619.3606567382812,208.8267822265625,354.404296875,-1,-1,-1,-1
10,2,1017.0302734375,615.9312133789062,183.01025390625,352.23187255859375,-1,-1,-1,-1
11,2,1014.802001953125,614.60791015625,153.2193603515625,352.59381103515625,-1,-1,-1,-1
12,2,1005.5093383789062,603.6993408203125,142.43548583984375,361.736083984375,-1,-1,-1,-1
13,2,984.2608642578125,597.1116943359375,138.423583984375,364.07012939453125,-1,-1,-1,-1
14,2,954.3583984375,591.3142700195312,147.2852783203125,366.31695556640625,-1,-1,-1,-1
15,2,931.880126953125,583.160400390625,170.036376953125,373.6357421875,-1,-1,-1,-1
16,2,916.5675659179688,568.9345703125,182.26251220703125,383.05731201171875,-1,-1,-1,-1
17,2,894.72314453125,557.7984619140625,191.2293701171875,386.48876953125,-1,-1,-1,-1
18,2,852.3848266601562,540.0267944335938,191.46429443359375,388.662353515625,-1,-1,-1,-1
19,2,801.1510009765625,532.3680419921875,176.25689697265625,390.4598388671875,-1,-1,-1,-1
20,2,776.061279296875,535.7662353515625,163.248779296875,393.998046875,-1,-1,-1,-1
21,2,766.439208984375,535.8712158203125,160.71600341796875,401.04193115234375,-1,-1,-1,-1
22,2,761.9478759765625,532.8095092773438,159.73779296875,414.471923828125,-1,-1,-1,-1
23,2,749.1326904296875,516.711669921875,162.9537353515625,428.51458740234375,-1,-1,-1,-1
24,2,734.9193115234375,504.2848205566406,175.2874755859375,435.1992492675781,-1,-1,-1,-1
25,2,732.56689453125,495.66180419921875,190.6314697265625,436.62200927734375,-1,-1,-1,-1
26,2,728.8239135742188,489.3849182128906,197.64697265625,440.4316711425781,-1,-1,-1,-1
27,2,748.845947265625,484.8924865722656,205.099365234375,452.2995910644531,-1,-1,-1,-1
28,2,808.17822265625,463.6592102050781,219.8663330078125,486.3719787597656,-1,-1,-1,-1
29,2,882.4248657226562,462.9007263183594,233.71319580078125,522.261474609375,-1,-1,-1,-1
30,2,885.40380859375,483.2861633300781,253.6619873046875,540.153564453125,-1,-1,-1,-1
31,2,814.1043701171875,487.3697509765625,281.4039306640625,540.8621826171875,-1,-1,-1,-1
32,2,768.8576049804688,488.337158203125,282.94451904296875,547.448974609375,-1,-1,-1,-1
33,2,747.1627197265625,501.3036193847656,279.5950927734375,552.9385986328125,-1,-1,-1,-1
34,2,738.3527221679688,499.1893310546875,281.67291259765625,568.314697265625,-1,-1,-1,-1
35,2,744.71142578125,493.4624938964844,297.4945068359375,597.688720703125,-1,-1,-1,-1
36,2,730.314697265625,514.6500244140625,306.4285888671875,616.9954833984375,-1,-1,-1,-1
37,2,694.3670654296875,531.6390380859375,320.44598388671875,621.831298828125,-1,-1,-1,-1
38,2,653.6209716796875,515.2657470703125,329.2835693359375,626.8233642578125,-1,-1,-1,-1
39,2,623.1708984375,515.7222290039062,353.54833984375,646.4419555664062,-1,-1,-1,-1
40,2,621.509521484375,493.0109558105469,345.9522705078125,678.742919921875,-1,-1,-1,-1
41,2,613.4664306640625,462.9999694824219,362.032470703125,734.9205322265625,-1,-1,-1,-1
42,2,606.8616943359375,426.4959411621094,392.6475830078125,790.091064453125,-1,-1,-1,-1
43,2,582.9772338867188,421.9820861816406,454.73638916015625,868.9263916015625,-1,-1,-1,-1
44,2,578.522216796875,390.8548889160156,513.4501953125,977.101806640625,-1,-1,-1,-1
45,2,592.7889404296875,370.05548095703125,613.5894775390625,1018.6050415039062,-1,-1,-1,-1
46,2,639.2778930664062,317.14239501953125,773.4505004882812,1060.126953125,-1,-1,-1,-1
47,2,773.28173828125,224.7222900390625,665.4376220703125,1034.0325927734375,-1,-1,-1,-1
48,2,950.3703002929688,320.0501403808594,468.60089111328125,883.817626953125,-1,-1,-1,-1
49,2,1114.049072265625,406.21636962890625,337.58349609375,715.0225219726562,-1,-1,-1,-1
4,3,-60.39577102661133,744.1123657226562,124.73755645751953,247.46173095703125,-1,-1,-1,-1
5,3,-24.129150390625,563.0963134765625,162.800048828125,451.09295654296875,-1,-1,-1,-1
6,3,57.4777946472168,570.9912719726562,153.39190673828125,415.94512939453125,-1,-1,-1,-1
7,3,129.76971435546875,575.927490234375,135.03546142578125,396.58612060546875,-1,-1,-1,-1
8,3,168.7168731689453,578.35546875,147.48399353027344,392.1109619140625,-1,-1,-1,-1
9,3,179.142578125,571.6524658203125,167.03204345703125,392.77789306640625,-1,-1,-1,-1
10,3,182.1525421142578,561.7777709960938,175.73863220214844,395.59246826171875,-1,-1,-1,-1
11,3,189.5460205078125,560.575927734375,165.3966064453125,382.9013671875,-1,-1,-1,-1
12,3,199.50579833984375,564.2426147460938,140.98138427734375,359.58795166015625,-1,-1,-1,-1
13,3,199.69723510742188,560.8402709960938,115.603271484375,353.9552001953125,-1,-1,-1,-1
14,3,192.28976440429688,553.6177978515625,108.08834838867188,361.71044921875,-1,-1,-1,-1
15,3,192.32861328125,545.9654541015625,140.29299926757812,367.794189453125,-1,-1,-1,-1
16,3,188.83566284179688,533.2832641601562,150.6680908203125,374.545654296875,-1,-1,-1,-1
17,3,171.7451629638672,518.1752319335938,167.8209686279297,377.19207763671875,-1,-1,-1,-1
18,3,128.1383819580078,507.9487609863281,162.3408660888672,373.3241271972656,-1,-1,-1,-1
19,3,59.29546356201172,527.5992431640625,158.18191528320312,375.6776123046875,-1,-1,-1,-1
20,3,13.278430938720703,529.7402954101562,153.43801879882812,371.18536376953125,-1,-1,-1,-1
21,3,0.44686126708984375,525.2334594726562,181.9376220703125,364.5828857421875,-1,-1,-1,-1
22,3,0.1756000518798828,515.8980712890625,186.37596130371094,365.31231689453125,-1,-1,-1,-1
23,3,-23.481597900390625,498.1695556640625,189.23162841796875,375.120361328125,-1,-1,-1,-1
24,3,-49.0325927734375,491.4579772949219,206.98123168945312,374.7558898925781,-1,-1,-1,-1
25,3,-41.72101974487305,460.3525085449219,209.16322326660156,383.4565124511719,-1,-1,-1,-1
26,3,-77.17478942871094,448.94342041015625,238.084228515625,394.30072021484375,-1,-1,-1,-1
27,3,-91.28632354736328,430.941162109375,265.631591796875,399.5174560546875,-1,-1,-1,-1
28,3,-15.469169616699219,419.5179748535156,230.32135009765625,391.9944763183594,-1,-1,-1,-1
29,3,37.95759582519531,437.0616455078125,279.20672607421875,372.73046875,-1,-1,-1,-1
30,3,49.649497985839844,456.3036804199219,262.2781982421875,370.8637390136719,-1,-1,-1,-1
31,3,-0.6742391586303711,475.7151794433594,234.59986877441406,382.6835632324219,-1,-1,-1,-1
32,3,-31.769268035888672,474.0938720703125,209.66111755371094,393.62640380859375,-1,-1,-1,-1
33,3,-83.689697265625,466.114990234375,234.02127075195312,411.44757080078125,-1,-1,-1,-1
34,3,-103.75216674804688,494.5635681152344,232.37496948242188,383.3952941894531,-1,-1,-1,-1
35,3,-125.96996307373047,523.6837158203125,255.05572509765625,369.17840576171875,-1,-1,-1,-1
36,3,-124.57768249511719,541.8258056640625,252.17718505859375,390.88250732421875,-1,-1,-1,-1
40,3,-141.3856201171875,408.8951721191406,286.1275634765625,430.4989929199219,-1,-1,-1,-1
41,3,-130.0355987548828,356.122802734375,263.49810791015625,420.01153564453125,-1,-1,-1,-1
49,4,-67.65120697021484,502.4179992675781,268.86431884765625,351.3913269042969,-1,-1,-1,-1
50,4,19.738624572753906,527.5892944335938,239.86474609375,294.59918212890625,-1,-1,-1,-1
51,4,38.524497985839844,507.8555908203125,243.37387084960938,324.53741455078125,-1,-1,-1,-1
52,4,80.21482849121094,469.233154296875,241.4729766845703,354.471435546875,-1,-1,-1,-1
53,4,135.5954132080078,461.6341552734375,211.91966247558594,356.7740478515625,-1,-1,-1,-1
54,4,178.29086303710938,444.1950378417969,180.0845947265625,356.4736633300781,-1,-1,-1,-1
55,4,232.7532958984375,445.8085632324219,149.03878784179688,349.8372497558594,-1,-1,-1,-1
56,4,270.53643798828125,463.00225830078125,141.3372802734375,347.151123046875,-1,-1,-1,-1
57,4,271.6395568847656,492.79766845703125,147.06698608398438,352.0919189453125,-1,-1,-1,-1
58,4,266.3409423828125,489.9106140136719,159.94058227539062,359.2178649902344,-1,-1,-1,-1
59,4,261.720703125,492.9754943847656,170.97744750976562,370.0848693847656,-1,-1,-1,-1
60,4,264.8625793457031,502.9494323730469,172.18719482421875,359.8999938964844,-1,-1,-1,-1
61,4,267.756103515625,494.55291748046875,172.48406982421875,359.88641357421875,-1,-1,-1,-1
62,4,272.5628967285156,492.34588623046875,165.92877197265625,352.27130126953125,-1,-1,-1,-1
63,4,245.40481567382812,504.95074462890625,166.06008911132812,361.15802001953125,-1,-1,-1,-1
64,4,208.05282592773438,475.15435791015625,166.89959716796875,388.18865966796875,-1,-1,-1,-1
65,4,160.7296142578125,435.6293640136719,182.896484375,408.9074401855469,-1,-1,-1,-1
66,4,112.99578094482422,435.5491943359375,190.41043090820312,424.6302490234375,-1,-1,-1,-1
67,4,92.94026184082031,436.9636535644531,197.48939514160156,429.0197448730469,-1,-1,-1,-1
68,4,307.35845947265625,439.34368896484375,291.235107421875,433.8604736328125,-1,-1,-1,-1
68,5,16.06883430480957,445.0221862792969,202.70538330078125,438.9416809082031,-1,-1,-1,-1
69,5,317.3921203613281,402.2420959472656,249.42843627929688,432.3309020996094,-1,-1,-1,-1
69,6,-93.18307495117188,420.3155517578125,208.11813354492188,416.92779541015625,-1,-1,-1,-1
70,6,210.40489196777344,461.4104919433594,226.3629913330078,306.1646423339844,-1,-1,-1,-1
79,7,562.4885864257812,409.1587219238281,42.51043701171875,72.71853637695312,-1,-1,-1,-1
80,7,570.0817260742188,374.8457946777344,48.95941162109375,77.47128295898438,-1,-1,-1,-1
81,7,601.6664428710938,410.10992431640625,31.79620361328125,55.61505126953125,-1,-1,-1,-1
82,7,602.0618896484375,415.3140563964844,44.92431640625,75.226318359375,-1,-1,-1,-1
83,7,588.21435546875,427.8262939453125,37.28253173828125,72.64889526367188,-1,-1,-1,-1
84,7,554.0883178710938,417.97906494140625,38.97296142578125,75.23489379882812,-1,-1,-1,-1
85,7,538.8283081054688,399.7223815917969,43.33001708984375,80.98776245117188,-1,-1,-1,-1
86,7,548.4375,397.80615234375,36.8311767578125,79.77005004882812,-1,-1,-1,-1
87,7,604.9963989257812,399.9248962402344,39.23681640625,79.97698974609375,-1,-1,-1,-1
88,7,673.2540893554688,425.1337890625,46.22509765625,69.72088623046875,-1,-1,-1,-1
89,8,-39.737606048583984,661.943359375,338.70440673828125,286.550537109375,-1,-1,-1,-1
90,8,-35.2418327331543,562.7051391601562,481.5005187988281,320.20501708984375,-1,-1,-1,-1
91,8,72.53720092773438,530.04931640625,423.1474609375,334.7135009765625,-1,-1,-1,-1
92,8,135.5251007080078,547.8080444335938,364.76611328125,308.45391845703125,-1,-1,-1,-1
93,8,217.29971313476562,544.6810302734375,296.23309326171875,293.41290283203125,-1,-1,-1,-1
94,8,250.7772216796875,500.9580078125,347.34246826171875,350.7392578125,-1,-1,-1,-1
95,8,303.0218505859375,538.8545532226562,356.11285400390625,318.5228271484375,-1,-1,-1,-1
96,8,329.9988708496094,544.6275634765625,352.0388488769531,322.58563232421875,-1,-1,-1,-1
97,8,381.42266845703125,537.92333984375,329.11016845703125,342.64373779296875,-1,-1,-1,-1
98,8,479.89556884765625,537.7255249023438,281.00286865234375,344.6605224609375,-1,-1,-1,-1
99,8,547.3330688476562,555.7310180664062,248.0718994140625,313.0748291015625,-1,-1,-1,-1
100,8,601.3673706054688,510.2404479980469,296.1973876953125,334.1733093261719,-1,-1,-1,-1
101,8,635.7178955078125,460.05511474609375,337.50592041015625,380.92755126953125,-1,-1,-1,-1
102,8,675.9378662109375,473.6481018066406,337.37982177734375,361.9913635253906,-1,-1,-1,-1
103,8,753.637939453125,492.6993713378906,285.519287109375,371.5296936035156,-1,-1,-1,-1
104,8,788.543701171875,492.80084228515625,222.8419189453125,382.0858154296875,-1,-1,-1,-1
105,8,773.1478271484375,458.78729248046875,250.0504150390625,408.00714111328125,-1,-1,-1,-1
106,8,725.6842651367188,441.83905029296875,290.13836669921875,411.6319580078125,-1,-1,-1,-1
107,8,664.7008666992188,434.4110107421875,307.74468994140625,367.950439453125,-1,-1,-1,-1
108,8,633.28662109375,400.606201171875,289.490234375,398.393310546875,-1,-1,-1,-1
109,8,590.1573486328125,416.72418212890625,274.0869140625,398.99072265625,-1,-1,-1,-1
110,8,596.6732788085938,450.4988098144531,242.72674560546875,406.6576843261719,-1,-1,-1,-1
111,8,619.8020629882812,453.5909729003906,287.60491943359375,433.1620788574219,-1,-1,-1,-1
112,8,625.9752197265625,450.4925231933594,310.16943359375,462.0443420410156,-1,-1,-1,-1
113,8,635.5330200195312,440.20556640625,310.17578125,467.74395751953125,-1,-1,-1,-1
114,8,673.2443237304688,470.81451416015625,301.58892822265625,463.92230224609375,-1,-1,-1,-1
115,8,688.6559448242188,516.31201171875,278.98095703125,449.549560546875,-1,-1,-1,-1
116,8,709.0950927734375,537.9791870117188,265.86358642578125,455.10302734375,-1,-1,-1,-1
117,8,722.53955078125,529.7366943359375,257.958984375,464.120849609375,-1,-1,-1,-1
118,8,728.8304443359375,475.1943054199219,261.968017578125,436.5901794433594,-1,-1,-1,-1
119,8,748.4817504882812,431.3164978027344,274.8975830078125,446.6024475097656,-1,-1,-1,-1
120,8,770.0086059570312,437.13818359375,260.27398681640625,481.80517578125,-1,-1,-1,-1
121,8,735.031494140625,406.4722900390625,300.414306640625,525.09716796875,-1,-1,-1,-1
100,9,-150.30218505859375,553.6430053710938,303.63006591796875,496.40338134765625,-1,-1,-1,-1
101,9,-102.15758514404297,620.485107421875,297.72576904296875,389.05645751953125,-1,-1,-1,-1
102,9,6.412530899047852,633.60693359375,257.1140441894531,359.69287109375,-1,-1,-1,-1
103,9,88.29524230957031,629.1046752929688,251.7622528076172,354.36175537109375,-1,-1,-1,-1
104,9,150.48291015625,617.5670166015625,244.95315551757812,349.6851806640625,-1,-1,-1,-1
105,9,167.15684509277344,539.7049560546875,234.0110626220703,350.1070556640625,-1,-1,-1,-1
106,9,154.6609344482422,517.8038940429688,170.31666564941406,332.748291015625,-1,-1,-1,-1
107,9,126.9577407836914,506.1031188964844,257.1542053222656,373.8683166503906,-1,-1,-1,-1
108,9,109.9180908203125,506.51617431640625,266.4501647949219,379.57733154296875,-1,-1,-1,-1
109,9,111.99219512939453,531.1220092773438,275.97845458984375,385.0009765625,-1,-1,-1,-1
110,9,171.13107299804688,532.7540283203125,259.2431640625,387.13134765625,-1,-1,-1,-1
111,9,238.76181030273438,533.15234375,253.32229614257812,387.452880859375,-1,-1,-1,-1
112,9,259.64898681640625,503.65692138671875,255.454345703125,401.34991455078125,-1,-1,-1,-1
113,9,295.97186279296875,464.53302001953125,253.61126708984375,415.29376220703125,-1,-1,-1,-1
114,9,354.95819091796875,474.53936767578125,252.2965087890625,426.2999267578125,-1,-1,-1,-1
115,9,370.52886962890625,504.0799255371094,263.9293212890625,447.9808044433594,-1,-1,-1,-1
116,9,393.138671875,515.4392700195312,267.12774658203125,470.54180908203125,-1,-1,-1,-1
117,9,400.7698059082031,489.1875305175781,274.7093200683594,500.5295104980469,-1,-1,-1,-1
118,9,402.74676513671875,392.6375427246094,288.6849365234375,537.126220703125,-1,-1,-1,-1
119,9,423.1705627441406,318.85888671875,303.2588806152344,579.3564453125,-1,-1,-1,-1
120,9,431.98126220703125,332.71221923828125,321.8494873046875,620.1691284179688,-1,-1,-1,-1
121,9,453.79681396484375,306.17547607421875,338.87066650390625,677.6403198242188,-1,-1,-1,-1
107,10,-3.7112045288085938,558.3812866210938,776.1581420898438,854.3508911132812,-1,-1,-1,-1
108,10,22.89820098876953,786.831787109375,821.003662109375,622.8890380859375,-1,-1,-1,-1
109,10,125.73236083984375,1019.3358764648438,811.9747924804688,390.09490966796875,-1,-1,-1,-1
111,11,-95.0193862915039,531.4134521484375,193.06796264648438,483.2659912109375,-1,-1,-1,-1
112,11,-45.33136749267578,579.0684204101562,118.06749725341797,400.8883056640625,-1,-1,-1,-1
113,11,-3.4413437843322754,544.9696044921875,98.32160949707031,384.70220947265625,-1,-1,-1,-1
114,11,0.1549968719482422,537.4014282226562,146.4193115234375,395.34820556640625,-1,-1,-1,-1
115,11,5.360147953033447,564.8272705078125,150.41673278808594,408.8302001953125,-1,-1,-1,-1
116,11,11.750988960266113,561.9393310546875,154.22300720214844,423.89739990234375,-1,-1,-1,-1
117,11,10.281774520874023,520.3755493164062,157.9752197265625,438.677001953125,-1,-1,-1,-1
118,11,6.809865951538086,421.3396911621094,165.20094299316406,452.6048278808594,-1,-1,-1,-1
119,11,15.89022445678711,340.804443359375,173.6052703857422,463.32366943359375,-1,-1,-1,-1
120,11,1.9872322082519531,366.72271728515625,177.9726104736328,483.28619384765625,-1,-1,-1,-1
121,11,-7.798223495483398,358.9319152832031,169.26268005371094,513.3380126953125,-1,-1,-1,-1
