1,1,644.363525390625,408.9365539550781,143.9766845703125,332.3168029785156,-1,-1,-1,-1
2,1,704.7399291992188,394.0941162109375,141.7191162109375,340.6895751953125,-1,-1,-1,-1
3,1,759.0665893554688,385.81182861328125,150.4805908203125,353.2423095703125,-1,-1,-1,-1
4,1,805.8551025390625,374.60150146484375,163.665283203125,366.37591552734375,-1,-1,-1,-1
5,1,835.2328491210938,386.75006103515625,175.73980712890625,363.30902099609375,-1,-1,-1,-1
6,1,860.787841796875,390.1549072265625,187.31689453125,365.3330078125,-1,-1,-1,-1
7,1,883.6961059570312,381.3655090332031,189.90008544921875,365.8670959472656,-1,-1,-1,-1
8,1,901.9675903320312,366.3388671875,189.82293701171875,373.7347412109375,-1,-1,-1,-1
9,1,914.042236328125,364.6435241699219,201.4844970703125,383.6346740722656,-1,-1,-1,-1
10,1,900.2265014648438,369.8615417480469,204.53192138671875,392.8169860839844,-1,-1,-1,-1
11,1,869.4050903320312,381.74810791015625,192.20977783203125,403.901123046875,-1,-1,-1,-1
12,1,838.5599365234375,370.5960388183594,182.931396484375,411.9048767089844,-1,-1,-1,-1
13,1,806.8253784179688,366.0989990234375,178.6749267578125,419.73297119140625,-1,-1,-1,-1
14,1,780.0977783203125,354.0771484375,172.11029052734375,425.92510986328125,-1,-1,-1,-1
15,1,760.4835815429688,362.9057312011719,167.95220947265625,435.6925354003906,-1,-1,-1,-1
16,1,745.7693481445312,386.3497009277344,159.406982421875,430.5732116699219,-1,-1,-1,-1
17,1,734.484130859375,416.96142578125,152.12811279296875,419.58966064453125,-1,-1,-1,-1
18,1,720.4749755859375,437.9662170410156,149.69805908203125,414.9775085449219,-1,-1,-1,-1
19,1,714.4569091796875,440.67681884765625,161.405029296875,414.552490234375,-1,-1,-1,-1
20,1,690.9570922851562,469.14495849609375,213.2054443359375,414.249755859375,-1,-1,-1,-1
21,1,668.3784790039062,475.165771484375,252.55010986328125,418.25848388671875,-1,-1,-1,-1
22,1,641.9201049804688,438.03692626953125,287.5966796875,428.155517578125,-1,-1,-1,-1
23,1,610.1512451171875,431.5733642578125,310.45574951171875,430.1641845703125,-1,-1,-1,-1
24,1,578.1389770507812,435.19049072265625,323.43023681640625,436.20758056640625,-1,-1,-1,-1
25,1,543.6135864257812,446.24102783203125,319.927734375,437.5689697265625,-1,-1,-1,-1
26,1,506.7803649902344,445.1531677246094,311.7651062011719,438.9284973144531,-1,-1,-1,-1
27,1,461.4431457519531,438.73828125,289.9329528808594,442.67694091796875,-1,-1,-1,-1
28,1,418.12005615234375,448.2376403808594,261.4327392578125,448.0321960449219,-1,-1,-1,-1
29,1,387.0592041015625,458.3489685058594,235.59735107421875,466.2713317871094,-1,-1,-1,-1
30,1,363.3681335449219,450.7679138183594,222.25662231445312,489.8269348144531,-1,-1,-1,-1
31,1,349.6212463378906,450.8579406738281,214.63333129882812,499.0766296386719,-1,-1,-1,-1
32,1,325.309814453125,456.2607116699219,232.66290283203125,498.2845764160156,-1,-1,-1,-1
33,1,312.45880126953125,457.7327880859375,240.62060546875,497.080810546875,-1,-1,-1,-1
34,1,316.99713134765625,463.1454772949219,235.34259033203125,498.5968322753906,-1,-1,-1,-1
35,1,315.3572998046875,467.09051513671875,235.60430908203125,506.48687744140625,-1,-1,-1,-1
36,1,313.2404479980469,451.6080017089844,237.31100463867188,516.777099609375,-1,-1,-1,-1
37,1,316.19256591796875,438.81689453125,238.6768798828125,523.2931518554688,-1,-1,-1,-1
38,1,326.48919677734375,431.4443664550781,237.27777099609375,528.8699951171875,-1,-1,-1,-1
39,1,335.9808349609375,441.5422668457031,247.49908447265625,523.93896484375,-1,-1,-1,-1
40,1,344.49383544921875,415.36798095703125,249.88134765625,542.9176025390625,-1,-1,-1,-1
41,1,349.7547302246094,395.62139892578125,272.6366271972656,569.3812866210938,-1,-1,-1,-1
42,1,358.08428955078125,391.29010009765625,358.67333984375,589.7805786132812,-1,-1,-1,-1
43,1,372.1962890625,395.9404602050781,330.23614501953125,600.1375732421875,-1,-1,-1,-1
44,1,389.68389892578125,411.1141052246094,259.48590087890625,599.8951416015625,-1,-1,-1,-1
45,1,404.5848693847656,416.88006591796875,245.20950317382812,592.3369750976562,-1,-1,-1,-1
46,1,420.430908203125,418.00384521484375,237.8323974609375,582.7852783203125,-1,-1,-1,-1
47,1,440.54681396484375,419.3193664550781,235.67901611328125,572.427734375,-1,-1,-1,-1
48,1,453.7325134277344,417.2149658203125,242.54873657226562,563.5078125,-1,-1,-1,-1
49,1,458.2149353027344,407.1729431152344,258.2734069824219,559.441162109375,-1,-1,-1,-1
50,1,454.83203125,408.6615295410156,276.6986083984375,560.693603515625,-1,-1,-1,-1
51,1,441.3531494140625,384.5376281738281,304.5263671875,565.9925537109375,-1,-1,-1,-1
52,1,431.1860046386719,340.83697509765625,308.1982727050781,580.127197265625,-1,-1,-1,-1
53,1,427.08526611328125,331.3591613769531,294.50653076171875,590.3990478515625,-1,-1,-1,-1
54,1,433.04156494140625,344.2416687011719,286.1646728515625,608.1148681640625,-1,-1,-1,-1
55,1,437.83062744140625,348.4466857910156,281.46978759765625,640.212646484375,-1,-1,-1,-1
56,1,438.4225769042969,357.9373779296875,282.0617370605469,648.2340087890625,-1,-1,-1,-1
57,1,444.5416564941406,357.0621337890625,275.2876281738281,619.2274169921875,-1,-1,-1,-1
58,1,443.0453796386719,336.1932067871094,266.4738464355469,601.7672119140625,-1,-1,-1,-1
59,1,447.08447265625,348.45782470703125,243.2554931640625,583.5479736328125,-1,-1,-1,-1
60,1,448.9016418457031,334.58343505859375,229.75210571289062,574.9345092773438,-1,-1,-1,-1
61,1,448.20220947265625,356.32232666015625,221.02764892578125,561.8049926757812,-1,-1,-1,-1
62,1,454.966064453125,337.345458984375,227.57183837890625,551.6486206054688,-1,-1,-1,-1
63,1,462.3343505859375,327.3279113769531,243.69970703125,542.564453125,-1,-1,-1,-1
64,1,459.4969482421875,336.83819580078125,256.72149658203125,539.889892578125,-1,-1,-1,-1
65,1,464.1540222167969,344.43267822265625,259.1526184082031,535.76171875,-1,-1,-1,-1
66,1,466.57421875,328.17376708984375,257.83135986328125,536.8059692382812,-1,-1,-1,-1
67,1,449.0164794921875,330.97906494140625,257.78076171875,533.4985961914062,-1,-1,-1,-1
68,1,424.10467529296875,323.5644836425781,256.586181640625,516.7615966796875,-1,-1,-1,-1
69,1,404.4919128417969,313.1233825683594,257.2511291503906,510.1569519042969,-1,-1,-1,-1
70,1,390.89593505859375,315.56787109375,251.92828369140625,498.34375,-1,-1,-1,-1
71,1,386.7545166015625,318.2431945800781,238.83477783203125,491.4526672363281,-1,-1,-1,-1
72,1,381.0479431152344,322.3558654785156,223.24282836914062,485.8005065917969,-1,-1,-1,-1
73,1,374.76458740234375,305.3395690917969,196.08837890625,491.8837585449219,-1,-1,-1,-1
74,1,354.4686584472656,296.0014343261719,181.70565795898438,497.1023254394531,-1,-1,-1,-1
75,1,330.68023681640625,301.9710693359375,178.99343872070312,496.19915771484375,-1,-1,-1,-1
76,1,307.5389404296875,318.954345703125,171.73825073242188,491.09716796875,-1,-1,-1,-1
77,1,279.7503356933594,331.4130554199219,177.36785888671875,487.4291076660156,-1,-1,-1,-1
78,1,254.77792358398438,335.9231872558594,192.93881225585938,485.2052917480469,-1,-1,-1,-1
79,1,228.81959533691406,334.20703125,207.83607482910156,489.8056640625,-1,-1,-1,-1
80,1,206.68833923339844,325.9284362792969,206.01515197753906,506.7300109863281,-1,-1,-1,-1
81,1,202.96478271484375,311.771240234375,194.17739868164062,522.1624145507812,-1,-1,-1,-1
82,1,205.16482543945312,291.26763916015625,206.16244506835938,538.4530639648438,-1,-1,-1,-1
83,1,224.1551971435547,263.51324462890625,209.7881622314453,538.7741088867188,-1,-1,-1,-1
84,1,246.79864501953125,276.7037658691406,207.80673217773438,523.5888671875,-1,-1,-1,-1
85,1,271.4472351074219,304.1157531738281,211.60714721679688,506.6675109863281,-1,-1,-1,-1
86,1,298.50537109375,346.3650817871094,224.57891845703125,479.1529235839844,-1,-1,-1,-1
87,1,325.5723876953125,384.568115234375,215.01531982421875,451.4488525390625,-1,-1,-1,-1
88,1,362.0404357910156,394.961181640625,199.98062133789062,436.04156494140625,-1,-1,-1,-1
89,1,390.8438415527344,398.66357421875,179.29330444335938,434.87823486328125,-1,-1,-1,-1
90,1,423.6846923828125,399.3771667480469,160.18310546875,440.0229797363281,-1,-1,-1,-1
91,1,451.5264892578125,406.0867919921875,140.70318603515625,446.86859130859375,-1,-1,-1,-1
92,1,469.9303894042969,409.0618896484375,134.42080688476562,450.50128173828125,-1,-1,-1,-1
93,1,478.9949035644531,409.7816162109375,148.21975708007812,452.03558349609375,-1,-1,-1,-1
94,1,476.8528137207031,422.7381896972656,177.33450317382812,459.4273986816406,-1,-1,-1,-1
95,1,468.23028564453125,440.1233825683594,213.55474853515625,449.4475402832031,-1,-1,-1,-1
96,1,466.8564147949219,454.8680419921875,224.07449340820312,439.2491455078125,-1,-1,-1,-1
97,1,471.80413818359375,473.25433349609375,229.24462890625,428.519287109375,-1,-1,-1,-1
98,1,479.4137268066406,492.8702392578125,223.81326293945312,422.827392578125,-1,-1,-1,-1
99,1,488.5932922363281,494.2137756347656,229.99118041992188,422.4949035644531,-1,-1,-1,-1
100,1,503.52020263671875,489.73956298828125,216.98077392578125,423.3431396484375,-1,-1,-1,-1
101,1,510.5583190917969,485.303466796875,203.61911010742188,432.11663818359375,-1,-1,-1,-1
102,1,518.31689453125,493.0446472167969,215.1495361328125,440.2057189941406,-1,-1,-1,-1
103,1,534.2813110351562,501.74322509765625,224.39630126953125,446.22552490234375,-1,-1,-1,-1
104,1,544.6573486328125,499.3795166015625,264.2431640625,445.5059814453125,-1,-1,-1,-1
105,1,556.0676879882812,508.9909973144531,270.91973876953125,416.9294128417969,-1,-1,-1,-1
106,1,570.6777954101562,520.443603515625,240.07598876953125,385.23126220703125,-1,-1,-1,-1
107,1,577.5671997070312,537.0510864257812,233.04327392578125,382.8807373046875,-1,-1,-1,-1
108,1,582.2390747070312,547.7377319335938,224.8482666015625,386.77911376953125,-1,-1,-1,-1
109,1,584.0591430664062,554.1828002929688,235.18060302734375,372.988037109375,-1,-1,-1,-1
110,1,596.156982421875,563.2205810546875,260.60894775390625,332.8817138671875,-1,-1,-1,-1
111,1,605.4868774414062,539.8374633789062,266.62396240234375,328.66455078125,-1,-1,-1,-1
112,1,612.1004638671875,533.4956665039062,259.4852294921875,326.15289306640625,-1,-1,-1,-1
113,1,620.1646728515625,533.3103637695312,243.34088134765625,334.05718994140625,-1,-1,-1,-1
114,1,622.564697265625,502.25750732421875,239.75,379.1134033203125,-1,-1,-1,-1
115,1,605.5283813476562,509.02288818359375,249.1956787109375,388.60003662109375,-1,-1,-1,-1
116,1,580.910888671875,512.7068786621094,234.78228759765625,374.7159729003906,-1,-1,-1,-1
117,1,565.2996215820312,452.7043762207031,235.91204833984375,398.3252258300781,-1,-1,-1,-1
118,1,559.6075439453125,420.3140869140625,283.309326171875,406.70587158203125,-1,-1,-1,-1
119,1,558.0028076171875,430.6138916015625,274.6641845703125,379.81072998046875,-1,-1,-1,-1
120,1,556.2180786132812,430.36883544921875,254.94232177734375,382.22943115234375,-1,-1,-1,-1
121,1,561.9102172851562,427.49212646484375,238.37017822265625,397.422607421875,-1,-1,-1,-1
122,1,573.361083984375,467.328857421875,217.6529541015625,370.40167236328125,-1,-1,-1,-1
123,1,580.3236694335938,443.18603515625,210.4962158203125,400.9466552734375,-1,-1,-1,-1
124,1,575.1301879882812,438.7255554199219,204.2606201171875,407.5964660644531,-1,-1,-1,-1
125,1,573.6262817382812,432.4278259277344,202.2998046875,405.5187072753906,-1,-1,-1,-1
126,1,577.0479736328125,436.7718505859375,206.27008056640625,405.646728515625,-1,-1,-1,-1
127,1,579.8115234375,458.37115478515625,200.115234375,411.59173583984375,-1,-1,-1,-1
128,1,581.9501953125,478.01031494140625,199.137451171875,428.234619140625,-1,-1,-1,-1
129,1,589.0283203125,495.556884765625,202.78607177734375,444.09442138671875,-1,-1,-1,-1
130,1,597.4659423828125,499.5615234375,199.85107421875,456.80224609375,-1,-1,-1,-1
131,1,609.572021484375,506.6935119628906,203.40966796875,465.0252380371094,-1,-1,-1,-1
132,1,627.6432495117188,503.1200256347656,275.59246826171875,483.6235046386719,-1,-1,-1,-1
133,1,642.4204711914062,495.5157470703125,246.2177734375,492.43896484375,-1,-1,-1,-1
134,1,657.6571044921875,482.74993896484375,235.5426025390625,504.55279541015625,-1,-1,-1,-1
135,1,662.203125,476.1815490722656,252.299072265625,513.976806640625,-1,-1,-1,-1
136,1,671.53173828125,479.2459716796875,261.43170166015625,514.5532836914062,-1,-1,-1,-1
137,1,686.0201416015625,482.5626220703125,273.6630859375,506.202392578125,-1,-1,-1,-1
138,1,700.5028686523438,476.50762939453125,286.60791015625,495.09967041015625,-1,-1,-1,-1
139,1,751.3245849609375,474.15692138671875,258.863037109375,478.89556884765625,-1,-1,-1,-1
140,1,795.5288696289062,458.1585998535156,225.54547119140625,471.9113464355469,-1,-1,-1,-1
141,1,810.51416015625,447.4703369140625,208.4747314453125,470.79412841796875,-1,-1,-1,-1
142,1,802.4442138671875,454.2633361816406,197.0850830078125,471.8371276855469,-1,-1,-1,-1
143,1,782.941650390625,466.75323486328125,210.00347900390625,472.73590087890625,-1,-1,-1,-1
144,1,751.9780883789062,476.3609313964844,229.796875,472.8329772949219,-1,-1,-1,-1
145,1,742.364501953125,475.2469482421875,232.38134765625,474.38739013671875,-1,-1,-1,-1
146,1,743.0313720703125,513.4112548828125,221.55224609375,450.09442138671875,-1,-1,-1,-1
147,1,730.6199340820312,524.6851196289062,236.0380859375,459.0069580078125,-1,-1,-1,-1
148,1,740.255859375,501.73748779296875,244.2640380859375,488.0194091796875,-1,-1,-1,-1
149,1,769.7959594726562,436.39471435546875,249.92755126953125,540.4880981445312,-1,-1,-1,-1
150,1,800.5945434570312,442.24273681640625,256.07391357421875,547.5900268554688,-1,-1,-1,-1
151,1,807.9873046875,409.7002868652344,249.54150390625,548.97265625,-1,-1,-1,-1
152,1,801.9261474609375,407.900390625,283.34619140625,553.792236328125,-1,-1,-1,-1
153,1,826.8074340820312,412.95794677734375,296.64703369140625,558.5884399414062,-1,-1,-1,-1
154,1,863.024658203125,421.6993103027344,302.7283935546875,567.3905029296875,-1,-1,-1,-1
155,1,871.3101806640625,440.4936828613281,325.5205078125,573.9215087890625,-1,-1,-1,-1
156,1,860.3634033203125,451.74102783203125,359.8804931640625,573.6226806640625,-1,-1,-1,-1
157,1,836.0533447265625,446.6243896484375,379.5716552734375,573.4563598632812,-1,-1,-1,-1
158,1,787.3422241210938,448.5238952636719,404.33355712890625,551.4615478515625,-1,-1,-1,-1
159,1,757.2979736328125,461.2983703613281,382.8248291015625,487.0607604980469,-1,-1,-1,-1
160,1,749.1400756835938,450.8063659667969,317.42962646484375,487.3025817871094,-1,-1,-1,-1
161,1,749.1531372070312,439.5430908203125,268.62432861328125,505.76373291015625,-1,-1,-1,-1
162,1,719.4759521484375,433.55108642578125,277.62005615234375,506.34710693359375,-1,-1,-1,-1
163,1,688.3685913085938,443.2721862792969,284.322509765625,494.2266540527344,-1,-1,-1,-1
164,1,676.0846557617188,453.9000244140625,272.75775146484375,465.0164794921875,-1,-1,-1,-1
165,1,654.55908203125,445.93255615234375,237.5989990234375,455.16015625,-1,-1,-1,-1
166,1,655.5709228515625,475.00103759765625,248.76300048828125,419.4576416015625,-1,-1,-1,-1
167,1,653.1338500976562,520.4578857421875,230.3546142578125,373.249267578125,-1,-1,-1,-1
168,1,583.0371704101562,540.7642211914062,272.9832763671875,357.2015380859375,-1,-1,-1,-1
1,2,326.3972473144531,461.5972595214844,132.23233032226562,230.47317504882812,-1,-1,-1,-1
2,2,382.3489074707031,446.31085205078125,127.09164428710938,231.0374755859375,-1,-1,-1,-1
3,2,436.84393310546875,431.0599060058594,115.31964111328125,232.08267211914062,-1,-1,-1,-1
4,2,476.3410949707031,413.9814758300781,114.28945922851562,234.45254516601562,-1,-1,-1,-1
5,2,501.7402648925781,417.04864501953125,110.67514038085938,234.336669921875,-1,-1,-1,-1
6,2,517.3178100585938,414.67315673828125,113.39141845703125,239.7413330078125,-1,-1,-1,-1
7,2,522.8599853515625,395.7766418457031,115.50799560546875,246.27413940429688,-1,-1,-1,-1
8,2,524.5386962890625,372.75531005859375,118.97802734375,252.45672607421875,-1,-1,-1,-1
9,2,520.970703125,370.1270751953125,118.60308837890625,253.63189697265625,-1,-1,-1,-1
10,2,492.58917236328125,376.6950378417969,120.705078125,256.8639831542969,-1,-1,-1,-1
11,2,446.2237243652344,399.2549743652344,124.11160278320312,262.8722229003906,-1,-1,-1,-1
12,2,393.513671875,390.72222900390625,135.01934814453125,271.92132568359375,-1,-1,-1,-1
13,2,351.5362854003906,400.5864562988281,140.62545776367188,271.8564758300781,-1,-1,-1,-1
14,2,308.55889892578125,405.0549621582031,150.75003051757812,275.9257507324219,-1,-1,-1,-1
15,2,275.85211181640625,420.71661376953125,157.00897216796875,281.45684814453125,-1,-1,-1,-1
16,2,246.89674377441406,435.85565185546875,168.04393005371094,283.871337890625,-1,-1,-1,-1
17,2,220.71017456054688,459.4154357910156,171.626220703125,286.6998596191406,-1,-1,-1,-1
18,2,192.14321899414062,492.5107727050781,180.69610595703125,288.3083190917969,-1,-1,-1,-1
19,2,175.67477416992188,501.61865234375,187.69854736328125,291.9697265625,-1,-1,-1,-1
20,2,152.62940979003906,545.3642578125,193.99620056152344,291.8184814453125,-1,-1,-1,-1
21,2,136.89451599121094,548.645263671875,197.2100372314453,299.72967529296875,-1,-1,-1,-1
22,2,116.2958984375,522.2853393554688,204.4261474609375,301.57330322265625,-1,-1,-1,-1
23,2,88.53160095214844,530.17724609375,214.45994567871094,301.409912109375,-1,-1,-1,-1
24,2,58.446006774902344,559.5357055664062,219.71630859375,303.70672607421875,-1,-1,-1,-1
25,2,25.115266799926758,594.46337890625,227.8338165283203,299.2220458984375,-1,-1,-1,-1
26,2,-1.4823894500732422,608.728515625,219.9760284423828,298.42431640625,-1,-1,-1,-1
27,2,-61.312538146972656,603.1857299804688,228.11383056640625,321.06573486328125,-1,-1,-1,-1
28,2,-90.43537902832031,647.2896118164062,214.51824951171875,295.21392822265625,-1,-1,-1,-1
29,2,-102.82855987548828,589.6351928710938,209.21095275878906,374.61212158203125,-1,-1,-1,-1
30,2,-119.14103698730469,537.543701171875,241.3052978515625,453.269775390625,-1,-1,-1,-1
31,2,-116.7100601196289,504.4622497558594,236.44427490234375,495.1320495605469,-1,-1,-1,-1
32,2,-128.623779296875,483.5428466796875,260.271728515625,521.6370849609375,-1,-1,-1,-1
33,2,-126.06978607177734,469.1299743652344,255.16445922851562,528.4146728515625,-1,-1,-1,-1
34,2,-120.27759552001953,495.027587890625,243.57969665527344,497.2130126953125,-1,-1,-1,-1
35,2,-120.65123748779297,491.9815673828125,244.32717895507812,515.3285522460938,-1,-1,-1,-1
36,2,-114.61013793945312,488.96343994140625,232.24374389648438,511.24871826171875,-1,-1,-1,-1
37,2,-106.52397155761719,484.7823791503906,216.07168579101562,500.5684509277344,-1,-1,-1,-1
38,2,-103.94831848144531,493.5379943847656,210.92018127441406,474.9928283691406,-1,-1,-1,-1
39,2,-98.92207336425781,492.17474365234375,200.8683624267578,461.69671630859375,-1,-1,-1,-1
40,2,-101.1062240600586,462.8227233886719,205.23614501953125,449.3490295410156,-1,-1,-1,-1
41,2,-78.91671752929688,435.4219055175781,161.60728454589844,427.9045104980469,-1,-1,-1,-1
42,2,-81.99059295654297,430.5914001464844,175.0081787109375,428.9339294433594,-1,-1,-1,-1
43,2,-74.84175872802734,540.92041015625,164.8917694091797,302.111328125,-1,-1,-1,-1
44,2,-39.988929748535156,531.86328125,141.10244750976562,311.9022216796875,-1,-1,-1,-1
45,2,-3.772080421447754,503.7698669433594,111.57872009277344,329.2302551269531,-1,-1,-1,-1
46,2,-0.2921571731567383,504.4326477050781,122.1373291015625,319.6445617675781,-1,-1,-1,-1
47,2,-1.9599394798278809,507.3675537109375,144.58151245117188,295.749267578125,-1,-1,-1,-1
48,2,0.7237033843994141,486.9077453613281,160.54344177246094,292.6903991699219,-1,-1,-1,-1
49,2,9.669883728027344,461.9398498535156,166.17977905273438,293.1314392089844,-1,-1,-1,-1
50,2,14.83639907836914,474.7799377441406,169.5226287841797,288.2056579589844,-1,-1,-1,-1
51,2,19.677112579345703,472.7698059082031,170.49647521972656,286.2120056152344,-1,-1,-1,-1
52,2,18.79667854309082,462.95855712890625,174.12600708007812,279.7918701171875,-1,-1,-1,-1
53,2,20.073776245117188,468.0710144042969,170.68911743164062,279.4135437011719,-1,-1,-1,-1
54,2,26.610267639160156,487.205078125,172.10653686523438,274.30224609375,-1,-1,-1,-1
55,2,30.628374099731445,502.2071533203125,173.5486602783203,276.9031982421875,-1,-1,-1,-1
56,2,39.97284698486328,518.8650512695312,175.51547241210938,267.6878662109375,-1,-1,-1,-1
57,2,55.71366500854492,509.40997314453125,176.93238830566406,261.47418212890625,-1,-1,-1,-1
58,2,67.8736343383789,487.222412109375,177.7410888671875,258.12603759765625,-1,-1,-1,-1
59,2,84.66691589355469,473.87408447265625,171.95370483398438,255.2174072265625,-1,-1,-1,-1
60,2,106.77740478515625,443.9530029296875,163.809326171875,251.39605712890625,-1,-1,-1,-1
61,2,125.71319580078125,447.7437438964844,157.3197021484375,252.97573852539062,-1,-1,-1,-1
62,2,145.59271240234375,436.8817443847656,161.08160400390625,245.50509643554688,-1,-1,-1,-1
63,2,161.2470245361328,432.20159912109375,164.1310577392578,236.31048583984375,-1,-1,-1,-1
64,2,166.42637634277344,444.36041259765625,164.23475646972656,233.73089599609375,-1,-1,-1,-1
65,2,179.08297729492188,446.9175720214844,163.03192138671875,237.74972534179688,-1,-1,-1,-1
66,2,188.23751831054688,443.08697509765625,159.28097534179688,230.35986328125,-1,-1,-1,-1
67,2,179.76673889160156,454.0678405761719,154.12501525878906,229.52969360351562,-1,-1,-1,-1
68,2,156.33934020996094,435.55120849609375,156.0236358642578,236.01300048828125,-1,-1,-1,-1
69,2,134.03616333007812,417.39520263671875,157.7799072265625,238.960693359375,-1,-1,-1,-1
70,2,116.9034423828125,400.4348449707031,157.70449829101562,240.05038452148438,-1,-1,-1,-1
71,2,114.84178161621094,379.94476318359375,146.0868682861328,243.36761474609375,-1,-1,-1,-1
72,2,117.64024353027344,367.53167724609375,141.29380798339844,247.611572265625,-1,-1,-1,-1
73,2,113.74922180175781,369.8897705078125,136.6629180908203,236.26702880859375,-1,-1,-1,-1
74,2,98.45654296875,376.00640869140625,143.3211212158203,226.56048583984375,-1,-1,-1,-1
75,2,85.8798599243164,373.74871826171875,140.42462158203125,234.07000732421875,-1,-1,-1,-1
76,2,66.82000732421875,385.7960205078125,135.2157440185547,233.77777099609375,-1,-1,-1,-1
77,2,43.771644592285156,391.7758483886719,130.62789916992188,234.69302368164062,-1,-1,-1,-1
78,2,20.343412399291992,404.2845458984375,123.57843017578125,222.117919921875,-1,-1,-1,-1
79,2,5.9516448974609375,403.880615234375,112.88794708251953,227.43585205078125,-1,-1,-1,-1
80,2,1.4202723503112793,403.7923278808594,91.79961395263672,237.36788940429688,-1,-1,-1,-1
81,2,0.31787633895874023,400.79132080078125,79.56754302978516,242.7752685546875,-1,-1,-1,-1
82,2,0.8998637199401855,401.0038146972656,78.0418472290039,234.98898315429688,-1,-1,-1,-1
83,2,2.4470114707946777,392.68902587890625,94.71263122558594,223.79541015625,-1,-1,-1,-1
84,2,6.36147403717041,416.9189147949219,115.52635192871094,215.92459106445312,-1,-1,-1,-1
85,2,17.329986572265625,441.7442321777344,128.03814697265625,210.33871459960938,-1,-1,-1,-1
86,2,31.686710357666016,457.6893310546875,136.73370361328125,212.73992919921875,-1,-1,-1,-1
87,2,50.4307746887207,470.0608825683594,140.82106018066406,213.66995239257812,-1,-1,-1,-1
88,2,72.5416030883789,464.60845947265625,144.24642944335938,216.12677001953125,-1,-1,-1,-1
89,2,101.177734375,461.0602722167969,141.2471923828125,214.02151489257812,-1,-1,-1,-1
90,2,126.12178802490234,463.4181823730469,136.37518310546875,218.45828247070312,-1,-1,-1,-1
91,2,138.9827117919922,486.32012939453125,132.6486358642578,216.48760986328125,-1,-1,-1,-1
92,2,140.36135864257812,492.24249267578125,135.3724365234375,217.16656494140625,-1,-1,-1,-1
93,2,144.24832153320312,487.84588623046875,136.13278198242188,212.3521728515625,-1,-1,-1,-1
94,2,144.0121307373047,484.3907165527344,134.5155792236328,214.86471557617188,-1,-1,-1,-1
95,2,135.4992218017578,481.45977783203125,137.9252471923828,216.94952392578125,-1,-1,-1,-1
96,2,131.1279296875,485.106201171875,138.84207153320312,215.77349853515625,-1,-1,-1,-1
97,2,125.85050964355469,500.0125427246094,142.3872528076172,215.26443481445312,-1,-1,-1,-1
98,2,129.7761688232422,513.427978515625,139.62779235839844,211.04180908203125,-1,-1,-1,-1
99,2,126.89027404785156,504.3564147949219,142.11781311035156,215.02389526367188,-1,-1,-1,-1
100,2,126.65971374511719,500.1065368652344,136.8443145751953,217.71060180664062,-1,-1,-1,-1
101,2,125.63732147216797,500.77398681640625,135.1221923828125,218.53753662109375,-1,-1,-1,-1
102,2,134.51499938964844,512.2314453125,135.72691345214844,216.08050537109375,-1,-1,-1,-1
103,2,155.79034423828125,530.60009765625,129.10360717773438,216.59881591796875,-1,-1,-1,-1
104,2,168.47216796875,538.0313110351562,129.81158447265625,216.31036376953125,-1,-1,-1,-1
105,2,183.55831909179688,546.24609375,124.99472045898438,216.1439208984375,-1,-1,-1,-1
106,2,197.86940002441406,559.0337524414062,119.49137878417969,216.68218994140625,-1,-1,-1,-1
107,2,205.27117919921875,569.9794311523438,120.7408447265625,212.85589599609375,-1,-1,-1,-1
108,2,209.0993194580078,559.204833984375,119.54100036621094,215.140380859375,-1,-1,-1,-1
109,2,231.2252197265625,533.8612670898438,108.17111206054688,217.9742431640625,-1,-1,-1,-1
110,2,253.95382690429688,498.0494079589844,106.33807373046875,218.35769653320312,-1,-1,-1,-1
111,2,267.36865234375,473.10394287109375,107.58514404296875,221.00653076171875,-1,-1,-1,-1
112,2,278.0773010253906,468.4739990234375,107.5283203125,220.58203125,-1,-1,-1,-1
113,2,289.29705810546875,477.1523742675781,106.41824340820312,219.41342163085938,-1,-1,-1,-1
114,2,298.88751220703125,489.03973388671875,104.67340087890625,219.54156494140625,-1,-1,-1,-1
115,2,301.3542785644531,504.3995361328125,108.09054565429688,219.2562255859375,-1,-1,-1,-1
116,2,297.4061279296875,510.6684265136719,112.90982055664062,222.37704467773438,-1,-1,-1,-1
117,2,285.0194396972656,485.9772033691406,119.6685791015625,227.73208618164062,-1,-1,-1,-1
118,2,278.6059875488281,462.62091064453125,121.00131225585938,229.431640625,-1,-1,-1,-1
119,2,272.5121765136719,450.02410888671875,124.058349609375,232.58282470703125,-1,-1,-1,-1
120,2,262.0381164550781,450.53857421875,129.16778564453125,231.90625,-1,-1,-1,-1
121,2,254.80335998535156,457.0755920410156,132.37355041503906,232.50833129882812,-1,-1,-1,-1
122,2,244.59210205078125,465.3939208984375,137.4095458984375,232.067138671875,-1,-1,-1,-1
123,2,234.8748779296875,465.3487548828125,139.93295288085938,236.8665771484375,-1,-1,-1,-1
124,2,220.1947784423828,462.3009033203125,143.4559783935547,236.60943603515625,-1,-1,-1,-1
125,2,213.05099487304688,450.2560729980469,144.61343383789062,241.61544799804688,-1,-1,-1,-1
126,2,211.7848358154297,457.561767578125,142.9680938720703,241.39447021484375,-1,-1,-1,-1
127,2,211.1692657470703,483.3835144042969,144.0978240966797,243.80142211914062,-1,-1,-1,-1
128,2,213.5459747314453,507.6535949707031,144.0036163330078,243.51748657226562,-1,-1,-1,-1
129,2,217.6208953857422,527.8262329101562,142.5209197998047,241.436767578125,-1,-1,-1,-1
130,2,223.7320556640625,536.3263549804688,144.73220825195312,242.68560791015625,-1,-1,-1,-1
131,2,229.5094757080078,543.0145263671875,146.39979553222656,243.2247314453125,-1,-1,-1,-1
132,2,240.7833709716797,547.0223388671875,147.79930114746094,240.7353515625,-1,-1,-1,-1
133,2,246.52610778808594,542.0875244140625,150.50624084472656,243.10369873046875,-1,-1,-1,-1
134,2,253.538818359375,531.2958984375,149.35671997070312,247.43011474609375,-1,-1,-1,-1
135,2,251.2245330810547,519.0045776367188,145.29966735839844,253.00982666015625,-1,-1,-1,-1
136,2,252.5699005126953,513.079833984375,139.2405548095703,260.4974365234375,-1,-1,-1,-1
137,2,256.5603790283203,504.54290771484375,139.7560272216797,264.71417236328125,-1,-1,-1,-1
138,2,270.5767822265625,482.38604736328125,135.21810913085938,267.52264404296875,-1,-1,-1,-1
139,2,283.4699401855469,473.00140380859375,130.83084106445312,269.83648681640625,-1,-1,-1,-1
140,2,282.4949035644531,466.1736145019531,129.43927001953125,276.4179382324219,-1,-1,-1,-1
141,2,257.0096435546875,469.1017761230469,137.38446044921875,284.8442687988281,-1,-1,-1,-1
142,2,224.19882202148438,492.5674133300781,146.2073974609375,288.8833923339844,-1,-1,-1,-1
143,2,196.8826904296875,501.3992919921875,151.642333984375,296.1090087890625,-1,-1,-1,-1
144,2,177.7035675048828,506.8238525390625,155.50892639160156,303.7327880859375,-1,-1,-1,-1
145,2,152.3216552734375,509.8503723144531,161.44863891601562,311.5516052246094,-1,-1,-1,-1
146,2,132.5020751953125,519.8890991210938,165.82080078125,316.81756591796875,-1,-1,-1,-1
147,2,124.98773193359375,532.8416137695312,167.3544921875,318.3692626953125,-1,-1,-1,-1
148,2,143.8391876220703,529.4190063476562,167.22190856933594,315.09454345703125,-1,-1,-1,-1
149,2,180.44802856445312,509.9611511230469,168.03414916992188,314.1635437011719,-1,-1,-1,-1
150,2,213.2804412841797,533.4860229492188,166.77867126464844,306.7874755859375,-1,-1,-1,-1
151,2,236.2794647216797,504.5803527832031,169.5710906982422,307.0551452636719,-1,-1,-1,-1
152,2,284.53033447265625,477.5767822265625,162.18032836914062,303.06109619140625,-1,-1,-1,-1
153,2,339.452392578125,463.6683654785156,156.0594482421875,298.7970886230469,-1,-1,-1,-1
154,2,386.50506591796875,474.7325744628906,150.64337158203125,292.3099060058594,-1,-1,-1,-1
155,2,423.2471923828125,500.32330322265625,148.6080322265625,284.51055908203125,-1,-1,-1,-1
156,2,448.6534729003906,512.5208129882812,148.07919311523438,280.0745849609375,-1,-1,-1,-1
157,2,469.64312744140625,509.7221374511719,151.30596923828125,278.7760925292969,-1,-1,-1,-1
158,2,487.18304443359375,510.0174255371094,154.98101806640625,274.9895324707031,-1,-1,-1,-1
159,2,496.8060302734375,510.56829833984375,146.822998046875,273.439453125,-1,-1,-1,-1
160,2,500.05609130859375,519.3494873046875,135.8175048828125,270.65106201171875,-1,-1,-1,-1
161,2,500.1377868652344,516.0333251953125,144.29061889648438,271.9896240234375,-1,-1,-1,-1
162,2,503.5997619628906,524.4365234375,138.15451049804688,267.58154296875,-1,-1,-1,-1
163,2,503.4258728027344,538.7493896484375,133.13082885742188,265.71636962890625,-1,-1,-1,-1
164,2,502.24542236328125,549.8103637695312,136.5758056640625,262.39251708984375,-1,-1,-1,-1
165,2,506.4223937988281,557.2203369140625,132.09097290039062,257.091064453125,-1,-1,-1,-1
166,2,508.0788269042969,564.65234375,134.08767700195312,254.605224609375,-1,-1,-1,-1
167,2,509.4263610839844,579.5661010742188,129.69625854492188,242.16253662109375,-1,-1,-1,-1
168,2,506.798828125,577.265380859375,128.6417236328125,248.81573486328125,-1,-1,-1,-1
30,3,1290.6771240234375,424.7265930175781,148.689697265625,372.9960021972656,-1,-1,-1,-1
31,3,1271.4691162109375,422.4586486816406,156.623779296875,398.7210998535156,-1,-1,-1,-1
32,3,1261.22021484375,415.9501953125,160.4566650390625,400.369873046875,-1,-1,-1,-1
33,3,1260.7080078125,413.43634033203125,160.328125,403.99456787109375,-1,-1,-1,-1
34,3,1267.67626953125,418.1763000488281,167.6082763671875,409.6161804199219,-1,-1,-1,-1
35,3,1276.0511474609375,422.50665283203125,155.6710205078125,395.0545654296875,-1,-1,-1,-1
36,3,1282.1871337890625,413.56866455078125,150.7437744140625,424.09393310546875,-1,-1,-1,-1
37,3,1289.212890625,406.7260437011719,133.551025390625,427.8385314941406,-1,-1,-1,-1
38,3,1299.237060546875,412.43768310546875,118.0626220703125,424.38201904296875,-1,-1,-1,-1
39,3,1297.171875,438.5567321777344,120.8115234375,425.5019836425781,-1,-1,-1,-1
40,3,1292.024169921875,459.3699951171875,125.1884765625,415.9290771484375,-1,-1,-1,-1
41,3,1272.5849609375,458.365234375,138.2353515625,404.2572021484375,-1,-1,-1,-1
42,3,1248.9154052734375,446.8955383300781,166.6529541015625,409.6457214355469,-1,-1,-1,-1
43,3,1233.251708984375,448.2008361816406,187.69775390625,412.2483215332031,-1,-1,-1,-1
44,3,1228.17333984375,468.33123779296875,186.7744140625,408.666748046875,-1,-1,-1,-1
45,3,1232.4801025390625,474.3555908203125,182.07958984375,408.4189453125,-1,-1,-1,-1
46,3,1236.556884765625,481.9508972167969,173.8243408203125,407.1705627441406,-1,-1,-1,-1
47,3,1240.90966796875,496.6738586425781,168.9866943359375,407.0105895996094,-1,-1,-1,-1
48,3,1249.24267578125,514.218017578125,161.337890625,407.6263427734375,-1,-1,-1,-1
49,3,1251.8541259765625,529.0742797851562,159.0845947265625,398.41693115234375,-1,-1,-1,-1
50,3,1253.2041015625,525.60986328125,153.75634765625,392.0372314453125,-1,-1,-1,-1
51,3,1252.0804443359375,502.58807373046875,149.9293212890625,389.9017333984375,-1,-1,-1,-1
52,3,1244.919677734375,471.28875732421875,143.635009765625,388.094482421875,-1,-1,-1,-1
53,3,1234.0316162109375,467.4942932128906,140.39794921875,391.0291442871094,-1,-1,-1,-1
54,3,1211.746337890625,470.3126525878906,152.365966796875,396.6879577636719,-1,-1,-1,-1
55,3,1188.0341796875,462.49481201171875,168.54638671875,398.819091796875,-1,-1,-1,-1
56,3,1178.91796875,437.669921875,170.0333251953125,400.43701171875,-1,-1,-1,-1
57,3,1180.2489013671875,405.0579833984375,174.949951171875,403.064697265625,-1,-1,-1,-1
58,3,1179.3681640625,369.30377197265625,180.9986572265625,407.3974609375,-1,-1,-1,-1
59,3,1182.7349853515625,378.30902099609375,178.8297119140625,413.25579833984375,-1,-1,-1,-1
60,3,1190.879150390625,386.9541320800781,160.9730224609375,410.9324645996094,-1,-1,-1,-1
61,3,1196.725830078125,408.155517578125,145.86572265625,403.2760009765625,-1,-1,-1,-1
62,3,1214.2890625,370.8385314941406,137.85205078125,396.5848083496094,-1,-1,-1,-1
63,3,1223.414794921875,345.8764343261719,138.4385986328125,385.7373962402344,-1,-1,-1,-1
64,3,1207.8538818359375,341.388671875,148.7900390625,376.559326171875,-1,-1,-1,-1
65,3,1192.475830078125,350.5394592285156,164.7357177734375,371.6831970214844,-1,-1,-1,-1
66,3,1180.0384521484375,347.1059265136719,179.4052734375,374.8186950683594,-1,-1,-1,-1
67,3,1156.0040283203125,359.53680419921875,180.81884765625,371.66876220703125,-1,-1,-1,-1
68,3,1126.3966064453125,360.7159118652344,174.003662109375,365.9662170410156,-1,-1,-1,-1
69,3,1101.08935546875,357.1554260253906,167.4931640625,361.1156921386719,-1,-1,-1,-1
70,3,1075.3856201171875,367.33074951171875,161.8272705078125,357.98968505859375,-1,-1,-1,-1
71,3,1050.9227294921875,391.4287109375,168.113525390625,354.760498046875,-1,-1,-1,-1
72,3,1035.0618896484375,415.1208190917969,167.9449462890625,350.1131896972656,-1,-1,-1,-1
73,3,999.908203125,393.4952392578125,183.5679931640625,354.98004150390625,-1,-1,-1,-1
74,3,966.79736328125,386.7167053222656,195.8619384765625,349.0429992675781,-1,-1,-1,-1
75,3,936.8256225585938,399.6216735839844,201.37481689453125,340.1833190917969,-1,-1,-1,-1
76,3,912.5576171875,415.5063171386719,191.7923583984375,332.0587463378906,-1,-1,-1,-1
77,3,886.77099609375,425.31640625,184.6094970703125,330.5010986328125,-1,-1,-1,-1
78,3,862.5597534179688,422.4435119628906,178.80694580078125,333.5598449707031,-1,-1,-1,-1
79,3,841.7172241210938,415.5654296875,173.66119384765625,331.1988525390625,-1,-1,-1,-1
80,3,817.7293701171875,405.09222412109375,176.5313720703125,341.4232177734375,-1,-1,-1,-1
81,3,805.4580688476562,419.1590881347656,184.9791259765625,334.9251403808594,-1,-1,-1,-1
82,3,802.0651245117188,429.6527099609375,185.8994140625,331.447509765625,-1,-1,-1,-1
83,3,811.1744384765625,416.2437438964844,188.1695556640625,329.9577331542969,-1,-1,-1,-1
84,3,827.5453491210938,406.4230041503906,194.01666259765625,329.2507629394531,-1,-1,-1,-1
85,3,842.521484375,415.1389465332031,194.4444580078125,323.6746520996094,-1,-1,-1,-1
86,3,857.8782958984375,437.5901184082031,194.9473876953125,319.9565124511719,-1,-1,-1,-1
87,3,873.8515625,456.1206359863281,196.116943359375,312.9760437011719,-1,-1,-1,-1
88,3,891.6817016601562,461.19879150390625,199.26849365234375,309.763671875,-1,-1,-1,-1
89,3,899.2691040039062,479.1120300292969,213.28436279296875,309.7737121582031,-1,-1,-1,-1
90,3,886.32177734375,488.04705810546875,244.0162353515625,317.6744384765625,-1,-1,-1,-1
91,3,866.3311767578125,488.4754333496094,276.9503173828125,323.8567199707031,-1,-1,-1,-1
92,3,851.607177734375,481.46417236328125,290.2547607421875,328.59625244140625,-1,-1,-1,-1
93,3,829.9566650390625,490.7035217285156,289.0716552734375,300.5387878417969,-1,-1,-1,-1
94,3,825.2239379882812,497.81982421875,253.89495849609375,277.6234130859375,-1,-1,-1,-1
95,3,817.00390625,488.45458984375,248.745849609375,284.2386474609375,-1,-1,-1,-1
96,3,805.76416015625,487.06103515625,240.2080078125,285.44287109375,-1,-1,-1,-1
97,3,790.8623046875,485.91595458984375,229.3033447265625,282.85101318359375,-1,-1,-1,-1
98,3,788.4921264648438,495.2052917480469,213.69866943359375,271.1139221191406,-1,-1,-1,-1
99,3,788.3493041992188,488.7841491699219,182.20025634765625,262.5004577636719,-1,-1,-1,-1
100,3,784.1490478515625,482.84149169921875,138.8826904296875,260.65606689453125,-1,-1,-1,-1
101,3,775.506591796875,487.93682861328125,113.447021484375,262.6546630859375,-1,-1,-1,-1
102,3,754.8199462890625,505.08612060546875,131.8726806640625,261.28985595703125,-1,-1,-1,-1
103,3,733.623291015625,527.2618408203125,151.1407470703125,256.67388916015625,-1,-1,-1,-1
104,3,712.1769409179688,542.7247314453125,155.89129638671875,241.0865478515625,-1,-1,-1,-1
105,3,694.8604736328125,561.6561889648438,143.21533203125,226.49835205078125,-1,-1,-1,-1
106,3,710.0217895507812,576.7013549804688,121.21649169921875,221.5706787109375,-1,-1,-1,-1
107,3,703.4022216796875,590.07421875,117.15386962890625,214.90380859375,-1,-1,-1,-1
108,3,694.1343383789062,595.040771484375,123.80322265625,212.006103515625,-1,-1,-1,-1
109,3,696.9710083007812,594.2103881835938,124.47027587890625,213.61529541015625,-1,-1,-1,-1
110,3,707.7166748046875,577.3582763671875,145.190185546875,207.007568359375,-1,-1,-1,-1
111,3,712.6917724609375,557.52392578125,165.58453369140625,210.9990234375,-1,-1,-1,-1
112,3,715.7374267578125,553.803955078125,157.38726806640625,208.43560791015625,-1,-1,-1,-1
113,3,716.0718994140625,562.2549438476562,152.50244140625,204.96832275390625,-1,-1,-1,-1
114,3,730.5458984375,576.4515991210938,137.9346923828125,203.83917236328125,-1,-1,-1,-1
115,3,744.5316772460938,577.2529907226562,123.3060302734375,215.9857177734375,-1,-1,-1,-1
116,3,759.4058227539062,573.52001953125,114.95611572265625,218.1336669921875,-1,-1,-1,-1
117,3,762.2992553710938,533.9295043945312,110.1446533203125,228.78179931640625,-1,-1,-1,-1
118,3,754.0006713867188,505.2664794921875,117.57501220703125,237.47222900390625,-1,-1,-1,-1
119,3,746.2685546875,482.34564208984375,128.05218505859375,247.95855712890625,-1,-1,-1,-1
120,3,749.8671875,462.14398193359375,129.654296875,250.70513916015625,-1,-1,-1,-1
121,3,747.20361328125,451.0231628417969,141.05816650390625,257.3493347167969,-1,-1,-1,-1
122,3,745.9283447265625,450.3037109375,141.55279541015625,257.8297119140625,-1,-1,-1,-1
123,3,741.1385498046875,447.8280029296875,140.85321044921875,258.063720703125,-1,-1,-1,-1
124,3,736.683349609375,440.4816589355469,137.0150146484375,261.3153991699219,-1,-1,-1,-1
125,3,728.9834594726562,432.5419616699219,142.60247802734375,265.2778625488281,-1,-1,-1,-1
126,3,724.7564697265625,445.8487548828125,149.512939453125,264.18017578125,-1,-1,-1,-1
127,3,720.8552856445312,475.80767822265625,156.9478759765625,258.9957275390625,-1,-1,-1,-1
128,3,724.9683837890625,503.1775817871094,158.210205078125,255.28506469726562,-1,-1,-1,-1
129,3,728.3463134765625,523.333740234375,166.909912109375,258.0477294921875,-1,-1,-1,-1
130,3,724.3516235351562,527.01611328125,180.76751708984375,263.85321044921875,-1,-1,-1,-1
131,3,697.9833374023438,513.9776611328125,222.506591796875,287.2890625,-1,-1,-1,-1
132,3,698.4881591796875,526.2844848632812,205.95941162109375,272.3624267578125,-1,-1,-1,-1
133,3,737.8588256835938,573.5602416992188,156.08465576171875,214.6685791015625,-1,-1,-1,-1
134,3,740.2032470703125,544.081298828125,150.44781494140625,230.32647705078125,-1,-1,-1,-1
136,3,675.41650390625,483.2986755371094,252.3009033203125,325.3256530761719,-1,-1,-1,-1
137,3,685.2313232421875,481.76885986328125,273.66796875,364.735107421875,-1,-1,-1,-1
136,4,671.488037109375,487.92779541015625,161.42022705078125,261.96258544921875,-1,-1,-1,-1
137,4,676.8326416015625,487.6659851074219,154.49627685546875,263.9997863769531,-1,-1,-1,-1
138,4,687.3783569335938,480.22125244140625,151.5665283203125,260.410400390625,-1,-1,-1,-1
139,4,668.460693359375,477.7632141113281,169.29296875,254.49295043945312,-1,-1,-1,-1
140,4,656.1725463867188,461.9178466796875,190.053466796875,271.77691650390625,-1,-1,-1,-1
141,4,639.5535888671875,457.02264404296875,193.6168212890625,270.74456787109375,-1,-1,-1,-1
142,4,594.4652099609375,470.5517883300781,200.70428466796875,268.8423156738281,-1,-1,-1,-1
143,4,550.6752319335938,479.0694580078125,197.150390625,270.44158935546875,-1,-1,-1,-1
144,4,524.8538818359375,480.36224365234375,166.680908203125,275.78179931640625,-1,-1,-1,-1
145,4,504.51922607421875,475.6012878417969,151.138916015625,281.7548522949219,-1,-1,-1,-1
146,4,479.4393615722656,482.64825439453125,152.05947875976562,284.9569091796875,-1,-1,-1,-1
147,4,459.7047424316406,498.67681884765625,161.37399291992188,287.16986083984375,-1,-1,-1,-1
148,4,444.709228515625,497.7922668457031,178.1278076171875,289.0962219238281,-1,-1,-1,-1
149,4,439.167236328125,484.4313659667969,204.857421875,289.5576477050781,-1,-1,-1,-1
150,4,451.8184814453125,509.7983093261719,208.72613525390625,287.5373229980469,-1,-1,-1,-1
151,4,452.84393310546875,481.72796630859375,216.7332763671875,286.0172119140625,-1,-1,-1,-1
152,4,467.1368408203125,464.40203857421875,231.5394287109375,278.211181640625,-1,-1,-1,-1
153,4,495.65838623046875,453.5199279785156,219.5953369140625,275.6559753417969,-1,-1,-1,-1
154,4,514.5091552734375,459.2142333984375,215.6253662109375,274.28912353515625,-1,-1,-1,-1
155,4,533.781005859375,484.1070861816406,204.68572998046875,269.0074157714844,-1,-1,-1,-1
156,4,541.6692504882812,502.3187561035156,199.73065185546875,258.3279113769531,-1,-1,-1,-1
157,4,554.4682006835938,504.712158203125,191.6561279296875,249.0157470703125,-1,-1,-1,-1
158,4,550.144287109375,512.3193054199219,201.32763671875,242.05740356445312,-1,-1,-1,-1
159,4,553.8423461914062,520.322998046875,203.402587890625,236.37591552734375,-1,-1,-1,-1
160,4,555.1758422851562,532.6268920898438,202.66827392578125,230.69049072265625,-1,-1,-1,-1
161,4,560.1905517578125,539.5153198242188,199.0338134765625,223.435546875,-1,-1,-1,-1
162,4,562.1555786132812,546.6016845703125,192.79705810546875,222.58660888671875,-1,-1,-1,-1
163,4,566.7453002929688,561.4581909179688,189.7633056640625,214.3798828125,-1,-1,-1,-1
164,4,557.6516723632812,569.9310302734375,201.12200927734375,214.61065673828125,-1,-1,-1,-1
165,4,563.1339111328125,575.7923583984375,202.105224609375,209.6669921875,-1,-1,-1,-1
166,4,561.5413208007812,566.3103637695312,205.11676025390625,222.8990478515625,-1,-1,-1,-1
167,4,572.2854614257812,591.325927734375,203.828857421875,201.780029296875,-1,-1,-1,-1
168,4,576.30419921875,579.9290161132812,194.5460205078125,214.20086669921875,-1,-1,-1,-1
