1,1,1249.830810546875,407.9114990234375,205.9698486328125,464.0230712890625,-1,-1,-1,-1
2,1,1281.4425048828125,398.3146667480469,230.8607177734375,511.6391296386719,-1,-1,-1,-1
7,1,1308.9444580078125,425.8902587890625,196.566162109375,430.931396484375,-1,-1,-1,-1
8,1,1315.4249267578125,384.7960205078125,107.3529052734375,475.2930908203125,-1,-1,-1,-1
9,1,1304.00390625,414.2016906738281,107.066162109375,457.3706970214844,-1,-1,-1,-1
10,1,1322.83349609375,415.2822265625,90.81494140625,483.0821533203125,-1,-1,-1,-1
11,1,1333.633544921875,458.3565673828125,95.681640625,387.6866455078125,-1,-1,-1,-1
12,1,1290.365478515625,434.11383056640625,134.275634765625,448.97491455078125,-1,-1,-1,-1
13,1,1203.1846923828125,450.972900390625,209.690673828125,422.095947265625,-1,-1,-1,-1
14,1,1132.3077392578125,437.65093994140625,248.1224365234375,409.1021728515625,-1,-1,-1,-1
15,1,1044.3231201171875,444.1930236816406,251.5762939453125,382.3544006347656,-1,-1,-1,-1
16,1,961.0770263671875,451.84063720703125,231.990478515625,348.70404052734375,-1,-1,-1,-1
17,1,902.05908203125,452.6580505371094,218.6912841796875,329.5165710449219,-1,-1,-1,-1
18,1,862.7434692382812,445.8857727050781,214.66278076171875,315.6745910644531,-1,-1,-1,-1
19,1,819.9359741210938,431.0487365722656,210.05718994140625,316.2581481933594,-1,-1,-1,-1
20,1,799.0297241210938,390.55633544921875,208.2239990234375,329.07440185546875,-1,-1,-1,-1
21,1,834.0304565429688,372.5977478027344,197.13958740234375,329.2794494628906,-1,-1,-1,-1
22,1,915.3963012695312,367.8890380859375,174.25372314453125,340.2392578125,-1,-1,-1,-1
23,1,1049.138671875,373.1311950683594,191.7843017578125,360.5189514160156,-1,-1,-1,-1
1,2,675.5186767578125,304.83978271484375,122.31365966796875,302.60650634765625,-1,-1,-1,-1
2,2,716.95654296875,317.6145935058594,132.834716796875,303.9866638183594,-1,-1,-1,-1
3,2,745.15771484375,341.1061706542969,142.917724609375,302.5921936035156,-1,-1,-1,-1
4,2,760.132568359375,358.0491638183594,154.43658447265625,301.4179992675781,-1,-1,-1,-1
5,2,766.183837890625,367.19732666015625,160.4884033203125,300.05511474609375,-1,-1,-1,-1
6,2,734.9281005859375,394.42755126953125,161.9364013671875,297.37603759765625,-1,-1,-1,-1
7,2,678.5834350585938,399.4572448730469,159.39947509765625,299.7211608886719,-1,-1,-1,-1
8,2,636.0108032226562,394.03228759765625,158.5269775390625,302.619140625,-1,-1,-1,-1
9,2,633.3825073242188,403.6986389160156,151.81072998046875,300.2956237792969,-1,-1,-1,-1
10,2,656.940185546875,419.0597839355469,148.01458740234375,304.0746154785156,-1,-1,-1,-1
11,2,673.2059936523438,427.4883117675781,143.4964599609375,306.7660827636719,-1,-1,-1,-1
12,2,644.4566040039062,426.7351379394531,135.726318359375,312.3715515136719,-1,-1,-1,-1
13,2,587.080810546875,447.37701416015625,128.64373779296875,312.84075927734375,-1,-1,-1,-1
14,2,532.8688354492188,439.4652404785156,127.39129638671875,320.4418029785156,-1,-1,-1,-1
15,2,454.54412841796875,442.6140441894531,137.369384765625,333.7428894042969,-1,-1,-1,-1
16,2,370.2097473144531,467.71435546875,159.15127563476562,350.64984130859375,-1,-1,-1,-1
17,2,310.2991638183594,496.6436767578125,178.11618041992188,368.11383056640625,-1,-1,-1,-1
18,2,252.58953857421875,508.8758239746094,204.770751953125,387.0393371582031,-1,-1,-1,-1
19,2,182.1707763671875,526.65625,236.14382934570312,399.5770263671875,-1,-1,-1,-1
20,2,143.4322967529297,540.9440307617188,266.6474609375,399.17694091796875,-1,-1,-1,-1
21,2,192.9051055908203,501.5663757324219,260.8814697265625,387.8506774902344,-1,-1,-1,-1
22,2,293.3280334472656,482.2193603515625,247.14505004882812,365.79925537109375,-1,-1,-1,-1
23,2,438.96771240234375,474.292236328125,229.386474609375,347.39178466796875,-1,-1,-1,-1
24,2,612.8602905273438,430.85955810546875,208.9525146484375,346.00439453125,-1,-1,-1,-1
25,2,779.0326538085938,431.5402526855469,202.02593994140625,354.0246887207031,-1,-1,-1,-1
26,2,913.3695068359375,422.3929443359375,199.99560546875,372.41131591796875,-1,-1,-1,-1
27,2,980.0013427734375,407.37939453125,213.99755859375,386.92584228515625,-1,-1,-1,-1
28,2,948.7145385742188,428.0064697265625,216.52520751953125,377.8143310546875,-1,-1,-1,-1
29,2,817.956787109375,460.0663757324219,211.5548095703125,354.0890197753906,-1,-1,-1,-1
30,2,632.0543212890625,493.27801513671875,207.29229736328125,339.0928955078125,-1,-1,-1,-1
31,2,449.8125305175781,531.5611572265625,228.14498901367188,353.76123046875,-1,-1,-1,-1
32,2,314.68975830078125,555.1204833984375,234.98529052734375,391.1209716796875,-1,-1,-1,-1
33,2,221.8094482421875,578.2916259765625,248.3248291015625,398.2685546875,-1,-1,-1,-1
34,2,175.14181518554688,591.51611328125,249.07147216796875,398.24169921875,-1,-1,-1,-1
35,2,176.18775939941406,597.2359008789062,253.5515594482422,384.82391357421875,-1,-1,-1,-1
36,2,202.1275634765625,589.93310546875,249.54693603515625,378.41937255859375,-1,-1,-1,-1
37,2,254.68397521972656,585.6348266601562,240.0849151611328,359.3494873046875,-1,-1,-1,-1
38,2,337.6748046875,584.0107421875,222.508544921875,336.53155517578125,-1,-1,-1,-1
39,2,423.6131286621094,581.8693237304688,207.22970581054688,318.93524169921875,-1,-1,-1,-1
40,2,501.8393859863281,571.7266845703125,207.09451293945312,302.3875732421875,-1,-1,-1,-1
41,2,594.4442749023438,556.739013671875,210.5604248046875,295.693115234375,-1,-1,-1,-1
42,2,648.6082763671875,547.1345825195312,215.94647216796875,291.3248291015625,-1,-1,-1,-1
43,2,608.1558837890625,549.4356079101562,224.60601806640625,283.573974609375,-1,-1,-1,-1
44,2,484.59027099609375,560.664794921875,261.95416259765625,286.8880615234375,-1,-1,-1,-1
45,2,364.34417724609375,554.6367797851562,269.21783447265625,295.45660400390625,-1,-1,-1,-1
46,2,298.0001220703125,545.020263671875,262.9664306640625,303.39068603515625,-1,-1,-1,-1
47,2,307.0139465332031,537.34716796875,245.53549194335938,300.5548095703125,-1,-1,-1,-1
48,2,347.3902587890625,538.9926147460938,243.00335693359375,289.32806396484375,-1,-1,-1,-1
49,2,395.03973388671875,519.2850952148438,230.0850830078125,290.93865966796875,-1,-1,-1,-1
50,2,445.1434631347656,504.1254577636719,212.58511352539062,282.2508850097656,-1,-1,-1,-1
51,2,485.6257019042969,525.8172607421875,205.28659057617188,265.58111572265625,-1,-1,-1,-1
52,2,520.7258911132812,535.2374877929688,199.78948974609375,265.58917236328125,-1,-1,-1,-1
53,2,550.3863525390625,536.6752319335938,200.26885986328125,262.8428955078125,-1,-1,-1,-1
54,2,558.5402221679688,558.7938842773438,187.71630859375,258.73040771484375,-1,-1,-1,-1
55,2,566.2525024414062,599.2601928710938,162.53863525390625,253.6728515625,-1,-1,-1,-1
56,2,562.1343994140625,589.497802734375,139.97955322265625,245.580810546875,-1,-1,-1,-1
57,2,568.1159057617188,576.6563110351562,113.520751953125,229.08941650390625,-1,-1,-1,-1
58,2,591.9029541015625,581.7763671875,103.09539794921875,219.43902587890625,-1,-1,-1,-1
59,2,608.3765258789062,588.3024291992188,101.2301025390625,219.3421630859375,-1,-1,-1,-1
60,2,620.4017333984375,589.32958984375,96.3585205078125,219.81011962890625,-1,-1,-1,-1
61,2,625.7301025390625,569.5830078125,92.1510009765625,225.4693603515625,-1,-1,-1,-1
62,2,614.7545166015625,554.7686767578125,88.58416748046875,218.897216796875,-1,-1,-1,-1
63,2,602.597900390625,571.36767578125,85.86676025390625,203.34881591796875,-1,-1,-1,-1
64,2,590.4299926757812,579.4911499023438,89.06951904296875,196.33538818359375,-1,-1,-1,-1
65,2,583.195068359375,569.6463623046875,94.8231201171875,195.958984375,-1,-1,-1,-1
66,2,585.5748901367188,546.0304565429688,91.40301513671875,214.05731201171875,-1,-1,-1,-1
67,2,593.793701171875,563.8814697265625,105.3773193359375,200.58868408203125,-1,-1,-1,-1
68,2,573.7291870117188,565.8499145507812,136.12139892578125,191.99725341796875,-1,-1,-1,-1
69,2,537.1266479492188,542.8723754882812,188.9415283203125,216.24755859375,-1,-1,-1,-1
70,2,502.8844909667969,522.093505859375,257.0553283691406,216.05694580078125,-1,-1,-1,-1
71,2,492.70660400390625,531.61083984375,341.6790771484375,196.38818359375,-1,-1,-1,-1
72,2,569.9732055664062,558.3271484375,276.6690673828125,190.2935791015625,-1,-1,-1,-1
73,2,599.9537353515625,592.5606079101562,246.57830810546875,204.6864013671875,-1,-1,-1,-1
1,3,292.1295166015625,297.35443115234375,189.32254028320312,463.43377685546875,-1,-1,-1,-1
2,3,342.92083740234375,322.6257629394531,196.81005859375,457.3754577636719,-1,-1,-1,-1
3,3,380.7062072753906,354.9457702636719,200.17886352539062,453.5007629394531,-1,-1,-1,-1
4,3,404.8138427734375,378.2463684082031,210.44268798828125,457.4141540527344,-1,-1,-1,-1
5,3,419.32647705078125,395.46588134765625,218.32843017578125,461.673828125,-1,-1,-1,-1
6,3,395.15997314453125,432.21734619140625,226.93438720703125,472.1085205078125,-1,-1,-1,-1
7,3,332.8658142089844,436.6590576171875,229.54891967773438,488.329345703125,-1,-1,-1,-1
8,3,284.95843505859375,425.1502685546875,210.78073120117188,511.2115478515625,-1,-1,-1,-1
9,3,285.6776428222656,432.3210754394531,188.17312622070312,520.7724609375,-1,-1,-1,-1
10,3,317.1844482421875,446.23358154296875,179.48565673828125,524.5890502929688,-1,-1,-1,-1
11,3,343.4725646972656,458.3438415527344,180.76541137695312,533.33984375,-1,-1,-1,-1
12,3,308.3891296386719,457.4062194824219,201.688232421875,551.1685791015625,-1,-1,-1,-1
13,3,248.02610778808594,473.04754638671875,225.23634338378906,581.2588500976562,-1,-1,-1,-1
14,3,186.62461853027344,472.32598876953125,259.28228759765625,605.8141479492188,-1,-1,-1,-1
15,3,98.74732971191406,489.1048583984375,304.3465576171875,632.4576416015625,-1,-1,-1,-1
16,3,10.41976547241211,526.3433837890625,363.9685363769531,656.532470703125,-1,-1,-1,-1
17,3,-11.25301742553711,565.700927734375,373.5072326660156,663.79248046875,-1,-1,-1,-1
18,3,-52.680702209472656,558.45166015625,373.6373596191406,706.12353515625,-1,-1,-1,-1
19,3,-142.2205352783203,637.6452026367188,420.15277099609375,671.0086059570312,-1,-1,-1,-1
20,3,-177.3495635986328,692.5509033203125,439.61810302734375,637.5958251953125,-1,-1,-1,-1
21,3,-151.1741180419922,654.5842895507812,398.15118408203125,618.3444213867188,-1,-1,-1,-1
22,3,-37.430931091308594,560.1300048828125,347.1149597167969,655.8074951171875,-1,-1,-1,-1
23,3,80.75109100341797,543.7588500976562,354.1746826171875,608.3909301757812,-1,-1,-1,-1
24,3,290.5974426269531,489.2342529296875,299.4531555175781,558.3404541015625,-1,-1,-1,-1
25,3,460.9294128417969,496.7691955566406,273.8310852050781,514.4615478515625,-1,-1,-1,-1
26,3,561.6428833007812,501.92205810546875,281.70635986328125,482.2652587890625,-1,-1,-1,-1
27,3,614.520751953125,514.6449584960938,295.6046142578125,469.390869140625,-1,-1,-1,-1
28,3,603.3524169921875,548.196533203125,285.0267333984375,453.87554931640625,-1,-1,-1,-1
29,3,462.7935485839844,583.7313232421875,310.8967590332031,461.796630859375,-1,-1,-1,-1
24,4,1250.3394775390625,353.3260498046875,157.3828125,393.3564453125,-1,-1,-1,-1
25,4,1248.22314453125,441.3910827636719,199.8350830078125,352.2162170410156,-1,-1,-1,-1
30,4,1123.2947998046875,388.3857727050781,283.423583984375,388.7655334472656,-1,-1,-1,-1
31,4,929.7218627929688,416.1868896484375,242.27520751953125,355.40911865234375,-1,-1,-1,-1
32,4,783.275390625,426.5433654785156,195.92669677734375,345.1536560058594,-1,-1,-1,-1
33,4,684.2611083984375,436.9651794433594,200.24609375,338.7427062988281,-1,-1,-1,-1
34,4,625.03466796875,454.8022766113281,211.158447265625,337.3979797363281,-1,-1,-1,-1
35,4,599.2711791992188,469.6614074707031,223.23089599609375,334.3450012207031,-1,-1,-1,-1
36,4,592.35009765625,485.2090148925781,237.57470703125,329.1398620605469,-1,-1,-1,-1
37,4,624.7183227539062,483.8843688964844,224.181396484375,324.5636291503906,-1,-1,-1,-1
38,4,673.9805297851562,479.0818176269531,221.3778076171875,322.7386779785156,-1,-1,-1,-1
39,4,732.53955078125,478.436279296875,213.80810546875,322.1212158203125,-1,-1,-1,-1
40,4,794.0843505859375,484.42486572265625,228.41363525390625,328.09515380859375,-1,-1,-1,-1
41,4,873.2289428710938,485.051513671875,238.47222900390625,339.2249755859375,-1,-1,-1,-1
42,4,898.486572265625,480.3038330078125,243.207763671875,340.01446533203125,-1,-1,-1,-1
43,4,813.7867431640625,505.3229675292969,265.8953857421875,328.7060241699219,-1,-1,-1,-1
44,4,686.5791015625,539.270263671875,273.58111572265625,304.49981689453125,-1,-1,-1,-1
45,4,529.3807373046875,557.1487426757812,311.0933837890625,277.18438720703125,-1,-1,-1,-1
46,4,428.4315490722656,561.3287353515625,350.1858215332031,263.61859130859375,-1,-1,-1,-1
47,4,509.11419677734375,561.819091796875,260.83831787109375,256.41552734375,-1,-1,-1,-1
48,4,463.12744140625,580.5281982421875,326.55780029296875,232.75933837890625,-1,-1,-1,-1
49,4,509.89874267578125,584.0182495117188,296.0184326171875,226.90814208984375,-1,-1,-1,-1
50,4,556.757080078125,570.654052734375,271.67950439453125,232.8961181640625,-1,-1,-1,-1
51,4,594.3621215820312,575.9871826171875,255.44537353515625,229.365478515625,-1,-1,-1,-1
52,4,642.6299438476562,579.2531127929688,224.15972900390625,233.2760009765625,-1,-1,-1,-1
53,4,675.5607299804688,581.932861328125,213.06341552734375,240.17431640625,-1,-1,-1,-1
54,4,693.1250610351562,609.1321411132812,203.48907470703125,243.97607421875,-1,-1,-1,-1
55,4,694.8807983398438,653.1528930664062,204.14312744140625,246.3944091796875,-1,-1,-1,-1
56,4,695.6041870117188,628.3974609375,191.11810302734375,257.26544189453125,-1,-1,-1,-1
57,4,692.2865600585938,589.9390869140625,192.06085205078125,270.51171875,-1,-1,-1,-1
58,4,707.528076171875,571.5474853515625,191.1387939453125,281.7001953125,-1,-1,-1,-1
59,4,722.0398559570312,571.0908813476562,172.90875244140625,287.10369873046875,-1,-1,-1,-1
60,4,726.22412109375,562.578125,150.2291259765625,296.37432861328125,-1,-1,-1,-1
61,4,720.0294799804688,540.3770751953125,135.7857666015625,304.03460693359375,-1,-1,-1,-1
62,4,698.153076171875,517.0672607421875,124.67559814453125,313.56378173828125,-1,-1,-1,-1
63,4,671.7033081054688,525.9996948242188,131.75811767578125,323.62908935546875,-1,-1,-1,-1
64,4,631.0597534179688,538.751953125,173.2110595703125,327.8272705078125,-1,-1,-1,-1
65,4,600.4860229492188,541.1375732421875,196.6387939453125,328.454345703125,-1,-1,-1,-1
66,4,584.2723388671875,536.8182983398438,213.636962890625,335.29656982421875,-1,-1,-1,-1
67,4,590.7922973632812,529.5308227539062,220.16729736328125,358.459228515625,-1,-1,-1,-1
68,4,565.4926147460938,522.181884765625,247.25823974609375,362.231689453125,-1,-1,-1,-1
69,4,532.2936401367188,532.3156127929688,265.95318603515625,355.50128173828125,-1,-1,-1,-1
70,4,499.714599609375,518.3572387695312,303.51031494140625,347.90594482421875,-1,-1,-1,-1
71,4,489.12652587890625,529.7261962890625,341.16552734375,347.0853271484375,-1,-1,-1,-1
72,4,491.78936767578125,560.0336303710938,362.19366455078125,336.66015625,-1,-1,-1,-1
73,4,485.4107971191406,616.5320434570312,356.9868469238281,326.67059326171875,-1,-1,-1,-1
74,4,486.36871337890625,625.3621826171875,347.45306396484375,324.8961181640625,-1,-1,-1,-1
75,4,416.2875061035156,583.7728881835938,422.6564636230469,344.6627197265625,-1,-1,-1,-1
76,4,482.2777099609375,649.6294555664062,357.27203369140625,336.147216796875,-1,-1,-1,-1
77,4,464.9826965332031,705.5894775390625,344.6061706542969,316.44635009765625,-1,-1,-1,-1
78,4,458.8370666503906,705.8834838867188,309.0013122558594,316.6239013671875,-1,-1,-1,-1
79,4,451.3520812988281,686.4691162109375,272.6562194824219,318.709716796875,-1,-1,-1,-1
80,4,412.58660888671875,672.089599609375,268.45599365234375,323.23291015625,-1,-1,-1,-1
81,4,333.4801330566406,643.707763671875,290.5218200683594,333.4783935546875,-1,-1,-1,-1
82,4,203.93795776367188,627.8062744140625,335.1498718261719,336.50189208984375,-1,-1,-1,-1
83,4,91.61399841308594,644.5078735351562,378.02783203125,324.32073974609375,-1,-1,-1,-1
84,4,42.93393325805664,659.7395629882812,376.6259460449219,309.7640380859375,-1,-1,-1,-1
85,4,22.586162567138672,649.6503295898438,347.4685363769531,307.03875732421875,-1,-1,-1,-1
86,4,-2.209228515625,665.2415161132812,330.2427062988281,313.89910888671875,-1,-1,-1,-1
87,4,-18.542829513549805,706.4334106445312,301.03045654296875,310.737548828125,-1,-1,-1,-1
88,4,-18.45157241821289,712.23974609375,253.76458740234375,333.046875,-1,-1,-1,-1
89,4,-19.783584594726562,682.7252807617188,198.3068084716797,390.99945068359375,-1,-1,-1,-1
90,4,-86.19800567626953,660.9274291992188,222.32794189453125,421.32037353515625,-1,-1,-1,-1
91,4,-75.8078842163086,644.4966430664062,190.01806640625,432.33099365234375,-1,-1,-1,-1
92,4,-85.30110931396484,645.9196166992188,205.2216796875,433.74322509765625,-1,-1,-1,-1
93,4,-60.0025749206543,654.5457763671875,161.6920928955078,423.7489013671875,-1,-1,-1,-1
94,4,-59.4140625,695.6997680664062,133.35968017578125,372.24749755859375,-1,-1,-1,-1
95,4,-72.18541717529297,706.7106323242188,148.78689575195312,357.40667724609375,-1,-1,-1,-1
96,4,-75.80836486816406,738.3377685546875,155.21868896484375,342.52099609375,-1,-1,-1,-1
30,5,240.83053588867188,613.012451171875,327.6864318847656,512.8603515625,-1,-1,-1,-1
31,6,9.56330680847168,647.4552001953125,379.36376953125,574.6474609375,-1,-1,-1,-1
32,6,-46.767906188964844,575.57861328125,462.9024353027344,619.35400390625,-1,-1,-1,-1
38,6,-109.22470092773438,734.7157592773438,385.7430725097656,439.02410888671875,-1,-1,-1,-1
39,6,-3.9854869842529297,756.8821411132812,357.30377197265625,397.55755615234375,-1,-1,-1,-1
32,7,-114.22966003417969,706.2344360351562,363.88763427734375,548.5170288085938,-1,-1,-1,-1
33,7,-145.06326293945312,721.9703369140625,351.4765319824219,604.56787109375,-1,-1,-1,-1
35,7,-142.8037567138672,716.8501586914062,299.23583984375,689.1483764648438,-1,-1,-1,-1
36,7,-164.64389038085938,685.7124633789062,332.87518310546875,731.1527709960938,-1,-1,-1,-1
37,7,-176.3870391845703,706.7697143554688,375.07470703125,552.6777954101562,-1,-1,-1,-1
38,7,-124.38192749023438,755.852783203125,400.3274230957031,520.4949951171875,-1,-1,-1,-1
39,7,-4.671360969543457,755.6422729492188,358.8916015625,594.0031127929688,-1,-1,-1,-1
40,7,47.556095123291016,741.102783203125,362.0406494140625,594.0751953125,-1,-1,-1,-1
41,7,143.61915588378906,712.0247802734375,320.1497802734375,567.051513671875,-1,-1,-1,-1
42,7,223.18373107910156,696.6790161132812,280.81048583984375,542.6160278320312,-1,-1,-1,-1
43,7,155.1722412109375,664.7894897460938,303.83062744140625,542.0078735351562,-1,-1,-1,-1
44,7,-20.441511154174805,651.3070678710938,422.7506408691406,557.1841430664062,-1,-1,-1,-1
44,8,-0.9895706176757812,645.5203247070312,344.96875,577.7561645507812,-1,-1,-1,-1
45,8,-141.7987518310547,677.1754760742188,381.3052062988281,622.6798706054688,-1,-1,-1,-1
46,8,-179.0115203857422,757.4532470703125,365.79644775390625,558.538818359375,-1,-1,-1,-1
47,8,-183.32618713378906,751.603271484375,370.63848876953125,626.637451171875,-1,-1,-1,-1
48,8,-63.78129577636719,607.2152099609375,343.0936279296875,801.07763671875,-1,-1,-1,-1
49,8,-59.11844253540039,619.9345092773438,277.49310302734375,667.7598266601562,-1,-1,-1,-1
50,8,-20.64669418334961,545.041259765625,249.2498321533203,664.3367919921875,-1,-1,-1,-1
51,8,-10.765328407287598,575.5056762695312,291.00653076171875,759.9214477539062,-1,-1,-1,-1
52,8,2.690352439880371,609.2708129882812,298.9159851074219,777.4623413085938,-1,-1,-1,-1
53,8,17.103870391845703,610.22314453125,344.5292053222656,801.144775390625,-1,-1,-1,-1
54,8,12.435111045837402,609.3514404296875,297.6639404296875,795.39306640625,-1,-1,-1,-1
55,8,9.093315124511719,648.0209350585938,252.41244506835938,749.1510620117188,-1,-1,-1,-1
56,8,1.6968679428100586,607.4122314453125,268.867919921875,742.544189453125,-1,-1,-1,-1
57,8,0.8879518508911133,552.262939453125,244.251220703125,736.7205810546875,-1,-1,-1,-1
58,8,18.86395263671875,564.8973388671875,245.88717651367188,714.7510986328125,-1,-1,-1,-1
59,8,47.069068908691406,603.7530517578125,237.782958984375,698.2271728515625,-1,-1,-1,-1
60,8,63.578834533691406,627.9100952148438,241.73049926757812,689.3880004882812,-1,-1,-1,-1
61,8,73.8534927368164,644.3843383789062,249.87429809570312,660.9702758789062,-1,-1,-1,-1
62,8,82.7754135131836,631.4747314453125,301.3191833496094,662.763427734375,-1,-1,-1,-1
63,8,78.048583984375,665.5770874023438,298.332763671875,631.6810913085938,-1,-1,-1,-1
64,8,79.5727310180664,679.6611938476562,257.0314025878906,606.1787719726562,-1,-1,-1,-1
65,8,82.82537841796875,663.0756225585938,242.1295166015625,594.2277221679688,-1,-1,-1,-1
66,8,102.45448303222656,664.1571044921875,210.86949157714844,489.2578125,-1,-1,-1,-1
67,8,138.22390747070312,611.2637329101562,206.91522216796875,587.1134643554688,-1,-1,-1,-1
68,8,168.32644653320312,589.2159423828125,177.18533325195312,567.400634765625,-1,-1,-1,-1
69,8,200.67913818359375,605.521728515625,173.20709228515625,476.7078857421875,-1,-1,-1,-1
70,8,227.9298095703125,587.1943969726562,190.70706176757812,419.66522216796875,-1,-1,-1,-1
71,8,268.8639221191406,587.65576171875,200.39840698242188,402.859130859375,-1,-1,-1,-1
72,8,322.7995300292969,608.5134887695312,207.07467651367188,387.61370849609375,-1,-1,-1,-1
73,8,357.5113525390625,660.7092895507812,174.40887451171875,373.63250732421875,-1,-1,-1,-1
74,8,378.794189453125,660.8167724609375,143.15582275390625,356.15924072265625,-1,-1,-1,-1
75,8,406.7891845703125,628.9360961914062,137.2445068359375,330.46826171875,-1,-1,-1,-1
76,8,425.8957824707031,681.341064453125,126.00119018554688,302.48004150390625,-1,-1,-1,-1
77,8,438.5979919433594,720.9291381835938,125.81076049804688,267.13031005859375,-1,-1,-1,-1
78,8,460.4028625488281,714.3743896484375,156.84548950195312,268.316650390625,-1,-1,-1,-1
79,8,451.9159851074219,698.9397583007812,187.27584838867188,251.54412841796875,-1,-1,-1,-1
80,8,419.5543212890625,678.6251220703125,218.30914306640625,249.713134765625,-1,-1,-1,-1
81,8,419.1978759765625,651.9849853515625,128.83782958984375,198.86181640625,-1,-1,-1,-1
82,8,370.8878479003906,617.6522216796875,96.33135986328125,202.4422607421875,-1,-1,-1,-1
83,8,329.6694030761719,588.2280883789062,100.05169677734375,220.6005859375,-1,-1,-1,-1
84,8,311.5157165527344,572.1263427734375,105.80130004882812,218.1866455078125,-1,-1,-1,-1
85,8,289.7227783203125,532.067626953125,111.710693359375,235.91754150390625,-1,-1,-1,-1
86,8,273.9057312011719,521.5533447265625,156.32919311523438,249.47052001953125,-1,-1,-1,-1
87,8,264.2644958496094,539.125,174.95230102539062,243.29608154296875,-1,-1,-1,-1
88,8,286.1253967285156,553.038818359375,157.93060302734375,232.083740234375,-1,-1,-1,-1
89,8,299.3742370605469,564.5714721679688,141.7705078125,215.31402587890625,-1,-1,-1,-1
90,8,315.38653564453125,560.1581420898438,125.30194091796875,200.92889404296875,-1,-1,-1,-1
91,8,345.6604309082031,547.5581665039062,104.40719604492188,200.9649658203125,-1,-1,-1,-1
92,8,389.5253601074219,557.4710693359375,110.15548706054688,189.90625,-1,-1,-1,-1
93,8,408.7380676269531,556.386962890625,112.11416625976562,191.47088623046875,-1,-1,-1,-1
94,8,422.72918701171875,545.6448364257812,106.9378662109375,196.22125244140625,-1,-1,-1,-1
95,8,448.9286193847656,527.41064453125,104.92697143554688,203.12786865234375,-1,-1,-1,-1
96,8,476.3553161621094,536.97607421875,100.77182006835938,198.55914306640625,-1,-1,-1,-1
97,8,499.47509765625,539.98828125,94.22833251953125,207.51275634765625,-1,-1,-1,-1
98,8,493.9212951660156,535.8253784179688,95.62625122070312,213.859130859375,-1,-1,-1,-1
99,8,485.88653564453125,558.5980224609375,88.4063720703125,215.6251220703125,-1,-1,-1,-1
100,8,466.85394287109375,548.778076171875,93.2928466796875,228.7281494140625,-1,-1,-1,-1
101,8,483.000244140625,533.1627197265625,91.69561767578125,234.27313232421875,-1,-1,-1,-1
102,8,556.8699340820312,538.2894897460938,86.63116455078125,236.36212158203125,-1,-1,-1,-1
103,8,644.5906372070312,570.074951171875,92.857177734375,234.78466796875,-1,-1,-1,-1
104,8,740.9942016601562,524.1168212890625,101.73858642578125,241.300537109375,-1,-1,-1,-1
105,8,800.8500366210938,503.51080322265625,113.51934814453125,250.49652099609375,-1,-1,-1,-1
106,8,807.121337890625,491.0221252441406,114.72955322265625,257.9696960449219,-1,-1,-1,-1
107,8,750.605224609375,507.69720458984375,113.4344482421875,262.99029541015625,-1,-1,-1,-1
108,8,676.9603881835938,535.4622802734375,115.46014404296875,262.5670166015625,-1,-1,-1,-1
109,8,605.3800048828125,501.4675598144531,114.3997802734375,272.7537536621094,-1,-1,-1,-1
110,8,569.3612670898438,533.7755126953125,118.05755615234375,281.15386962890625,-1,-1,-1,-1
111,8,551.7719116210938,507.58111572265625,123.5565185546875,291.15155029296875,-1,-1,-1,-1
112,8,535.9660034179688,518.5116577148438,124.09564208984375,299.85931396484375,-1,-1,-1,-1
113,8,522.4510498046875,563.4244995117188,123.78204345703125,309.20404052734375,-1,-1,-1,-1
114,8,522.7222290039062,546.8898315429688,135.57989501953125,318.7843017578125,-1,-1,-1,-1
115,8,561.8081665039062,513.2301025390625,141.91912841796875,323.929931640625,-1,-1,-1,-1
116,8,661.8180541992188,482.2099609375,154.28509521484375,334.5513916015625,-1,-1,-1,-1
117,8,776.9173583984375,481.5473937988281,181.777587890625,347.4773254394531,-1,-1,-1,-1
118,8,891.2787475585938,449.0934753417969,206.63568115234375,378.4116516113281,-1,-1,-1,-1
119,8,934.3634033203125,437.9941101074219,272.749267578125,442.5330505371094,-1,-1,-1,-1
120,8,940.718994140625,395.9501953125,246.6177978515625,502.002197265625,-1,-1,-1,-1
121,8,682.1429443359375,181.05929565429688,585.6317138671875,989.3634033203125,-1,-1,-1,-1
45,9,-165.74400329589844,656.1417846679688,393.2877502441406,651.1657104492188,-1,-1,-1,-1
46,9,-194.0388641357422,745.4190673828125,393.6693115234375,582.289306640625,-1,-1,-1,-1
73,10,722.2056274414062,608.3153076171875,121.7967529296875,186.98577880859375,-1,-1,-1,-1
74,10,738.07861328125,600.9751586914062,123.21356201171875,192.52630615234375,-1,-1,-1,-1
75,10,743.0228271484375,554.6536865234375,129.32061767578125,195.91448974609375,-1,-1,-1,-1
76,10,752.9651489257812,601.9059448242188,137.95965576171875,193.72747802734375,-1,-1,-1,-1
77,10,761.778564453125,633.793212890625,139.2662353515625,197.11578369140625,-1,-1,-1,-1
78,10,770.9842529296875,636.5322875976562,139.197021484375,207.91094970703125,-1,-1,-1,-1
79,10,783.2664184570312,629.234375,136.18048095703125,205.711181640625,-1,-1,-1,-1
80,10,780.9645385742188,606.7392578125,133.16571044921875,212.1536865234375,-1,-1,-1,-1
81,10,745.2069091796875,567.228271484375,128.58880615234375,211.66796875,-1,-1,-1,-1
82,10,672.47265625,527.36767578125,123.02838134765625,213.26361083984375,-1,-1,-1,-1
83,10,629.1372680664062,518.896240234375,120.5120849609375,212.37591552734375,-1,-1,-1,-1
84,10,610.6847534179688,493.0918884277344,121.65826416015625,223.60263061523438,-1,-1,-1,-1
85,10,597.7052612304688,463.4631652832031,123.98138427734375,232.15475463867188,-1,-1,-1,-1
86,10,595.1563110351562,463.9578857421875,124.81622314453125,237.20257568359375,-1,-1,-1,-1
87,10,585.639404296875,474.1593322753906,130.45916748046875,240.16915893554688,-1,-1,-1,-1
88,10,590.8919067382812,489.1427917480469,131.0302734375,240.39852905273438,-1,-1,-1,-1
89,10,588.846435546875,492.69696044921875,130.2174072265625,241.40301513671875,-1,-1,-1,-1
90,10,588.4708862304688,488.29986572265625,128.66119384765625,241.1585693359375,-1,-1,-1,-1
91,10,592.42138671875,480.96051025390625,131.41961669921875,245.2247314453125,-1,-1,-1,-1
92,10,614.7244873046875,484.12603759765625,133.26690673828125,248.05963134765625,-1,-1,-1,-1
93,10,623.8203125,483.8868103027344,139.17120361328125,253.62442016601562,-1,-1,-1,-1
94,10,632.5369262695312,478.9786682128906,137.3983154296875,259.8360900878906,-1,-1,-1,-1
95,10,649.69287109375,461.5694580078125,147.05572509765625,269.58355712890625,-1,-1,-1,-1
96,10,672.7939453125,465.75244140625,149.10064697265625,278.3125,-1,-1,-1,-1
97,10,689.166015625,474.7845458984375,152.04742431640625,288.79107666015625,-1,-1,-1,-1
98,10,684.969482421875,472.677490234375,152.91033935546875,296.58306884765625,-1,-1,-1,-1
99,10,671.7653198242188,502.77142333984375,152.32513427734375,307.9781494140625,-1,-1,-1,-1
100,10,655.4794311523438,494.3377380371094,155.60797119140625,321.1553039550781,-1,-1,-1,-1
101,10,668.1617431640625,480.0960998535156,153.85430908203125,335.3806457519531,-1,-1,-1,-1
102,10,736.0447387695312,498.01300048828125,158.5462646484375,348.14996337890625,-1,-1,-1,-1
103,10,823.6353149414062,531.7643432617188,174.0445556640625,375.00604248046875,-1,-1,-1,-1
104,10,927.4310302734375,480.8521728515625,185.8365478515625,422.103759765625,-1,-1,-1,-1
105,10,989.15283203125,459.0299072265625,207.0338134765625,458.55206298828125,-1,-1,-1,-1
106,10,995.05029296875,435.15814208984375,216.1103515625,495.687744140625,-1,-1,-1,-1
107,10,931.7199096679688,458.0801696777344,212.17803955078125,502.4109191894531,-1,-1,-1,-1
108,10,846.773681640625,491.012939453125,212.61669921875,512.4125366210938,-1,-1,-1,-1
109,10,772.1764526367188,446.7308654785156,208.64813232421875,536.48193359375,-1,-1,-1,-1
110,10,721.2908935546875,489.4516296386719,215.5506591796875,565.19775390625,-1,-1,-1,-1
111,10,694.6078491210938,457.3436584472656,221.4461669921875,602.5460205078125,-1,-1,-1,-1
112,10,665.1906127929688,468.4649658203125,230.76141357421875,649.5198974609375,-1,-1,-1,-1
113,10,641.2896728515625,504.7119140625,234.08917236328125,638.6695556640625,-1,-1,-1,-1
114,10,629.497314453125,480.5292663574219,252.15716552734375,666.218017578125,-1,-1,-1,-1
115,10,654.7088012695312,435.8353576660156,267.1768798828125,623.3203125,-1,-1,-1,-1
116,10,731.667236328125,394.01385498046875,312.3212890625,705.1565551757812,-1,-1,-1,-1
117,10,783.1775512695312,370.4095458984375,408.38116455078125,825.3685302734375,-1,-1,-1,-1
118,10,873.2607421875,309.80621337890625,462.4610595703125,938.5580444335938,-1,-1,-1,-1
119,10,727.5740356445312,265.1103515625,674.0618286132812,1150.6669921875,-1,-1,-1,-1
120,10,732.3738403320312,183.88377380371094,616.7887573242188,1200.703369140625,-1,-1,-1,-1
121,10,625.5064697265625,163.89697265625,658.3629150390625,1221.130859375,-1,-1,-1,-1
76,11,5.679292678833008,481.295166015625,603.1488647460938,939.7357177734375,-1,-1,-1,-1
77,11,-4.537975311279297,559.0938110351562,572.5388793945312,869.4918823242188,-1,-1,-1,-1
78,11,-80.46757507324219,716.1038818359375,605.4631958007812,704.8953857421875,-1,-1,-1,-1
79,11,-128.22055053710938,828.602294921875,606.2114868164062,586.8153076171875,-1,-1,-1,-1
80,11,-26.447967529296875,839.1474609375,477.2765197753906,586.275146484375,-1,-1,-1,-1
81,11,-29.490020751953125,805.9720458984375,452.22259521484375,615.9710693359375,-1,-1,-1,-1
105,12,-144.38027954101562,551.2367553710938,371.1754455566406,491.62518310546875,-1,-1,-1,-1
106,12,-132.75650024414062,560.6843872070312,276.36334228515625,480.07159423828125,-1,-1,-1,-1
107,12,-41.226741790771484,511.6317138671875,226.13955688476562,396.254638671875,-1,-1,-1,-1
116,13,305.5149230957031,909.1181030273438,754.994384765625,515.6022338867188,-1,-1,-1,-1
117,13,366.5918884277344,889.0940551757812,828.425537109375,512.1619262695312,-1,-1,-1,-1
118,13,406.40997314453125,801.75048828125,1008.5326538085938,607.9075927734375,-1,-1,-1,-1
119,13,534.1182861328125,748.0587768554688,922.9793701171875,664.4800415039062,-1,-1,-1,-1
118,14,-113.11649322509766,451.5576477050781,286.1044616699219,583.115478515625,-1,-1,-1,-1
119,14,-87.37203979492188,401.0753173828125,382.4433288574219,629.6561279296875,-1,-1,-1,-1
120,14,-73.16644287109375,371.83038330078125,432.52197265625,678.3711547851562,-1,-1,-1,-1
121,14,-49.103084564208984,354.0097961425781,420.8260192871094,712.3302001953125,-1,-1,-1,-1
