1,1,344.4686584472656,615.0092163085938,23.468109130859375,39.86920166015625,-1,-1,-1,-1
2,1,335.63134765625,620.9354858398438,21.64031982421875,38.4599609375,-1,-1,-1,-1
3,1,329.6979064941406,616.7504272460938,21.817596435546875,41.65740966796875,-1,-1,-1,-1
4,1,329.8976745605469,612.566650390625,21.14373779296875,40.2841796875,-1,-1,-1,-1
5,1,329.3370666503906,600.064697265625,22.010345458984375,42.3992919921875,-1,-1,-1,-1
6,1,328.48858642578125,589.4771118164062,21.446014404296875,42.65191650390625,-1,-1,-1,-1
7,1,325.31243896484375,588.1964721679688,20.737640380859375,40.851318359375,-1,-1,-1,-1
8,1,329.2425231933594,582.5977783203125,21.571441650390625,43.19512939453125,-1,-1,-1,-1
9,1,341.1475830078125,582.2763061523438,22.095489501953125,42.41644287109375,-1,-1,-1,-1
10,1,346.9333801269531,575.7073974609375,20.45654296875,40.220458984375,-1,-1,-1,-1
11,1,350.8565368652344,575.375732421875,20.489501953125,37.64031982421875,-1,-1,-1,-1
12,1,353.33404541015625,573.9383544921875,21.71673583984375,40.4971923828125,-1,-1,-1,-1
13,1,354.48297119140625,573.2321166992188,21.850067138671875,41.4808349609375,-1,-1,-1,-1
14,1,356.2764892578125,567.3826293945312,22.360595703125,42.5555419921875,-1,-1,-1,-1
15,1,358.6707763671875,556.4371948242188,21.43701171875,40.8040771484375,-1,-1,-1,-1
16,1,360.7834167480469,543.4830932617188,23.12841796875,41.719970703125,-1,-1,-1,-1
17,1,356.93878173828125,529.1771850585938,23.3538818359375,41.97650146484375,-1,-1,-1,-1
18,1,326.1784362792969,502.2860107421875,21.93450927734375,44.242919921875,-1,-1,-1,-1
19,1,295.0840148925781,473.798828125,22.70916748046875,45.4302978515625,-1,-1,-1,-1
20,1,312.4290771484375,459.2356262207031,22.93878173828125,45.560760498046875,-1,-1,-1,-1
21,1,343.9563293457031,441.0994567871094,22.961151123046875,44.3865966796875,-1,-1,-1,-1
22,1,370.7146301269531,423.14166259765625,23.751861572265625,45.3931884765625,-1,-1,-1,-1
23,1,389.6745910644531,447.2729797363281,23.22625732421875,42.55078125,-1,-1,-1,-1
24,1,408.14190673828125,491.6625061035156,21.48870849609375,42.108245849609375,-1,-1,-1,-1
25,1,413.1866760253906,519.7166748046875,22.330108642578125,46.23858642578125,-1,-1,-1,-1
26,1,412.08355712890625,546.6137084960938,20.33038330078125,42.362548828125,-1,-1,-1,-1
27,1,409.7539978027344,533.453857421875,22.1636962890625,48.62701416015625,-1,-1,-1,-1
28,1,402.513916015625,526.8054809570312,22.48590087890625,46.39471435546875,-1,-1,-1,-1
29,1,398.2705993652344,519.2696533203125,24.040802001953125,45.714111328125,-1,-1,-1,-1
30,1,391.2032165527344,518.59033203125,23.306732177734375,41.19970703125,-1,-1,-1,-1
31,1,371.8908996582031,520.3154296875,23.924835205078125,41.05126953125,-1,-1,-1,-1
32,1,362.3416442871094,519.5828247070312,24.073699951171875,38.76934814453125,-1,-1,-1,-1
33,1,360.3779602050781,517.4494018554688,27.3116455078125,55.98345947265625,-1,-1,-1,-1
34,1,289.02337646484375,465.5116882324219,57.38031005859375,112.12930297851562,-1,-1,-1,-1
35,1,288.77490234375,428.8677062988281,79.77047729492188,135.91354370117188,-1,-1,-1,-1
37,1,316.94293212890625,494.487548828125,32.005218505859375,57.24078369140625,-1,-1,-1,-1
38,1,321.9295349121094,477.76556396484375,24.16693115234375,43.56256103515625,-1,-1,-1,-1
39,1,331.7364196777344,465.192626953125,23.12152099609375,46.513214111328125,-1,-1,-1,-1
40,1,354.93402099609375,476.9836120605469,22.04669189453125,41.512664794921875,-1,-1,-1,-1
41,1,393.5873718261719,477.73248291015625,20.50244140625,40.75921630859375,-1,-1,-1,-1
42,1,443.5304260253906,468.53863525390625,20.0557861328125,42.670135498046875,-1,-1,-1,-1
43,1,486.39544677734375,462.5783386230469,22.70037841796875,42.40045166015625,-1,-1,-1,-1
44,1,528.4479370117188,453.2015380859375,20.80902099609375,40.51519775390625,-1,-1,-1,-1
45,1,565.4602661132812,441.71661376953125,21.773681640625,40.505401611328125,-1,-1,-1,-1
46,1,616.0465698242188,453.7257995605469,21.393310546875,39.229949951171875,-1,-1,-1,-1
47,1,662.8460693359375,474.6024475097656,21.20703125,40.741790771484375,-1,-1,-1,-1
48,1,692.134521484375,487.6000671386719,28.6845703125,50.079071044921875,-1,-1,-1,-1
1,2,292.5272216796875,629.43603515625,34.9678955078125,62.50262451171875,-1,-1,-1,-1
2,2,281.6075134277344,634.459228515625,35.703125,66.865966796875,-1,-1,-1,-1
3,2,274.1607666015625,631.7144775390625,37.161956787109375,67.0780029296875,-1,-1,-1,-1
4,2,274.01458740234375,622.0569458007812,34.217529296875,67.3226318359375,-1,-1,-1,-1
5,2,273.8320007324219,609.4786376953125,33.882354736328125,69.55181884765625,-1,-1,-1,-1
6,2,273.7746887207031,601.4812622070312,32.281005859375,65.3582763671875,-1,-1,-1,-1
7,2,268.9009704589844,594.654296875,33.857574462890625,68.5001220703125,-1,-1,-1,-1
8,2,274.3543701171875,594.034912109375,33.16998291015625,64.42083740234375,-1,-1,-1,-1
9,2,286.8095703125,590.779052734375,32.94598388671875,64.76885986328125,-1,-1,-1,-1
10,2,294.8481140136719,586.6546020507812,32.941375732421875,62.7498779296875,-1,-1,-1,-1
11,2,298.3222961425781,582.6320190429688,33.94830322265625,65.46771240234375,-1,-1,-1,-1
12,2,302.0241394042969,587.8417358398438,33.069305419921875,63.138671875,-1,-1,-1,-1
13,2,303.6451416015625,587.06103515625,32.12432861328125,64.39398193359375,-1,-1,-1,-1
14,2,304.37213134765625,579.33447265625,32.738800048828125,64.33349609375,-1,-1,-1,-1
15,2,308.4333190917969,567.9105224609375,33.132476806640625,64.36669921875,-1,-1,-1,-1
16,2,310.1788635253906,552.81396484375,35.194183349609375,69.50286865234375,-1,-1,-1,-1
17,2,305.5801086425781,540.4320678710938,34.000823974609375,65.2353515625,-1,-1,-1,-1
18,2,273.6441650390625,517.6275024414062,33.786834716796875,64.68646240234375,-1,-1,-1,-1
19,2,239.7395782470703,488.4435119628906,35.99229431152344,67.50161743164062,-1,-1,-1,-1
20,2,256.8060607910156,474.0899353027344,36.274017333984375,68.35617065429688,-1,-1,-1,-1
21,2,292.2978210449219,458.7937927246094,35.5828857421875,66.35934448242188,-1,-1,-1,-1
22,2,319.35003662109375,440.584716796875,35.53704833984375,67.000244140625,-1,-1,-1,-1
23,2,341.141845703125,464.4743957519531,30.957611083984375,62.487396240234375,-1,-1,-1,-1
24,2,359.0614929199219,504.9104309082031,31.131591796875,63.343902587890625,-1,-1,-1,-1
25,2,365.94329833984375,540.423095703125,32.034515380859375,60.56072998046875,-1,-1,-1,-1
26,2,363.5162658691406,564.9113159179688,31.596282958984375,59.0244140625,-1,-1,-1,-1
27,2,362.6978454589844,559.7332763671875,31.667938232421875,57.59381103515625,-1,-1,-1,-1
28,2,357.1822814941406,550.4212036132812,32.373138427734375,60.45623779296875,-1,-1,-1,-1
29,2,352.7575378417969,543.905029296875,33.495880126953125,58.88250732421875,-1,-1,-1,-1
30,2,346.0448303222656,540.7333984375,34.2728271484375,57.3140869140625,-1,-1,-1,-1
31,2,328.4504089355469,545.236328125,34.74981689453125,59.1082763671875,-1,-1,-1,-1
32,2,313.6528015136719,539.548583984375,37.659210205078125,59.48870849609375,-1,-1,-1,-1
33,2,304.91070556640625,553.0709228515625,39.697906494140625,60.62109375,-1,-1,-1,-1
34,2,284.9573059082031,545.381103515625,52.206024169921875,67.45074462890625,-1,-1,-1,-1
36,2,195.2760009765625,422.0940856933594,244.26144409179688,315.7236022949219,-1,-1,-1,-1
37,2,263.85040283203125,485.3006591796875,129.00350952148438,245.96075439453125,-1,-1,-1,-1
38,2,240.0630340576172,513.2330932617188,110.76255798339844,154.95013427734375,-1,-1,-1,-1
39,2,245.12510681152344,489.42669677734375,79.61830139160156,203.944091796875,-1,-1,-1,-1
40,2,298.9942932128906,503.75286865234375,38.4403076171875,60.85247802734375,-1,-1,-1,-1
41,2,338.89862060546875,500.75762939453125,35.4593505859375,62.65020751953125,-1,-1,-1,-1
42,2,391.4073791503906,495.4825744628906,34.703277587890625,63.033050537109375,-1,-1,-1,-1
43,2,436.9932556152344,488.6509704589844,32.66754150390625,60.460662841796875,-1,-1,-1,-1
44,2,478.053955078125,476.1336975097656,31.759674072265625,58.886993408203125,-1,-1,-1,-1
45,2,512.9612121582031,461.2431640625,33.038299560546875,56.2601318359375,-1,-1,-1,-1
46,2,562.8590698242188,475.0968017578125,32.92962646484375,59.59149169921875,-1,-1,-1,-1
47,2,607.8820190429688,489.02728271484375,30.4747314453125,58.9776611328125,-1,-1,-1,-1
48,2,639.4417114257812,508.2874755859375,30.71868896484375,54.43280029296875,-1,-1,-1,-1
49,2,661.85546875,510.614501953125,27.933349609375,51.09442138671875,-1,-1,-1,-1
50,2,682.4454956054688,499.3681640625,30.8443603515625,54.42352294921875,-1,-1,-1,-1
51,2,700.255615234375,513.74267578125,28.81640625,52.92974853515625,-1,-1,-1,-1
52,2,698.3189697265625,551.349853515625,27.87506103515625,50.437744140625,-1,-1,-1,-1
53,2,694.758056640625,574.416015625,27.768310546875,54.083740234375,-1,-1,-1,-1
54,2,704.2151489257812,591.7201538085938,23.67291259765625,49.34918212890625,-1,-1,-1,-1
55,2,722.6039428710938,584.7451782226562,25.47015380859375,50.65789794921875,-1,-1,-1,-1
56,2,759.8229370117188,561.116943359375,25.7822265625,51.58453369140625,-1,-1,-1,-1
57,2,789.5586547851562,562.0349731445312,26.935302734375,54.8095703125,-1,-1,-1,-1
58,2,809.9430541992188,582.83349609375,25.68084716796875,51.61566162109375,-1,-1,-1,-1
59,2,826.531005859375,601.6975708007812,24.59857177734375,50.3350830078125,-1,-1,-1,-1
60,2,842.01318359375,604.895751953125,24.69268798828125,50.7481689453125,-1,-1,-1,-1
61,2,859.1343383789062,603.3306274414062,26.1612548828125,59.4146728515625,-1,-1,-1,-1
62,2,876.614501953125,597.017578125,26.76495361328125,55.790283203125,-1,-1,-1,-1
63,2,886.99072265625,606.2611694335938,23.75177001953125,54.44805908203125,-1,-1,-1,-1
64,2,902.3422241210938,592.90869140625,23.5684814453125,53.75244140625,-1,-1,-1,-1
65,2,931.9439086914062,553.6199951171875,26.43798828125,55.3414306640625,-1,-1,-1,-1
66,2,959.7554931640625,528.0164184570312,27.024658203125,56.80615234375,-1,-1,-1,-1
67,2,985.7314453125,532.77001953125,27.4749755859375,54.08013916015625,-1,-1,-1,-1
68,2,1013.8703002929688,557.1790771484375,28.94378662109375,53.7862548828125,-1,-1,-1,-1
69,2,1032.98681640625,570.6715698242188,28.74560546875,57.13616943359375,-1,-1,-1,-1
70,2,1044.565673828125,570.7671508789062,28.498779296875,58.63983154296875,-1,-1,-1,-1
71,2,1054.14697265625,570.8796997070312,30.180419921875,59.52349853515625,-1,-1,-1,-1
72,2,1075.1297607421875,564.25,29.587890625,60.1732177734375,-1,-1,-1,-1
73,2,1085.5888671875,541.6876220703125,30.6702880859375,62.2740478515625,-1,-1,-1,-1
74,2,1094.8326416015625,498.22686767578125,31.9898681640625,62.6209716796875,-1,-1,-1,-1
75,2,1099.9224853515625,458.39471435546875,31.046142578125,62.98333740234375,-1,-1,-1,-1
76,2,1093.67578125,457.79022216796875,32.6092529296875,55.70355224609375,-1,-1,-1,-1
77,2,1088.19140625,457.8320007324219,31.0997314453125,57.854888916015625,-1,-1,-1,-1
78,2,1092.5662841796875,467.527587890625,30.644775390625,58.0927734375,-1,-1,-1,-1
79,2,1096.0528564453125,471.63519287109375,30.6683349609375,59.70489501953125,-1,-1,-1,-1
80,2,1094.287109375,472.82611083984375,31.90673828125,61.5196533203125,-1,-1,-1,-1
81,2,1087.3358154296875,465.9604797363281,29.224365234375,56.518035888671875,-1,-1,-1,-1
82,2,1056.830078125,459.468017578125,30.27392578125,58.10748291015625,-1,-1,-1,-1
83,2,999.8567504882812,428.999267578125,31.00543212890625,58.773162841796875,-1,-1,-1,-1
84,2,951.8145751953125,403.9649353027344,32.5635986328125,60.961029052734375,-1,-1,-1,-1
85,2,927.709716796875,392.46240234375,29.42364501953125,60.713958740234375,-1,-1,-1,-1
86,2,924.0674438476562,389.04852294921875,29.60980224609375,56.7994384765625,-1,-1,-1,-1
87,2,929.2800903320312,390.1978454589844,28.29620361328125,57.109649658203125,-1,-1,-1,-1
88,2,933.4126586914062,393.640869140625,27.61322021484375,52.88275146484375,-1,-1,-1,-1
89,2,937.105712890625,382.474853515625,27.77154541015625,54.811370849609375,-1,-1,-1,-1
90,2,944.5521850585938,376.6485900878906,27.201904296875,55.001068115234375,-1,-1,-1,-1
91,2,966.0342407226562,388.8858642578125,28.25408935546875,55.0450439453125,-1,-1,-1,-1
92,2,1017.5484619140625,388.21002197265625,31.097900390625,54.72747802734375,-1,-1,-1,-1
93,2,1098.933837890625,382.9676513671875,30.0430908203125,53.8048095703125,-1,-1,-1,-1
94,2,1187.233642578125,382.033935546875,30.1658935546875,55.170257568359375,-1,-1,-1,-1
95,2,1250.35498046875,401.355712890625,29.3828125,61.864471435546875,-1,-1,-1,-1
97,2,1238.708251953125,305.3038024902344,137.4234619140625,229.90628051757812,-1,-1,-1,-1
1,3,1098.3302001953125,375.88800048828125,311.0654296875,740.6701049804688,-1,-1,-1,-1
2,3,1094.780029296875,389.12890625,319.225830078125,794.1202392578125,-1,-1,-1,-1
3,3,1086.880615234375,422.3263854980469,324.2874755859375,821.341552734375,-1,-1,-1,-1
4,3,1079.21337890625,459.0213317871094,333.8670654296875,830.3170166015625,-1,-1,-1,-1
5,3,1077.7161865234375,476.73187255859375,334.6639404296875,831.2454223632812,-1,-1,-1,-1
6,3,1075.21875,483.8384704589844,336.7447509765625,824.35498046875,-1,-1,-1,-1
7,3,1061.655517578125,475.91644287109375,356.136474609375,831.5731811523438,-1,-1,-1,-1
8,3,1068.7816162109375,474.5672302246094,348.370361328125,823.8045654296875,-1,-1,-1,-1
9,3,1063.27490234375,463.38165283203125,355.34521484375,839.6521606445312,-1,-1,-1,-1
10,3,1080.8743896484375,458.79351806640625,341.8797607421875,825.1377563476562,-1,-1,-1,-1
11,3,1061.45068359375,449.6988220214844,350.8275146484375,821.84326171875,-1,-1,-1,-1
12,3,1039.0947265625,442.5650329589844,407.767578125,835.58447265625,-1,-1,-1,-1
13,3,1012.5051879882812,429.4237060546875,465.40106201171875,896.0113525390625,-1,-1,-1,-1
14,3,997.729736328125,437.2442321777344,476.1571044921875,922.67529296875,-1,-1,-1,-1
15,3,1002.1673583984375,429.7336730957031,462.988037109375,955.45556640625,-1,-1,-1,-1
16,3,1006.0634765625,458.8945617675781,431.6279296875,886.6253662109375,-1,-1,-1,-1
17,3,1005.9650268554688,438.76666259765625,442.99505615234375,933.1871948242188,-1,-1,-1,-1
18,3,983.555908203125,400.451171875,483.6143798828125,896.7642822265625,-1,-1,-1,-1
19,3,959.5547485351562,356.0308837890625,460.98150634765625,915.4879150390625,-1,-1,-1,-1
20,3,933.3555908203125,411.17645263671875,576.155517578125,921.8624877929688,-1,-1,-1,-1
21,3,929.86572265625,324.5203552246094,626.567138671875,1094.4140625,-1,-1,-1,-1
22,3,911.0003051757812,332.6864929199219,666.4985961914062,1090.9300537109375,-1,-1,-1,-1
23,3,918.2282104492188,405.44580078125,690.3862915039062,1024.19091796875,-1,-1,-1,-1
24,3,931.742431640625,481.080078125,678.8114013671875,947.118896484375,-1,-1,-1,-1
25,3,954.2119750976562,496.92169189453125,619.3612670898438,926.5347290039062,-1,-1,-1,-1
26,3,1090.19775390625,511.385498046875,520.54345703125,900.8134765625,-1,-1,-1,-1
27,3,1100.99267578125,449.198974609375,425.5037841796875,973.8671875,-1,-1,-1,-1
28,3,1127.6973876953125,441.3396911621094,493.9737548828125,985.9644775390625,-1,-1,-1,-1
29,3,1133.624755859375,385.6924133300781,531.9266357421875,1050.2872314453125,-1,-1,-1,-1
30,3,1122.8155517578125,361.9334716796875,572.590576171875,1075.3602294921875,-1,-1,-1,-1
31,3,1128.8216552734375,380.7241516113281,561.219482421875,1063.9036865234375,-1,-1,-1,-1
32,3,1107.681396484375,423.6763000488281,603.5914306640625,1017.267333984375,-1,-1,-1,-1
33,3,1129.73388671875,422.15234375,559.508544921875,1013.3408203125,-1,-1,-1,-1
34,3,1104.31005859375,447.4648742675781,610.3302001953125,994.35009765625,-1,-1,-1,-1
35,3,1049.0965576171875,435.6603698730469,720.6068115234375,1009.35107421875,-1,-1,-1,-1
36,3,1030.1314697265625,403.38592529296875,746.6229248046875,1038.094482421875,-1,-1,-1,-1
37,3,970.6218872070312,351.28173828125,632.0089721679688,1079.6036376953125,-1,-1,-1,-1
38,3,945.2286987304688,265.320556640625,671.3403930664062,1155.9990234375,-1,-1,-1,-1
39,3,948.237060546875,334.9452819824219,653.70849609375,1087.1693115234375,-1,-1,-1,-1
40,3,959.2950439453125,422.9742736816406,678.7572021484375,1002.0787353515625,-1,-1,-1,-1
41,3,990.7041015625,515.427001953125,692.739990234375,910.196533203125,-1,-1,-1,-1
42,3,1039.53759765625,494.4151611328125,713.025390625,931.27880859375,-1,-1,-1,-1
1,4,720.678955078125,448.174072265625,118.8292236328125,326.92108154296875,-1,-1,-1,-1
2,4,715.9552612304688,460.0526123046875,119.564208984375,324.77130126953125,-1,-1,-1,-1
3,4,712.0191650390625,475.6934509277344,113.8062744140625,319.2775573730469,-1,-1,-1,-1
4,4,714.1519165039062,489.052734375,110.97418212890625,319.52105712890625,-1,-1,-1,-1
5,4,715.08984375,489.9813232421875,111.96612548828125,322.43231201171875,-1,-1,-1,-1
6,4,713.2748413085938,484.9903869628906,112.96734619140625,324.5485534667969,-1,-1,-1,-1
7,4,709.0218505859375,482.4033203125,114.81298828125,328.1510009765625,-1,-1,-1,-1
8,4,708.01611328125,487.36566162109375,119.3641357421875,323.71258544921875,-1,-1,-1,-1
9,4,714.4401245117188,489.30072021484375,122.49078369140625,320.86322021484375,-1,-1,-1,-1
10,4,716.91064453125,488.7232971191406,125.1961669921875,315.4397888183594,-1,-1,-1,-1
11,4,715.1096801757812,490.1593933105469,126.12176513671875,311.1537780761719,-1,-1,-1,-1
12,4,712.5394897460938,494.88671875,127.38238525390625,306.3072509765625,-1,-1,-1,-1
13,4,707.5711669921875,495.572998046875,128.53424072265625,303.56756591796875,-1,-1,-1,-1
14,4,701.8806762695312,496.3072509765625,125.3748779296875,300.466064453125,-1,-1,-1,-1
15,4,698.7941284179688,481.73089599609375,120.39959716796875,305.3939208984375,-1,-1,-1,-1
16,4,694.8324584960938,458.219970703125,121.20318603515625,318.4144287109375,-1,-1,-1,-1
17,4,679.2555541992188,423.140625,135.70562744140625,338.61956787109375,-1,-1,-1,-1
18,4,638.8217163085938,378.35003662109375,157.0467529296875,358.34283447265625,-1,-1,-1,-1
19,4,595.6033935546875,336.13568115234375,176.91851806640625,386.650146484375,-1,-1,-1,-1
20,4,596.2225952148438,331.31060791015625,184.055419921875,398.18280029296875,-1,-1,-1,-1
21,4,615.4566040039062,314.29302978515625,179.171142578125,407.363525390625,-1,-1,-1,-1
22,4,627.64599609375,307.32080078125,167.28955078125,404.67938232421875,-1,-1,-1,-1
23,4,628.1732788085938,348.35699462890625,160.3804931640625,378.173095703125,-1,-1,-1,-1
24,4,629.7880859375,402.3052062988281,157.167236328125,357.2748107910156,-1,-1,-1,-1
25,4,623.0838623046875,433.19598388671875,142.2283935546875,353.53924560546875,-1,-1,-1,-1
26,4,607.4226684570312,438.7015075683594,137.80517578125,363.4765930175781,-1,-1,-1,-1
27,4,592.9600219726562,409.1907043457031,154.68780517578125,384.9547424316406,-1,-1,-1,-1
28,4,567.669189453125,373.1768798828125,172.1358642578125,408.92279052734375,-1,-1,-1,-1
29,4,536.1922607421875,348.31201171875,174.65582275390625,425.64752197265625,-1,-1,-1,-1
30,4,496.8780822753906,342.2969055175781,193.43966674804688,441.9169006347656,-1,-1,-1,-1
31,4,444.69183349609375,358.9987487792969,222.99969482421875,451.6122131347656,-1,-1,-1,-1
32,4,400.7342834472656,382.0042724609375,243.55130004882812,449.0513916015625,-1,-1,-1,-1
33,4,364.1766052246094,423.07891845703125,250.53475952148438,429.82470703125,-1,-1,-1,-1
34,4,299.7294006347656,428.1437072753906,259.3943786621094,427.3647155761719,-1,-1,-1,-1
35,4,235.88363647460938,423.0192565917969,283.6504211425781,423.5794982910156,-1,-1,-1,-1
36,4,188.17111206054688,397.3176574707031,298.864501953125,446.6570129394531,-1,-1,-1,-1
37,4,161.5846405029297,432.66241455078125,295.20269775390625,422.49017333984375,-1,-1,-1,-1
38,4,132.74607849121094,439.214599609375,304.85498046875,423.57977294921875,-1,-1,-1,-1
39,4,101.49505615234375,458.1624755859375,318.2027893066406,409.5604248046875,-1,-1,-1,-1
40,4,98.64771270751953,478.0559387207031,306.25653076171875,400.3052062988281,-1,-1,-1,-1
41,4,107.96168518066406,483.064208984375,288.04498291015625,391.66717529296875,-1,-1,-1,-1
42,4,135.38302612304688,481.234375,286.8943176269531,381.062744140625,-1,-1,-1,-1
43,4,142.17762756347656,461.92730712890625,318.47998046875,395.96343994140625,-1,-1,-1,-1
44,4,152.0202178955078,448.0621337890625,321.28216552734375,396.5491943359375,-1,-1,-1,-1
45,4,161.49508666992188,429.5019226074219,316.1395263671875,398.3089294433594,-1,-1,-1,-1
46,4,194.611328125,445.1859130859375,309.7314453125,378.64178466796875,-1,-1,-1,-1
47,4,238.7903594970703,463.7619323730469,303.735107421875,375.2592468261719,-1,-1,-1,-1
48,4,278.93304443359375,513.805908203125,295.85699462890625,348.47613525390625,-1,-1,-1,-1
49,4,292.53521728515625,552.376953125,304.8795166015625,323.344970703125,-1,-1,-1,-1
50,4,306.668701171875,574.472412109375,295.9317626953125,301.74114990234375,-1,-1,-1,-1
51,4,301.35626220703125,597.7318115234375,280.16778564453125,295.12310791015625,-1,-1,-1,-1
52,4,287.06756591796875,645.2369995117188,251.8565673828125,289.62261962890625,-1,-1,-1,-1
53,4,278.88885498046875,651.41455078125,223.47824096679688,304.9119873046875,-1,-1,-1,-1
54,4,265.7094421386719,639.5565795898438,206.29864501953125,321.3494873046875,-1,-1,-1,-1
55,4,272.1938171386719,606.2371826171875,201.279541015625,331.3321533203125,-1,-1,-1,-1
56,4,318.445556640625,578.4474487304688,184.0230712890625,311.2408447265625,-1,-1,-1,-1
57,4,336.12054443359375,577.0983276367188,190.8848876953125,285.72723388671875,-1,-1,-1,-1
58,4,322.4520263671875,577.548828125,206.9808349609375,274.56524658203125,-1,-1,-1,-1
59,4,293.3018493652344,573.8218994140625,230.42623901367188,267.81182861328125,-1,-1,-1,-1
60,4,299.9148254394531,588.9586791992188,234.25259399414062,234.4876708984375,-1,-1,-1,-1
61,4,303.6603698730469,565.12109375,245.72354125976562,246.02337646484375,-1,-1,-1,-1
62,4,320.1067199707031,551.72412109375,232.82803344726562,242.14581298828125,-1,-1,-1,-1
63,4,325.92205810546875,563.3469848632812,226.7562255859375,244.3682861328125,-1,-1,-1,-1
64,4,328.46661376953125,545.9624633789062,230.36871337890625,246.22900390625,-1,-1,-1,-1
65,4,360.9685974121094,528.7177124023438,228.77786254882812,229.6224365234375,-1,-1,-1,-1
66,4,416.9109802246094,541.4214477539062,204.34591674804688,209.89111328125,-1,-1,-1,-1
67,4,470.10003662109375,559.092041015625,195.9620361328125,197.41552734375,-1,-1,-1,-1
68,4,501.966796875,576.781005859375,191.9163818359375,191.97955322265625,-1,-1,-1,-1
69,4,520.3599243164062,578.76953125,184.6046142578125,195.12530517578125,-1,-1,-1,-1
70,4,535.5109252929688,567.7404174804688,159.45904541015625,200.180908203125,-1,-1,-1,-1
71,4,551.3238525390625,556.6651611328125,130.620361328125,203.1290283203125,-1,-1,-1,-1
72,4,564.2424926757812,540.4667358398438,110.05291748046875,203.9014892578125,-1,-1,-1,-1
73,4,563.3482055664062,525.0152587890625,108.7535400390625,200.66082763671875,-1,-1,-1,-1
74,4,563.5963745117188,505.5936279296875,111.10906982421875,196.86639404296875,-1,-1,-1,-1
75,4,557.501708984375,483.508544921875,112.17724609375,197.903076171875,-1,-1,-1,-1
76,4,546.4378662109375,479.44708251953125,109.29266357421875,193.5205078125,-1,-1,-1,-1
77,4,534.47607421875,480.62481689453125,104.48468017578125,190.57989501953125,-1,-1,-1,-1
78,4,533.0579223632812,483.6468200683594,107.73760986328125,186.71286010742188,-1,-1,-1,-1
79,4,528.3597412109375,484.3902893066406,119.1712646484375,182.71939086914062,-1,-1,-1,-1
80,4,514.4734497070312,483.81903076171875,126.5577392578125,184.93304443359375,-1,-1,-1,-1
81,4,494.349853515625,477.59661865234375,127.3543701171875,187.75726318359375,-1,-1,-1,-1
82,4,453.74945068359375,448.0535583496094,126.914794921875,207.17196655273438,-1,-1,-1,-1
83,4,362.6963806152344,376.40570068359375,142.17156982421875,233.81781005859375,-1,-1,-1,-1
84,4,304.6943359375,337.3652038574219,144.38226318359375,248.08871459960938,-1,-1,-1,-1
85,4,256.30218505859375,326.91357421875,165.90826416015625,253.8828125,-1,-1,-1,-1
86,4,248.2665252685547,323.91717529296875,170.4870147705078,264.27227783203125,-1,-1,-1,-1
87,4,247.84548950195312,347.3864440917969,181.89431762695312,259.2780456542969,-1,-1,-1,-1
88,4,241.30532836914062,362.85955810546875,189.61590576171875,252.605224609375,-1,-1,-1,-1
89,4,235.58067321777344,362.1712341308594,188.01039123535156,248.21664428710938,-1,-1,-1,-1
90,4,239.3600616455078,370.07965087890625,174.6488494873047,240.64752197265625,-1,-1,-1,-1
91,4,259.4820556640625,366.4056091308594,161.45083618164062,249.29049682617188,-1,-1,-1,-1
92,4,303.22454833984375,349.8434143066406,160.65570068359375,261.5863952636719,-1,-1,-1,-1
93,4,379.7473449707031,348.1434631347656,149.23452758789062,270.8572692871094,-1,-1,-1,-1
94,4,451.2301025390625,361.84161376953125,136.43597412109375,269.91583251953125,-1,-1,-1,-1
95,4,499.0234375,388.1602783203125,127.961669921875,272.6107177734375,-1,-1,-1,-1
96,4,527.60791015625,403.2810363769531,126.8853759765625,285.6065368652344,-1,-1,-1,-1
97,4,547.4462890625,425.1795654296875,123.89227294921875,291.15570068359375,-1,-1,-1,-1
98,4,557.264404296875,446.8697204589844,123.143798828125,285.6770935058594,-1,-1,-1,-1
99,4,555.7633666992188,452.94415283203125,128.38751220703125,278.34600830078125,-1,-1,-1,-1
100,4,551.8406372070312,456.5948791503906,130.217529296875,276.1979675292969,-1,-1,-1,-1
101,4,543.938720703125,456.6571960449219,141.618408203125,284.6258850097656,-1,-1,-1,-1
102,4,521.1666870117188,419.2662353515625,171.777587890625,306.5960693359375,-1,-1,-1,-1
103,4,529.9887084960938,409.72576904296875,169.79254150390625,324.8634033203125,-1,-1,-1,-1
104,4,543.684814453125,421.6520690917969,158.3321533203125,342.6781921386719,-1,-1,-1,-1
105,4,548.252197265625,416.24395751953125,160.9427490234375,375.79986572265625,-1,-1,-1,-1
106,4,528.5380249023438,400.6618347167969,177.021240234375,411.8185729980469,-1,-1,-1,-1
107,4,529.9527587890625,413.1039733886719,187.41552734375,434.0364685058594,-1,-1,-1,-1
108,4,528.1533813476562,424.96234130859375,198.0635986328125,430.16693115234375,-1,-1,-1,-1
109,4,533.5474243164062,404.8653869628906,225.10223388671875,432.2687072753906,-1,-1,-1,-1
110,4,560.1830444335938,368.78643798828125,242.64495849609375,452.47808837890625,-1,-1,-1,-1
111,4,584.8492431640625,358.5218505859375,257.785400390625,473.06524658203125,-1,-1,-1,-1
112,4,618.95068359375,395.62060546875,268.309814453125,479.32763671875,-1,-1,-1,-1
113,4,648.8720703125,394.2838134765625,283.00238037109375,535.8436889648438,-1,-1,-1,-1
114,4,671.1456298828125,412.9067077636719,308.49969482421875,594.8336181640625,-1,-1,-1,-1
115,4,687.5426025390625,423.8773193359375,352.348876953125,617.1800537109375,-1,-1,-1,-1
116,4,688.0287475585938,423.6202392578125,414.56683349609375,586.7516479492188,-1,-1,-1,-1
117,4,689.6016845703125,397.1274719238281,465.9637451171875,566.0604248046875,-1,-1,-1,-1
118,4,708.0482788085938,325.0633544921875,546.0968627929688,582.101806640625,-1,-1,-1,-1
119,4,710.8250122070312,228.24728393554688,701.2655639648438,644.928955078125,-1,-1,-1,-1
120,4,731.7303466796875,137.39703369140625,684.6683349609375,705.3350830078125,-1,-1,-1,-1
121,4,682.8756713867188,58.191741943359375,736.0023803710938,780.0875244140625,-1,-1,-1,-1
122,4,729.8424682617188,50.824951171875,671.7611694335938,984.087890625,-1,-1,-1,-1
123,4,922.60888671875,150.517578125,596.538330078125,933.5914306640625,-1,-1,-1,-1
1,5,378.4761962890625,614.4671630859375,27.002960205078125,56.270751953125,-1,-1,-1,-1
2,5,368.5111389160156,622.7257690429688,26.99969482421875,54.8529052734375,-1,-1,-1,-1
3,5,360.1043701171875,619.4708862304688,28.64794921875,59.6572265625,-1,-1,-1,-1
4,5,360.082275390625,616.67919921875,28.078369140625,57.21099853515625,-1,-1,-1,-1
5,5,359.44207763671875,606.6758422851562,28.297149658203125,58.760498046875,-1,-1,-1,-1
6,5,357.6950378417969,600.5675659179688,26.47796630859375,53.37109375,-1,-1,-1,-1
7,5,353.3539123535156,594.5663452148438,26.553741455078125,56.8739013671875,-1,-1,-1,-1
8,5,357.58905029296875,593.4921875,26.93988037109375,53.649658203125,-1,-1,-1,-1
9,5,369.1139831542969,589.4851684570312,26.322357177734375,54.84527587890625,-1,-1,-1,-1
10,5,376.46728515625,583.8102416992188,26.39837646484375,55.562744140625,-1,-1,-1,-1
11,5,379.2667541503906,578.882080078125,26.294403076171875,56.37890625,-1,-1,-1,-1
12,5,381.736572265625,581.1536865234375,25.04437255859375,56.31378173828125,-1,-1,-1,-1
13,5,382.8962707519531,580.345947265625,25.308807373046875,56.87225341796875,-1,-1,-1,-1
14,5,384.6634521484375,576.5971069335938,25.472869873046875,53.4693603515625,-1,-1,-1,-1
15,5,387.07049560546875,567.5512084960938,26.65191650390625,52.06329345703125,-1,-1,-1,-1
16,5,391.2434387207031,554.5281372070312,27.068695068359375,56.0018310546875,-1,-1,-1,-1
17,5,385.44097900390625,539.8446044921875,27.60906982421875,54.65728759765625,-1,-1,-1,-1
18,5,355.1015625,513.829833984375,26.329986572265625,55.3111572265625,-1,-1,-1,-1
19,5,325.7183837890625,483.6230163574219,26.74462890625,58.257537841796875,-1,-1,-1,-1
20,5,341.3773193359375,469.86669921875,26.425018310546875,57.6497802734375,-1,-1,-1,-1
21,5,373.7698974609375,450.46453857421875,27.715911865234375,56.065460205078125,-1,-1,-1,-1
22,5,398.9913024902344,431.14056396484375,28.25360107421875,56.785003662109375,-1,-1,-1,-1
23,5,420.24530029296875,456.15789794921875,24.718414306640625,54.402862548828125,-1,-1,-1,-1
24,5,436.85888671875,494.65692138671875,24.66461181640625,56.217041015625,-1,-1,-1,-1
25,5,441.6312255859375,532.3184204101562,25.679168701171875,51.34710693359375,-1,-1,-1,-1
26,5,439.591064453125,557.69287109375,24.905975341796875,49.86419677734375,-1,-1,-1,-1
27,5,438.5699462890625,550.7203979492188,25.15850830078125,50.5,-1,-1,-1,-1
28,5,431.5333557128906,539.4247436523438,27.05267333984375,52.23779296875,-1,-1,-1,-1
29,5,427.6402587890625,531.74365234375,27.75079345703125,50.6715087890625,-1,-1,-1,-1
30,5,421.3160400390625,526.8236694335938,25.9189453125,50.0179443359375,-1,-1,-1,-1
31,5,400.58306884765625,527.115478515625,30.89935302734375,52.68896484375,-1,-1,-1,-1
32,5,390.6146545410156,521.5948486328125,28.48968505859375,54.05523681640625,-1,-1,-1,-1
33,5,358.69390869140625,512.7037353515625,31.3289794921875,61.096923828125,-1,-1,-1,-1
34,5,293.0588684082031,463.3258056640625,47.985107421875,94.3802490234375,-1,-1,-1,-1
35,5,302.2029113769531,428.94439697265625,64.34243774414062,122.46795654296875,-1,-1,-1,-1
38,6,349.2386474609375,485.9751892089844,27.7926025390625,50.868072509765625,-1,-1,-1,-1
39,6,357.1279296875,481.2838439941406,28.329315185546875,49.950286865234375,-1,-1,-1,-1
40,6,379.9064025878906,486.9617004394531,25.942108154296875,52.164031982421875,-1,-1,-1,-1
41,6,413.9903259277344,481.4970703125,27.4794921875,54.5108642578125,-1,-1,-1,-1
42,6,464.20025634765625,475.20819091796875,27.37445068359375,55.16748046875,-1,-1,-1,-1
43,6,507.3836975097656,467.10186767578125,26.385650634765625,53.02410888671875,-1,-1,-1,-1
44,6,547.9935302734375,458.8465881347656,25.5291748046875,49.99798583984375,-1,-1,-1,-1
45,6,581.7426147460938,446.9560852050781,28.56597900390625,51.603668212890625,-1,-1,-1,-1
46,6,632.1332397460938,460.76446533203125,25.18634033203125,50.87335205078125,-1,-1,-1,-1
47,6,673.8042602539062,478.861083984375,26.7520751953125,48.52874755859375,-1,-1,-1,-1
48,6,700.7225952148438,491.53515625,30.27752685546875,50.3624267578125,-1,-1,-1,-1
49,6,719.7953491210938,489.4294738769531,31.21881103515625,50.027313232421875,-1,-1,-1,-1
50,6,745.0332641601562,481.98748779296875,28.37548828125,48.9345703125,-1,-1,-1,-1
51,6,763.1166381835938,498.6505126953125,26.39453125,45.9468994140625,-1,-1,-1,-1
52,6,760.3357543945312,537.4126586914062,27.0318603515625,47.7708740234375,-1,-1,-1,-1
53,6,756.5904541015625,559.6096801757812,27.19732666015625,50.07879638671875,-1,-1,-1,-1
54,6,761.6113891601562,579.1063232421875,26.1741943359375,46.7548828125,-1,-1,-1,-1
55,6,778.4107666015625,568.1828002929688,30.50408935546875,55.15606689453125,-1,-1,-1,-1
56,6,818.0859375,550.701171875,28.865234375,53.2578125,-1,-1,-1,-1
57,6,848.9808959960938,554.0294799804688,29.69287109375,54.12408447265625,-1,-1,-1,-1
58,6,873.5189819335938,575.1265869140625,27.6575927734375,52.61700439453125,-1,-1,-1,-1
59,6,890.9656372070312,597.4021606445312,26.9964599609375,52.9554443359375,-1,-1,-1,-1
60,6,904.4560546875,601.0035400390625,28.420654296875,53.18243408203125,-1,-1,-1,-1
61,6,923.2198486328125,595.3011474609375,29.3035888671875,54.96051025390625,-1,-1,-1,-1
62,6,943.3577880859375,596.754150390625,28.3199462890625,57.9884033203125,-1,-1,-1,-1
63,6,953.7769165039062,607.9625244140625,26.22332763671875,53.4058837890625,-1,-1,-1,-1
64,6,966.6642456054688,593.5951538085938,28.79656982421875,58.07208251953125,-1,-1,-1,-1
65,6,999.7644653320312,550.6824951171875,28.77947998046875,59.53173828125,-1,-1,-1,-1
66,6,1028.4700927734375,524.5284423828125,28.9122314453125,59.26422119140625,-1,-1,-1,-1
67,6,1056.2264404296875,525.6969604492188,28.2513427734375,58.55474853515625,-1,-1,-1,-1
68,6,1084.6951904296875,548.4223022460938,28.943115234375,60.13824462890625,-1,-1,-1,-1
69,6,1105.357177734375,571.8382568359375,27.8941650390625,56.97503662109375,-1,-1,-1,-1
70,6,1115.41748046875,565.7755737304688,29.544921875,63.8875732421875,-1,-1,-1,-1
71,6,1127.5379638671875,565.7251586914062,28.204833984375,59.05731201171875,-1,-1,-1,-1
72,6,1150.0068359375,565.4064331054688,28.1455078125,60.75384521484375,-1,-1,-1,-1
73,6,1159.5848388671875,539.0505981445312,30.5213623046875,65.0133056640625,-1,-1,-1,-1
74,6,1170.4976806640625,495.0400390625,30.668701171875,65.03778076171875,-1,-1,-1,-1
75,6,1176.156982421875,457.1066589355469,29.0858154296875,65.94046020507812,-1,-1,-1,-1
76,6,1170.7459716796875,447.87933349609375,30.65380859375,68.4796142578125,-1,-1,-1,-1
77,6,1165.5936279296875,456.83197021484375,31.154296875,65.70733642578125,-1,-1,-1,-1
78,6,1170.2650146484375,464.957763671875,33.27294921875,70.65435791015625,-1,-1,-1,-1
79,6,1173.2701416015625,469.7174377441406,33.277099609375,71.89633178710938,-1,-1,-1,-1
80,6,1172.215576171875,470.6432800292969,33.3470458984375,71.90914916992188,-1,-1,-1,-1
81,6,1164.2073974609375,462.680908203125,33.2861328125,70.9476318359375,-1,-1,-1,-1
82,6,1130.3953857421875,458.2379455566406,35.829833984375,71.96127319335938,-1,-1,-1,-1
83,6,1072.7032470703125,428.5834045410156,35.135986328125,72.5693359375,-1,-1,-1,-1
84,6,1023.3595581054688,406.9149475097656,35.41583251953125,74.41336059570312,-1,-1,-1,-1
85,6,996.513427734375,394.7910461425781,34.3707275390625,79.59622192382812,-1,-1,-1,-1
86,6,995.3045043945312,392.55511474609375,30.71343994140625,72.34323120117188,-1,-1,-1,-1
87,6,998.254638671875,393.34210205078125,32.724853515625,76.18902587890625,-1,-1,-1,-1
88,6,1002.9674072265625,394.4274597167969,32.4053955078125,74.42703247070312,-1,-1,-1,-1
89,6,1008.745849609375,383.47637939453125,31.204833984375,73.38775634765625,-1,-1,-1,-1
90,6,1014.2138671875,378.7046203613281,32.315185546875,71.71572875976562,-1,-1,-1,-1
91,6,1037.88671875,389.1717529296875,33.6217041015625,77.18109130859375,-1,-1,-1,-1
92,6,1092.06396484375,391.57574462890625,35.35546875,73.90957641601562,-1,-1,-1,-1
93,6,1176.326416015625,383.8562316894531,35.373779296875,75.73037719726562,-1,-1,-1,-1
94,6,1266.0477294921875,386.51068115234375,30.9993896484375,65.92727661132812,-1,-1,-1,-1
44,7,-73.3685531616211,599.918212890625,227.450927734375,358.83453369140625,-1,-1,-1,-1
45,7,-43.45567321777344,599.47216796875,229.11859130859375,334.49652099609375,-1,-1,-1,-1
46,7,21.025733947753906,583.8032836914062,202.70498657226562,335.16558837890625,-1,-1,-1,-1
47,7,77.40742492675781,585.1174926757812,183.7274932861328,323.70794677734375,-1,-1,-1,-1
48,7,121.17467498779297,595.8401489257812,178.8333740234375,300.96319580078125,-1,-1,-1,-1
49,7,148.01185607910156,599.5813598632812,178.2990264892578,276.9107666015625,-1,-1,-1,-1
50,7,173.75584411621094,597.5762939453125,173.90638732910156,247.66510009765625,-1,-1,-1,-1
51,7,170.11949157714844,592.9046020507812,185.07200622558594,246.00628662109375,-1,-1,-1,-1
52,7,150.70733642578125,624.79833984375,207.58599853515625,235.306884765625,-1,-1,-1,-1
53,7,133.7603759765625,639.0823974609375,232.43960571289062,243.91461181640625,-1,-1,-1,-1
54,7,129.29141235351562,639.5821533203125,228.32986450195312,242.14453125,-1,-1,-1,-1
55,7,155.31497192382812,624.5634155273438,229.83023071289062,232.6571044921875,-1,-1,-1,-1
56,7,237.6533966064453,614.6881713867188,171.5006866455078,213.42340087890625,-1,-1,-1,-1
57,7,296.4875183105469,625.8236694335938,147.87820434570312,194.26373291015625,-1,-1,-1,-1
58,7,321.9842529296875,629.0996704101562,143.82382202148438,188.9307861328125,-1,-1,-1,-1
59,7,295.7212829589844,625.3818359375,171.38351440429688,182.5379638671875,-1,-1,-1,-1
60,7,280.7586975097656,630.068359375,199.30029296875,169.69342041015625,-1,-1,-1,-1
61,7,306.34832763671875,608.079345703125,185.970458984375,180.70263671875,-1,-1,-1,-1
62,7,323.56103515625,570.5926513671875,173.691162109375,202.4464111328125,-1,-1,-1,-1
63,7,321.5193786621094,594.034912109375,170.8944091796875,192.83544921875,-1,-1,-1,-1
64,7,315.9856872558594,576.79248046875,178.22085571289062,193.60284423828125,-1,-1,-1,-1
65,7,322.59027099609375,566.3226318359375,195.4390869140625,185.09576416015625,-1,-1,-1,-1
66,7,332.4494934082031,572.59033203125,201.89425659179688,184.20208740234375,-1,-1,-1,-1
67,7,347.73388671875,580.7103881835938,185.3138427734375,182.1934814453125,-1,-1,-1,-1
68,7,363.4188232421875,595.5462036132812,157.3701171875,172.57452392578125,-1,-1,-1,-1
69,7,365.0379638671875,592.8170166015625,130.9818115234375,176.36273193359375,-1,-1,-1,-1
70,7,358.53656005859375,590.6823120117188,125.66030883789062,176.79168701171875,-1,-1,-1,-1
71,7,355.62469482421875,595.2662353515625,130.4017333984375,171.06396484375,-1,-1,-1,-1
72,7,352.2084655761719,569.5938720703125,143.95059204101562,178.85858154296875,-1,-1,-1,-1
73,7,333.1156921386719,558.678466796875,163.1004638671875,179.64324951171875,-1,-1,-1,-1
74,7,315.5144958496094,545.2684326171875,168.07907104492188,185.06414794921875,-1,-1,-1,-1
75,7,290.95330810546875,533.9622802734375,176.9002685546875,192.1153564453125,-1,-1,-1,-1
76,7,255.68255615234375,524.1004028320312,176.31890869140625,195.0723876953125,-1,-1,-1,-1
77,7,222.123046875,526.0953979492188,164.92752075195312,189.7520751953125,-1,-1,-1,-1
78,7,198.88641357421875,514.5872802734375,148.0308837890625,195.17633056640625,-1,-1,-1,-1
79,7,170.42213439941406,510.4872741699219,161.34498596191406,198.75912475585938,-1,-1,-1,-1
80,7,129.97784423828125,515.7036743164062,192.59323120117188,215.577392578125,-1,-1,-1,-1
81,7,103.39674377441406,526.4063720703125,191.15867614746094,233.67138671875,-1,-1,-1,-1
82,7,33.38831329345703,520.9927368164062,194.49850463867188,244.9383544921875,-1,-1,-1,-1
83,7,-48.33612823486328,497.8919372558594,167.6967010498047,262.7071838378906,-1,-1,-1,-1
84,7,-84.02389526367188,374.2875671386719,202.4103546142578,372.6998596191406,-1,-1,-1,-1
69,8,87.1147232055664,694.9636840820312,37.78467559814453,62.28131103515625,-1,-1,-1,-1
70,8,98.56362915039062,692.504638671875,31.78546142578125,59.51318359375,-1,-1,-1,-1
71,8,97.47480773925781,606.9707641601562,61.29606628417969,94.676513671875,-1,-1,-1,-1
72,8,86.15341186523438,565.5902709960938,96.98211669921875,112.91986083984375,-1,-1,-1,-1
73,8,105.37615966796875,561.0661010742188,83.88119506835938,138.98541259765625,-1,-1,-1,-1
74,8,139.82421875,640.4097290039062,34.26570129394531,55.2120361328125,-1,-1,-1,-1
75,8,140.15365600585938,633.8759155273438,35.955596923828125,57.41192626953125,-1,-1,-1,-1
76,8,129.5395050048828,625.7733154296875,40.2734375,56.2021484375,-1,-1,-1,-1
77,8,116.83717346191406,621.4230346679688,42.5205078125,57.0999755859375,-1,-1,-1,-1
78,8,115.78186798095703,609.2108764648438,42.977882385253906,56.6212158203125,-1,-1,-1,-1
79,8,114.84281921386719,604.48681640625,44.50587463378906,58.40716552734375,-1,-1,-1,-1
80,8,110.00930786132812,605.4051513671875,71.05947875976562,65.7586669921875,-1,-1,-1,-1
82,8,19.88775062561035,505.15704345703125,150.1309051513672,180.56640625,-1,-1,-1,-1
83,8,-61.06606674194336,478.9329833984375,183.4803924560547,220.04718017578125,-1,-1,-1,-1
84,8,125.8759765625,364.204345703125,190.15008544921875,225.0142822265625,-1,-1,-1,-1
75,9,1195.052001953125,470.9327697753906,32.767333984375,57.896575927734375,-1,-1,-1,-1
76,9,1185.8408203125,460.5434875488281,31.2110595703125,58.712005615234375,-1,-1,-1,-1
77,9,1172.8895263671875,462.38580322265625,32.8306884765625,62.27862548828125,-1,-1,-1,-1
96,10,-120.63832092285156,585.500732421875,244.3063507080078,363.203857421875,-1,-1,-1,-1
97,10,-104.84860229492188,613.3927001953125,212.72454833984375,328.32464599609375,-1,-1,-1,-1
98,10,-77.38961029052734,637.7003784179688,158.82968139648438,291.32708740234375,-1,-1,-1,-1
99,10,-68.77989196777344,658.663818359375,140.58338928222656,264.50787353515625,-1,-1,-1,-1
100,10,-47.17134094238281,777.5330200195312,97.54161071777344,159.3734130859375,-1,-1,-1,-1
101,10,-63.59117126464844,709.8003540039062,130.21475219726562,169.45697021484375,-1,-1,-1,-1
102,10,-101.162841796875,600.1703491210938,205.34848022460938,346.6822509765625,-1,-1,-1,-1
103,10,-100.56352233886719,602.14697265625,204.14950561523438,357.24822998046875,-1,-1,-1,-1
104,10,-100.10661315917969,577.9675903320312,203.23574829101562,395.68994140625,-1,-1,-1,-1
112,11,314.208984375,557.42138671875,26.959747314453125,54.59698486328125,-1,-1,-1,-1
113,11,324.12921142578125,553.882080078125,21.191131591796875,47.7894287109375,-1,-1,-1,-1
114,11,328.45660400390625,558.0134887695312,24.01885986328125,52.49151611328125,-1,-1,-1,-1
115,11,331.74920654296875,546.6748657226562,23.58551025390625,46.07891845703125,-1,-1,-1,-1
116,11,327.0924377441406,522.6499633789062,25.543060302734375,51.48651123046875,-1,-1,-1,-1
117,11,309.5191345214844,482.2017822265625,26.894134521484375,55.33551025390625,-1,-1,-1,-1
118,11,338.086181640625,442.208740234375,23.391510009765625,54.00189208984375,-1,-1,-1,-1
119,11,323.1742248535156,431.3914794921875,25.294647216796875,54.3033447265625,-1,-1,-1,-1
120,11,320.4377136230469,403.382080078125,28.535491943359375,55.094970703125,-1,-1,-1,-1
121,11,328.11224365234375,359.87005615234375,30.310394287109375,55.3135986328125,-1,-1,-1,-1
122,11,384.7978820800781,340.8203430175781,27.716064453125,54.49969482421875,-1,-1,-1,-1
123,11,482.71087646484375,341.90716552734375,31.88848876953125,50.933990478515625,-1,-1,-1,-1
124,11,629.1629028320312,258.88616943359375,83.05743408203125,76.97335815429688,-1,-1,-1,-1
114,12,-63.083404541015625,553.720458984375,129.1904296875,324.88330078125,-1,-1,-1,-1
115,12,-64.99723815917969,494.82049560546875,133.02194213867188,364.98614501953125,-1,-1,-1,-1
116,12,-79.28868865966797,458.1960144042969,161.60476684570312,409.6404113769531,-1,-1,-1,-1
117,12,-79.12240600585938,449.9503479003906,161.32257080078125,341.4632873535156,-1,-1,-1,-1
118,12,-79.92752838134766,454.38104248046875,163.08358764648438,313.41925048828125,-1,-1,-1,-1
119,12,-115.74517059326172,379.20574951171875,234.51455688476562,389.76666259765625,-1,-1,-1,-1
120,12,-159.27870178222656,240.5036163330078,329.2072448730469,544.1708374023438,-1,-1,-1,-1
121,12,-51.44871520996094,105.66463470458984,234.0885467529297,693.4454956054688,-1,-1,-1,-1
122,12,9.16362190246582,345.62872314453125,231.1881561279297,431.97283935546875,-1,-1,-1,-1
123,12,134.25741577148438,349.6566467285156,249.46249389648438,406.0214538574219,-1,-1,-1,-1
124,12,295.87518310546875,313.099609375,243.6099853515625,373.15203857421875,-1,-1,-1,-1
125,12,508.55023193359375,245.31784057617188,193.25799560546875,376.0117492675781,-1,-1,-1,-1
126,12,683.391845703125,176.47354125976562,165.15423583984375,381.4951477050781,-1,-1,-1,-1
127,12,781.9421997070312,139.1824493408203,155.14935302734375,394.2532958984375,-1,-1,-1,-1
128,12,863.3660888671875,121.343994140625,164.509765625,397.52850341796875,-1,-1,-1,-1
129,12,916.5178833007812,122.08639526367188,185.84002685546875,404.9248352050781,-1,-1,-1,-1
130,12,943.8292846679688,138.6202850341797,196.36309814453125,405.069091796875,-1,-1,-1,-1
131,12,931.0780639648438,157.99050903320312,195.50360107421875,400.9717712402344,-1,-1,-1,-1
132,12,971.9926147460938,160.65359497070312,198.52838134765625,394.9237365722656,-1,-1,-1,-1
133,12,989.8505859375,148.1107940673828,173.419189453125,394.146484375,-1,-1,-1,-1
134,12,1038.2738037109375,158.3604736328125,153.3160400390625,395.4029541015625,-1,-1,-1,-1
135,12,1136.3746337890625,182.42747497558594,167.23486328125,389.94439697265625,-1,-1,-1,-1
136,12,1257.67626953125,199.601806640625,164.4100341796875,407.884033203125,-1,-1,-1,-1
137,12,1253.206787109375,177.51516723632812,205.843017578125,460.5107727050781,-1,-1,-1,-1
145,13,302.5588684082031,468.4863586425781,48.4287109375,64.48190307617188,-1,-1,-1,-1
146,13,320.4486389160156,446.88623046875,50.77020263671875,66.31585693359375,-1,-1,-1,-1
147,13,358.081298828125,432.8333435058594,48.374237060546875,65.23104858398438,-1,-1,-1,-1
148,13,428.6328125,434.1212158203125,43.0225830078125,59.58050537109375,-1,-1,-1,-1
149,13,521.0325927734375,445.594970703125,34.693115234375,55.3984375,-1,-1,-1,-1
150,13,605.0003662109375,463.32684326171875,36.23236083984375,56.49169921875,-1,-1,-1,-1
151,13,674.7057495117188,475.4619445800781,37.73626708984375,58.180938720703125,-1,-1,-1,-1
152,13,729.6456909179688,478.6013488769531,37.22967529296875,59.220733642578125,-1,-1,-1,-1
153,13,773.4969482421875,473.2838134765625,35.67999267578125,59.34735107421875,-1,-1,-1,-1
154,13,810.6704711914062,462.8764953613281,38.9847412109375,61.101104736328125,-1,-1,-1,-1
155,13,844.0587158203125,454.9599304199219,40.6024169921875,63.115447998046875,-1,-1,-1,-1
156,13,878.7283935546875,450.99114990234375,39.10736083984375,60.02069091796875,-1,-1,-1,-1
157,13,915.0023193359375,448.56280517578125,38.0400390625,62.92669677734375,-1,-1,-1,-1
158,13,950.5765380859375,442.5599365234375,37.697021484375,62.225341796875,-1,-1,-1,-1
159,13,977.67138671875,435.53265380859375,38.86065673828125,62.72216796875,-1,-1,-1,-1
160,13,994.7835693359375,431.36614990234375,43.5941162109375,72.9227294921875,-1,-1,-1,-1
161,13,1010.7455444335938,428.240966796875,40.65643310546875,66.59841918945312,-1,-1,-1,-1
162,13,1024.2578125,428.7333068847656,39.5914306640625,67.9898681640625,-1,-1,-1,-1
163,13,1029.5645751953125,438.7698974609375,41.7696533203125,62.9383544921875,-1,-1,-1,-1
164,13,1035.7760009765625,440.08544921875,40.8865966796875,62.5516357421875,-1,-1,-1,-1
165,13,1032.8758544921875,429.1164245605469,40.3846435546875,66.67974853515625,-1,-1,-1,-1
166,13,1028.3160400390625,424.6911315917969,39.2557373046875,66.94921875,-1,-1,-1,-1
167,13,1025.90576171875,431.88232421875,36.625732421875,61.56829833984375,-1,-1,-1,-1
168,13,1020.2322387695312,446.65875244140625,37.26617431640625,64.35354614257812,-1,-1,-1,-1
169,13,1025.3984375,467.9621276855469,33.548583984375,60.476165771484375,-1,-1,-1,-1
170,13,1030.2784423828125,488.7497863769531,35.9993896484375,63.810577392578125,-1,-1,-1,-1
171,13,1029.3470458984375,490.45269775390625,33.23046875,62.26043701171875,-1,-1,-1,-1
172,13,1024.980224609375,487.6994323730469,34.0213623046875,61.453338623046875,-1,-1,-1,-1
173,13,1025.2113037109375,470.0209045410156,32.1995849609375,63.193572998046875,-1,-1,-1,-1
174,13,1017.9801635742188,455.4347839355469,34.51947021484375,60.191192626953125,-1,-1,-1,-1
175,13,1012.4262084960938,455.1454162597656,31.68756103515625,60.046539306640625,-1,-1,-1,-1
176,13,1010.0714111328125,472.8416442871094,31.8814697265625,61.466033935546875,-1,-1,-1,-1
177,13,1017.10888671875,504.1551513671875,31.3525390625,59.576904296875,-1,-1,-1,-1
178,13,1033.7529296875,534.1670532226562,30.9654541015625,56.02691650390625,-1,-1,-1,-1
179,13,1052.582763671875,545.4241943359375,31.353271484375,57.42669677734375,-1,-1,-1,-1
180,13,1080.5823974609375,533.9065551757812,30.3597412109375,60.39935302734375,-1,-1,-1,-1
181,13,1113.3953857421875,511.75628662109375,30.5106201171875,59.817138671875,-1,-1,-1,-1
182,13,1153.8707275390625,495.7993469238281,34.08642578125,60.428314208984375,-1,-1,-1,-1
183,13,1194.78076171875,477.859130859375,35.705078125,66.58123779296875,-1,-1,-1,-1
184,13,1232.98388671875,469.6413879394531,38.7452392578125,62.875152587890625,-1,-1,-1,-1
185,13,1273.407470703125,465.32379150390625,36.278564453125,66.55462646484375,-1,-1,-1,-1
186,13,1306.1573486328125,474.5977783203125,37.86865234375,68.685546875,-1,-1,-1,-1
187,13,1332.2027587890625,486.32012939453125,47.8140869140625,62.4552001953125,-1,-1,-1,-1
188,13,1334.6492919921875,463.57781982421875,73.3775634765625,100.4017333984375,-1,-1,-1,-1
149,14,-135.77108764648438,611.8447265625,402.64520263671875,632.589111328125,-1,-1,-1,-1
150,14,-68.89472198486328,663.6539306640625,415.6353454589844,670.8890380859375,-1,-1,-1,-1
151,14,48.475830078125,684.1571655273438,371.2546081542969,612.7566528320312,-1,-1,-1,-1
152,14,112.8871841430664,684.1185302734375,357.6122741699219,559.9373779296875,-1,-1,-1,-1
153,14,156.8096160888672,690.1316528320312,355.02691650390625,494.51324462890625,-1,-1,-1,-1
154,14,195.2742462158203,691.9857177734375,356.50384521484375,441.4305419921875,-1,-1,-1,-1
155,14,214.28390502929688,679.1377563476562,364.8417663574219,412.10516357421875,-1,-1,-1,-1
156,14,227.66233825683594,672.94384765625,388.959228515625,384.413330078125,-1,-1,-1,-1
157,14,273.64703369140625,673.4061889648438,379.1024169921875,341.94512939453125,-1,-1,-1,-1
158,14,318.4678955078125,672.6056518554688,372.52520751953125,305.36798095703125,-1,-1,-1,-1
159,14,321.9517517089844,675.033935546875,390.9826965332031,286.8616943359375,-1,-1,-1,-1
160,14,294.8675537109375,669.471435546875,422.9451904296875,282.1951904296875,-1,-1,-1,-1
161,14,303.2422790527344,664.0977783203125,409.7978820800781,282.2125244140625,-1,-1,-1,-1
162,14,316.0257263183594,659.5118408203125,376.7256164550781,281.4332275390625,-1,-1,-1,-1
163,14,330.6356506347656,648.6446533203125,336.4556579589844,289.14202880859375,-1,-1,-1,-1
164,14,336.5296936035156,626.1387329101562,310.1885681152344,298.53375244140625,-1,-1,-1,-1
165,14,334.0817565917969,608.1895751953125,285.8570251464844,293.39410400390625,-1,-1,-1,-1
166,14,330.7488098144531,602.1146240234375,274.5069885253906,283.0272216796875,-1,-1,-1,-1
167,14,293.6025390625,595.09228515625,299.99017333984375,287.45037841796875,-1,-1,-1,-1
168,14,286.5048522949219,608.278564453125,288.7280578613281,280.967529296875,-1,-1,-1,-1
169,14,289.609375,594.7957153320312,263.90545654296875,291.83599853515625,-1,-1,-1,-1
170,14,298.1443786621094,585.1377563476562,239.91549682617188,297.7537841796875,-1,-1,-1,-1
171,14,288.8739318847656,556.63525390625,216.53140258789062,317.10784912109375,-1,-1,-1,-1
172,14,284.9270324707031,535.1109619140625,208.06430053710938,330.3450927734375,-1,-1,-1,-1
173,14,279.7071838378906,516.1895751953125,205.407958984375,343.52374267578125,-1,-1,-1,-1
174,14,269.6958312988281,509.8970031738281,202.39169311523438,347.8692321777344,-1,-1,-1,-1
175,14,254.457763671875,511.212158203125,198.17251586914062,355.95758056640625,-1,-1,-1,-1
176,14,247.42410278320312,525.3461303710938,186.90377807617188,371.5128173828125,-1,-1,-1,-1
177,14,250.73080444335938,558.0737915039062,180.89190673828125,365.70452880859375,-1,-1,-1,-1
178,14,266.3727111816406,591.7019653320312,179.90652465820312,349.86077880859375,-1,-1,-1,-1
179,14,280.6556091308594,612.871337890625,182.7427978515625,342.310791015625,-1,-1,-1,-1
180,14,298.8170166015625,614.8846435546875,182.88031005859375,330.42425537109375,-1,-1,-1,-1
181,14,325.6123046875,596.401123046875,181.34359741210938,332.271728515625,-1,-1,-1,-1
182,14,356.3695983886719,575.1220703125,181.44552612304688,335.095458984375,-1,-1,-1,-1
183,14,382.94293212890625,555.3960571289062,183.6676025390625,353.06158447265625,-1,-1,-1,-1
184,14,412.37091064453125,535.1266479492188,179.70233154296875,383.41131591796875,-1,-1,-1,-1
185,14,436.0754699707031,530.3173828125,167.39218139648438,394.19952392578125,-1,-1,-1,-1
186,14,460.86846923828125,528.99609375,163.6451416015625,384.68701171875,-1,-1,-1,-1
187,14,480.39617919921875,529.9143676757812,167.322265625,374.22589111328125,-1,-1,-1,-1
188,14,517.5155639648438,528.9894409179688,154.3779296875,367.5400390625,-1,-1,-1,-1
189,14,545.8405151367188,528.901611328125,147.57830810546875,367.02716064453125,-1,-1,-1,-1
190,14,570.7830200195312,526.912353515625,148.63214111328125,369.837646484375,-1,-1,-1,-1
191,14,599.2504272460938,516.8840942382812,149.026611328125,378.05059814453125,-1,-1,-1,-1
192,14,631.9169311523438,492.245849609375,151.99609375,389.8499755859375,-1,-1,-1,-1
193,14,673.631103515625,469.58740234375,155.64691162109375,412.18292236328125,-1,-1,-1,-1
194,14,721.299560546875,445.6723937988281,163.1295166015625,437.7289733886719,-1,-1,-1,-1
195,14,771.8237915039062,427.0587463378906,167.62371826171875,464.1169128417969,-1,-1,-1,-1
196,14,810.7366333007812,424.210205078125,178.3509521484375,474.41802978515625,-1,-1,-1,-1
197,14,848.5845336914062,424.6963806152344,185.82733154296875,485.3447570800781,-1,-1,-1,-1
198,14,884.8737182617188,442.3675842285156,196.81048583984375,486.1524353027344,-1,-1,-1,-1
199,14,921.4879150390625,453.3095397949219,203.724853515625,487.7552795410156,-1,-1,-1,-1
200,14,963.8607788085938,453.16741943359375,207.67852783203125,490.3935546875,-1,-1,-1,-1
201,14,997.9720458984375,446.8901672363281,218.0992431640625,498.2236022949219,-1,-1,-1,-1
150,15,-23.709087371826172,667.071044921875,367.28509521484375,440.7000732421875,-1,-1,-1,-1
151,15,54.393348693847656,690.0413208007812,357.9913024902344,408.57000732421875,-1,-1,-1,-1
152,15,115.52802276611328,687.262451171875,352.17694091796875,419.795654296875,-1,-1,-1,-1
162,16,257.5126037597656,655.9255981445312,277.5080871582031,270.76385498046875,-1,-1,-1,-1
163,16,256.98968505859375,652.2921752929688,276.11077880859375,281.59661865234375,-1,-1,-1,-1
164,16,241.53094482421875,642.1492309570312,276.54730224609375,295.306884765625,-1,-1,-1,-1
165,16,226.73873901367188,634.5498657226562,275.84710693359375,273.54779052734375,-1,-1,-1,-1
166,16,213.9980010986328,630.6271362304688,267.5201416015625,260.81341552734375,-1,-1,-1,-1
167,16,202.80084228515625,625.7596435546875,246.29898071289062,260.35455322265625,-1,-1,-1,-1
168,16,187.81613159179688,617.8623046875,231.51168823242188,272.8463134765625,-1,-1,-1,-1
169,16,180.6774139404297,603.2670288085938,207.4348907470703,288.473876953125,-1,-1,-1,-1
170,16,182.50180053710938,590.0514526367188,191.76425170898438,301.38214111328125,-1,-1,-1,-1
171,16,143.03123474121094,572.4552001953125,204.0845489501953,316.1517333984375,-1,-1,-1,-1
172,16,117.83699035644531,562.0864868164062,207.60145568847656,344.80029296875,-1,-1,-1,-1
173,16,98.96031188964844,568.4572143554688,211.35816955566406,361.61492919921875,-1,-1,-1,-1
174,16,84.96099853515625,575.3928833007812,216.90103149414062,373.751220703125,-1,-1,-1,-1
175,16,72.86463928222656,585.2882080078125,233.12010192871094,374.64886474609375,-1,-1,-1,-1
176,16,65.5645751953125,595.0281982421875,227.48480224609375,373.798583984375,-1,-1,-1,-1
177,16,71.4674301147461,611.09814453125,224.05316162109375,374.2823486328125,-1,-1,-1,-1
178,16,96.32295227050781,626.1895141601562,213.05516052246094,375.0098876953125,-1,-1,-1,-1
179,16,127.88343811035156,639.7486572265625,199.6531524658203,365.46429443359375,-1,-1,-1,-1
180,16,178.90283203125,639.0908813476562,175.59344482421875,358.48291015625,-1,-1,-1,-1
181,16,223.1686248779297,627.1558837890625,168.1717987060547,351.906982421875,-1,-1,-1,-1
182,16,248.52110290527344,615.4502563476562,178.4868621826172,342.02947998046875,-1,-1,-1,-1
183,16,285.69091796875,608.9168701171875,176.40625,333.5267333984375,-1,-1,-1,-1
184,16,305.145263671875,598.9503784179688,187.97357177734375,327.4053955078125,-1,-1,-1,-1
185,16,318.67803955078125,586.2030639648438,202.70770263671875,335.53692626953125,-1,-1,-1,-1
186,16,348.96533203125,573.0358276367188,193.60028076171875,352.72723388671875,-1,-1,-1,-1
187,16,378.6473083496094,564.24658203125,186.15695190429688,363.56231689453125,-1,-1,-1,-1
188,16,403.5029296875,559.3745727539062,177.1651611328125,368.3775634765625,-1,-1,-1,-1
189,16,417.4339904785156,558.4473876953125,180.42391967773438,365.654296875,-1,-1,-1,-1
190,16,443.4705810546875,555.8872680664062,177.5811767578125,364.30902099609375,-1,-1,-1,-1
191,16,471.3605651855469,564.121337890625,160.63265991210938,344.1927490234375,-1,-1,-1,-1
192,16,487.5650634765625,533.2264404296875,158.99810791015625,358.55157470703125,-1,-1,-1,-1
193,16,512.4657287597656,517.6587524414062,161.33999633789062,358.28155517578125,-1,-1,-1,-1
194,16,547.0814208984375,500.84393310546875,159.9788818359375,351.85699462890625,-1,-1,-1,-1
195,16,582.57470703125,490.21624755859375,154.01324462890625,352.5150146484375,-1,-1,-1,-1
196,16,612.853759765625,487.0640869140625,153.316162109375,352.3310546875,-1,-1,-1,-1
197,16,642.5283813476562,487.89251708984375,157.961181640625,355.7039794921875,-1,-1,-1,-1
198,16,673.9935302734375,495.0292663574219,159.6287841796875,370.5286560058594,-1,-1,-1,-1
199,16,705.8896484375,500.7900390625,164.13958740234375,382.6260986328125,-1,-1,-1,-1
200,16,743.5852661132812,489.64031982421875,165.15570068359375,396.0386962890625,-1,-1,-1,-1
201,16,777.6234741210938,481.5992431640625,166.27813720703125,400.6796875,-1,-1,-1,-1
187,17,75.50968933105469,719.0519409179688,29.6258544921875,47.85992431640625,-1,-1,-1,-1
188,17,99.16353607177734,699.4047241210938,29.91301727294922,46.97021484375,-1,-1,-1,-1
189,17,123.19334411621094,684.9022216796875,29.003875732421875,41.3828125,-1,-1,-1,-1
190,17,149.65582275390625,666.2505493164062,29.529571533203125,45.26348876953125,-1,-1,-1,-1
191,17,183.9722900390625,648.63916015625,26.516769409179688,40.00396728515625,-1,-1,-1,-1
192,17,215.93399047851562,621.0111694335938,27.3101806640625,46.327880859375,-1,-1,-1,-1
193,17,262.8563232421875,599.9746704101562,23.559295654296875,41.8095703125,-1,-1,-1,-1
194,17,316.1658935546875,580.8504028320312,23.603179931640625,37.919189453125,-1,-1,-1,-1
195,17,360.8619689941406,574.4556274414062,19.96240234375,38.35260009765625,-1,-1,-1,-1
196,17,399.1658630371094,566.857177734375,20.41473388671875,38.2352294921875,-1,-1,-1,-1
197,17,432.3491516113281,562.227294921875,18.041534423828125,38.73443603515625,-1,-1,-1,-1
198,17,466.662109375,563.430908203125,17.805908203125,35.87420654296875,-1,-1,-1,-1
199,17,495.2015380859375,560.805908203125,18.974365234375,34.04302978515625,-1,-1,-1,-1
200,17,527.4677124023438,545.5274658203125,18.55657958984375,36.058837890625,-1,-1,-1,-1
201,17,554.6403198242188,535.3916625976562,18.05645751953125,35.84515380859375,-1,-1,-1,-1
194,18,275.9130554199219,590.97412109375,19.615966796875,36.44146728515625,-1,-1,-1,-1
195,18,322.73870849609375,579.90625,20.005279541015625,37.26885986328125,-1,-1,-1,-1
196,18,363.45269775390625,575.9592895507812,19.996978759765625,35.21929931640625,-1,-1,-1,-1
197,18,398.7445068359375,568.4620971679688,18.4542236328125,37.32666015625,-1,-1,-1,-1
198,18,430.3654479980469,566.8820190429688,18.452850341796875,34.74920654296875,-1,-1,-1,-1
199,18,461.85809326171875,564.8506469726562,18.646820068359375,34.639892578125,-1,-1,-1,-1
200,18,497.9715270996094,550.4088134765625,16.536712646484375,34.03167724609375,-1,-1,-1,-1
201,18,525.4530029296875,539.885986328125,16.98907470703125,35.6220703125,-1,-1,-1,-1
