1,1,668.9589233398438,554.5667724609375,125.572998046875,288.27642822265625,-1,-1,-1,-1
2,1,687.40380859375,562.50830078125,133.8541259765625,289.8345947265625,-1,-1,-1,-1
3,1,706.8373413085938,569.548828125,161.1522216796875,293.989990234375,-1,-1,-1,-1
4,1,721.54833984375,581.2677612304688,168.07794189453125,294.47332763671875,-1,-1,-1,-1
5,1,735.7201538085938,586.6410522460938,164.77587890625,299.43731689453125,-1,-1,-1,-1
6,1,755.1475830078125,591.87890625,159.901611328125,305.5634765625,-1,-1,-1,-1
7,1,789.6349487304688,594.7620239257812,161.65106201171875,306.4827880859375,-1,-1,-1,-1
8,1,841.1036987304688,577.5810546875,165.89605712890625,310.8323974609375,-1,-1,-1,-1
9,1,890.7021484375,551.2708740234375,181.6531982421875,319.76068115234375,-1,-1,-1,-1
10,1,936.06005859375,527.0874633789062,193.0245361328125,327.852294921875,-1,-1,-1,-1
11,1,982.6002807617188,500.2036437988281,220.13946533203125,340.1197814941406,-1,-1,-1,-1
12,1,1044.6466064453125,476.3443908691406,256.047607421875,365.8320007324219,-1,-1,-1,-1
13,1,1137.313720703125,452.6191101074219,268.55615234375,398.6927185058594,-1,-1,-1,-1
14,1,1254.8446044921875,431.0545654296875,167.4569091796875,421.19677734375,-1,-1,-1,-1
15,1,1301.4053955078125,414.5756530761719,158.755126953125,407.0331726074219,-1,-1,-1,-1
1,2,240.79623413085938,531.8350830078125,143.46566772460938,336.601806640625,-1,-1,-1,-1
2,2,258.64080810546875,545.1885986328125,141.89846801757812,328.65960693359375,-1,-1,-1,-1
3,2,274.3384094238281,556.118896484375,138.96829223632812,320.49932861328125,-1,-1,-1,-1
4,2,290.89361572265625,566.6259155273438,130.16696166992188,316.2674560546875,-1,-1,-1,-1
5,2,306.9683532714844,574.322265625,122.03256225585938,310.74749755859375,-1,-1,-1,-1
6,2,327.0915222167969,577.2682495117188,122.28668212890625,314.81268310546875,-1,-1,-1,-1
7,2,365.27813720703125,579.9302978515625,120.092529296875,311.5972900390625,-1,-1,-1,-1
8,2,413.636962890625,572.18603515625,119.7862548828125,302.64630126953125,-1,-1,-1,-1
9,2,454.4092712402344,560.7954711914062,123.44229125976562,300.987060546875,-1,-1,-1,-1
10,2,489.3638916015625,546.8092651367188,122.35675048828125,295.28790283203125,-1,-1,-1,-1
11,2,529.7462768554688,527.3096923828125,119.2034912109375,290.86785888671875,-1,-1,-1,-1
12,2,584.7367553710938,505.7083435058594,117.03692626953125,283.4562683105469,-1,-1,-1,-1
13,2,653.5748901367188,481.9620666503906,121.8890380859375,278.7204284667969,-1,-1,-1,-1
14,2,733.40185546875,443.9118957519531,135.97222900390625,283.4303283691406,-1,-1,-1,-1
15,2,817.4284057617188,406.852783203125,151.51416015625,295.56134033203125,-1,-1,-1,-1
16,2,887.3244018554688,377.48394775390625,159.70343017578125,320.2705078125,-1,-1,-1,-1
17,2,931.8907470703125,359.1292724609375,168.18115234375,337.810302734375,-1,-1,-1,-1
18,2,970.6334228515625,349.0918273925781,169.6484375,349.5906066894531,-1,-1,-1,-1
19,2,1012.3092041015625,343.4485778808594,177.80859375,375.8403625488281,-1,-1,-1,-1
20,2,1058.5078125,342.1903076171875,189.667724609375,398.4617919921875,-1,-1,-1,-1
21,2,1108.812744140625,351.6947326660156,199.0181884765625,410.0690612792969,-1,-1,-1,-1
22,2,1149.6160888671875,377.66094970703125,211.528564453125,411.1383056640625,-1,-1,-1,-1
23,2,1169.61767578125,407.9336242675781,219.430908203125,392.9599914550781,-1,-1,-1,-1
24,2,1153.8515625,421.3363342285156,224.7938232421875,380.8770446777344,-1,-1,-1,-1
25,2,1089.740966796875,424.55657958984375,230.6478271484375,376.8985595703125,-1,-1,-1,-1
26,2,981.59521484375,425.64691162109375,217.140869140625,370.83990478515625,-1,-1,-1,-1
27,2,857.7162475585938,427.521484375,195.09735107421875,372.7529296875,-1,-1,-1,-1
28,2,767.3001708984375,433.40289306640625,182.8106689453125,381.71575927734375,-1,-1,-1,-1
29,2,723.202392578125,438.03271484375,178.396484375,401.0638427734375,-1,-1,-1,-1
30,2,707.4954833984375,437.6333312988281,180.65234375,429.8022155761719,-1,-1,-1,-1
31,2,696.8893432617188,436.5735778808594,185.12176513671875,452.5249938964844,-1,-1,-1,-1
32,2,697.353515625,441.14385986328125,191.875732421875,469.35467529296875,-1,-1,-1,-1
33,2,698.431884765625,462.3165283203125,207.26666259765625,459.02197265625,-1,-1,-1,-1
34,2,696.6282958984375,465.33697509765625,225.97113037109375,450.92974853515625,-1,-1,-1,-1
35,2,687.475341796875,450.2777099609375,212.51654052734375,458.0496826171875,-1,-1,-1,-1
36,2,689.1445922851562,436.72015380859375,197.2169189453125,467.03363037109375,-1,-1,-1,-1
37,2,706.0899658203125,418.1806640625,199.93963623046875,490.0164794921875,-1,-1,-1,-1
38,2,729.2180786132812,420.32110595703125,200.0509033203125,510.4322509765625,-1,-1,-1,-1
39,2,756.5924072265625,412.47613525390625,208.4111328125,507.03240966796875,-1,-1,-1,-1
40,2,785.993408203125,408.9173583984375,220.110107421875,488.8922119140625,-1,-1,-1,-1
41,2,807.7271118164062,394.7608337402344,239.39935302734375,486.0378112792969,-1,-1,-1,-1
42,2,825.151611328125,378.0284423828125,256.1663818359375,500.56781005859375,-1,-1,-1,-1
43,2,840.224853515625,347.7565612792969,281.09765625,532.4710693359375,-1,-1,-1,-1
44,2,850.9032592773438,298.1351013183594,308.12176513671875,583.8812255859375,-1,-1,-1,-1
45,2,866.0247192382812,243.8629608154297,323.70660400390625,621.1477661132812,-1,-1,-1,-1
46,2,873.4744873046875,219.67066955566406,304.5926513671875,652.484619140625,-1,-1,-1,-1
47,2,872.0557861328125,220.52313232421875,288.52392578125,680.6807861328125,-1,-1,-1,-1
48,2,838.014404296875,262.6615295410156,284.8389892578125,676.6650390625,-1,-1,-1,-1
49,2,784.3281860351562,316.1875,274.14788818359375,634.6455688476562,-1,-1,-1,-1
50,2,747.9078979492188,394.6401062011719,275.14935302734375,567.4061279296875,-1,-1,-1,-1
51,2,734.5390625,431.0296936035156,326.0537109375,531.3585205078125,-1,-1,-1,-1
52,2,680.2256469726562,444.82305908203125,386.26031494140625,507.68255615234375,-1,-1,-1,-1
53,2,633.268310546875,427.8850402832031,403.979248046875,516.641357421875,-1,-1,-1,-1
54,2,606.7027587890625,379.7855529785156,364.63665771484375,554.8861083984375,-1,-1,-1,-1
55,2,573.88037109375,270.180419921875,374.52264404296875,629.8261108398438,-1,-1,-1,-1
56,2,551.3256225585938,163.12905883789062,421.78271484375,718.52685546875,-1,-1,-1,-1
57,2,504.97216796875,100.40283203125,475.37567138671875,816.0958862304688,-1,-1,-1,-1
58,2,426.991943359375,32.50922775268555,578.3863525390625,964.79541015625,-1,-1,-1,-1
59,2,360.31756591796875,-3.5655975341796875,694.1311645507812,1066.2850341796875,-1,-1,-1,-1
60,2,313.2048034667969,-30.033424377441406,616.919921875,1121.2833251953125,-1,-1,-1,-1
61,2,215.213134765625,26.32403564453125,681.2603759765625,1093.7412109375,-1,-1,-1,-1
62,2,110.9894027709961,109.79876708984375,667.737548828125,1060.672119140625,-1,-1,-1,-1
63,2,17.96485137939453,252.49722290039062,762.5134887695312,1006.005615234375,-1,-1,-1,-1
64,2,0.6660690307617188,342.4430236816406,773.4268188476562,935.3546142578125,-1,-1,-1,-1
65,2,8.37451171875,406.7734680175781,859.0995483398438,883.8631591796875,-1,-1,-1,-1
66,2,26.16672134399414,535.4968872070312,697.610595703125,747.4398803710938,-1,-1,-1,-1
1,3,936.3787231445312,542.7072143554688,207.70611572265625,455.89971923828125,-1,-1,-1,-1
2,3,950.228515625,544.7734985351562,207.64013671875,462.1156005859375,-1,-1,-1,-1
3,3,957.9197998046875,545.1363525390625,212.7786865234375,468.18377685546875,-1,-1,-1,-1
4,3,968.830322265625,550.7276000976562,214.921142578125,472.15655517578125,-1,-1,-1,-1
5,3,979.6986083984375,558.0023803710938,217.6357421875,475.48809814453125,-1,-1,-1,-1
6,3,989.6603393554688,563.4454345703125,226.46661376953125,483.6971435546875,-1,-1,-1,-1
7,3,1015.1281127929688,569.9487915039062,238.97943115234375,489.37042236328125,-1,-1,-1,-1
8,3,1057.2813720703125,549.7189331054688,251.5882568359375,503.24591064453125,-1,-1,-1,-1
9,3,1096.9793701171875,520.5648193359375,260.4879150390625,518.28369140625,-1,-1,-1,-1
10,3,1131.9766845703125,494.9125671386719,265.9473876953125,529.1806640625,-1,-1,-1,-1
11,3,1171.835205078125,481.0867919921875,244.071044921875,531.36767578125,-1,-1,-1,-1
12,3,1228.4315185546875,458.0512390136719,241.766845703125,538.421142578125,-1,-1,-1,-1
16,4,100.24784851074219,602.6619262695312,31.656982421875,62.6590576171875,-1,-1,-1,-1
17,4,148.87669372558594,586.5661010742188,31.810928344726562,61.79608154296875,-1,-1,-1,-1
18,4,180.7667236328125,574.4835815429688,30.32537841796875,61.15985107421875,-1,-1,-1,-1
19,4,218.41561889648438,553.4682006835938,30.950439453125,60.56494140625,-1,-1,-1,-1
20,4,268.65478515625,537.3189697265625,27.614959716796875,59.12786865234375,-1,-1,-1,-1
21,4,315.8544921875,527.28857421875,29.46392822265625,59.198486328125,-1,-1,-1,-1
22,4,355.4239501953125,523.1228637695312,27.370574951171875,56.8297119140625,-1,-1,-1,-1
23,4,374.6952209472656,519.1329345703125,27.706756591796875,57.1094970703125,-1,-1,-1,-1
24,4,363.4699401855469,520.7807006835938,27.8377685546875,57.1160888671875,-1,-1,-1,-1
25,4,312.49005126953125,531.2477416992188,25.27154541015625,52.12005615234375,-1,-1,-1,-1
26,4,201.30519104003906,549.0194702148438,27.636001586914062,50.9423828125,-1,-1,-1,-1
27,4,532.196533203125,491.9482727050781,62.41351318359375,104.39218139648438,-1,-1,-1,-1
28,4,436.9103698730469,511.44830322265625,64.48028564453125,133.4676513671875,-1,-1,-1,-1
29,4,384.6116943359375,537.1968383789062,59.743499755859375,126.0189208984375,-1,-1,-1,-1
30,4,364.72198486328125,549.2813110351562,62.60107421875,131.58642578125,-1,-1,-1,-1
16,5,44.506954193115234,600.7846069335938,23.83565902709961,52.0001220703125,-1,-1,-1,-1
17,5,88.45208740234375,584.7164306640625,26.580062866210938,51.4508056640625,-1,-1,-1,-1
18,5,118.71831512451172,569.5701904296875,29.22472381591797,52.4779052734375,-1,-1,-1,-1
19,5,159.3079376220703,543.7879028320312,25.388473510742188,55.52972412109375,-1,-1,-1,-1
20,5,211.8904571533203,531.02783203125,24.603195190429688,48.27276611328125,-1,-1,-1,-1
21,5,260.8957824707031,517.2559204101562,26.05950927734375,50.05322265625,-1,-1,-1,-1
22,5,302.2767639160156,514.69873046875,24.29852294921875,46.065185546875,-1,-1,-1,-1
23,5,323.65875244140625,514.9122314453125,22.27294921875,41.998291015625,-1,-1,-1,-1
24,5,311.96502685546875,515.5740356445312,21.49896240234375,43.08001708984375,-1,-1,-1,-1
25,5,256.55352783203125,518.3031005859375,23.62762451171875,47.6571044921875,-1,-1,-1,-1
26,5,162.01275634765625,547.3814697265625,57.73570251464844,48.6728515625,-1,-1,-1,-1
16,6,18.81502342224121,627.102783203125,31.324316024780273,64.3543701171875,-1,-1,-1,-1
17,6,58.33021545410156,609.5503540039062,38.48948669433594,66.6485595703125,-1,-1,-1,-1
18,6,88.7004165649414,594.5029907226562,40.360984802246094,68.516357421875,-1,-1,-1,-1
19,6,128.7296142578125,574.5654907226562,37.21266174316406,61.85906982421875,-1,-1,-1,-1
20,6,180.95700073242188,555.2578735351562,35.825469970703125,56.42840576171875,-1,-1,-1,-1
21,6,229.72825622558594,548.6377563476562,38.57981872558594,55.28045654296875,-1,-1,-1,-1
22,6,271.3735656738281,538.9299926757812,36.537933349609375,59.168212890625,-1,-1,-1,-1
23,6,292.0811462402344,532.7361450195312,32.93109130859375,58.11114501953125,-1,-1,-1,-1
24,6,279.309326171875,532.2673950195312,32.786590576171875,59.82489013671875,-1,-1,-1,-1
25,6,225.0740966796875,541.528076171875,33.592315673828125,55.77911376953125,-1,-1,-1,-1
26,6,131.06246948242188,543.6158447265625,37.158172607421875,53.45977783203125,-1,-1,-1,-1
27,6,499.6820068359375,499.5295715332031,81.18707275390625,87.91043090820312,-1,-1,-1,-1
27,7,55.27411651611328,578.770751953125,27.43042755126953,56.771728515625,-1,-1,-1,-1
28,7,228.7538299560547,542.5719604492188,83.73027038574219,83.11798095703125,-1,-1,-1,-1
29,8,1261.4501953125,510.9286193847656,166.83837890625,437.6689147949219,-1,-1,-1,-1
30,8,1230.766357421875,510.1154479980469,177.503662109375,432.6551208496094,-1,-1,-1,-1
31,8,1245.4559326171875,503.52056884765625,164.7364501953125,423.53717041015625,-1,-1,-1,-1
32,8,1241.7333984375,508.2376708984375,168.3485107421875,416.13201904296875,-1,-1,-1,-1
33,8,1238.5938720703125,522.0464477539062,172.3873291015625,408.6678466796875,-1,-1,-1,-1
34,8,1238.314453125,513.0838623046875,175.07373046875,397.53662109375,-1,-1,-1,-1
35,8,1221.4337158203125,495.52105712890625,189.8751220703125,384.6185302734375,-1,-1,-1,-1
36,8,1220.2425537109375,478.7359619140625,194.6263427734375,375.32244873046875,-1,-1,-1,-1
37,8,1229.207275390625,471.9342346191406,178.65625,370.9662170410156,-1,-1,-1,-1
38,8,1229.906982421875,474.1726379394531,155.44091796875,367.9053039550781,-1,-1,-1,-1
39,8,1243.6439208984375,463.6652526855469,141.5513916015625,351.0848693847656,-1,-1,-1,-1
40,8,1259.142578125,452.0426025390625,132.6092529296875,332.43963623046875,-1,-1,-1,-1
41,8,1268.4560546875,441.14971923828125,135.6466064453125,306.92401123046875,-1,-1,-1,-1
42,8,1267.04052734375,438.6330261230469,139.61962890625,308.3063659667969,-1,-1,-1,-1
43,8,1246.1883544921875,462.00457763671875,155.951171875,293.57574462890625,-1,-1,-1,-1
44,8,1254.4794921875,448.5025329589844,147.6705322265625,289.2035217285156,-1,-1,-1,-1
45,8,1242.4805908203125,396.3877868652344,159.1822509765625,306.4399108886719,-1,-1,-1,-1
46,8,1224.401611328125,365.8250427246094,160.096923828125,289.2817077636719,-1,-1,-1,-1
47,8,1189.39892578125,363.5892028808594,127.57275390625,264.7615661621094,-1,-1,-1,-1
48,8,1121.164794921875,372.1796875,122.6685791015625,256.2177734375,-1,-1,-1,-1
49,8,1031.0577392578125,368.8367919921875,97.95654296875,248.6495361328125,-1,-1,-1,-1
50,8,971.7591552734375,392.926025390625,80.4302978515625,233.35174560546875,-1,-1,-1,-1
51,8,927.0924072265625,397.9349060058594,96.74676513671875,226.69845581054688,-1,-1,-1,-1
52,8,884.4588012695312,386.72174072265625,96.59271240234375,219.8189697265625,-1,-1,-1,-1
53,8,770.8616333007812,417.62786865234375,121.9544677734375,222.74310302734375,-1,-1,-1,-1
56,8,633.1829223632812,244.00326538085938,327.49859619140625,495.3750305175781,-1,-1,-1,-1
57,8,517.9448852539062,112.84475708007812,446.2601318359375,782.0906982421875,-1,-1,-1,-1
47,9,1336.7349853515625,389.8868408203125,74.1763916015625,321.3795166015625,-1,-1,-1,-1
48,9,1236.1156005859375,383.5755310058594,155.0919189453125,327.0205383300781,-1,-1,-1,-1
49,9,1145.1561279296875,373.0134582519531,161.37109375,324.5794372558594,-1,-1,-1,-1
50,9,1073.785400390625,384.4384460449219,159.415771484375,307.4691467285156,-1,-1,-1,-1
51,9,1036.0032958984375,382.3814697265625,156.9044189453125,300.93243408203125,-1,-1,-1,-1
52,9,987.1630859375,379.239990234375,160.641357421875,293.195556640625,-1,-1,-1,-1
53,9,954.9760131835938,391.75067138671875,153.74163818359375,275.78826904296875,-1,-1,-1,-1
54,9,931.3023681640625,391.7674560546875,142.295166015625,263.1998291015625,-1,-1,-1,-1
55,9,897.8381958007812,361.20068359375,121.1812744140625,263.550048828125,-1,-1,-1,-1
56,9,853.7719116210938,339.317626953125,110.92095947265625,265.90380859375,-1,-1,-1,-1
57,9,729.5847778320312,259.5567626953125,190.05242919921875,339.51019287109375,-1,-1,-1,-1
58,9,743.2184448242188,344.4219970703125,101.88726806640625,240.22564697265625,-1,-1,-1,-1
59,9,709.5119018554688,312.47991943359375,107.53448486328125,262.47064208984375,-1,-1,-1,-1
60,9,681.2814331054688,288.67462158203125,122.142333984375,264.379638671875,-1,-1,-1,-1
61,9,641.5092163085938,305.15496826171875,117.976806640625,260.271484375,-1,-1,-1,-1
62,9,624.8724365234375,350.2161865234375,118.42218017578125,247.45697021484375,-1,-1,-1,-1
63,9,604.5369262695312,429.5173645019531,112.5357666015625,231.33016967773438,-1,-1,-1,-1
64,9,568.7734985351562,442.8109130859375,93.84698486328125,216.76983642578125,-1,-1,-1,-1
65,9,609.97265625,427.06494140625,96.0985107421875,222.56207275390625,-1,-1,-1,-1
66,9,599.6452026367188,457.71923828125,84.87542724609375,215.841064453125,-1,-1,-1,-1
67,9,575.0255126953125,457.87005615234375,89.1883544921875,216.50665283203125,-1,-1,-1,-1
68,9,524.611083984375,468.42401123046875,111.22747802734375,213.598876953125,-1,-1,-1,-1
69,9,450.2030334472656,463.8101501464844,146.60665893554688,220.39273071289062,-1,-1,-1,-1
70,9,423.6812438964844,434.0179138183594,146.51290893554688,230.76022338867188,-1,-1,-1,-1
71,9,453.959228515625,395.07293701171875,140.75897216796875,239.4930419921875,-1,-1,-1,-1
72,9,485.16943359375,399.79217529296875,139.57818603515625,221.01416015625,-1,-1,-1,-1
73,9,508.4239807128906,374.59796142578125,140.64340209960938,243.16497802734375,-1,-1,-1,-1
74,9,532.9295654296875,405.47308349609375,119.09600830078125,221.64654541015625,-1,-1,-1,-1
75,9,567.2352294921875,406.4234924316406,99.6353759765625,225.75198364257812,-1,-1,-1,-1
76,9,615.3008422851562,446.10302734375,77.31561279296875,222.6478271484375,-1,-1,-1,-1
77,9,634.843994140625,479.3885192871094,76.66534423828125,220.24795532226562,-1,-1,-1,-1
78,9,650.9512329101562,463.4068603515625,85.01177978515625,229.97821044921875,-1,-1,-1,-1
79,9,665.5100708007812,459.8305969238281,96.58026123046875,231.74282836914062,-1,-1,-1,-1
80,9,637.2665405273438,467.6812744140625,110.76971435546875,228.6033935546875,-1,-1,-1,-1
81,9,598.1677856445312,477.661865234375,110.01776123046875,220.73919677734375,-1,-1,-1,-1
82,9,576.4669799804688,483.4463806152344,99.58892822265625,226.71554565429688,-1,-1,-1,-1
83,9,603.1712646484375,491.1159973144531,89.33880615234375,226.74789428710938,-1,-1,-1,-1
84,9,669.8744506835938,468.5206298828125,74.51953125,227.58978271484375,-1,-1,-1,-1
85,9,710.0404052734375,486.73870849609375,80.8094482421875,227.6373291015625,-1,-1,-1,-1
86,9,758.425537109375,499.77490234375,81.6514892578125,232.13037109375,-1,-1,-1,-1
87,9,808.8369140625,482.2947998046875,93.3349609375,241.36016845703125,-1,-1,-1,-1
88,9,834.0369873046875,495.2067565917969,112.48614501953125,249.51620483398438,-1,-1,-1,-1
89,9,848.9552001953125,472.5360107421875,127.2265625,259.2244873046875,-1,-1,-1,-1
90,9,856.2280883789062,476.91326904296875,129.89532470703125,262.3446044921875,-1,-1,-1,-1
91,9,861.76953125,488.14788818359375,128.3634033203125,251.49859619140625,-1,-1,-1,-1
92,9,847.2283325195312,476.8585510253906,126.17486572265625,260.8473815917969,-1,-1,-1,-1
93,9,837.7963256835938,485.2177734375,113.8089599609375,251.17718505859375,-1,-1,-1,-1
94,9,815.1339111328125,468.0538635253906,113.697509765625,249.81716918945312,-1,-1,-1,-1
95,9,785.7582397460938,466.67169189453125,101.2039794921875,211.75506591796875,-1,-1,-1,-1
96,9,785.4943237304688,462.13824462890625,80.494384765625,213.49346923828125,-1,-1,-1,-1
97,9,760.5278930664062,452.9061279296875,92.7705078125,217.80078125,-1,-1,-1,-1
98,9,796.4093627929688,420.45477294921875,97.51910400390625,219.96942138671875,-1,-1,-1,-1
99,9,833.0679321289062,432.7401123046875,90.468505859375,219.22137451171875,-1,-1,-1,-1
100,9,848.9793701171875,470.1322326660156,91.9039306640625,210.54531860351562,-1,-1,-1,-1
101,9,868.6221313476562,468.7876892089844,104.572509765625,218.14114379882812,-1,-1,-1,-1
102,9,889.698486328125,457.8199157714844,110.0350341796875,240.55349731445312,-1,-1,-1,-1
103,9,907.5313720703125,482.098388671875,114.25604248046875,231.7821044921875,-1,-1,-1,-1
104,9,918.5292358398438,480.0782470703125,122.21722412109375,255.9967041015625,-1,-1,-1,-1
105,9,909.8374633789062,460.7781982421875,130.04595947265625,263.7825927734375,-1,-1,-1,-1
106,9,914.3746948242188,472.5152282714844,133.33062744140625,257.4659729003906,-1,-1,-1,-1
107,9,940.1386108398438,467.30859375,139.11065673828125,259.82415771484375,-1,-1,-1,-1
108,9,966.1475219726562,465.0675048828125,141.43499755859375,262.652587890625,-1,-1,-1,-1
109,9,972.7335205078125,468.06072998046875,144.299072265625,269.623779296875,-1,-1,-1,-1
110,9,984.0270385742188,463.2652893066406,150.80718994140625,277.4548034667969,-1,-1,-1,-1
111,9,1003.8861083984375,479.8840026855469,156.3897705078125,281.3199157714844,-1,-1,-1,-1
112,9,1014.3683471679688,512.3576965332031,159.11224365234375,284.7584533691406,-1,-1,-1,-1
113,9,1002.3800659179688,539.459228515625,159.18927001953125,284.5047607421875,-1,-1,-1,-1
114,9,975.324462890625,571.500732421875,156.7860107421875,282.634765625,-1,-1,-1,-1
115,9,956.5703125,600.896728515625,162.823974609375,279.2774658203125,-1,-1,-1,-1
116,9,938.9733276367188,605.3462524414062,166.40093994140625,274.58013916015625,-1,-1,-1,-1
117,9,930.9343872070312,613.6956176757812,170.84466552734375,269.686767578125,-1,-1,-1,-1
118,9,922.2283325195312,618.7703857421875,182.51751708984375,269.52008056640625,-1,-1,-1,-1
119,9,939.3242797851562,621.0184326171875,172.26568603515625,269.6585693359375,-1,-1,-1,-1
120,9,962.9410400390625,622.305908203125,149.5762939453125,268.3905029296875,-1,-1,-1,-1
121,9,972.8067016601562,608.39306640625,130.95526123046875,271.420166015625,-1,-1,-1,-1
122,9,963.8062133789062,600.6768188476562,119.47381591796875,274.66546630859375,-1,-1,-1,-1
123,9,953.7387084960938,613.097412109375,120.52862548828125,266.1690673828125,-1,-1,-1,-1
124,9,937.8753662109375,626.1354370117188,123.5936279296875,255.9420166015625,-1,-1,-1,-1
125,9,914.234619140625,611.5408935546875,147.0684814453125,266.90283203125,-1,-1,-1,-1
126,9,904.857421875,602.0536499023438,149.7401123046875,267.4755859375,-1,-1,-1,-1
127,9,908.382568359375,602.6707763671875,133.4453125,255.51361083984375,-1,-1,-1,-1
128,9,911.606201171875,606.2789306640625,121.150634765625,241.80059814453125,-1,-1,-1,-1
129,9,917.5390625,573.7130737304688,139.5074462890625,282.5849609375,-1,-1,-1,-1
130,9,928.944580078125,583.357666015625,162.0078125,295.03765869140625,-1,-1,-1,-1
131,9,954.0313720703125,599.6281127929688,165.2740478515625,268.63525390625,-1,-1,-1,-1
62,10,503.327392578125,384.8465881347656,89.672119140625,200.03182983398438,-1,-1,-1,-1
63,10,488.1938171386719,446.6240234375,80.11672973632812,202.7489013671875,-1,-1,-1,-1
64,10,479.9581298828125,489.8003234863281,51.49896240234375,120.04855346679688,-1,-1,-1,-1
65,10,514.8241577148438,449.533447265625,82.2069091796875,185.95318603515625,-1,-1,-1,-1
66,10,498.5523986816406,479.07196044921875,87.38851928710938,177.88330078125,-1,-1,-1,-1
67,10,456.1827087402344,464.1383361816406,112.16873168945312,196.32669067382812,-1,-1,-1,-1
68,10,425.503173828125,502.4552917480469,113.6187744140625,174.54708862304688,-1,-1,-1,-1
69,10,375.329345703125,506.078857421875,110.35311889648438,175.51019287109375,-1,-1,-1,-1
70,10,347.59637451171875,469.896728515625,100.33026123046875,184.94805908203125,-1,-1,-1,-1
71,10,374.5008239746094,425.8393249511719,90.64273071289062,189.57644653320312,-1,-1,-1,-1
72,10,405.29193115234375,408.1252136230469,81.46441650390625,191.05990600585938,-1,-1,-1,-1
73,10,426.3846740722656,399.5952453613281,96.84689331054688,193.94540405273438,-1,-1,-1,-1
74,10,446.0201416015625,427.8496398925781,113.66900634765625,179.08859252929688,-1,-1,-1,-1
75,10,471.9776916503906,421.6957092285156,119.59066772460938,190.89987182617188,-1,-1,-1,-1
76,10,532.8939819335938,461.4121398925781,99.195068359375,183.08200073242188,-1,-1,-1,-1
77,10,559.072998046875,492.6575927734375,103.65411376953125,180.66851806640625,-1,-1,-1,-1
78,10,577.33837890625,484.3121643066406,105.77911376953125,179.36520385742188,-1,-1,-1,-1
79,10,605.8190307617188,497.98193359375,93.3558349609375,160.68804931640625,-1,-1,-1,-1
80,10,589.0310668945312,487.6107177734375,82.38275146484375,176.71246337890625,-1,-1,-1,-1
81,10,558.614990234375,484.0115051269531,67.69281005859375,179.84201049804688,-1,-1,-1,-1
82,10,536.0596923828125,495.79473876953125,67.4384765625,180.535400390625,-1,-1,-1,-1
83,10,560.4444580078125,510.4110107421875,69.66217041015625,173.642333984375,-1,-1,-1,-1
84,10,621.3533325195312,492.709228515625,82.19500732421875,170.8184814453125,-1,-1,-1,-1
85,10,668.3898315429688,509.8514709472656,102.09490966796875,173.15988159179688,-1,-1,-1,-1
86,10,715.0726318359375,506.99853515625,105.3330078125,191.31243896484375,-1,-1,-1,-1
87,10,772.1973266601562,496.45172119140625,105.07415771484375,199.7808837890625,-1,-1,-1,-1
88,10,825.7994995117188,509.3041076660156,97.428955078125,202.31265258789062,-1,-1,-1,-1
89,10,854.1016235351562,481.70159912109375,118.98699951171875,217.70635986328125,-1,-1,-1,-1
90,10,861.0331420898438,481.422607421875,121.2042236328125,244.49139404296875,-1,-1,-1,-1
67,11,-85.41142272949219,555.2003784179688,405.3787841796875,853.7066040039062,-1,-1,-1,-1
68,11,-115.32220458984375,700.2381591796875,384.66168212890625,714.3837890625,-1,-1,-1,-1
69,11,-198.67266845703125,653.3545532226562,435.027587890625,771.2748413085938,-1,-1,-1,-1
86,12,-94.47010040283203,441.62408447265625,191.9642333984375,508.14532470703125,-1,-1,-1,-1
87,12,-34.93437957763672,439.41168212890625,167.13296508789062,449.56402587890625,-1,-1,-1,-1
88,12,26.106689453125,460.2098083496094,163.799560546875,419.7366638183594,-1,-1,-1,-1
89,12,63.46575164794922,459.47674560546875,165.70510864257812,390.047119140625,-1,-1,-1,-1
90,12,78.49690246582031,469.5751037597656,171.7649383544922,377.2002868652344,-1,-1,-1,-1
91,12,85.74249267578125,440.7886962890625,179.90634155273438,371.7518310546875,-1,-1,-1,-1
92,12,65.73402404785156,435.42633056640625,189.6936492919922,388.87701416015625,-1,-1,-1,-1
93,12,64.45353698730469,420.23443603515625,187.3326873779297,398.90338134765625,-1,-1,-1,-1
94,12,36.34061050415039,446.8841247558594,183.255615234375,405.3869323730469,-1,-1,-1,-1
95,12,-2.095250129699707,456.490234375,165.08636474609375,411.75640869140625,-1,-1,-1,-1
96,12,-11.14443588256836,436.56317138671875,151.64385986328125,409.61932373046875,-1,-1,-1,-1
97,12,-10.30520248413086,448.5900573730469,143.89566040039062,414.7687072753906,-1,-1,-1,-1
98,12,6.9219770431518555,420.34735107421875,179.59632873535156,397.29302978515625,-1,-1,-1,-1
99,12,46.69003677368164,422.4847412109375,212.13818359375,371.18743896484375,-1,-1,-1,-1
100,12,78.88693237304688,442.0154724121094,246.9940185546875,361.5397644042969,-1,-1,-1,-1
101,12,129.41751098632812,436.6717834472656,240.63665771484375,358.0049743652344,-1,-1,-1,-1
102,12,165.80203247070312,434.7005615234375,228.0924072265625,363.03082275390625,-1,-1,-1,-1
103,12,198.42239379882812,431.17694091796875,202.722412109375,367.7806396484375,-1,-1,-1,-1
104,12,217.7235870361328,437.45489501953125,200.0935516357422,360.7021484375,-1,-1,-1,-1
105,12,201.41384887695312,425.82879638671875,218.75466918945312,336.00299072265625,-1,-1,-1,-1
106,12,203.21983337402344,410.16229248046875,248.5258331298828,338.56097412109375,-1,-1,-1,-1
107,12,256.2373962402344,416.054443359375,245.74697875976562,343.1220703125,-1,-1,-1,-1
108,12,325.14739990234375,426.0769958496094,255.2869873046875,334.0363464355469,-1,-1,-1,-1
109,12,383.7790222167969,460.4353942871094,242.59658813476562,302.8273620605469,-1,-1,-1,-1
110,12,437.7647705078125,449.005859375,223.6165771484375,317.98846435546875,-1,-1,-1,-1
111,12,471.1068115234375,442.22943115234375,227.63946533203125,329.566650390625,-1,-1,-1,-1
112,12,515.8592529296875,462.41839599609375,194.93402099609375,320.96075439453125,-1,-1,-1,-1
113,12,526.6456909179688,484.56793212890625,172.40509033203125,310.323486328125,-1,-1,-1,-1
114,12,513.0347290039062,513.626953125,165.8348388671875,309.4478759765625,-1,-1,-1,-1
115,12,516.5313110351562,561.1044311523438,171.3935546875,281.744140625,-1,-1,-1,-1
116,12,538.5744018554688,572.8134155273438,174.18145751953125,280.9793701171875,-1,-1,-1,-1
117,12,560.8452758789062,585.1348266601562,171.97344970703125,279.6402587890625,-1,-1,-1,-1
118,12,554.1620483398438,606.4156494140625,204.3941650390625,256.44854736328125,-1,-1,-1,-1
119,12,555.303955078125,594.8428955078125,230.22900390625,271.36474609375,-1,-1,-1,-1
120,12,571.304931640625,577.0926513671875,266.3515625,288.7421875,-1,-1,-1,-1
121,12,597.9423828125,563.8085327148438,271.78057861328125,291.024658203125,-1,-1,-1,-1
122,12,619.0007934570312,568.8575439453125,293.211669921875,275.970947265625,-1,-1,-1,-1
123,12,600.2437133789062,573.4515380859375,323.97979736328125,283.7401123046875,-1,-1,-1,-1
124,12,579.8345947265625,586.601318359375,337.6168212890625,279.09405517578125,-1,-1,-1,-1
125,12,577.8158569335938,589.3693237304688,333.44854736328125,271.50860595703125,-1,-1,-1,-1
126,12,602.9344482421875,597.3377075195312,307.7874755859375,259.01983642578125,-1,-1,-1,-1
127,12,638.0540771484375,600.6437377929688,241.46295166015625,247.344482421875,-1,-1,-1,-1
128,12,674.1348266601562,596.0252075195312,175.34625244140625,249.0765380859375,-1,-1,-1,-1
129,12,695.0926513671875,581.0001220703125,146.93316650390625,281.06549072265625,-1,-1,-1,-1
130,12,713.7613525390625,594.21044921875,147.9697265625,290.2213134765625,-1,-1,-1,-1
131,12,753.044921875,609.4775390625,122.0792236328125,248.34979248046875,-1,-1,-1,-1
132,12,751.7039184570312,592.52001953125,126.18426513671875,267.11358642578125,-1,-1,-1,-1
133,12,748.39404296875,560.3480224609375,144.690185546875,271.24139404296875,-1,-1,-1,-1
134,12,745.1950073242188,569.70361328125,143.83917236328125,255.058349609375,-1,-1,-1,-1
135,12,747.2625122070312,579.8419189453125,126.2470703125,262.5430908203125,-1,-1,-1,-1
136,12,765.0396118164062,610.9520874023438,129.42755126953125,245.20306396484375,-1,-1,-1,-1
137,12,794.4644775390625,615.5028686523438,124.69073486328125,250.46075439453125,-1,-1,-1,-1
138,12,806.9838256835938,607.08447265625,113.93695068359375,261.5169677734375,-1,-1,-1,-1
139,12,815.6742553710938,612.1838989257812,97.178466796875,251.66790771484375,-1,-1,-1,-1
140,12,821.0530395507812,612.2235107421875,93.52716064453125,245.62408447265625,-1,-1,-1,-1
141,12,827.581298828125,602.6726684570312,96.82598876953125,244.01983642578125,-1,-1,-1,-1
142,12,840.4717407226562,583.915771484375,93.75042724609375,240.064697265625,-1,-1,-1,-1
143,12,859.7578125,599.406005859375,93.814208984375,237.26953125,-1,-1,-1,-1
144,12,877.4522094726562,597.201416015625,95.38775634765625,185.83355712890625,-1,-1,-1,-1
145,12,885.7127075195312,586.9909057617188,104.74151611328125,188.22943115234375,-1,-1,-1,-1
146,12,886.1832885742188,571.6248779296875,109.49542236328125,189.68792724609375,-1,-1,-1,-1
147,12,889.1336669921875,560.8189697265625,108.10516357421875,174.1617431640625,-1,-1,-1,-1
148,12,899.616455078125,553.221923828125,97.26763916015625,175.5765380859375,-1,-1,-1,-1
149,12,905.155517578125,568.2276000976562,95.7608642578125,181.30157470703125,-1,-1,-1,-1
150,12,908.59033203125,588.0934448242188,97.72027587890625,185.05279541015625,-1,-1,-1,-1
151,12,915.500244140625,596.9188842773438,101.6226806640625,180.9969482421875,-1,-1,-1,-1
152,12,916.3153076171875,592.5318603515625,114.20654296875,178.142822265625,-1,-1,-1,-1
153,12,888.44677734375,572.9150390625,145.1422119140625,180.3355712890625,-1,-1,-1,-1
154,12,886.3216552734375,550.0069580078125,145.2401123046875,178.90069580078125,-1,-1,-1,-1
155,12,883.5031127929688,552.4528198242188,137.78814697265625,180.63555908203125,-1,-1,-1,-1
156,12,875.5845947265625,568.845703125,145.17340087890625,177.321533203125,-1,-1,-1,-1
157,12,865.4902954101562,581.1640014648438,160.80059814453125,176.52252197265625,-1,-1,-1,-1
158,12,844.8362426757812,589.5101318359375,173.17156982421875,170.782470703125,-1,-1,-1,-1
159,12,815.881591796875,601.09375,164.6307373046875,157.030029296875,-1,-1,-1,-1
160,12,744.0057373046875,607.2286987304688,177.05267333984375,153.20135498046875,-1,-1,-1,-1
161,12,734.8055419921875,614.1423950195312,137.47393798828125,151.52935791015625,-1,-1,-1,-1
162,12,727.2613525390625,624.3536987304688,108.4864501953125,154.23797607421875,-1,-1,-1,-1
163,12,714.82421875,615.2228393554688,85.06805419921875,164.06591796875,-1,-1,-1,-1
164,12,697.6528930664062,607.8771362304688,71.61773681640625,160.890380859375,-1,-1,-1,-1
165,12,676.31396484375,601.158203125,66.55657958984375,167.41229248046875,-1,-1,-1,-1
166,12,662.2119750976562,601.7942504882812,68.12628173828125,164.03338623046875,-1,-1,-1,-1
167,12,650.4869384765625,596.9797973632812,77.1258544921875,165.72802734375,-1,-1,-1,-1
168,12,641.04541015625,596.9752197265625,84.2889404296875,163.85955810546875,-1,-1,-1,-1
169,12,630.8189086914062,601.9945678710938,89.6937255859375,157.47283935546875,-1,-1,-1,-1
170,12,623.0140380859375,593.5625,83.3720703125,157.1905517578125,-1,-1,-1,-1
171,12,609.483642578125,578.4204711914062,82.11572265625,159.0003662109375,-1,-1,-1,-1
172,12,590.028076171875,579.8430786132812,85.53118896484375,155.648681640625,-1,-1,-1,-1
173,12,566.3004150390625,571.3690185546875,90.1473388671875,166.98370361328125,-1,-1,-1,-1
174,12,539.051025390625,574.6551513671875,90.040771484375,170.98712158203125,-1,-1,-1,-1
175,12,512.496826171875,581.4271850585938,89.1455078125,169.6136474609375,-1,-1,-1,-1
176,12,496.1604919433594,587.9313354492188,90.32583618164062,179.8428955078125,-1,-1,-1,-1
177,12,486.204833984375,601.0125732421875,89.6221923828125,169.98187255859375,-1,-1,-1,-1
178,12,477.7588806152344,589.947998046875,97.27590942382812,175.51763916015625,-1,-1,-1,-1
179,12,460.2735900878906,588.7113037109375,102.40591430664062,171.18353271484375,-1,-1,-1,-1
180,12,443.7451171875,592.1984252929688,108.32598876953125,169.44696044921875,-1,-1,-1,-1
181,12,432.47760009765625,598.1006469726562,105.76483154296875,176.28509521484375,-1,-1,-1,-1
182,12,421.6701354980469,597.67919921875,107.33840942382812,178.738037109375,-1,-1,-1,-1
183,12,419.84393310546875,597.7890014648438,100.88787841796875,185.00372314453125,-1,-1,-1,-1
184,12,412.20587158203125,599.6751098632812,92.48416137695312,199.20941162109375,-1,-1,-1,-1
185,12,409.59979248046875,597.658203125,88.89273071289062,212.16094970703125,-1,-1,-1,-1
186,12,416.6331787109375,606.53515625,84.35662841796875,209.55499267578125,-1,-1,-1,-1
187,12,430.84393310546875,625.4489135742188,78.341064453125,201.61993408203125,-1,-1,-1,-1
188,12,445.78546142578125,639.4133911132812,74.17669677734375,199.276123046875,-1,-1,-1,-1
189,12,461.9488220214844,629.2474975585938,75.56314086914062,204.53570556640625,-1,-1,-1,-1
190,12,488.21728515625,629.0789794921875,73.24298095703125,204.143798828125,-1,-1,-1,-1
191,12,513.5428466796875,629.326171875,75.00433349609375,205.26141357421875,-1,-1,-1,-1
192,12,533.3869018554688,617.65966796875,77.30670166015625,209.142578125,-1,-1,-1,-1
193,12,544.5530395507812,604.0672607421875,79.795654296875,211.7813720703125,-1,-1,-1,-1
194,12,552.8696899414062,589.136962890625,84.88873291015625,220.0157470703125,-1,-1,-1,-1
195,12,554.0851440429688,586.9940185546875,96.28515625,224.74285888671875,-1,-1,-1,-1
196,12,551.5317993164062,600.3132934570312,99.05731201171875,225.96807861328125,-1,-1,-1,-1
197,12,550.1802978515625,614.2958374023438,101.80548095703125,223.29107666015625,-1,-1,-1,-1
198,12,552.4456176757812,610.2691650390625,100.7530517578125,224.845703125,-1,-1,-1,-1
199,12,553.3590698242188,618.0977783203125,98.6617431640625,211.19427490234375,-1,-1,-1,-1
200,12,546.3564453125,620.651611328125,97.4183349609375,205.02734375,-1,-1,-1,-1
201,12,535.782958984375,605.091796875,93.5316162109375,212.5177001953125,-1,-1,-1,-1
95,13,767.7559204101562,473.25921630859375,80.94403076171875,236.48468017578125,-1,-1,-1,-1
96,13,734.9937744140625,466.3025817871094,84.8001708984375,243.87228393554688,-1,-1,-1,-1
97,13,704.3944702148438,431.1238708496094,97.732421875,274.8966979980469,-1,-1,-1,-1
98,13,714.3712768554688,390.9598388671875,122.4757080078125,284.81414794921875,-1,-1,-1,-1
99,13,731.72314453125,401.036376953125,131.85260009765625,283.560791015625,-1,-1,-1,-1
100,13,737.6513061523438,450.44476318359375,137.78985595703125,263.51959228515625,-1,-1,-1,-1
101,13,764.801513671875,456.9601745605469,130.5736083984375,258.4575500488281,-1,-1,-1,-1
102,13,785.3712158203125,452.195556640625,117.17120361328125,270.84716796875,-1,-1,-1,-1
103,13,800.9129638671875,450.7120361328125,113.6456298828125,284.82720947265625,-1,-1,-1,-1
104,13,805.109619140625,473.89337158203125,115.218505859375,279.99346923828125,-1,-1,-1,-1
105,13,765.79833984375,461.2474670410156,141.96099853515625,277.4805603027344,-1,-1,-1,-1
106,13,754.3804931640625,471.5575866699219,151.8533935546875,267.7793884277344,-1,-1,-1,-1
107,13,772.6477661132812,482.4259033203125,151.523193359375,252.26470947265625,-1,-1,-1,-1
108,13,797.4783325195312,472.7087097167969,145.4122314453125,261.2134094238281,-1,-1,-1,-1
109,13,801.9630737304688,474.4376525878906,144.667724609375,267.3353576660156,-1,-1,-1,-1
110,13,813.763671875,472.2829284667969,143.9683837890625,269.9512023925781,-1,-1,-1,-1
111,13,833.2503662109375,498.1369934082031,146.365966796875,259.9364318847656,-1,-1,-1,-1
112,13,842.9816284179688,511.3485412597656,159.59381103515625,275.8380432128906,-1,-1,-1,-1
113,13,825.5541381835938,529.9705810546875,182.8568115234375,284.34716796875,-1,-1,-1,-1
114,13,798.9854125976562,559.9537353515625,193.97161865234375,280.830810546875,-1,-1,-1,-1
115,13,787.99609375,582.6258544921875,196.2366943359375,280.88568115234375,-1,-1,-1,-1
116,13,773.01904296875,587.4429321289062,204.24200439453125,280.3240966796875,-1,-1,-1,-1
117,13,777.721923828125,592.43310546875,192.9136962890625,280.10260009765625,-1,-1,-1,-1
118,13,789.7876586914062,603.8682861328125,182.0814208984375,273.3834228515625,-1,-1,-1,-1
119,13,811.7706298828125,609.0899047851562,169.386962890625,275.11376953125,-1,-1,-1,-1
120,13,836.286376953125,612.6373291015625,153.84893798828125,286.809326171875,-1,-1,-1,-1
121,13,822.9008178710938,602.473388671875,162.03125,300.20111083984375,-1,-1,-1,-1
122,13,803.0810546875,595.7567138671875,175.88262939453125,309.5433349609375,-1,-1,-1,-1
123,13,793.0995483398438,591.9793701171875,197.478271484375,326.277587890625,-1,-1,-1,-1
124,13,801.7671508789062,568.7485961914062,201.12591552734375,348.41510009765625,-1,-1,-1,-1
125,13,827.4215087890625,550.92578125,202.275634765625,356.61224365234375,-1,-1,-1,-1
126,13,849.4090576171875,532.8831176757812,174.78948974609375,366.3072509765625,-1,-1,-1,-1
127,13,852.2393798828125,517.73193359375,168.9146728515625,372.56866455078125,-1,-1,-1,-1
128,13,849.51416015625,549.4775390625,177.2794189453125,347.04681396484375,-1,-1,-1,-1
129,13,855.89599609375,534.9902954101562,200.533447265625,389.05731201171875,-1,-1,-1,-1
130,13,884.8356323242188,579.3485717773438,211.47369384765625,376.7474365234375,-1,-1,-1,-1
131,13,927.592041015625,595.3235473632812,197.8609619140625,359.39251708984375,-1,-1,-1,-1
132,13,946.7991943359375,569.9510498046875,184.9476318359375,356.6953125,-1,-1,-1,-1
133,13,962.6558837890625,544.6097412109375,176.271240234375,363.45263671875,-1,-1,-1,-1
134,13,954.2930908203125,536.1814575195312,175.2252197265625,369.9918212890625,-1,-1,-1,-1
135,13,943.5726318359375,558.9818725585938,162.52392578125,361.6353759765625,-1,-1,-1,-1
136,13,951.1807861328125,579.761474609375,146.82080078125,357.7664794921875,-1,-1,-1,-1
137,13,975.2940673828125,588.7214965820312,133.1314697265625,359.34783935546875,-1,-1,-1,-1
138,13,999.2647705078125,591.1898803710938,124.2513427734375,358.12603759765625,-1,-1,-1,-1
139,13,1012.4550170898438,586.1316528320312,111.61492919921875,356.40106201171875,-1,-1,-1,-1
140,13,1018.1912231445312,577.1959838867188,114.04376220703125,358.552734375,-1,-1,-1,-1
141,13,1026.171142578125,568.205322265625,111.064208984375,354.706298828125,-1,-1,-1,-1
142,13,1039.0093994140625,542.2135009765625,100.85986328125,352.81634521484375,-1,-1,-1,-1
143,13,1063.4228515625,548.888671875,98.8297119140625,356.66204833984375,-1,-1,-1,-1
144,13,1082.3787841796875,557.8341064453125,104.806884765625,355.55029296875,-1,-1,-1,-1
145,13,1097.947265625,582.114990234375,107.8895263671875,333.98431396484375,-1,-1,-1,-1
146,13,1110.680908203125,547.3661499023438,123.521484375,356.87603759765625,-1,-1,-1,-1
147,13,1115.1612548828125,540.8543090820312,138.7266845703125,342.9962158203125,-1,-1,-1,-1
148,13,1113.573486328125,514.7583618164062,154.6795654296875,357.1180419921875,-1,-1,-1,-1
149,13,1119.5419921875,517.05810546875,163.2811279296875,358.6236572265625,-1,-1,-1,-1
150,13,1141.076904296875,524.3170166015625,155.5230712890625,353.90826416015625,-1,-1,-1,-1
151,13,1147.5364990234375,522.3096923828125,152.4197998046875,357.8714599609375,-1,-1,-1,-1
152,13,1165.832763671875,514.7340087890625,147.0260009765625,358.164306640625,-1,-1,-1,-1
153,13,1177.3992919921875,494.2173767089844,139.1185302734375,361.3362121582031,-1,-1,-1,-1
154,13,1179.80859375,466.01873779296875,133.0499267578125,361.96533203125,-1,-1,-1,-1
155,13,1172.9964599609375,477.5545654296875,137.135986328125,353.796630859375,-1,-1,-1,-1
156,13,1165.1842041015625,503.6533508300781,142.2933349609375,349.4615173339844,-1,-1,-1,-1
157,13,1160.568359375,516.5116577148438,153.8231201171875,348.19744873046875,-1,-1,-1,-1
158,13,1137.5042724609375,518.8502807617188,165.754638671875,345.4144287109375,-1,-1,-1,-1
159,13,1086.0072021484375,523.6915283203125,178.76123046875,335.6903076171875,-1,-1,-1,-1
160,13,1031.1856689453125,532.187744140625,172.755859375,320.5072021484375,-1,-1,-1,-1
161,13,993.2175903320312,541.7870483398438,166.65020751953125,313.17987060546875,-1,-1,-1,-1
162,13,974.267333984375,557.6038208007812,165.99365234375,306.26043701171875,-1,-1,-1,-1
163,13,964.8212280273438,566.3975219726562,156.79364013671875,297.57098388671875,-1,-1,-1,-1
164,13,945.044189453125,572.82470703125,148.5712890625,290.6658935546875,-1,-1,-1,-1
165,13,929.837646484375,588.953125,142.1060791015625,278.279541015625,-1,-1,-1,-1
166,13,927.4384155273438,590.8587036132812,134.79193115234375,276.84173583984375,-1,-1,-1,-1
167,13,928.2992553710938,588.312255859375,128.55792236328125,282.6962890625,-1,-1,-1,-1
168,13,926.7368774414062,596.6314086914062,124.93499755859375,280.13275146484375,-1,-1,-1,-1
169,13,920.242919921875,612.4723510742188,128.35546875,276.20037841796875,-1,-1,-1,-1
170,13,904.1948852539062,609.10205078125,135.38507080078125,282.03106689453125,-1,-1,-1,-1
171,13,883.1524047851562,632.7560424804688,143.77874755859375,249.4361572265625,-1,-1,-1,-1
172,13,862.301025390625,640.5130615234375,151.67919921875,243.62188720703125,-1,-1,-1,-1
173,13,842.5197143554688,647.1521606445312,151.65447998046875,243.23931884765625,-1,-1,-1,-1
174,13,817.032958984375,647.0452880859375,148.18408203125,242.9844970703125,-1,-1,-1,-1
175,13,797.1845703125,648.8831787109375,140.1771240234375,240.42919921875,-1,-1,-1,-1
176,13,791.8883666992188,651.2539672851562,126.51171875,241.52044677734375,-1,-1,-1,-1
177,13,766.6175537109375,647.3134155273438,145.846435546875,245.63519287109375,-1,-1,-1,-1
178,13,747.657958984375,638.6864624023438,162.01165771484375,245.88592529296875,-1,-1,-1,-1
179,13,733.74658203125,636.1175537109375,164.4825439453125,242.7041015625,-1,-1,-1,-1
180,13,719.6492309570312,636.9842529296875,164.77777099609375,249.109130859375,-1,-1,-1,-1
181,13,709.5801391601562,628.4057006835938,166.4337158203125,263.5994873046875,-1,-1,-1,-1
182,13,698.1563720703125,624.761962890625,166.8995361328125,264.81103515625,-1,-1,-1,-1
183,13,695.689453125,611.3218994140625,163.71728515625,274.679931640625,-1,-1,-1,-1
184,13,688.5032958984375,600.9736328125,160.9688720703125,277.20819091796875,-1,-1,-1,-1
185,13,686.856689453125,590.93505859375,158.85845947265625,282.7357177734375,-1,-1,-1,-1
186,13,693.915771484375,585.6361694335938,156.052978515625,289.56085205078125,-1,-1,-1,-1
187,13,705.33740234375,592.9332885742188,149.90533447265625,290.82086181640625,-1,-1,-1,-1
188,13,714.37890625,605.13427734375,149.05438232421875,290.4169921875,-1,-1,-1,-1
189,13,729.3444213867188,576.8365478515625,145.17962646484375,314.81536865234375,-1,-1,-1,-1
190,13,754.5867919921875,567.92529296875,139.7462158203125,320.12322998046875,-1,-1,-1,-1
191,13,778.9440307617188,563.572998046875,135.43743896484375,326.1422119140625,-1,-1,-1,-1
192,13,799.0084838867188,550.065673828125,134.70263671875,335.32342529296875,-1,-1,-1,-1
193,13,811.409423828125,571.4837646484375,133.335205078125,307.3841552734375,-1,-1,-1,-1
194,13,818.4674072265625,564.88427734375,129.99334716796875,309.2386474609375,-1,-1,-1,-1
195,13,821.8582763671875,566.1146240234375,128.42889404296875,312.28369140625,-1,-1,-1,-1
196,13,821.8712158203125,544.8218383789062,126.60052490234375,347.5484619140625,-1,-1,-1,-1
197,13,821.9462280273438,546.4940185546875,125.59918212890625,353.899658203125,-1,-1,-1,-1
198,13,826.1429443359375,542.1044921875,126.2513427734375,356.40374755859375,-1,-1,-1,-1
199,13,830.044189453125,534.8215942382812,124.78521728515625,362.81317138671875,-1,-1,-1,-1
200,13,826.904052734375,533.3177490234375,121.9521484375,367.861572265625,-1,-1,-1,-1
201,13,817.4111328125,532.4473266601562,125.6318359375,370.534912109375,-1,-1,-1,-1
104,14,234.1289825439453,544.0563354492188,31.373123168945312,59.36602783203125,-1,-1,-1,-1
105,14,233.83413696289062,523.9852294921875,31.68182373046875,53.72467041015625,-1,-1,-1,-1
106,14,233.4741973876953,491.3013916015625,50.47743225097656,75.83074951171875,-1,-1,-1,-1
107,14,285.9990234375,509.7245178222656,32.3519287109375,55.407623291015625,-1,-1,-1,-1
108,14,319.25823974609375,508.9082946777344,30.3056640625,50.498138427734375,-1,-1,-1,-1
109,14,335.57965087890625,512.1400146484375,26.8773193359375,47.5706787109375,-1,-1,-1,-1
110,14,351.9709777832031,512.5632019042969,25.564453125,46.926971435546875,-1,-1,-1,-1
111,14,379.3310241699219,515.6073608398438,25.582489013671875,48.384765625,-1,-1,-1,-1
112,14,397.7498474121094,531.7657470703125,24.7362060546875,49.19873046875,-1,-1,-1,-1
113,14,385.86322021484375,553.9671630859375,25.8782958984375,48.272216796875,-1,-1,-1,-1
114,14,360.1146545410156,577.7905883789062,25.85992431640625,50.26885986328125,-1,-1,-1,-1
115,14,342.8915100097656,597.327392578125,26.679046630859375,48.99951171875,-1,-1,-1,-1
116,14,320.40887451171875,608.135498046875,24.29119873046875,45.211181640625,-1,-1,-1,-1
117,14,301.1741027832031,612.572998046875,27.69732666015625,49.85968017578125,-1,-1,-1,-1
118,14,290.9590148925781,615.228271484375,25.68353271484375,47.56097412109375,-1,-1,-1,-1
119,14,284.4000244140625,619.5924072265625,25.535919189453125,49.87579345703125,-1,-1,-1,-1
120,14,272.8905944824219,619.8140869140625,26.049774169921875,49.7386474609375,-1,-1,-1,-1
121,14,246.0424346923828,613.5830078125,27.763473510742188,51.0068359375,-1,-1,-1,-1
122,14,211.42495727539062,609.0214233398438,26.135543823242188,49.01544189453125,-1,-1,-1,-1
123,14,187.1060028076172,613.1311645507812,27.395156860351562,51.9437255859375,-1,-1,-1,-1
124,14,160.27664184570312,617.0344848632812,27.275070190429688,53.431640625,-1,-1,-1,-1
125,14,134.52593994140625,617.1956787109375,26.657073974609375,53.9462890625,-1,-1,-1,-1
126,14,107.44503784179688,627.5407104492188,27.27001953125,51.66925048828125,-1,-1,-1,-1
127,14,84.4840087890625,632.1951904296875,26.84552001953125,53.14666748046875,-1,-1,-1,-1
128,14,62.5443000793457,640.7426147460938,27.330120086669922,50.91046142578125,-1,-1,-1,-1
129,14,51.30265808105469,663.3984985351562,26.129188537597656,50.471435546875,-1,-1,-1,-1
130,14,47.86570739746094,691.864501953125,26.408111572265625,51.37847900390625,-1,-1,-1,-1
131,14,43.54246520996094,714.84814453125,26.740463256835938,52.40625,-1,-1,-1,-1
132,14,21.944578170776367,708.9808959960938,25.53153419494629,51.955078125,-1,-1,-1,-1
133,14,4.188990592956543,700.3762817382812,19.990535736083984,50.66973876953125,-1,-1,-1,-1
134,14,14.214458465576172,691.9658813476562,21.090927124023438,50.224365234375,-1,-1,-1,-1
135,14,5.397665500640869,716.1840209960938,23.063589096069336,47.18487548828125,-1,-1,-1,-1
113,15,442.3118896484375,545.197265625,25.20465087890625,49.8780517578125,-1,-1,-1,-1
114,15,418.90380859375,576.91455078125,19.84735107421875,40.60467529296875,-1,-1,-1,-1
115,15,400.0794372558594,594.0535888671875,21.355194091796875,45.69482421875,-1,-1,-1,-1
116,15,380.9692687988281,608.2483520507812,19.023101806640625,39.25201416015625,-1,-1,-1,-1
117,15,362.29296875,611.1452026367188,20.898895263671875,41.6181640625,-1,-1,-1,-1
118,15,351.8081970214844,611.8916625976562,22.277435302734375,43.74652099609375,-1,-1,-1,-1
119,15,342.8908386230469,614.4478149414062,25.256195068359375,47.46466064453125,-1,-1,-1,-1
120,15,331.4974670410156,615.1578369140625,22.553863525390625,45.4381103515625,-1,-1,-1,-1
121,15,308.78790283203125,608.3062744140625,21.74664306640625,45.66131591796875,-1,-1,-1,-1
122,15,272.90081787109375,600.9951171875,22.249603271484375,46.87518310546875,-1,-1,-1,-1
123,15,250.50628662109375,606.396728515625,21.235565185546875,46.876708984375,-1,-1,-1,-1
124,15,224.78466796875,615.1165161132812,18.650299072265625,41.01788330078125,-1,-1,-1,-1
125,15,199.7660369873047,610.6243896484375,20.197586059570312,47.47003173828125,-1,-1,-1,-1
126,15,172.5402069091797,617.94091796875,20.7896728515625,48.63037109375,-1,-1,-1,-1
127,15,146.95736694335938,617.675537109375,22.717056274414062,51.9478759765625,-1,-1,-1,-1
128,15,125.99295043945312,631.6204833984375,20.333953857421875,43.54150390625,-1,-1,-1,-1
129,15,112.8963394165039,650.4200439453125,21.34825897216797,49.92401123046875,-1,-1,-1,-1
130,15,108.43448638916016,676.04541015625,22.52709197998047,51.48602294921875,-1,-1,-1,-1
131,15,102.48382568359375,701.1070556640625,21.198524475097656,46.95068359375,-1,-1,-1,-1
132,15,78.15457153320312,687.878662109375,21.46668243408203,51.615966796875,-1,-1,-1,-1
133,15,49.38220977783203,676.0501098632812,22.291152954101562,51.2633056640625,-1,-1,-1,-1
134,15,23.817489624023438,699.3903198242188,19.277359008789062,45.22808837890625,-1,-1,-1,-1
114,16,432.0103454589844,585.6455078125,22.240814208984375,39.165283203125,-1,-1,-1,-1
115,16,411.3720397949219,595.5546264648438,27.83331298828125,52.36419677734375,-1,-1,-1,-1
116,16,391.5841369628906,613.6448974609375,23.437835693359375,44.7188720703125,-1,-1,-1,-1
117,16,372.9913024902344,617.9265747070312,26.277374267578125,46.0960693359375,-1,-1,-1,-1
118,16,361.3457946777344,616.7291870117188,26.7720947265625,47.51373291015625,-1,-1,-1,-1
119,16,352.20257568359375,621.5669555664062,27.343505859375,44.8480224609375,-1,-1,-1,-1
120,16,344.38519287109375,626.4910888671875,24.8094482421875,41.6943359375,-1,-1,-1,-1
121,16,322.357421875,616.375,24.90374755859375,44.79052734375,-1,-1,-1,-1
122,16,288.8959045410156,614.9794311523438,22.602874755859375,39.38299560546875,-1,-1,-1,-1
123,16,266.75341796875,618.3741455078125,23.566192626953125,43.52630615234375,-1,-1,-1,-1
124,16,242.8797607421875,621.9493408203125,21.762603759765625,43.5538330078125,-1,-1,-1,-1
125,16,217.63153076171875,620.1647338867188,21.931320190429688,44.84759521484375,-1,-1,-1,-1
126,16,191.38076782226562,627.7979125976562,23.63311767578125,46.47991943359375,-1,-1,-1,-1
127,16,168.17782592773438,631.4060668945312,22.386184692382812,46.5428466796875,-1,-1,-1,-1
128,16,145.69439697265625,635.700927734375,23.010009765625,46.95819091796875,-1,-1,-1,-1
129,16,131.7537078857422,655.4559936523438,24.081710815429688,50.96875,-1,-1,-1,-1
130,16,128.36398315429688,687.4755859375,23.36187744140625,48.37432861328125,-1,-1,-1,-1
131,16,123.49394989013672,711.2228393554688,21.69670867919922,43.4334716796875,-1,-1,-1,-1
132,16,98.656494140625,701.37939453125,24.83179473876953,47.068603515625,-1,-1,-1,-1
133,16,69.0538558959961,685.0782470703125,25.81346893310547,49.864990234375,-1,-1,-1,-1
134,16,33.26112365722656,700.384765625,22.824359893798828,46.2974853515625,-1,-1,-1,-1
135,16,6.506291389465332,715.2200927734375,23.105331420898438,48.32489013671875,-1,-1,-1,-1
136,16,0.5370880365371704,689.6828002929688,23.789331436157227,84.74493408203125,-1,-1,-1,-1
137,16,0.5621352195739746,680.0827026367188,24.22210121154785,100.98333740234375,-1,-1,-1,-1
138,16,0.4682643413543701,667.1627197265625,21.236867904663086,128.79010009765625,-1,-1,-1,-1
132,17,938.744384765625,603.2755126953125,84.05975341796875,203.19189453125,-1,-1,-1,-1
133,17,921.4398193359375,576.3973999023438,90.72613525390625,211.19732666015625,-1,-1,-1,-1
134,17,899.6177978515625,573.33251953125,80.712890625,216.91485595703125,-1,-1,-1,-1
135,17,873.9559936523438,576.8325805664062,79.2568359375,218.84686279296875,-1,-1,-1,-1
136,17,871.9345703125,606.4756469726562,67.0169677734375,195.78875732421875,-1,-1,-1,-1
137,17,874.1071166992188,611.4979248046875,67.67578125,198.22332763671875,-1,-1,-1,-1
138,17,868.2615966796875,611.4894409179688,73.19659423828125,202.89453125,-1,-1,-1,-1
139,17,863.3604125976562,612.687744140625,72.32696533203125,200.726806640625,-1,-1,-1,-1
140,17,853.5411376953125,612.8660888671875,73.54986572265625,197.1531982421875,-1,-1,-1,-1
141,17,842.0802001953125,609.7694702148438,80.107666015625,190.95709228515625,-1,-1,-1,-1
148,18,873.8721313476562,588.0408935546875,93.863525390625,148.4569091796875,-1,-1,-1,-1
149,18,873.41064453125,590.6047973632812,100.1453857421875,149.404052734375,-1,-1,-1,-1
150,18,881.5355224609375,606.322265625,73.07501220703125,131.4942626953125,-1,-1,-1,-1
151,18,871.397216796875,616.9006958007812,79.36895751953125,130.0921630859375,-1,-1,-1,-1
152,18,877.5826416015625,608.2963256835938,83.64251708984375,135.103759765625,-1,-1,-1,-1
153,18,864.8017578125,582.90234375,99.26251220703125,148.7664794921875,-1,-1,-1,-1
154,18,845.7945556640625,573.48388671875,119.63238525390625,139.29034423828125,-1,-1,-1,-1
155,18,832.3340454101562,580.7702026367188,119.1063232421875,132.25555419921875,-1,-1,-1,-1
156,18,824.67919921875,590.8831176757812,113.2872314453125,139.5836181640625,-1,-1,-1,-1
157,18,819.0987548828125,602.6964111328125,109.81414794921875,135.2801513671875,-1,-1,-1,-1
158,18,799.54833984375,604.0775146484375,99.20361328125,137.0018310546875,-1,-1,-1,-1
159,18,769.8714599609375,611.6975708007812,76.3282470703125,134.87469482421875,-1,-1,-1,-1
160,18,712.3904418945312,617.913818359375,74.7384033203125,127.709716796875,-1,-1,-1,-1
161,18,672.2402954101562,626.3528442382812,70.3909912109375,134.99713134765625,-1,-1,-1,-1
162,18,646.4201049804688,628.2274169921875,77.53790283203125,146.25628662109375,-1,-1,-1,-1
163,18,623.5645751953125,621.8533325195312,83.78363037109375,152.35321044921875,-1,-1,-1,-1
164,18,600.533447265625,615.0007934570312,79.126220703125,145.71392822265625,-1,-1,-1,-1
165,18,574.928955078125,602.7914428710938,84.19256591796875,158.8280029296875,-1,-1,-1,-1
166,18,559.2412109375,609.1806640625,83.81622314453125,153.70880126953125,-1,-1,-1,-1
167,18,551.8538208007812,608.0513305664062,80.90557861328125,146.46844482421875,-1,-1,-1,-1
168,18,546.5443725585938,604.1401977539062,76.37078857421875,144.95294189453125,-1,-1,-1,-1
169,18,537.224609375,602.89697265625,79.11358642578125,144.497314453125,-1,-1,-1,-1
170,18,518.15625,582.7396850585938,89.30181884765625,158.98638916015625,-1,-1,-1,-1
171,18,496.7144470214844,561.4193725585938,98.26925659179688,172.63897705078125,-1,-1,-1,-1
172,18,478.3465881347656,559.3875732421875,102.65292358398438,174.5933837890625,-1,-1,-1,-1
173,18,455.9345703125,558.720703125,106.25726318359375,182.7706298828125,-1,-1,-1,-1
174,18,426.6282043457031,564.8103637695312,110.01022338867188,184.14056396484375,-1,-1,-1,-1
175,18,398.06231689453125,572.9158325195312,112.286376953125,176.68853759765625,-1,-1,-1,-1
176,18,385.90093994140625,583.3587646484375,109.09365844726562,183.5860595703125,-1,-1,-1,-1
177,18,378.8096618652344,588.2153930664062,107.10040283203125,182.94903564453125,-1,-1,-1,-1
178,18,376.6415100097656,582.7686157226562,105.86691284179688,189.29547119140625,-1,-1,-1,-1
179,18,364.5622863769531,581.3981323242188,106.03054809570312,186.33770751953125,-1,-1,-1,-1
180,18,358.7732238769531,577.2462768554688,98.58572387695312,194.69390869140625,-1,-1,-1,-1
181,18,348.3666687011719,581.1801147460938,96.3084716796875,199.08367919921875,-1,-1,-1,-1
182,18,340.7743225097656,585.3853759765625,87.69467163085938,193.94598388671875,-1,-1,-1,-1
183,18,335.7299499511719,588.9480590820312,88.35345458984375,201.87152099609375,-1,-1,-1,-1
184,18,323.6096496582031,591.6415405273438,87.96978759765625,209.75201416015625,-1,-1,-1,-1
185,18,318.91400146484375,605.5679321289062,88.253662109375,217.8175048828125,-1,-1,-1,-1
186,18,325.6724548339844,616.3087158203125,86.60870361328125,222.14508056640625,-1,-1,-1,-1
187,18,333.11834716796875,626.8345947265625,87.74795532226562,229.3994140625,-1,-1,-1,-1
188,18,345.1761169433594,641.6537475585938,86.947998046875,234.56939697265625,-1,-1,-1,-1
189,18,358.7716064453125,641.7431640625,91.29641723632812,235.5294189453125,-1,-1,-1,-1
190,18,383.2073669433594,645.2470703125,92.16506958007812,234.681396484375,-1,-1,-1,-1
191,18,403.4641418457031,651.1644287109375,98.63592529296875,230.65557861328125,-1,-1,-1,-1
192,18,419.9492492675781,648.1221313476562,99.63217163085938,225.98944091796875,-1,-1,-1,-1
193,18,429.08758544921875,637.240478515625,102.22833251953125,225.6016845703125,-1,-1,-1,-1
194,18,435.3428039550781,631.236328125,104.11978149414062,223.95562744140625,-1,-1,-1,-1
195,18,435.7120361328125,629.0584106445312,107.0504150390625,228.56451416015625,-1,-1,-1,-1
196,18,434.2024230957031,639.7400512695312,103.66940307617188,232.36102294921875,-1,-1,-1,-1
197,18,433.0455017089844,645.1466064453125,103.79415893554688,240.5010986328125,-1,-1,-1,-1
198,18,436.9054260253906,647.856689453125,103.29196166992188,234.726318359375,-1,-1,-1,-1
199,18,435.7954406738281,641.6673583984375,111.07656860351562,236.06756591796875,-1,-1,-1,-1
200,18,428.1322326660156,632.0689697265625,114.13119506835938,245.49468994140625,-1,-1,-1,-1
201,18,415.8037109375,612.9157104492188,112.356689453125,253.40496826171875,-1,-1,-1,-1
