1,1,964.4556274414062,623.5068359375,89.94244384765625,210.4462890625,-1,-1,-1,-1
2,1,950.2951049804688,628.375732421875,97.11407470703125,207.59124755859375,-1,-1,-1,-1
3,1,939.050537109375,631.6949462890625,99.953857421875,207.29638671875,-1,-1,-1,-1
4,1,931.4066162109375,631.4484252929688,103.9737548828125,207.45306396484375,-1,-1,-1,-1
5,1,925.639404296875,630.388427734375,107.947509765625,205.231689453125,-1,-1,-1,-1
6,1,931.1275634765625,630.4012451171875,101.1239013671875,203.4205322265625,-1,-1,-1,-1
7,1,935.29052734375,629.3645629882812,94.003173828125,198.9095458984375,-1,-1,-1,-1
8,1,935.4628295898438,622.1912231445312,89.433349609375,203.47308349609375,-1,-1,-1,-1
9,1,931.4978637695312,612.6760864257812,93.59710693359375,213.133056640625,-1,-1,-1,-1
10,1,922.447998046875,603.232421875,94.181396484375,225.9580078125,-1,-1,-1,-1
11,1,908.3779907226562,595.3289794921875,95.67510986328125,231.91522216796875,-1,-1,-1,-1
12,1,894.3059692382812,589.4502563476562,95.2032470703125,227.94598388671875,-1,-1,-1,-1
13,1,882.2109985351562,584.94482421875,101.0933837890625,225.1290283203125,-1,-1,-1,-1
14,1,873.8635864257812,580.8632202148438,110.068115234375,225.805908203125,-1,-1,-1,-1
15,1,873.24462890625,574.557373046875,112.94873046875,233.08251953125,-1,-1,-1,-1
16,1,880.1553344726562,567.2879028320312,111.0174560546875,250.84417724609375,-1,-1,-1,-1
17,1,881.2076416015625,563.4156494140625,108.1749267578125,264.53765869140625,-1,-1,-1,-1
18,1,883.5938720703125,564.2207641601562,110.6195068359375,276.95269775390625,-1,-1,-1,-1
19,1,889.1795654296875,570.4998168945312,114.06072998046875,275.50640869140625,-1,-1,-1,-1
20,1,895.2333374023438,575.4815673828125,123.6448974609375,269.7940673828125,-1,-1,-1,-1
21,1,903.905517578125,577.163330078125,133.24267578125,267.77166748046875,-1,-1,-1,-1
22,1,914.0694580078125,573.3902587890625,136.3621826171875,270.60675048828125,-1,-1,-1,-1
23,1,917.8125,568.1273193359375,126.6890869140625,276.37213134765625,-1,-1,-1,-1
24,1,920.4554443359375,561.7510375976562,116.0545654296875,279.93426513671875,-1,-1,-1,-1
25,1,918.2265625,559.4658203125,114.0074462890625,281.94793701171875,-1,-1,-1,-1
26,1,910.248046875,559.5082397460938,115.590576171875,282.48553466796875,-1,-1,-1,-1
27,1,902.4571533203125,554.031982421875,119.1134033203125,285.02392578125,-1,-1,-1,-1
28,1,897.66357421875,545.3076171875,121.67724609375,284.9752197265625,-1,-1,-1,-1
29,1,897.375732421875,540.6475830078125,121.24298095703125,286.2845458984375,-1,-1,-1,-1
30,1,901.5860595703125,539.9400024414062,116.84375,289.68426513671875,-1,-1,-1,-1
31,1,907.6061401367188,539.9833984375,107.3414306640625,290.80999755859375,-1,-1,-1,-1
32,1,910.7932739257812,539.6078491210938,96.83843994140625,284.91656494140625,-1,-1,-1,-1
33,1,916.439453125,543.0673828125,82.47650146484375,279.3292236328125,-1,-1,-1,-1
34,1,919.71044921875,549.2335205078125,74.73541259765625,269.16668701171875,-1,-1,-1,-1
35,1,915.7572631835938,550.586181640625,80.8072509765625,266.91192626953125,-1,-1,-1,-1
36,1,909.364013671875,557.6656494140625,90.80902099609375,264.5321044921875,-1,-1,-1,-1
37,1,904.6285400390625,562.4259033203125,98.74853515625,262.287841796875,-1,-1,-1,-1
38,1,907.0206909179688,572.4273071289062,97.23321533203125,257.54901123046875,-1,-1,-1,-1
39,1,904.8112182617188,575.2911376953125,98.8868408203125,253.5146484375,-1,-1,-1,-1
40,1,904.5462036132812,577.7705078125,94.71685791015625,248.27435302734375,-1,-1,-1,-1
41,1,901.9869384765625,575.647705078125,93.97149658203125,247.23956298828125,-1,-1,-1,-1
42,1,902.110595703125,570.2728271484375,94.91827392578125,249.3641357421875,-1,-1,-1,-1
43,1,904.5849609375,566.1730346679688,94.2371826171875,247.27667236328125,-1,-1,-1,-1
44,1,894.1142578125,559.2315673828125,106.07891845703125,249.83856201171875,-1,-1,-1,-1
45,1,896.9822998046875,558.5447998046875,107.23687744140625,248.018798828125,-1,-1,-1,-1
46,1,905.4783325195312,561.3818359375,98.26177978515625,246.3929443359375,-1,-1,-1,-1
47,1,904.5067749023438,562.4239501953125,99.70391845703125,246.7806396484375,-1,-1,-1,-1
48,1,905.3193969726562,565.469482421875,99.5927734375,244.38262939453125,-1,-1,-1,-1
49,1,910.2793579101562,565.4885864257812,96.02069091796875,244.84136962890625,-1,-1,-1,-1
50,1,918.1138305664062,567.7756958007812,88.0565185546875,243.6778564453125,-1,-1,-1,-1
51,1,927.9283447265625,571.5751342773438,74.1229248046875,241.06719970703125,-1,-1,-1,-1
52,1,920.67333984375,571.7891845703125,71.06573486328125,237.55963134765625,-1,-1,-1,-1
53,1,914.1107177734375,568.2262573242188,74.23834228515625,232.78192138671875,-1,-1,-1,-1
54,1,905.344970703125,571.5792846679688,82.158935546875,221.69024658203125,-1,-1,-1,-1
55,1,892.781494140625,568.4219970703125,96.6796875,220.16455078125,-1,-1,-1,-1
56,1,879.5447998046875,571.6768798828125,99.78143310546875,209.57598876953125,-1,-1,-1,-1
57,1,871.061767578125,564.3622436523438,97.98468017578125,204.09759521484375,-1,-1,-1,-1
58,1,859.5623779296875,552.8490600585938,99.93988037109375,206.54425048828125,-1,-1,-1,-1
59,1,851.861572265625,547.3091430664062,98.428955078125,207.34375,-1,-1,-1,-1
60,1,843.7512817382812,553.8775634765625,98.86724853515625,204.0211181640625,-1,-1,-1,-1
61,1,835.2389526367188,560.6876831054688,99.80767822265625,202.9090576171875,-1,-1,-1,-1
62,1,831.30712890625,565.0176391601562,95.28570556640625,200.43865966796875,-1,-1,-1,-1
63,1,826.1741333007812,565.3649291992188,95.29107666015625,199.6602783203125,-1,-1,-1,-1
64,1,821.6158447265625,564.1569213867188,91.609375,197.60906982421875,-1,-1,-1,-1
65,1,819.0865478515625,562.6675415039062,87.4710693359375,195.602783203125,-1,-1,-1,-1
66,1,821.4706420898438,561.0791015625,78.7608642578125,193.0,-1,-1,-1,-1
67,1,822.1807250976562,560.9906005859375,72.3558349609375,192.16156005859375,-1,-1,-1,-1
68,1,825.1749267578125,562.625,68.2437744140625,192.59161376953125,-1,-1,-1,-1
69,1,821.7841796875,570.314208984375,72.8370361328125,190.98675537109375,-1,-1,-1,-1
70,1,824.732666015625,574.5618286132812,78.70025634765625,191.79388427734375,-1,-1,-1,-1
71,1,831.5120849609375,578.364990234375,78.614013671875,188.8486328125,-1,-1,-1,-1
72,1,836.734130859375,577.4821166992188,76.05279541015625,188.94097900390625,-1,-1,-1,-1
73,1,839.3560791015625,577.6495361328125,66.7073974609375,184.83709716796875,-1,-1,-1,-1
74,1,837.9927978515625,573.7899780273438,65.90130615234375,182.93402099609375,-1,-1,-1,-1
75,1,836.7864379882812,574.8411254882812,64.17913818359375,178.1075439453125,-1,-1,-1,-1
76,1,832.3768920898438,571.0819091796875,67.34039306640625,180.0384521484375,-1,-1,-1,-1
77,1,829.2184448242188,574.9195556640625,71.67034912109375,178.26666259765625,-1,-1,-1,-1
78,1,827.04638671875,577.1826782226562,74.5262451171875,180.37335205078125,-1,-1,-1,-1
79,1,827.9358520507812,580.0651245117188,76.49627685546875,178.38726806640625,-1,-1,-1,-1
80,1,832.222412109375,579.9599609375,75.39654541015625,178.0908203125,-1,-1,-1,-1
81,1,841.7285766601562,580.5728149414062,76.05682373046875,175.32830810546875,-1,-1,-1,-1
82,1,853.457275390625,577.9949340820312,69.74969482421875,174.57244873046875,-1,-1,-1,-1
83,1,865.1320190429688,573.2718505859375,67.07269287109375,172.32855224609375,-1,-1,-1,-1
84,1,876.974853515625,566.5231323242188,62.30517578125,172.43206787109375,-1,-1,-1,-1
85,1,882.026123046875,560.3899536132812,62.11077880859375,173.69354248046875,-1,-1,-1,-1
86,1,883.615478515625,552.480712890625,63.6761474609375,175.4609375,-1,-1,-1,-1
87,1,879.523193359375,545.9224243164062,69.0203857421875,176.249267578125,-1,-1,-1,-1
88,1,878.46484375,541.8626708984375,69.49554443359375,176.0150146484375,-1,-1,-1,-1
89,1,878.1211547851562,540.9703369140625,68.3865966796875,174.656982421875,-1,-1,-1,-1
90,1,881.6549072265625,545.9856567382812,65.191650390625,170.56475830078125,-1,-1,-1,-1
91,1,883.36962890625,546.293212890625,64.5440673828125,175.01751708984375,-1,-1,-1,-1
92,1,886.7418823242188,549.5242309570312,62.4735107421875,175.79083251953125,-1,-1,-1,-1
93,1,887.2787475585938,556.8629150390625,63.95440673828125,172.53631591796875,-1,-1,-1,-1
94,1,887.4468383789062,555.6835327148438,68.3284912109375,175.0660400390625,-1,-1,-1,-1
95,1,888.8171997070312,554.3951416015625,79.48040771484375,177.63671875,-1,-1,-1,-1
96,1,895.4050903320312,552.79638671875,87.14410400390625,183.16876220703125,-1,-1,-1,-1
97,1,902.1985473632812,552.0142822265625,94.04510498046875,184.82318115234375,-1,-1,-1,-1
98,1,910.3619384765625,553.3223876953125,100.48291015625,184.2646484375,-1,-1,-1,-1
99,1,920.1165771484375,552.22998046875,103.9759521484375,185.775390625,-1,-1,-1,-1
100,1,929.3496704101562,551.3863525390625,100.02471923828125,187.6827392578125,-1,-1,-1,-1
101,1,935.7021484375,548.4720458984375,97.30224609375,189.0794677734375,-1,-1,-1,-1
102,1,940.0645141601562,541.369384765625,94.80743408203125,190.2137451171875,-1,-1,-1,-1
103,1,945.8857421875,534.8055419921875,91.7740478515625,191.50994873046875,-1,-1,-1,-1
104,1,951.4737548828125,528.1419677734375,90.001953125,194.86334228515625,-1,-1,-1,-1
105,1,957.3798828125,529.1591796875,87.0390625,192.60693359375,-1,-1,-1,-1
106,1,961.330078125,530.7193603515625,86.12646484375,192.71783447265625,-1,-1,-1,-1
107,1,963.2192993164062,532.547607421875,87.15228271484375,190.362548828125,-1,-1,-1,-1
108,1,966.1580200195312,532.5429077148438,91.41180419921875,190.3167724609375,-1,-1,-1,-1
109,1,973.6322021484375,530.796142578125,88.0792236328125,189.10400390625,-1,-1,-1,-1
110,1,980.0234985351562,521.8766479492188,86.40521240234375,195.3966064453125,-1,-1,-1,-1
111,1,985.1923217773438,520.591796875,81.87054443359375,195.01910400390625,-1,-1,-1,-1
112,1,989.4564819335938,520.3621215820312,77.63067626953125,194.5311279296875,-1,-1,-1,-1
113,1,990.4892578125,522.8822021484375,80.278564453125,196.7156982421875,-1,-1,-1,-1
114,1,988.3280639648438,525.9228515625,84.81658935546875,199.04425048828125,-1,-1,-1,-1
115,1,984.1237182617188,527.9284057617188,88.12457275390625,200.59161376953125,-1,-1,-1,-1
116,1,981.3355712890625,529.3143310546875,88.2840576171875,199.90875244140625,-1,-1,-1,-1
117,1,977.1949462890625,531.4961547851562,86.231201171875,197.659912109375,-1,-1,-1,-1
118,1,973.4275512695312,532.5581665039062,86.53985595703125,199.0150146484375,-1,-1,-1,-1
119,1,967.3543701171875,531.6793823242188,87.761474609375,202.6151123046875,-1,-1,-1,-1
120,1,964.7946166992188,531.6723022460938,82.52325439453125,204.56268310546875,-1,-1,-1,-1
121,1,959.5542602539062,528.2589721679688,78.97161865234375,208.52685546875,-1,-1,-1,-1
122,1,947.5941162109375,525.4284057617188,84.120361328125,209.99066162109375,-1,-1,-1,-1
123,1,934.935791015625,522.130615234375,92.34814453125,210.1358642578125,-1,-1,-1,-1
124,1,924.1060791015625,518.9656982421875,99.080322265625,210.29510498046875,-1,-1,-1,-1
125,1,920.0986328125,513.8385009765625,99.35443115234375,211.800537109375,-1,-1,-1,-1
126,1,913.5234985351562,518.7654418945312,99.296875,208.7698974609375,-1,-1,-1,-1
127,1,906.1173095703125,520.916015625,95.69476318359375,214.319091796875,-1,-1,-1,-1
128,1,896.4986572265625,530.072021484375,92.69073486328125,210.0919189453125,-1,-1,-1,-1
129,1,892.044677734375,531.79638671875,88.687255859375,212.733154296875,-1,-1,-1,-1
130,1,890.689208984375,539.0415649414062,85.69775390625,213.53338623046875,-1,-1,-1,-1
131,1,892.0198974609375,548.8016967773438,86.046875,214.76470947265625,-1,-1,-1,-1
132,1,896.1241455078125,557.96240234375,89.44415283203125,213.52728271484375,-1,-1,-1,-1
133,1,905.8773193359375,562.4462280273438,93.3245849609375,214.3355712890625,-1,-1,-1,-1
134,1,912.5791625976562,559.5763549804688,99.96795654296875,215.54315185546875,-1,-1,-1,-1
135,1,917.1406860351562,555.2471923828125,108.0262451171875,220.78759765625,-1,-1,-1,-1
136,1,924.8870239257812,553.3912963867188,116.65679931640625,226.859375,-1,-1,-1,-1
137,1,932.6267700195312,554.6586303710938,121.28948974609375,232.443115234375,-1,-1,-1,-1
138,1,937.57373046875,552.0718994140625,124.802001953125,241.161376953125,-1,-1,-1,-1
139,1,941.9697875976562,553.64599609375,130.04107666015625,244.2467041015625,-1,-1,-1,-1
140,1,948.1962280273438,550.3067626953125,131.08331298828125,254.2374267578125,-1,-1,-1,-1
141,1,961.1021728515625,537.6406860351562,137.8599853515625,264.02288818359375,-1,-1,-1,-1
142,1,977.77294921875,528.3680419921875,141.9896240234375,267.416259765625,-1,-1,-1,-1
143,1,999.6743774414062,534.0908203125,140.44305419921875,273.333740234375,-1,-1,-1,-1
144,1,1011.0579223632812,544.0028076171875,136.90008544921875,274.217529296875,-1,-1,-1,-1
145,1,1013.935302734375,547.4640502929688,137.9573974609375,275.48480224609375,-1,-1,-1,-1
146,1,1020.2969970703125,544.9852294921875,133.77880859375,276.931640625,-1,-1,-1,-1
147,1,1027.798095703125,538.0182495117188,130.2681884765625,289.10791015625,-1,-1,-1,-1
148,1,1033.2679443359375,540.5958251953125,127.6767578125,299.02105712890625,-1,-1,-1,-1
149,1,1035.997314453125,546.8656616210938,126.842529296875,297.155517578125,-1,-1,-1,-1
150,1,1037.7227783203125,549.67333984375,127.6826171875,293.00311279296875,-1,-1,-1,-1
151,1,1040.9051513671875,550.8126831054688,123.3905029296875,293.65966796875,-1,-1,-1,-1
152,1,1041.3931884765625,549.589599609375,119.66845703125,296.14471435546875,-1,-1,-1,-1
153,1,1043.52978515625,551.5117797851562,115.92138671875,297.8603515625,-1,-1,-1,-1
154,1,1048.8543701171875,549.6405029296875,111.513427734375,293.5367431640625,-1,-1,-1,-1
155,1,1056.968994140625,539.537841796875,109.60498046875,293.504150390625,-1,-1,-1,-1
156,1,1052.4951171875,530.5296020507812,121.3702392578125,290.31146240234375,-1,-1,-1,-1
157,1,1054.2515869140625,527.6008911132812,124.943359375,289.30194091796875,-1,-1,-1,-1
158,1,1058.864501953125,527.54638671875,130.336669921875,290.4189453125,-1,-1,-1,-1
159,1,1076.06591796875,517.3359985351562,140.9827880859375,300.4417724609375,-1,-1,-1,-1
160,1,1059.8292236328125,517.6302490234375,145.74462890625,298.802490234375,-1,-1,-1,-1
161,1,1042.4246826171875,519.3324584960938,145.2989501953125,297.0374755859375,-1,-1,-1,-1
162,1,1043.4287109375,531.4888305664062,141.135986328125,295.8067626953125,-1,-1,-1,-1
163,1,1049.4576416015625,537.349853515625,142.8665771484375,298.64178466796875,-1,-1,-1,-1
164,1,1053.5413818359375,548.4204711914062,138.3934326171875,300.17425537109375,-1,-1,-1,-1
165,1,1065.4886474609375,555.9764404296875,132.1697998046875,301.9190673828125,-1,-1,-1,-1
166,1,1077.751953125,559.8086547851562,137.1680908203125,307.0555419921875,-1,-1,-1,-1
167,1,1093.4993896484375,545.0604248046875,147.5323486328125,312.42974853515625,-1,-1,-1,-1
168,1,1101.4403076171875,530.3600463867188,159.5137939453125,317.9609375,-1,-1,-1,-1
1,2,653.8306884765625,597.6480102539062,89.08978271484375,176.11639404296875,-1,-1,-1,-1
2,2,641.1903686523438,601.6024169921875,90.31597900390625,174.2470703125,-1,-1,-1,-1
3,2,642.2963256835938,601.4169311523438,80.70452880859375,175.5162353515625,-1,-1,-1,-1
4,2,644.631103515625,602.092041015625,72.31829833984375,173.8828125,-1,-1,-1,-1
5,2,645.8148803710938,598.1414794921875,64.7957763671875,173.59442138671875,-1,-1,-1,-1
6,2,642.4724731445312,590.3333129882812,64.8631591796875,178.87152099609375,-1,-1,-1,-1
7,2,639.5603637695312,588.8748168945312,65.6876220703125,178.81732177734375,-1,-1,-1,-1
8,2,635.9212646484375,589.1022338867188,69.057861328125,172.73004150390625,-1,-1,-1,-1
9,2,630.6565551757812,588.8526000976562,75.820556640625,169.57708740234375,-1,-1,-1,-1
10,2,622.0838012695312,588.4121704101562,82.034912109375,165.628662109375,-1,-1,-1,-1
11,2,610.8163452148438,584.6718139648438,79.3106689453125,162.66497802734375,-1,-1,-1,-1
12,2,596.7813720703125,573.15625,79.35626220703125,167.30108642578125,-1,-1,-1,-1
13,2,588.2313232421875,570.5234375,74.902587890625,165.8118896484375,-1,-1,-1,-1
14,2,582.8372802734375,570.9567260742188,73.97955322265625,164.7310791015625,-1,-1,-1,-1
15,2,579.490234375,571.9734497070312,69.22174072265625,162.97503662109375,-1,-1,-1,-1
16,2,578.2057495117188,576.1256103515625,68.522216796875,159.5435791015625,-1,-1,-1,-1
17,2,576.060546875,577.261962890625,68.3116455078125,158.192626953125,-1,-1,-1,-1
18,2,575.4569091796875,575.0460205078125,68.15447998046875,160.2777099609375,-1,-1,-1,-1
19,2,578.277587890625,570.6536865234375,69.8873291015625,163.2943115234375,-1,-1,-1,-1
20,2,584.4266967773438,563.1026000976562,67.4676513671875,165.05853271484375,-1,-1,-1,-1
21,2,590.2811279296875,562.7254028320312,68.00091552734375,164.08868408203125,-1,-1,-1,-1
22,2,592.8889770507812,561.8659057617188,69.68701171875,165.19622802734375,-1,-1,-1,-1
23,2,598.0419921875,561.3894653320312,69.4097900390625,163.8260498046875,-1,-1,-1,-1
24,2,602.5345458984375,559.5756225585938,70.5159912109375,163.43731689453125,-1,-1,-1,-1
25,2,605.2532348632812,560.2926025390625,70.54766845703125,162.311767578125,-1,-1,-1,-1
26,2,604.2603759765625,560.7484130859375,71.44671630859375,164.08648681640625,-1,-1,-1,-1
27,2,601.6299438476562,559.6500854492188,73.92572021484375,162.27520751953125,-1,-1,-1,-1
28,2,596.4149780273438,552.8826293945312,78.5274658203125,161.44232177734375,-1,-1,-1,-1
29,2,595.8675537109375,552.7100219726562,79.1202392578125,157.7105712890625,-1,-1,-1,-1
30,2,602.0420532226562,559.7908935546875,73.43701171875,150.86309814453125,-1,-1,-1,-1
31,2,592.2824096679688,557.4613647460938,84.37445068359375,157.76519775390625,-1,-1,-1,-1
32,2,591.6416625976562,561.1375732421875,85.6768798828125,153.8778076171875,-1,-1,-1,-1
33,2,586.5258178710938,555.3822631835938,85.807861328125,163.7445068359375,-1,-1,-1,-1
34,2,596.7586669921875,562.9310302734375,70.72296142578125,175.7447509765625,-1,-1,-1,-1
35,2,590.1123657226562,575.2352905273438,104.10150146484375,227.205322265625,-1,-1,-1,-1
1,3,503.8068542480469,532.1329956054688,166.77267456054688,413.21453857421875,-1,-1,-1,-1
2,3,495.3138427734375,533.8435668945312,162.96002197265625,405.8641357421875,-1,-1,-1,-1
3,3,487.5550537109375,541.6661987304688,161.4881591796875,390.454345703125,-1,-1,-1,-1
4,3,483.50030517578125,548.5460815429688,156.236572265625,383.93463134765625,-1,-1,-1,-1
5,3,482.6586608886719,560.5220947265625,152.73641967773438,382.37518310546875,-1,-1,-1,-1
6,3,482.6610107421875,568.649169921875,149.156494140625,382.8968505859375,-1,-1,-1,-1
7,3,487.3994140625,573.2210693359375,141.4560546875,378.77349853515625,-1,-1,-1,-1
8,3,483.11700439453125,575.9030151367188,142.61773681640625,370.88641357421875,-1,-1,-1,-1
9,3,480.16375732421875,565.7597045898438,141.4766845703125,371.73309326171875,-1,-1,-1,-1
10,3,467.22528076171875,557.5684204101562,144.04473876953125,359.50140380859375,-1,-1,-1,-1
11,3,448.5127258300781,545.2000732421875,151.32608032226562,362.88580322265625,-1,-1,-1,-1
12,3,429.29541015625,531.4608154296875,160.60858154296875,365.23382568359375,-1,-1,-1,-1
13,3,419.5908508300781,518.277099609375,165.97610473632812,371.7264404296875,-1,-1,-1,-1
14,3,418.662841796875,516.5846557617188,170.40362548828125,379.25592041015625,-1,-1,-1,-1
15,3,424.0961608886719,523.0672607421875,166.95968627929688,374.66351318359375,-1,-1,-1,-1
16,3,428.096923828125,532.0042724609375,161.5006103515625,372.532470703125,-1,-1,-1,-1
17,3,434.74853515625,544.5126953125,150.010498046875,362.57012939453125,-1,-1,-1,-1
18,3,440.7032470703125,552.9916381835938,150.147216796875,356.54144287109375,-1,-1,-1,-1
19,3,446.73187255859375,553.283447265625,141.8507080078125,353.21051025390625,-1,-1,-1,-1
20,3,459.1695251464844,549.12744140625,132.30203247070312,352.3814697265625,-1,-1,-1,-1
21,3,471.70440673828125,547.4545288085938,129.70611572265625,351.00469970703125,-1,-1,-1,-1
22,3,481.5598449707031,544.2333374023438,126.86831665039062,352.6270751953125,-1,-1,-1,-1
23,3,494.1727294921875,539.8497924804688,122.19720458984375,355.7939453125,-1,-1,-1,-1
24,3,503.57379150390625,534.6849365234375,118.91070556640625,355.87994384765625,-1,-1,-1,-1
25,3,510.72296142578125,532.4068603515625,118.25006103515625,357.03472900390625,-1,-1,-1,-1
26,3,514.4324951171875,533.1317138671875,122.57470703125,358.8701171875,-1,-1,-1,-1
27,3,517.3680419921875,531.4039916992188,119.4423828125,358.0753173828125,-1,-1,-1,-1
28,3,520.10107421875,521.7432250976562,122.23675537109375,360.9871826171875,-1,-1,-1,-1
29,3,524.6136474609375,519.484375,117.552001953125,361.2442626953125,-1,-1,-1,-1
30,3,531.549072265625,536.1572875976562,113.742431640625,350.59765625,-1,-1,-1,-1
31,3,538.013671875,537.9447021484375,117.724609375,356.33648681640625,-1,-1,-1,-1
32,3,543.404052734375,528.3800659179688,118.6446533203125,369.147705078125,-1,-1,-1,-1
33,3,548.2494506835938,530.8422241210938,124.1220703125,367.4884033203125,-1,-1,-1,-1
34,3,553.6476440429688,531.046875,130.53546142578125,367.41015625,-1,-1,-1,-1
35,3,566.2590942382812,525.76611328125,133.2630615234375,372.46063232421875,-1,-1,-1,-1
36,3,576.7177734375,520.4863891601562,134.86016845703125,375.9229736328125,-1,-1,-1,-1
37,3,580.4185791015625,518.41162109375,137.60693359375,378.09130859375,-1,-1,-1,-1
38,3,588.2872924804688,525.6725463867188,138.09332275390625,369.98382568359375,-1,-1,-1,-1
39,3,598.5244140625,533.5502319335938,139.18157958984375,360.4595947265625,-1,-1,-1,-1
40,3,604.2035522460938,543.3206176757812,141.629638671875,346.3814697265625,-1,-1,-1,-1
41,3,614.1080322265625,544.7680053710938,131.38311767578125,345.2069091796875,-1,-1,-1,-1
42,3,620.93115234375,543.818359375,125.4906005859375,341.90118408203125,-1,-1,-1,-1
43,3,624.0025024414062,538.3292236328125,132.02392578125,341.1258544921875,-1,-1,-1,-1
44,3,627.0322265625,534.0597534179688,133.85626220703125,338.84967041015625,-1,-1,-1,-1
45,3,631.5932006835938,534.466064453125,135.7757568359375,334.896240234375,-1,-1,-1,-1
46,3,636.8931884765625,538.5628051757812,139.61065673828125,326.48486328125,-1,-1,-1,-1
47,3,645.1348876953125,543.88232421875,148.06170654296875,318.9100341796875,-1,-1,-1,-1
48,3,653.5828247070312,545.9398803710938,161.1314697265625,304.8681640625,-1,-1,-1,-1
49,3,662.2528686523438,545.6179809570312,171.92535400390625,301.55389404296875,-1,-1,-1,-1
50,3,667.693115234375,547.1949462890625,177.38671875,302.3907470703125,-1,-1,-1,-1
51,3,664.998046875,550.3228149414062,173.326904296875,301.49298095703125,-1,-1,-1,-1
52,3,662.3557739257812,549.2843017578125,165.29638671875,301.2281494140625,-1,-1,-1,-1
53,3,659.7888793945312,538.8668823242188,154.6337890625,307.48223876953125,-1,-1,-1,-1
54,3,654.0189208984375,536.4725952148438,149.4224853515625,301.78289794921875,-1,-1,-1,-1
55,3,649.0706176757812,535.273193359375,140.90618896484375,293.10919189453125,-1,-1,-1,-1
56,3,646.8477783203125,533.7637939453125,137.4052734375,289.80926513671875,-1,-1,-1,-1
57,3,638.77001953125,530.9680786132812,132.66607666015625,284.12860107421875,-1,-1,-1,-1
58,3,631.6763916015625,529.4921264648438,128.729248046875,277.26025390625,-1,-1,-1,-1
59,3,628.806396484375,533.291748046875,123.43377685546875,272.5640869140625,-1,-1,-1,-1
60,3,633.120361328125,534.2958984375,114.1199951171875,275.69256591796875,-1,-1,-1,-1
61,3,639.3081665039062,542.4405517578125,105.90020751953125,278.50244140625,-1,-1,-1,-1
62,3,640.3777465820312,548.43359375,106.41949462890625,277.56964111328125,-1,-1,-1,-1
63,3,640.6058349609375,552.2361450195312,112.3638916015625,275.44561767578125,-1,-1,-1,-1
64,3,638.5555419921875,554.0770263671875,118.738037109375,275.53759765625,-1,-1,-1,-1
65,3,625.4354858398438,550.2603759765625,138.21405029296875,279.91815185546875,-1,-1,-1,-1
66,3,619.3441162109375,541.5159301757812,150.8861083984375,284.8394775390625,-1,-1,-1,-1
67,3,618.7646484375,533.0310668945312,152.44403076171875,292.71258544921875,-1,-1,-1,-1
68,3,622.211181640625,536.0370483398438,152.772705078125,293.27117919921875,-1,-1,-1,-1
69,3,630.0320434570312,547.3246459960938,149.83367919921875,289.68890380859375,-1,-1,-1,-1
70,3,633.9935302734375,557.5184936523438,152.107177734375,284.36151123046875,-1,-1,-1,-1
71,3,641.7515869140625,563.6722412109375,148.653564453125,278.55340576171875,-1,-1,-1,-1
72,3,648.8797607421875,560.9100341796875,142.880126953125,282.87213134765625,-1,-1,-1,-1
73,3,655.8557739257812,558.480224609375,131.1322021484375,285.0458984375,-1,-1,-1,-1
74,3,657.8565063476562,552.2277221679688,125.14642333984375,288.9666748046875,-1,-1,-1,-1
75,3,654.8724975585938,562.9300537109375,127.07000732421875,275.59832763671875,-1,-1,-1,-1
76,3,648.3805541992188,557.2877197265625,133.19073486328125,281.90472412109375,-1,-1,-1,-1
77,3,635.6370849609375,560.6759643554688,146.880615234375,283.2181396484375,-1,-1,-1,-1
78,3,628.5227661132812,586.4404296875,154.90350341796875,263.96875,-1,-1,-1,-1
79,3,638.5077514648438,584.8614501953125,145.749755859375,265.25457763671875,-1,-1,-1,-1
80,3,624.2942504882812,576.0630493164062,163.8499755859375,273.76275634765625,-1,-1,-1,-1
81,3,640.9656982421875,570.1990356445312,158.3363037109375,278.916015625,-1,-1,-1,-1
82,3,645.8553466796875,553.2804565429688,166.80267333984375,287.52276611328125,-1,-1,-1,-1
83,3,665.6749267578125,547.573974609375,154.6561279296875,285.36627197265625,-1,-1,-1,-1
84,3,684.6292724609375,532.0675048828125,140.6900634765625,287.65264892578125,-1,-1,-1,-1
85,3,683.08544921875,528.3971557617188,143.562744140625,279.85943603515625,-1,-1,-1,-1
86,3,696.6228637695312,527.2979125976562,128.7242431640625,271.6466064453125,-1,-1,-1,-1
87,3,699.0364379882812,537.4985961914062,120.11663818359375,256.925048828125,-1,-1,-1,-1
88,3,693.5825805664062,542.0792846679688,117.1416015625,250.22796630859375,-1,-1,-1,-1
89,3,690.0350341796875,538.648681640625,110.632080078125,253.88238525390625,-1,-1,-1,-1
90,3,684.092041015625,539.50341796875,113.78204345703125,254.917236328125,-1,-1,-1,-1
91,3,677.1043090820312,544.548583984375,119.8631591796875,251.88275146484375,-1,-1,-1,-1
92,3,666.6382446289062,548.763427734375,130.097412109375,247.76025390625,-1,-1,-1,-1
93,3,658.3521118164062,553.8662109375,138.31805419921875,242.98052978515625,-1,-1,-1,-1
94,3,647.9749145507812,556.197265625,150.3360595703125,238.00390625,-1,-1,-1,-1
95,3,647.879150390625,556.8329467773438,153.0592041015625,236.18438720703125,-1,-1,-1,-1
96,3,670.6885375976562,573.822265625,131.1917724609375,218.435302734375,-1,-1,-1,-1
97,3,681.1416625976562,560.2467651367188,118.36767578125,233.0218505859375,-1,-1,-1,-1
98,3,693.5490112304688,570.4834594726562,109.6458740234375,223.65643310546875,-1,-1,-1,-1
99,3,705.502685546875,575.1924438476562,98.5595703125,218.0677490234375,-1,-1,-1,-1
100,3,702.431640625,578.913818359375,103.28961181640625,215.44915771484375,-1,-1,-1,-1
101,3,696.5830688476562,577.6068725585938,113.7906494140625,210.1612548828125,-1,-1,-1,-1
102,3,689.231201171875,542.6529541015625,125.1585693359375,232.74383544921875,-1,-1,-1,-1
103,3,683.230712890625,515.228759765625,132.842529296875,254.3170166015625,-1,-1,-1,-1
104,3,679.9158325195312,509.0243225097656,136.08319091796875,248.85641479492188,-1,-1,-1,-1
105,3,677.7024536132812,509.45660400390625,140.22979736328125,262.8858642578125,-1,-1,-1,-1
106,3,674.00927734375,518.5003662109375,148.7216796875,256.25616455078125,-1,-1,-1,-1
107,3,674.3086547851562,541.8367309570312,155.62286376953125,249.68267822265625,-1,-1,-1,-1
108,3,681.7181396484375,540.4903564453125,153.0030517578125,263.35614013671875,-1,-1,-1,-1
109,3,686.1763305664062,540.8435668945312,147.36431884765625,261.46435546875,-1,-1,-1,-1
110,3,688.4410400390625,534.8079833984375,139.82073974609375,265.9847412109375,-1,-1,-1,-1
111,3,688.3943481445312,538.019775390625,131.27252197265625,260.365478515625,-1,-1,-1,-1
112,3,680.5350952148438,525.37939453125,135.47723388671875,272.685546875,-1,-1,-1,-1
113,3,663.0123291015625,521.302734375,152.05712890625,277.69287109375,-1,-1,-1,-1
114,3,643.4451904296875,514.735595703125,170.33135986328125,286.0997314453125,-1,-1,-1,-1
115,3,637.2418212890625,507.2158508300781,175.32757568359375,293.7386169433594,-1,-1,-1,-1
116,3,630.4925537109375,501.7807312011719,179.8037109375,299.4427795410156,-1,-1,-1,-1
117,3,628.158935546875,495.7946472167969,180.2982177734375,308.2083435058594,-1,-1,-1,-1
118,3,619.4154663085938,496.0464172363281,191.0126953125,318.8421325683594,-1,-1,-1,-1
119,3,618.1870727539062,504.818115234375,196.57415771484375,322.45672607421875,-1,-1,-1,-1
120,3,615.2693481445312,508.88140869140625,204.21075439453125,330.44732666015625,-1,-1,-1,-1
121,3,613.1103515625,518.3087768554688,206.5369873046875,322.20672607421875,-1,-1,-1,-1
122,3,613.4821166992188,524.27294921875,203.00030517578125,313.576904296875,-1,-1,-1,-1
123,3,609.6333618164062,525.06591796875,194.93243408203125,307.571533203125,-1,-1,-1,-1
124,3,602.9378662109375,522.2014770507812,188.3074951171875,306.47613525390625,-1,-1,-1,-1
125,3,604.91259765625,517.71630859375,174.985107421875,306.28863525390625,-1,-1,-1,-1
126,3,603.9684448242188,517.4227905273438,165.02313232421875,306.08624267578125,-1,-1,-1,-1
127,3,599.020751953125,521.0144653320312,162.7589111328125,307.57354736328125,-1,-1,-1,-1
128,3,595.2047729492188,524.720947265625,151.747802734375,308.40411376953125,-1,-1,-1,-1
129,3,598.984375,529.2391357421875,141.2344970703125,304.937255859375,-1,-1,-1,-1
130,3,602.8599243164062,532.9949340820312,132.60723876953125,305.15069580078125,-1,-1,-1,-1
131,3,610.9097900390625,540.3988647460938,123.31890869140625,299.25225830078125,-1,-1,-1,-1
132,3,618.0159912109375,545.9130859375,119.51434326171875,293.77325439453125,-1,-1,-1,-1
133,3,624.356201171875,545.2528686523438,120.03167724609375,289.12371826171875,-1,-1,-1,-1
134,3,625.2587890625,536.7088623046875,125.26043701171875,286.9910888671875,-1,-1,-1,-1
135,3,624.8488159179688,530.8745727539062,128.5343017578125,285.68438720703125,-1,-1,-1,-1
136,3,626.7190551757812,531.5006713867188,132.82244873046875,281.068603515625,-1,-1,-1,-1
137,3,626.0765380859375,538.00732421875,140.34576416015625,277.505615234375,-1,-1,-1,-1
138,3,629.4589233398438,546.1314697265625,149.04931640625,271.7548828125,-1,-1,-1,-1
139,3,631.0831909179688,559.9478759765625,166.31243896484375,257.9195556640625,-1,-1,-1,-1
140,3,631.95947265625,552.4352416992188,176.25115966796875,263.68695068359375,-1,-1,-1,-1
141,3,639.2177124023438,538.1965942382812,175.8626708984375,266.94256591796875,-1,-1,-1,-1
142,3,642.43359375,526.5006713867188,190.5810546875,273.27252197265625,-1,-1,-1,-1
143,3,634.813720703125,531.0615234375,212.4993896484375,279.4810791015625,-1,-1,-1,-1
144,3,617.3505249023438,542.4288940429688,235.42596435546875,281.013916015625,-1,-1,-1,-1
145,3,607.6834106445312,545.6488037109375,247.337158203125,286.2864990234375,-1,-1,-1,-1
146,3,611.7723999023438,536.7191162109375,241.09381103515625,302.063720703125,-1,-1,-1,-1
147,3,630.7536010742188,530.935302734375,226.53070068359375,307.5311279296875,-1,-1,-1,-1
148,3,646.4796752929688,525.7371826171875,212.3936767578125,310.65533447265625,-1,-1,-1,-1
149,3,653.561767578125,523.1671752929688,202.7530517578125,309.96429443359375,-1,-1,-1,-1
150,3,660.9774169921875,524.3715209960938,185.5606689453125,307.10760498046875,-1,-1,-1,-1
151,3,666.2452392578125,529.1327514648438,177.82550048828125,302.07989501953125,-1,-1,-1,-1
152,3,668.87744140625,533.0125122070312,167.26080322265625,303.55377197265625,-1,-1,-1,-1
153,3,665.6782836914062,542.2950439453125,153.63995361328125,314.6944580078125,-1,-1,-1,-1
154,3,661.2294311523438,543.930908203125,157.08013916015625,335.85986328125,-1,-1,-1,-1
155,3,653.1027221679688,533.8536376953125,169.0986328125,361.9765625,-1,-1,-1,-1
156,3,643.15673828125,527.4464721679688,186.69683837890625,375.62841796875,-1,-1,-1,-1
157,3,625.6266479492188,524.3448486328125,217.98431396484375,378.41668701171875,-1,-1,-1,-1
158,3,611.5805053710938,520.5706787109375,264.200439453125,381.17205810546875,-1,-1,-1,-1
159,3,611.47216796875,496.4183654785156,328.2904052734375,385.5373840332031,-1,-1,-1,-1
160,3,593.6622314453125,488.0235900878906,325.4248046875,392.4897766113281,-1,-1,-1,-1
161,3,581.8434448242188,469.1952209472656,332.9254150390625,409.8895568847656,-1,-1,-1,-1
162,3,586.581298828125,458.37841796875,344.1099853515625,428.2960205078125,-1,-1,-1,-1
163,3,586.3104248046875,445.7322692871094,377.38323974609375,449.5084533691406,-1,-1,-1,-1
164,3,580.1420288085938,437.6295471191406,422.54559326171875,475.4080505371094,-1,-1,-1,-1
165,3,557.4256591796875,440.3798828125,440.3568115234375,520.6630859375,-1,-1,-1,-1
166,3,535.7210693359375,436.8258056640625,502.0380859375,582.9855346679688,-1,-1,-1,-1
167,3,517.3016967773438,448.4551086425781,560.5086059570312,621.56884765625,-1,-1,-1,-1
168,3,475.1922912597656,464.55450439453125,581.6624755859375,626.9196166992188,-1,-1,-1,-1
41,4,597.68896484375,574.684814453125,57.25567626953125,110.55926513671875,-1,-1,-1,-1
42,4,593.6580810546875,565.4323120117188,66.62799072265625,165.31829833984375,-1,-1,-1,-1
43,4,593.3974609375,562.401123046875,63.32012939453125,164.45733642578125,-1,-1,-1,-1
44,4,591.512939453125,558.533203125,71.33050537109375,164.8583984375,-1,-1,-1,-1
45,4,586.7710571289062,557.1585693359375,73.14031982421875,165.310302734375,-1,-1,-1,-1
46,4,583.2583618164062,562.4057006835938,74.20263671875,161.60552978515625,-1,-1,-1,-1
47,4,578.9810180664062,563.1353759765625,77.70074462890625,162.75689697265625,-1,-1,-1,-1
48,4,574.6453247070312,562.6026611328125,78.6910400390625,165.6019287109375,-1,-1,-1,-1
49,4,570.928955078125,563.9998779296875,73.35174560546875,165.05999755859375,-1,-1,-1,-1
50,4,560.1339111328125,563.7924194335938,73.50341796875,169.502197265625,-1,-1,-1,-1
51,4,553.99169921875,572.777099609375,69.64703369140625,165.07171630859375,-1,-1,-1,-1
52,4,540.8025512695312,572.7086791992188,69.69451904296875,168.76251220703125,-1,-1,-1,-1
53,4,525.5361938476562,571.230224609375,72.89642333984375,171.66156005859375,-1,-1,-1,-1
54,4,507.2851257324219,570.890380859375,75.48287963867188,173.3685302734375,-1,-1,-1,-1
55,4,487.8262023925781,567.6528930664062,86.88906860351562,177.32421875,-1,-1,-1,-1
56,4,466.6312255859375,563.3623046875,98.11737060546875,178.07708740234375,-1,-1,-1,-1
57,4,450.7580261230469,553.9716186523438,102.88278198242188,181.005615234375,-1,-1,-1,-1
58,4,439.4571533203125,547.0361938476562,106.4969482421875,179.724853515625,-1,-1,-1,-1
59,4,428.1634216308594,544.1758422851562,110.20413208007812,181.2528076171875,-1,-1,-1,-1
60,4,418.11151123046875,545.8731689453125,115.801513671875,183.585693359375,-1,-1,-1,-1
61,4,408.9660339355469,555.2781372070312,114.61996459960938,180.88031005859375,-1,-1,-1,-1
62,4,402.89910888671875,561.1593627929688,104.48779296875,183.94525146484375,-1,-1,-1,-1
63,4,398.93426513671875,563.3289184570312,92.47140502929688,187.99285888671875,-1,-1,-1,-1
64,4,394.5,563.0043334960938,93.32760620117188,191.85040283203125,-1,-1,-1,-1
65,4,390.1192626953125,561.1781005859375,98.37649536132812,193.8951416015625,-1,-1,-1,-1
66,4,391.29632568359375,559.440185546875,101.05130004882812,194.638427734375,-1,-1,-1,-1
67,4,392.9537353515625,558.426513671875,101.52587890625,193.37774658203125,-1,-1,-1,-1
68,4,400.4432067871094,561.1778564453125,100.35540771484375,191.4161376953125,-1,-1,-1,-1
69,4,404.7838134765625,565.7932739257812,97.65969848632812,192.94952392578125,-1,-1,-1,-1
70,4,415.44677734375,569.884033203125,92.62017822265625,190.9847412109375,-1,-1,-1,-1
71,4,421.3150329589844,568.91259765625,91.76718139648438,190.39617919921875,-1,-1,-1,-1
72,4,428.6790466308594,566.8406372070312,89.67709350585938,191.0574951171875,-1,-1,-1,-1
73,4,429.8514404296875,567.4218139648438,85.22247314453125,191.2880859375,-1,-1,-1,-1
74,4,430.16876220703125,566.0122680664062,83.80734252929688,194.34051513671875,-1,-1,-1,-1
75,4,431.43865966796875,567.3063354492188,81.95269775390625,193.3228759765625,-1,-1,-1,-1
76,4,433.2361145019531,571.7980346679688,83.42294311523438,190.089599609375,-1,-1,-1,-1
77,4,434.6907958984375,575.5743408203125,89.59722900390625,189.35308837890625,-1,-1,-1,-1
78,4,442.0695495605469,582.5743408203125,86.11874389648438,186.2625732421875,-1,-1,-1,-1
79,4,446.0245361328125,587.7554931640625,86.51788330078125,183.6055908203125,-1,-1,-1,-1
80,4,451.8207702636719,588.4342651367188,85.30856323242188,182.77691650390625,-1,-1,-1,-1
81,4,464.08123779296875,588.1033935546875,85.0025634765625,179.23870849609375,-1,-1,-1,-1
82,4,477.83343505859375,587.8638916015625,83.0018310546875,176.986572265625,-1,-1,-1,-1
83,4,492.1722412109375,585.4583129882812,75.7843017578125,173.18023681640625,-1,-1,-1,-1
84,4,505.80145263671875,576.7916259765625,75.35009765625,174.98980712890625,-1,-1,-1,-1
85,4,511.8738098144531,574.1695556640625,76.28421020507812,171.39056396484375,-1,-1,-1,-1
86,4,514.7710571289062,572.597900390625,77.98004150390625,165.49261474609375,-1,-1,-1,-1
87,4,513.8685302734375,571.3404541015625,80.12335205078125,162.97711181640625,-1,-1,-1,-1
88,4,509.13409423828125,570.2847290039062,84.04010009765625,160.01226806640625,-1,-1,-1,-1
89,4,503.11248779296875,574.022705078125,88.17071533203125,155.7752685546875,-1,-1,-1,-1
90,4,494.4425964355469,572.3182373046875,95.03103637695312,160.2247314453125,-1,-1,-1,-1
91,4,486.1629333496094,574.1998901367188,101.08560180664062,161.26666259765625,-1,-1,-1,-1
92,4,483.5537414550781,576.8358154296875,107.56863403320312,160.78582763671875,-1,-1,-1,-1
93,4,478.26666259765625,578.3231201171875,114.84954833984375,161.8890380859375,-1,-1,-1,-1
94,4,474.65447998046875,579.7481689453125,108.1632080078125,160.37396240234375,-1,-1,-1,-1
95,4,468.39617919921875,575.6054077148438,104.3707275390625,162.85137939453125,-1,-1,-1,-1
96,4,466.0899353027344,568.100830078125,103.13150024414062,172.85498046875,-1,-1,-1,-1
97,4,466.59326171875,564.2437744140625,104.91387939453125,182.43157958984375,-1,-1,-1,-1
98,4,459.07208251953125,553.9782104492188,115.6419677734375,203.55438232421875,-1,-1,-1,-1
99,4,456.19805908203125,559.4569702148438,114.77789306640625,201.48162841796875,-1,-1,-1,-1
100,4,446.737548828125,554.9448852539062,119.9364013671875,206.8314208984375,-1,-1,-1,-1
101,4,443.43194580078125,554.1400756835938,108.26788330078125,204.78729248046875,-1,-1,-1,-1
102,4,437.8672790527344,542.3932495117188,103.54598999023438,215.61041259765625,-1,-1,-1,-1
103,4,429.549072265625,535.0999145507812,113.49395751953125,242.6295166015625,-1,-1,-1,-1
104,4,424.49041748046875,535.6575317382812,124.854248046875,257.39483642578125,-1,-1,-1,-1
105,4,418.0754089355469,541.6256103515625,125.23342895507812,262.6864013671875,-1,-1,-1,-1
106,4,408.57672119140625,556.14501953125,123.82196044921875,253.01373291015625,-1,-1,-1,-1
107,4,393.8096618652344,561.6715087890625,140.72598266601562,255.84295654296875,-1,-1,-1,-1
108,4,378.0373840332031,567.503662109375,160.06387329101562,261.16290283203125,-1,-1,-1,-1
109,4,380.0565185546875,570.9723510742188,160.73077392578125,256.78253173828125,-1,-1,-1,-1
110,4,385.0533752441406,570.8482666015625,139.95504760742188,269.4879150390625,-1,-1,-1,-1
111,4,382.0085144042969,573.4501953125,141.15579223632812,280.22869873046875,-1,-1,-1,-1
112,4,378.7403259277344,579.4575805664062,146.33914184570312,281.8992919921875,-1,-1,-1,-1
113,4,369.3620300292969,586.172119140625,156.35391235351562,272.80914306640625,-1,-1,-1,-1
114,4,363.83917236328125,589.56201171875,160.86688232421875,268.68878173828125,-1,-1,-1,-1
115,4,346.20556640625,586.7246704101562,180.38238525390625,270.96124267578125,-1,-1,-1,-1
116,4,327.8815002441406,582.2503662109375,198.91055297851562,276.341552734375,-1,-1,-1,-1
117,4,325.40179443359375,570.2069702148438,205.2213134765625,287.41119384765625,-1,-1,-1,-1
118,4,317.5506896972656,561.8948974609375,213.73049926757812,295.61871337890625,-1,-1,-1,-1
119,4,323.0816955566406,553.429931640625,186.62393188476562,303.38751220703125,-1,-1,-1,-1
120,4,323.6495056152344,541.3815307617188,168.33688354492188,314.75982666015625,-1,-1,-1,-1
121,4,329.29681396484375,538.2738647460938,160.8211669921875,318.07940673828125,-1,-1,-1,-1
122,4,340.2724304199219,533.135498046875,148.54495239257812,321.83673095703125,-1,-1,-1,-1
123,4,334.60321044921875,524.6643676757812,148.05307006835938,323.88494873046875,-1,-1,-1,-1
124,4,332.58251953125,520.997314453125,144.73312377929688,323.2503662109375,-1,-1,-1,-1
125,4,330.638427734375,517.5091552734375,141.00250244140625,323.01483154296875,-1,-1,-1,-1
126,4,321.9415588378906,520.8737182617188,145.42556762695312,324.45416259765625,-1,-1,-1,-1
127,4,300.9673156738281,529.5154418945312,167.13388061523438,324.34320068359375,-1,-1,-1,-1
128,4,287.3143005371094,542.5186767578125,175.49700927734375,320.57464599609375,-1,-1,-1,-1
129,4,280.0903015136719,549.0259399414062,175.8497314453125,322.60540771484375,-1,-1,-1,-1
130,4,285.0842590332031,553.0707397460938,162.68338012695312,326.13580322265625,-1,-1,-1,-1
131,4,275.76611328125,551.604736328125,169.072509765625,333.470458984375,-1,-1,-1,-1
132,4,273.4019775390625,544.0211181640625,170.0423583984375,342.27239990234375,-1,-1,-1,-1
133,4,270.2527160644531,532.762939453125,171.9869384765625,351.2257080078125,-1,-1,-1,-1
134,4,265.6223449707031,510.5972900390625,174.98519897460938,365.23272705078125,-1,-1,-1,-1
135,4,259.4978332519531,495.36865234375,176.75418090820312,373.63818359375,-1,-1,-1,-1
136,4,252.48284912109375,486.7205810546875,187.39422607421875,392.65087890625,-1,-1,-1,-1
137,4,241.2943878173828,498.03277587890625,198.8164520263672,419.099365234375,-1,-1,-1,-1
138,4,224.61367797851562,513.4573364257812,211.75204467773438,449.21722412109375,-1,-1,-1,-1
139,4,204.95071411132812,523.2822875976562,236.03436279296875,488.44219970703125,-1,-1,-1,-1
140,4,187.41148376464844,524.674560546875,245.79808044433594,534.209716796875,-1,-1,-1,-1
141,4,175.64012145996094,508.8495788574219,233.99937438964844,546.8271484375,-1,-1,-1,-1
142,4,163.37779235839844,497.97772216796875,240.27101135253906,554.1046752929688,-1,-1,-1,-1
143,4,141.22372436523438,497.7845458984375,250.78076171875,569.6009521484375,-1,-1,-1,-1
144,4,118.16241455078125,494.65203857421875,256.072998046875,589.4420776367188,-1,-1,-1,-1
145,4,101.99285125732422,483.3438720703125,268.60406494140625,611.9061279296875,-1,-1,-1,-1
146,4,93.75732421875,473.6313171386719,344.3889465332031,663.738525390625,-1,-1,-1,-1
147,4,91.57839965820312,472.7179870605469,355.91455078125,731.01318359375,-1,-1,-1,-1
148,4,89.61221313476562,487.0847473144531,334.6827697753906,800.1123046875,-1,-1,-1,-1
149,4,89.02870178222656,499.5458984375,366.91424560546875,865.486572265625,-1,-1,-1,-1
150,4,83.58486938476562,508.0076599121094,380.90936279296875,902.3770751953125,-1,-1,-1,-1
151,4,62.91307830810547,507.6848449707031,401.553955078125,907.3641357421875,-1,-1,-1,-1
152,4,37.65483856201172,507.031005859375,422.7210998535156,906.29541015625,-1,-1,-1,-1
153,4,10.472658157348633,500.6529235839844,448.131591796875,912.8018798828125,-1,-1,-1,-1
154,4,-3.230428695678711,493.9013366699219,465.7481994628906,918.4605712890625,-1,-1,-1,-1
155,4,-5.267374038696289,496.2498779296875,444.0147399902344,914.3880615234375,-1,-1,-1,-1
156,4,-0.6018657684326172,506.63055419921875,463.39630126953125,904.8778686523438,-1,-1,-1,-1
157,4,3.793346405029297,525.9842529296875,487.3460388183594,884.8121337890625,-1,-1,-1,-1
158,4,1.481027603149414,550.26513671875,428.21405029296875,860.269775390625,-1,-1,-1,-1
159,4,0.4258594512939453,557.427001953125,430.53082275390625,852.5050048828125,-1,-1,-1,-1
160,4,1.2539520263671875,599.4718627929688,427.84326171875,810.4929809570312,-1,-1,-1,-1
161,4,-1.0334205627441406,604.78369140625,435.2370300292969,805.8125,-1,-1,-1,-1
162,4,-1.5863494873046875,606.0579833984375,412.37884521484375,804.0860595703125,-1,-1,-1,-1
163,4,-1.7609100341796875,611.298095703125,450.5491943359375,798.977294921875,-1,-1,-1,-1
164,4,-3.546358108520508,624.5267944335938,445.1416015625,786.2503051757812,-1,-1,-1,-1
165,4,-2.5611190795898438,652.4549560546875,388.47918701171875,757.1895751953125,-1,-1,-1,-1
166,4,0.3545875549316406,674.607666015625,357.76080322265625,732.8477783203125,-1,-1,-1,-1
167,4,1.2105636596679688,672.4968872070312,378.4398498535156,735.5348510742188,-1,-1,-1,-1
168,4,0.3728828430175781,655.5297241210938,399.9861145019531,753.4478149414062,-1,-1,-1,-1
133,5,317.2393493652344,562.289794921875,124.88082885742188,260.032958984375,-1,-1,-1,-1
134,5,304.8321228027344,546.5449829101562,133.07199096679688,256.2701416015625,-1,-1,-1,-1
135,5,281.89404296875,511.80218505859375,154.64968872070312,271.49749755859375,-1,-1,-1,-1
136,5,271.5478515625,498.939697265625,168.97979736328125,278.608642578125,-1,-1,-1,-1
137,5,254.51405334472656,506.9526672363281,197.34718322753906,281.5386657714844,-1,-1,-1,-1
138,5,238.90243530273438,517.8457641601562,210.83291625976562,286.102783203125,-1,-1,-1,-1
139,5,237.5164337158203,532.2117919921875,208.1831512451172,276.87744140625,-1,-1,-1,-1
140,5,238.519287109375,536.7811889648438,182.54248046875,280.20208740234375,-1,-1,-1,-1
141,5,227.0542755126953,537.9873657226562,175.82017517089844,352.82794189453125,-1,-1,-1,-1
142,5,218.3969268798828,559.03955078125,180.2371063232422,333.01629638671875,-1,-1,-1,-1
143,5,202.44024658203125,535.3798217773438,188.17669677734375,397.39849853515625,-1,-1,-1,-1
144,5,135.185791015625,512.3508605957031,238.88064575195312,464.4270324707031,-1,-1,-1,-1
