1,1,1266.6605224609375,496.4698791503906,176.5877685546875,500.4079895019531,-1,-1,-1,-1
2,1,1273.8953857421875,451.1635437011719,202.9713134765625,559.4635009765625,-1,-1,-1,-1
3,1,1269.0369873046875,399.44049072265625,263.8818359375,641.8353881835938,-1,-1,-1,-1
4,1,1253.5831298828125,442.70086669921875,311.7122802734375,618.1804809570312,-1,-1,-1,-1
5,1,1283.1761474609375,502.1800231933594,252.577392578125,492.5196838378906,-1,-1,-1,-1
6,1,1272.9229736328125,564.7806396484375,273.127197265625,477.3046875,-1,-1,-1,-1
7,1,1279.189697265625,568.99267578125,260.5943603515625,476.400146484375,-1,-1,-1,-1
8,1,1281.979248046875,573.3425903320312,255.020263671875,465.95989990234375,-1,-1,-1,-1
9,1,1295.9517822265625,574.789306640625,227.07666015625,430.56719970703125,-1,-1,-1,-1
10,1,1284.97900390625,518.9111328125,249.02392578125,468.01361083984375,-1,-1,-1,-1
12,1,1264.0933837890625,493.5412902832031,290.7933349609375,543.6810302734375,-1,-1,-1,-1
13,1,1261.4534912109375,491.9110107421875,296.072021484375,556.345703125,-1,-1,-1,-1
14,1,1252.1619873046875,386.6563720703125,314.65234375,691.9532470703125,-1,-1,-1,-1
15,1,1268.5262451171875,373.57550048828125,281.922607421875,667.1681518554688,-1,-1,-1,-1
16,1,1251.8924560546875,372.4978332519531,315.1898193359375,636.1612548828125,-1,-1,-1,-1
17,1,1239.6866455078125,363.0532531738281,339.6011962890625,645.1119384765625,-1,-1,-1,-1
18,1,1232.2408447265625,387.1940612792969,354.4937744140625,621.8126220703125,-1,-1,-1,-1
19,1,1263.1187744140625,384.8703918457031,292.73828125,580.666015625,-1,-1,-1,-1
21,1,1308.7225341796875,414.61492919921875,201.52880859375,430.86572265625,-1,-1,-1,-1
22,1,1343.134521484375,475.7995300292969,132.7119140625,287.7804260253906,-1,-1,-1,-1
26,1,1332.9078369140625,442.44580078125,153.1446533203125,341.86517333984375,-1,-1,-1,-1
27,1,1319.862060546875,441.25543212890625,179.2252197265625,343.48797607421875,-1,-1,-1,-1
28,1,1321.9637451171875,459.159423828125,175.050537109375,366.6607666015625,-1,-1,-1,-1
29,1,1309.173583984375,451.7771911621094,200.6190185546875,428.2999572753906,-1,-1,-1,-1
30,1,1286.384765625,428.7898254394531,246.2069091796875,508.1130065917969,-1,-1,-1,-1
31,1,1275.1861572265625,455.4952392578125,268.6019287109375,505.0391845703125,-1,-1,-1,-1
2,2,627.031005859375,469.12322998046875,126.712890625,318.1259765625,-1,-1,-1,-1
3,2,635.2470703125,457.6925048828125,120.3302001953125,321.7537841796875,-1,-1,-1,-1
4,2,639.5765991210938,449.3699951171875,122.54241943359375,321.761962890625,-1,-1,-1,-1
5,2,643.5070190429688,448.4429931640625,123.63543701171875,322.82586669921875,-1,-1,-1,-1
6,2,646.9535522460938,448.4709777832031,122.58941650390625,322.7131042480469,-1,-1,-1,-1
7,2,646.3246459960938,440.1349182128906,122.41949462890625,327.9212951660156,-1,-1,-1,-1
8,2,645.46484375,435.89434814453125,124.097412109375,328.96173095703125,-1,-1,-1,-1
9,2,644.6113891601562,434.86688232421875,124.6658935546875,326.9388427734375,-1,-1,-1,-1
10,2,639.9722290039062,438.4387512207031,125.17498779296875,321.6201477050781,-1,-1,-1,-1
11,2,632.18115234375,442.2261657714844,124.4647216796875,320.4664611816406,-1,-1,-1,-1
12,2,620.6607666015625,433.8653564453125,127.14471435546875,322.5909423828125,-1,-1,-1,-1
13,2,603.3369140625,409.16217041015625,129.207763671875,334.46026611328125,-1,-1,-1,-1
14,2,568.46630859375,388.81915283203125,136.12847900390625,338.30609130859375,-1,-1,-1,-1
15,2,534.7495727539062,378.07647705078125,143.42254638671875,343.68634033203125,-1,-1,-1,-1
16,2,513.9158935546875,382.6324157714844,146.56024169921875,334.6784973144531,-1,-1,-1,-1
17,2,519.311279296875,383.6867370605469,151.085693359375,331.0439758300781,-1,-1,-1,-1
18,2,533.8671875,386.4676513671875,152.43292236328125,328.38507080078125,-1,-1,-1,-1
19,2,546.2327270507812,389.3751525878906,154.967529296875,328.1529846191406,-1,-1,-1,-1
20,2,549.6036987304688,398.8807373046875,165.3218994140625,327.4114990234375,-1,-1,-1,-1
21,2,552.371826171875,403.4790954589844,160.19586181640625,327.8600158691406,-1,-1,-1,-1
22,2,560.7149658203125,409.7016296386719,142.6851806640625,326.3728332519531,-1,-1,-1,-1
23,2,571.25,410.74615478515625,140.27947998046875,327.6080322265625,-1,-1,-1,-1
24,2,570.6254272460938,406.19903564453125,148.23773193359375,323.00225830078125,-1,-1,-1,-1
25,2,549.9414672851562,400.3916320800781,165.56268310546875,323.7425231933594,-1,-1,-1,-1
26,2,519.1224975585938,399.6687316894531,175.5157470703125,333.0984802246094,-1,-1,-1,-1
27,2,470.3913879394531,402.6552734375,200.55453491210938,332.27764892578125,-1,-1,-1,-1
28,2,432.5733947753906,397.30029296875,217.25314331054688,346.0430908203125,-1,-1,-1,-1
29,2,411.6846008300781,397.666015625,207.90151977539062,366.425537109375,-1,-1,-1,-1
30,2,413.57196044921875,395.8030090332031,201.8109130859375,376.8688659667969,-1,-1,-1,-1
31,2,438.4808349609375,417.39166259765625,185.0880126953125,376.1905517578125,-1,-1,-1,-1
32,2,468.0498046875,443.57086181640625,173.87994384765625,373.8321533203125,-1,-1,-1,-1
33,2,483.7868957519531,448.06658935546875,186.84194946289062,371.535400390625,-1,-1,-1,-1
34,2,462.28887939453125,437.68218994140625,203.98480224609375,391.06591796875,-1,-1,-1,-1
35,2,389.87750244140625,446.14215087890625,264.39593505859375,419.801025390625,-1,-1,-1,-1
36,2,362.5475769042969,449.67950439453125,274.2557678222656,445.1497802734375,-1,-1,-1,-1
37,2,329.7392883300781,472.3145751953125,266.6503601074219,443.5841064453125,-1,-1,-1,-1
38,2,287.5746765136719,455.4938049316406,276.7337341308594,443.6129455566406,-1,-1,-1,-1
39,2,257.08953857421875,443.9132385253906,281.94842529296875,436.7578430175781,-1,-1,-1,-1
40,2,209.3363800048828,424.7838134765625,315.44976806640625,430.8994140625,-1,-1,-1,-1
41,2,156.8285369873047,437.2892150878906,360.435302734375,425.6457214355469,-1,-1,-1,-1
42,2,135.919921875,440.0638427734375,381.52386474609375,433.6051025390625,-1,-1,-1,-1
43,2,155.9960174560547,442.5756530761719,398.23126220703125,428.4363708496094,-1,-1,-1,-1
44,2,179.52133178710938,450.6181945800781,417.2153625488281,417.6819763183594,-1,-1,-1,-1
45,2,164.01010131835938,462.9546813964844,469.1267395019531,396.1313171386719,-1,-1,-1,-1
46,2,183.8834991455078,487.4817810058594,508.34478759765625,363.5230407714844,-1,-1,-1,-1
47,2,224.0742645263672,513.94970703125,503.83404541015625,327.89886474609375,-1,-1,-1,-1
48,2,210.08700561523438,507.9922180175781,513.0166015625,309.4413757324219,-1,-1,-1,-1
49,2,179.37750244140625,531.1312866210938,510.7252197265625,296.0806884765625,-1,-1,-1,-1
50,2,107.02500915527344,496.9140625,521.1463012695312,304.86279296875,-1,-1,-1,-1
51,2,93.8662338256836,482.53851318359375,505.6681823730469,309.702392578125,-1,-1,-1,-1
52,2,124.95227813720703,450.1805114746094,461.76312255859375,318.1778869628906,-1,-1,-1,-1
53,2,196.3438262939453,439.6840515136719,405.07757568359375,311.2322082519531,-1,-1,-1,-1
54,2,357.5904541015625,438.7206726074219,316.4061279296875,302.0017395019531,-1,-1,-1,-1
55,2,483.55023193359375,454.0714111328125,257.75567626953125,321.48895263671875,-1,-1,-1,-1
56,2,501.085205078125,452.6795654296875,252.3726806640625,341.052490234375,-1,-1,-1,-1
57,2,505.2524719238281,457.131591796875,265.6310119628906,353.430908203125,-1,-1,-1,-1
58,2,520.347900390625,421.67926025390625,285.9925537109375,376.06768798828125,-1,-1,-1,-1
59,2,545.5594482421875,361.05413818359375,303.26800537109375,399.783447265625,-1,-1,-1,-1
60,2,573.6377563476562,332.9092712402344,296.3179931640625,424.2870178222656,-1,-1,-1,-1
61,2,590.34765625,311.6653747558594,284.1435546875,449.0301818847656,-1,-1,-1,-1
62,2,617.1432495117188,288.715087890625,263.27099609375,498.224609375,-1,-1,-1,-1
63,2,656.6439819335938,250.7399139404297,245.78741455078125,554.02783203125,-1,-1,-1,-1
64,2,705.89697265625,203.76129150390625,247.58221435546875,597.6680908203125,-1,-1,-1,-1
65,2,742.4697265625,194.78195190429688,278.3408203125,642.6763916015625,-1,-1,-1,-1
66,2,785.9404296875,208.81350708007812,349.4598388671875,689.0169677734375,-1,-1,-1,-1
67,2,817.7968139648438,218.66856384277344,418.72979736328125,773.1795043945312,-1,-1,-1,-1
68,2,863.551513671875,204.4947509765625,494.768310546875,821.119873046875,-1,-1,-1,-1
69,2,900.7335815429688,214.13914489746094,513.3297729492188,816.5810546875,-1,-1,-1,-1
70,2,968.8424682617188,232.91989135742188,450.18585205078125,806.2325439453125,-1,-1,-1,-1
71,2,1006.8261108398438,234.6854248046875,410.59185791015625,831.9444580078125,-1,-1,-1,-1
72,2,1044.53759765625,210.34030151367188,373.3206787109375,946.52392578125,-1,-1,-1,-1
73,2,1182.0118408203125,290.0384521484375,244.0535888671875,876.3436279296875,-1,-1,-1,-1
4,3,-136.04727172851562,456.3729553222656,275.12030029296875,652.6141357421875,-1,-1,-1,-1
5,3,-141.6202850341797,478.61846923828125,286.2637939453125,658.5309448242188,-1,-1,-1,-1
6,3,-149.9179229736328,461.8960266113281,302.8585510253906,702.46728515625,-1,-1,-1,-1
7,3,-172.9131317138672,472.2738952636719,348.8502502441406,726.1009521484375,-1,-1,-1,-1
8,3,-181.07106018066406,495.755859375,365.166748046875,715.6925048828125,-1,-1,-1,-1
9,3,-179.20909118652344,486.29827880859375,361.44317626953125,721.4456176757812,-1,-1,-1,-1
10,3,-194.6619873046875,470.0814208984375,392.3484802246094,759.6544189453125,-1,-1,-1,-1
11,3,-211.272216796875,459.6589660644531,425.56927490234375,796.248291015625,-1,-1,-1,-1
12,3,-224.02806091308594,391.9461669921875,451.08001708984375,845.90625,-1,-1,-1,-1
13,3,-249.163330078125,417.1031188964844,501.3515625,878.6785888671875,-1,-1,-1,-1
14,3,-245.3062744140625,338.6513671875,493.6395263671875,972.080810546875,-1,-1,-1,-1
16,3,-282.14141845703125,177.51998901367188,567.3107299804688,1297.40625,-1,-1,-1,-1
17,3,-252.11154174804688,238.47543334960938,507.25531005859375,1184.4117431640625,-1,-1,-1,-1
18,3,-239.52194213867188,335.1455078125,482.06793212890625,1043.2320556640625,-1,-1,-1,-1
19,3,-201.40396118164062,463.1167297363281,405.83245849609375,663.6766357421875,-1,-1,-1,-1
20,3,-228.42234802246094,467.2622985839844,459.869140625,662.148681640625,-1,-1,-1,-1
21,3,-233.19932556152344,400.25408935546875,469.4228210449219,721.9793090820312,-1,-1,-1,-1
22,3,-240.1599884033203,438.08770751953125,483.34454345703125,684.3036499023438,-1,-1,-1,-1
23,3,-226.8627166748047,495.1685791015625,456.7587890625,603.0406494140625,-1,-1,-1,-1
24,3,-240.03564453125,524.0554809570312,483.1173095703125,567.6735229492188,-1,-1,-1,-1
25,3,-230.67237854003906,533.8850708007812,464.3795166015625,533.8534545898438,-1,-1,-1,-1
26,3,-209.4508056640625,504.407958984375,421.925537109375,557.861083984375,-1,-1,-1,-1
27,3,-202.0897979736328,413.0141296386719,407.2021789550781,660.940185546875,-1,-1,-1,-1
28,3,-193.6676788330078,417.01654052734375,390.3583984375,664.9605102539062,-1,-1,-1,-1
29,3,-171.59176635742188,433.80047607421875,346.206298828125,648.8629760742188,-1,-1,-1,-1
30,3,-158.95199584960938,429.8056640625,320.92596435546875,630.9532470703125,-1,-1,-1,-1
31,3,-161.42904663085938,535.0939331054688,325.8817138671875,542.8796997070312,-1,-1,-1,-1
32,3,-193.2117919921875,455.9328918457031,389.5630187988281,641.7789306640625,-1,-1,-1,-1
33,3,-191.97767639160156,458.50054931640625,432.7537841796875,858.8521118164062,-1,-1,-1,-1
34,3,-210.38958740234375,489.3609619140625,429.8553466796875,842.8607177734375,-1,-1,-1,-1
35,3,-243.87841796875,510.54638671875,490.78265380859375,865.9066162109375,-1,-1,-1,-1
36,3,-255.33499145507812,573.0098266601562,513.6939697265625,706.3095092773438,-1,-1,-1,-1
37,3,-179.1951141357422,651.8733520507812,361.4139404296875,458.77630615234375,-1,-1,-1,-1
38,3,-156.74319458007812,640.4322509765625,316.5085144042969,459.5125732421875,-1,-1,-1,-1
39,3,-167.7957000732422,623.6224365234375,338.6128845214844,477.9866943359375,-1,-1,-1,-1
40,3,-157.90826416015625,594.0872802734375,318.83746337890625,461.6871337890625,-1,-1,-1,-1
41,3,-181.00765991210938,534.6732788085938,365.03594970703125,557.1024780273438,-1,-1,-1,-1
42,3,-147.77748107910156,559.8587036132812,298.5751953125,430.234130859375,-1,-1,-1,-1
43,3,-162.42454528808594,533.13134765625,327.87237548828125,386.1910400390625,-1,-1,-1,-1
44,3,-150.08070373535156,494.0242004394531,360.7916564941406,565.06689453125,-1,-1,-1,-1
45,3,-46.44751739501953,491.4411926269531,310.07135009765625,536.6370849609375,-1,-1,-1,-1
46,3,15.506075859069824,486.1634216308594,333.5069885253906,508.7671203613281,-1,-1,-1,-1
47,3,58.511932373046875,472.3363952636719,336.4760437011719,494.2066955566406,-1,-1,-1,-1
48,3,62.30936813354492,452.7959289550781,342.53643798828125,480.8749694824219,-1,-1,-1,-1
49,3,35.71006393432617,461.34716796875,342.449462890625,479.845947265625,-1,-1,-1,-1
50,3,-32.29370880126953,445.66815185546875,357.5498962402344,457.21954345703125,-1,-1,-1,-1
51,3,-38.084232330322266,431.72503662109375,353.5775451660156,473.309326171875,-1,-1,-1,-1
52,3,-56.40241241455078,415.04571533203125,374.00994873046875,461.810546875,-1,-1,-1,-1
53,3,7.808994293212891,407.84759521484375,348.9906005859375,436.50433349609375,-1,-1,-1,-1
54,3,115.21389770507812,398.08831787109375,324.9429626464844,413.2161865234375,-1,-1,-1,-1
55,3,211.95318603515625,409.880126953125,274.0330505371094,391.89990234375,-1,-1,-1,-1
56,3,222.82168579101562,427.66912841796875,248.2611083984375,376.646484375,-1,-1,-1,-1
57,3,219.89344787597656,459.513671875,222.76475524902344,359.58746337890625,-1,-1,-1,-1
58,3,226.63116455078125,449.54522705078125,207.22067260742188,350.72076416015625,-1,-1,-1,-1
59,3,252.94580078125,411.9205627441406,197.79132080078125,347.1809387207031,-1,-1,-1,-1
60,3,284.6970520019531,409.94110107421875,193.59921264648438,342.5560302734375,-1,-1,-1,-1
61,3,319.1930847167969,399.43804931640625,172.63504028320312,350.35894775390625,-1,-1,-1,-1
62,3,360.0740966796875,391.1802978515625,148.9046630859375,347.3851318359375,-1,-1,-1,-1
63,3,391.6044006347656,364.26116943359375,150.13449096679688,348.52996826171875,-1,-1,-1,-1
64,3,428.5091552734375,303.3757629394531,148.94281005859375,355.7022399902344,-1,-1,-1,-1
65,3,462.8445739746094,264.9837341308594,148.01614379882812,377.0894470214844,-1,-1,-1,-1
66,3,511.5511474609375,260.7672119140625,150.27716064453125,386.4774169921875,-1,-1,-1,-1
67,3,520.3322143554688,283.36212158203125,154.3037109375,387.561279296875,-1,-1,-1,-1
68,3,527.0294799804688,268.7194519042969,158.6112060546875,399.5270080566406,-1,-1,-1,-1
69,3,524.0088500976562,282.7766418457031,168.89715576171875,403.0625305175781,-1,-1,-1,-1
70,3,532.4254150390625,306.67864990234375,188.726806640625,402.9407958984375,-1,-1,-1,-1
71,3,512.8895263671875,303.22198486328125,208.3675537109375,416.462890625,-1,-1,-1,-1
72,3,511.7332763671875,281.98004150390625,226.03228759765625,429.5120849609375,-1,-1,-1,-1
73,3,546.77392578125,238.0124969482422,254.637451171875,447.46405029296875,-1,-1,-1,-1
74,3,576.1771240234375,170.24169921875,294.0572509765625,464.98065185546875,-1,-1,-1,-1
75,3,535.3224487304688,136.2165985107422,321.42156982421875,481.79815673828125,-1,-1,-1,-1
76,3,506.239501953125,108.87134552001953,330.3463134765625,511.08392333984375,-1,-1,-1,-1
77,3,468.9035339355469,11.336711883544922,346.1116027832031,540.8361206054688,-1,-1,-1,-1
78,3,472.5672607421875,-0.10613059997558594,344.84149169921875,556.1122436523438,-1,-1,-1,-1
79,3,495.6922607421875,-18.03089714050293,334.9547119140625,574.2653198242188,-1,-1,-1,-1
80,3,562.6727905273438,-2.8336181640625,330.6522216796875,580.5475463867188,-1,-1,-1,-1
81,3,614.230712890625,5.891241073608398,321.05169677734375,619.4742431640625,-1,-1,-1,-1
82,3,605.4718017578125,45.18225860595703,318.26177978515625,622.2398681640625,-1,-1,-1,-1
83,3,574.4462280273438,40.24433898925781,319.8736572265625,641.7501831054688,-1,-1,-1,-1
84,3,587.406494140625,62.16282653808594,312.36651611328125,645.2147827148438,-1,-1,-1,-1
85,3,633.435791015625,111.54795837402344,304.8656005859375,643.1268310546875,-1,-1,-1,-1
86,3,659.907958984375,150.7230987548828,296.56231689453125,642.5390625,-1,-1,-1,-1
87,3,702.1405029296875,191.68434143066406,284.75689697265625,643.0298461914062,-1,-1,-1,-1
88,3,743.4580078125,216.0015106201172,278.3565673828125,652.8195190429688,-1,-1,-1,-1
89,3,776.385498046875,220.87496948242188,270.1661376953125,667.77783203125,-1,-1,-1,-1
90,3,786.7713623046875,223.58619689941406,268.636962890625,676.55224609375,-1,-1,-1,-1
91,3,792.7654418945312,196.9287567138672,257.64019775390625,686.7027587890625,-1,-1,-1,-1
92,3,789.2939453125,206.27072143554688,242.18408203125,682.883544921875,-1,-1,-1,-1
93,3,772.32470703125,235.35333251953125,225.5966796875,672.6865844726562,-1,-1,-1,-1
94,3,712.7939453125,239.46714782714844,227.22442626953125,669.2734985351562,-1,-1,-1,-1
95,3,563.513916015625,170.9603729248047,374.783935546875,753.5455932617188,-1,-1,-1,-1
96,3,599.108642578125,286.7040100097656,215.6002197265625,631.490478515625,-1,-1,-1,-1
97,3,521.09814453125,303.6687927246094,196.884033203125,593.016845703125,-1,-1,-1,-1
98,3,459.4835205078125,324.4022521972656,206.7740478515625,562.343994140625,-1,-1,-1,-1
99,3,420.1877746582031,349.2967224121094,192.22183227539062,585.3492431640625,-1,-1,-1,-1
100,3,377.6596984863281,373.15185546875,234.40756225585938,657.498779296875,-1,-1,-1,-1
101,3,334.5423889160156,403.72930908203125,222.69845581054688,674.4929809570312,-1,-1,-1,-1
102,3,294.0270690917969,408.544921875,221.39157104492188,669.09326171875,-1,-1,-1,-1
103,3,263.4879150390625,426.8646240234375,231.20968627929688,682.451171875,-1,-1,-1,-1
104,3,233.52442932128906,433.87481689453125,231.4790496826172,718.7037963867188,-1,-1,-1,-1
105,3,209.8165283203125,432.2462158203125,218.40518188476562,696.767578125,-1,-1,-1,-1
106,3,457.5931396484375,529.8270874023438,260.8077392578125,611.5350952148438,-1,-1,-1,-1
40,4,1232.81884765625,209.82359313964844,353.334228515625,825.3311767578125,-1,-1,-1,-1
41,4,1195.52197265625,276.129150390625,426.851806640625,775.0777587890625,-1,-1,-1,-1
42,4,1198.76123046875,329.8009948730469,420.865478515625,758.468994140625,-1,-1,-1,-1
43,4,1172.946533203125,448.727783203125,473.08154296875,704.447021484375,-1,-1,-1,-1
44,4,1208.3682861328125,505.4300537109375,402.2408447265625,616.32177734375,-1,-1,-1,-1
45,4,1219.4365234375,538.7846069335938,380.09814453125,565.0183715820312,-1,-1,-1,-1
86,5,-8.702817916870117,679.5375366210938,722.3126831054688,743.3829956054688,-1,-1,-1,-1
87,5,-3.2214488983154297,566.9786987304688,618.2993774414062,846.1238403320312,-1,-1,-1,-1
88,5,-0.5338878631591797,475.3131408691406,560.5093383789062,937.974365234375,-1,-1,-1,-1
89,5,9.007671356201172,547.6201782226562,588.9868774414062,872.0202026367188,-1,-1,-1,-1
90,5,18.432199478149414,877.1627197265625,507.6854248046875,545.611572265625,-1,-1,-1,-1
91,5,43.77776336669922,747.0008544921875,509.58819580078125,669.5579833984375,-1,-1,-1,-1
92,5,0.5666828155517578,519.8466186523438,579.2868041992188,888.2503051757812,-1,-1,-1,-1
93,5,20.30570411682129,516.720947265625,575.4320678710938,894.8773193359375,-1,-1,-1,-1
94,5,19.505096435546875,260.6365661621094,862.7462158203125,1149.1693115234375,-1,-1,-1,-1
95,5,137.18911743164062,116.48930358886719,928.0169677734375,1293.2242431640625,-1,-1,-1,-1
96,5,586.1246948242188,281.6140441894531,219.07940673828125,747.8626708984375,-1,-1,-1,-1
89,6,835.11572265625,355.5050354003906,210.333251953125,409.7526550292969,-1,-1,-1,-1
90,6,852.522705078125,363.8956298828125,202.037841796875,405.188720703125,-1,-1,-1,-1
91,6,853.1533813476562,351.9771423339844,196.44488525390625,403.3962707519531,-1,-1,-1,-1
92,6,838.2577514648438,366.14154052734375,190.71990966796875,392.2366943359375,-1,-1,-1,-1
93,6,810.1323852539062,396.6815490722656,184.45721435546875,383.1401062011719,-1,-1,-1,-1
94,6,761.6558837890625,382.5437927246094,181.4061279296875,399.1095886230469,-1,-1,-1,-1
95,6,545.4583740234375,217.52703857421875,560.6756591796875,712.2235107421875,-1,-1,-1,-1
98,7,7.869670867919922,16.933685302734375,1393.3924560546875,1397.8016357421875,-1,-1,-1,-1
99,7,-22.068134307861328,70.71730041503906,1385.9818115234375,1352.112548828125,-1,-1,-1,-1
100,7,3.2676925659179688,133.07838439941406,1333.2479248046875,1280.327392578125,-1,-1,-1,-1
101,7,-7.28289794921875,278.37518310546875,1365.879150390625,1135.359130859375,-1,-1,-1,-1
102,7,-16.91192626953125,232.10195922851562,1374.052978515625,1181.0006103515625,-1,-1,-1,-1
103,7,-18.634578704833984,181.93704223632812,1360.989013671875,1232.7242431640625,-1,-1,-1,-1
104,7,-0.4270744323730469,194.2493896484375,1373.7515869140625,1220.8389892578125,-1,-1,-1,-1
105,7,3.44854736328125,196.32363891601562,1376.177490234375,1217.18115234375,-1,-1,-1,-1
106,7,129.48135375976562,278.5423583984375,1251.431640625,1130.6988525390625,-1,-1,-1,-1
107,7,433.5462951660156,520.8460693359375,979.8358154296875,873.223388671875,-1,-1,-1,-1
108,7,655.2255859375,761.3402709960938,566.536865234375,697.2333374023438,-1,-1,-1,-1
109,7,616.3861694335938,960.9187622070312,705.6271362304688,453.01922607421875,-1,-1,-1,-1
99,8,1330.123291015625,545.513916015625,78.6710205078125,319.88824462890625,-1,-1,-1,-1
100,8,1249.4453125,586.074462890625,154.069580078125,271.5465087890625,-1,-1,-1,-1
101,8,1191.878173828125,649.3223876953125,108.92333984375,209.88824462890625,-1,-1,-1,-1
102,8,1143.90283203125,694.975341796875,93.4725341796875,161.08447265625,-1,-1,-1,-1
106,8,251.6073455810547,175.29103088378906,1291.375732421875,1242.8851318359375,-1,-1,-1,-1
107,8,602.0846557617188,556.4772338867188,715.7982788085938,785.5159301757812,-1,-1,-1,-1
108,8,659.766845703125,650.705078125,455.5721435546875,748.2774658203125,-1,-1,-1,-1
106,9,584.4801025390625,561.0181274414062,100.5809326171875,213.75299072265625,-1,-1,-1,-1
107,9,553.8204345703125,575.369384765625,118.5145263671875,214.54840087890625,-1,-1,-1,-1
108,9,538.1715698242188,583.196044921875,137.91168212890625,245.51483154296875,-1,-1,-1,-1
109,9,550.2437133789062,597.9320068359375,127.45654296875,252.177490234375,-1,-1,-1,-1
110,9,554.2733154296875,616.5325317382812,109.01611328125,242.3944091796875,-1,-1,-1,-1
111,9,532.75439453125,621.4130249023438,113.8485107421875,241.4638671875,-1,-1,-1,-1
112,9,484.11822509765625,606.7340087890625,152.76422119140625,279.93731689453125,-1,-1,-1,-1
113,9,475.82763671875,597.4502563476562,153.11785888671875,296.62188720703125,-1,-1,-1,-1
114,9,476.35186767578125,590.5113525390625,144.015380859375,303.26519775390625,-1,-1,-1,-1
115,9,485.8621826171875,584.4547119140625,120.42755126953125,296.1748046875,-1,-1,-1,-1
116,9,491.3281555175781,573.1235961914062,113.15213012695312,336.3857421875,-1,-1,-1,-1
117,9,470.90435791015625,565.9061889648438,124.01275634765625,360.2979736328125,-1,-1,-1,-1
118,9,441.3756408691406,554.3414916992188,148.08334350585938,439.707763671875,-1,-1,-1,-1
119,9,417.24749755859375,528.3988647460938,188.46307373046875,453.85906982421875,-1,-1,-1,-1
120,9,416.08905029296875,518.0463256835938,203.70562744140625,460.66021728515625,-1,-1,-1,-1
121,9,419.6287536621094,491.76318359375,214.70840454101562,580.0123291015625,-1,-1,-1,-1
107,10,893.5029296875,625.26416015625,139.14697265625,165.41363525390625,-1,-1,-1,-1
108,10,875.298828125,653.5148315429688,206.0174560546875,213.1640625,-1,-1,-1,-1
109,10,890.6934814453125,664.9779052734375,206.840087890625,215.22052001953125,-1,-1,-1,-1
110,10,915.5904541015625,661.4583129882812,177.9951171875,218.1368408203125,-1,-1,-1,-1
111,10,933.1363525390625,663.5133056640625,125.8687744140625,202.3599853515625,-1,-1,-1,-1
112,10,912.4607543945312,656.6773681640625,131.77557373046875,220.1231689453125,-1,-1,-1,-1
113,10,903.5883178710938,652.3795166015625,151.19720458984375,229.7799072265625,-1,-1,-1,-1
114,10,911.1939697265625,640.5986328125,139.0130615234375,237.0218505859375,-1,-1,-1,-1
115,10,901.4820556640625,614.5235595703125,133.565673828125,258.4471435546875,-1,-1,-1,-1
116,10,911.44775390625,597.7667846679688,116.7279052734375,269.05267333984375,-1,-1,-1,-1
117,10,883.3848266601562,585.8111572265625,138.2205810546875,276.81170654296875,-1,-1,-1,-1
118,10,869.444091796875,575.5764770507812,144.8348388671875,286.30303955078125,-1,-1,-1,-1
119,10,846.5399169921875,560.264404296875,163.4080810546875,300.3751220703125,-1,-1,-1,-1
120,10,823.162353515625,552.4940185546875,189.0615234375,319.16949462890625,-1,-1,-1,-1
121,10,800.499755859375,550.9745483398438,215.101318359375,333.5296630859375,-1,-1,-1,-1
108,11,247.83872985839844,479.9306945800781,205.57884216308594,678.50146484375,-1,-1,-1,-1
109,11,279.6097106933594,505.724609375,197.7979736328125,667.10205078125,-1,-1,-1,-1
110,11,295.28277587890625,521.9725952148438,198.7164306640625,661.8569946289062,-1,-1,-1,-1
111,11,304.16400146484375,528.2408447265625,200.1719970703125,659.5584716796875,-1,-1,-1,-1
112,11,313.2524719238281,530.5317993164062,200.99777221679688,658.8018188476562,-1,-1,-1,-1
113,11,325.88177490234375,528.29833984375,204.19366455078125,655.44140625,-1,-1,-1,-1
114,11,341.71649169921875,523.4008178710938,199.27178955078125,650.9486694335938,-1,-1,-1,-1
115,11,355.1294250488281,518.1994018554688,201.72744750976562,645.8493041992188,-1,-1,-1,-1
116,11,371.2515563964844,514.4356689453125,202.79324340820312,643.370849609375,-1,-1,-1,-1
117,11,382.3878173828125,509.6336669921875,204.003173828125,642.9554443359375,-1,-1,-1,-1
118,11,393.318603515625,507.67498779296875,202.38995361328125,642.7068481445312,-1,-1,-1,-1
119,11,403.91375732421875,499.836669921875,206.51141357421875,643.9290771484375,-1,-1,-1,-1
120,11,407.9166564941406,495.0242919921875,217.49295043945312,638.771728515625,-1,-1,-1,-1
121,11,422.6482849121094,490.4041748046875,218.86776733398438,632.79736328125,-1,-1,-1,-1
121,12,350.6976318359375,594.09130859375,214.2470703125,337.163818359375,-1,-1,-1,-1
