1,1,1056.6978759765625,602.2161865234375,219.14208984375,314.19329833984375,-1,-1,-1,-1
2,1,1042.4940185546875,599.7894897460938,242.26806640625,306.874755859375,-1,-1,-1,-1
3,1,1026.630615234375,595.5489501953125,247.858154296875,306.736572265625,-1,-1,-1,-1
4,1,1005.0538330078125,593.3033447265625,248.078369140625,301.34381103515625,-1,-1,-1,-1
5,1,969.1873779296875,579.5304565429688,246.0343017578125,291.56036376953125,-1,-1,-1,-1
6,1,931.6925659179688,556.3964233398438,222.05865478515625,282.12811279296875,-1,-1,-1,-1
7,1,875.736572265625,529.759033203125,190.9052734375,270.1187744140625,-1,-1,-1,-1
8,1,809.2030639648438,488.65972900390625,178.44482421875,288.35174560546875,-1,-1,-1,-1
9,1,760.9988403320312,495.9632568359375,174.68572998046875,302.62884521484375,-1,-1,-1,-1
10,1,730.115234375,506.0963439941406,170.6973876953125,306.4030456542969,-1,-1,-1,-1
11,1,704.2147827148438,489.9309997558594,170.9100341796875,326.3834533691406,-1,-1,-1,-1
12,1,692.9996948242188,492.0120849609375,168.907958984375,318.82427978515625,-1,-1,-1,-1
13,1,678.9812622070312,496.54632568359375,166.34002685546875,313.83612060546875,-1,-1,-1,-1
14,1,681.6199340820312,496.92852783203125,163.4996337890625,313.474609375,-1,-1,-1,-1
15,1,706.2491455078125,483.09765625,153.65032958984375,322.53521728515625,-1,-1,-1,-1
16,1,708.1755981445312,467.85296630859375,165.3895263671875,355.494873046875,-1,-1,-1,-1
17,1,708.3703002929688,449.67987060546875,170.72869873046875,390.35400390625,-1,-1,-1,-1
18,1,704.6187133789062,440.9937744140625,180.28546142578125,413.647705078125,-1,-1,-1,-1
19,1,688.7412109375,399.90777587890625,184.136962890625,416.491943359375,-1,-1,-1,-1
20,1,661.1206665039062,400.457763671875,193.21636962890625,406.2882080078125,-1,-1,-1,-1
21,1,637.9450073242188,402.3957214355469,191.22821044921875,405.1570739746094,-1,-1,-1,-1
22,1,626.2920532226562,392.8170166015625,194.17108154296875,409.84967041015625,-1,-1,-1,-1
23,1,635.748046875,389.2688903808594,199.877685546875,417.5425109863281,-1,-1,-1,-1
24,1,650.2322998046875,381.84344482421875,203.63458251953125,427.71929931640625,-1,-1,-1,-1
25,1,656.2315063476562,391.2179870605469,210.08087158203125,427.0007629394531,-1,-1,-1,-1
26,1,635.1514282226562,388.8856201171875,231.153076171875,429.0899658203125,-1,-1,-1,-1
27,1,609.2056274414062,379.76263427734375,251.5118408203125,432.3668212890625,-1,-1,-1,-1
28,1,593.0211181640625,373.68560791015625,253.14569091796875,437.13067626953125,-1,-1,-1,-1
29,1,583.7619018554688,372.5360107421875,253.18597412109375,444.07965087890625,-1,-1,-1,-1
30,1,583.7516479492188,368.553466796875,241.78338623046875,452.3875732421875,-1,-1,-1,-1
31,1,598.5219116210938,373.3476257324219,223.5767822265625,457.3775939941406,-1,-1,-1,-1
32,1,624.29931640625,381.55255126953125,206.1932373046875,466.127685546875,-1,-1,-1,-1
33,1,659.673828125,416.6433410644531,188.2066650390625,464.3841247558594,-1,-1,-1,-1
34,1,703.4484252929688,426.8958435058594,178.31890869140625,470.3041687011719,-1,-1,-1,-1
35,1,749.384033203125,438.53399658203125,173.613037109375,471.11773681640625,-1,-1,-1,-1
36,1,792.2681884765625,444.80352783203125,174.2952880859375,474.8839111328125,-1,-1,-1,-1
37,1,801.345947265625,442.9039306640625,218.05462646484375,478.65380859375,-1,-1,-1,-1
38,1,845.4613037109375,447.399169921875,233.6685791015625,485.9263916015625,-1,-1,-1,-1
39,1,902.3480224609375,417.30718994140625,235.813232421875,502.01458740234375,-1,-1,-1,-1
40,1,959.1829223632812,402.0480651855469,225.50079345703125,521.56884765625,-1,-1,-1,-1
41,1,987.4818725585938,368.82037353515625,211.18377685546875,546.1763305664062,-1,-1,-1,-1
42,1,999.05126953125,347.04931640625,208.7730712890625,565.009521484375,-1,-1,-1,-1
43,1,1004.4727172851562,327.38128662109375,224.62078857421875,585.7474975585938,-1,-1,-1,-1
44,1,995.0455932617188,307.5322570800781,236.81182861328125,599.815185546875,-1,-1,-1,-1
45,1,954.2613525390625,302.78668212890625,242.6141357421875,606.05517578125,-1,-1,-1,-1
46,1,891.2349853515625,306.0170593261719,231.1824951171875,604.47509765625,-1,-1,-1,-1
47,1,840.9183959960938,305.7328796386719,222.08892822265625,611.28662109375,-1,-1,-1,-1
48,1,806.1144409179688,326.33282470703125,213.47760009765625,613.955810546875,-1,-1,-1,-1
49,1,787.6383056640625,353.3103942871094,203.34857177734375,608.1011962890625,-1,-1,-1,-1
50,1,787.5092163085938,365.27874755859375,195.50006103515625,600.5620727539062,-1,-1,-1,-1
51,1,788.3006591796875,353.2127990722656,191.19293212890625,584.7412109375,-1,-1,-1,-1
52,1,803.3147583007812,342.1876220703125,182.44610595703125,552.4463500976562,-1,-1,-1,-1
53,1,814.299560546875,348.5154113769531,176.7578125,521.433837890625,-1,-1,-1,-1
54,1,822.812255859375,356.208740234375,179.74444580078125,518.2333984375,-1,-1,-1,-1
55,1,861.5133056640625,365.3623352050781,188.097412109375,507.2376403808594,-1,-1,-1,-1
56,1,930.6647338867188,362.2997131347656,196.38238525390625,494.8219909667969,-1,-1,-1,-1
57,1,1011.6023559570312,311.2699279785156,218.35357666015625,525.7845458984375,-1,-1,-1,-1
58,1,1092.83837890625,285.8450622558594,248.1373291015625,575.6507568359375,-1,-1,-1,-1
59,1,1156.5687255859375,257.7373046875,292.7301025390625,619.0475463867188,-1,-1,-1,-1
60,1,1171.849853515625,289.2280578613281,370.46435546875,560.1004638671875,-1,-1,-1,-1
1,2,554.4869995117188,472.6849365234375,149.98529052734375,334.932861328125,-1,-1,-1,-1
2,2,540.4303588867188,461.40924072265625,154.2222900390625,339.282470703125,-1,-1,-1,-1
3,2,539.3674926757812,452.79656982421875,142.36639404296875,342.8857421875,-1,-1,-1,-1
4,2,529.8565063476562,450.4645690917969,125.7879638671875,340.4127502441406,-1,-1,-1,-1
5,2,481.97515869140625,438.001708984375,126.77362060546875,341.3338623046875,-1,-1,-1,-1
6,2,398.3734130859375,414.9753723144531,139.77520751953125,352.9023132324219,-1,-1,-1,-1
7,2,291.9476318359375,375.8949890136719,152.5380859375,367.4191589355469,-1,-1,-1,-1
8,2,174.0106964111328,361.2610778808594,185.4396514892578,379.0671691894531,-1,-1,-1,-1
9,2,95.50814056396484,392.6275939941406,207.19329833984375,376.4655456542969,-1,-1,-1,-1
10,2,38.13597106933594,416.4670715332031,220.1438446044922,371.0110778808594,-1,-1,-1,-1
11,2,3.065164566040039,413.3375549316406,207.70169067382812,374.3072814941406,-1,-1,-1,-1
12,2,-7.221702575683594,398.0135498046875,180.23870849609375,379.55218505859375,-1,-1,-1,-1
13,2,-54.85730743408203,384.0028076171875,192.61428833007812,389.18377685546875,-1,-1,-1,-1
14,2,-63.865753173828125,377.1207275390625,174.9930419921875,388.0421142578125,-1,-1,-1,-1
15,2,-51.07121276855469,353.80987548828125,153.2549285888672,401.65875244140625,-1,-1,-1,-1
16,2,-59.787498474121094,376.4858703613281,153.6639404296875,392.4378356933594,-1,-1,-1,-1
17,2,-70.99564361572266,392.0402526855469,151.90802001953125,405.3844909667969,-1,-1,-1,-1
18,2,-61.96120834350586,482.42559814453125,127.78797912597656,289.34259033203125,-1,-1,-1,-1
19,2,-76.04005432128906,367.78240966796875,155.2325439453125,402.22540283203125,-1,-1,-1,-1
35,3,-102.05448150634766,537.7923583984375,208.94888305664062,331.7015380859375,-1,-1,-1,-1
36,3,-108.02447509765625,476.38922119140625,265.51947021484375,409.18194580078125,-1,-1,-1,-1
37,3,-75.70854187011719,486.1414794921875,278.2102966308594,377.18896484375,-1,-1,-1,-1
38,3,-1.706202507019043,505.79437255859375,251.8443603515625,349.369384765625,-1,-1,-1,-1
39,3,48.83388137817383,500.36578369140625,246.65049743652344,342.8857421875,-1,-1,-1,-1
40,3,89.53164672851562,505.4463195800781,233.9310302734375,347.0899353027344,-1,-1,-1,-1
41,3,98.44601440429688,517.014404296875,230.13934326171875,349.7813720703125,-1,-1,-1,-1
42,3,87.91621398925781,518.758056640625,241.69837951660156,360.64654541015625,-1,-1,-1,-1
43,3,77.56669616699219,502.667724609375,254.7893524169922,374.80218505859375,-1,-1,-1,-1
44,3,48.610992431640625,482.9015808105469,268.5655517578125,389.5365905761719,-1,-1,-1,-1
45,3,-14.578783988952637,496.7318115234375,278.6240234375,392.0106201171875,-1,-1,-1,-1
46,3,-86.08548736572266,517.591064453125,272.09625244140625,421.00567626953125,-1,-1,-1,-1
47,3,-113.55471801757812,578.8220825195312,235.98309326171875,395.71209716796875,-1,-1,-1,-1
48,3,-120.35247802734375,516.2411499023438,243.72650146484375,485.6593017578125,-1,-1,-1,-1
49,3,-123.12499237060547,490.69940185546875,249.27804565429688,533.5060424804688,-1,-1,-1,-1
50,3,-112.65556335449219,503.4880676269531,228.3421173095703,462.3578186035156,-1,-1,-1,-1
51,3,-101.96125793457031,530.7069091796875,206.9442901611328,419.3365478515625,-1,-1,-1,-1
56,3,-227.19345092773438,425.9271240234375,458.72601318359375,650.5008544921875,-1,-1,-1,-1
57,3,-91.4420394897461,569.09716796875,355.1712341308594,418.99493408203125,-1,-1,-1,-1
58,3,-59.59894561767578,601.7011108398438,388.86590576171875,399.1744384765625,-1,-1,-1,-1
59,3,50.943870544433594,597.5562744140625,358.7326354980469,364.382568359375,-1,-1,-1,-1
60,3,181.5106201171875,561.0452270507812,341.8648681640625,344.67547607421875,-1,-1,-1,-1
61,3,255.9051055908203,539.5781860351562,317.87255859375,332.49560546875,-1,-1,-1,-1
62,3,295.4590148925781,525.6124267578125,293.7951965332031,316.1614990234375,-1,-1,-1,-1
63,3,319.853759765625,508.595458984375,269.8692626953125,311.33636474609375,-1,-1,-1,-1
64,3,339.2314453125,479.07257080078125,243.1602783203125,323.5897216796875,-1,-1,-1,-1
65,3,356.8308410644531,458.1291198730469,235.61080932617188,339.5550231933594,-1,-1,-1,-1
66,3,369.1499938964844,449.99700927734375,234.25289916992188,355.10687255859375,-1,-1,-1,-1
67,3,380.9471740722656,470.7530822753906,230.35000610351562,349.6388854980469,-1,-1,-1,-1
68,3,385.9278564453125,496.1922302246094,223.0546875,348.8420715332031,-1,-1,-1,-1
69,3,396.7351379394531,480.38665771484375,211.59664916992188,348.514892578125,-1,-1,-1,-1
70,3,421.8275451660156,441.60302734375,198.36941528320312,362.2103271484375,-1,-1,-1,-1
71,3,433.4417724609375,399.0237731933594,194.5296630859375,373.3849182128906,-1,-1,-1,-1
72,3,449.99212646484375,363.93975830078125,199.31390380859375,381.14434814453125,-1,-1,-1,-1
73,3,463.011962890625,373.0459289550781,199.8284912109375,384.0132751464844,-1,-1,-1,-1
74,3,477.3422546386719,382.2948303222656,205.27853393554688,393.0238342285156,-1,-1,-1,-1
75,3,494.401611328125,389.180908203125,203.57977294921875,399.3414306640625,-1,-1,-1,-1
76,3,482.5711364746094,387.49072265625,208.72207641601562,400.135986328125,-1,-1,-1,-1
77,3,458.69354248046875,373.2340087890625,228.08148193359375,398.64373779296875,-1,-1,-1,-1
78,3,446.9825134277344,369.0463562011719,241.84304809570312,400.3956604003906,-1,-1,-1,-1
79,3,449.5184631347656,374.55462646484375,245.61135864257812,400.05340576171875,-1,-1,-1,-1
80,3,439.917236328125,364.574462890625,257.6898193359375,403.75750732421875,-1,-1,-1,-1
81,3,421.6943664550781,348.71539306640625,262.9257507324219,405.2335205078125,-1,-1,-1,-1
82,3,439.1985778808594,345.7358093261719,260.7446594238281,399.4405822753906,-1,-1,-1,-1
83,3,459.8402099609375,374.0637512207031,254.30419921875,392.0553894042969,-1,-1,-1,-1
84,3,451.57098388671875,407.9771423339844,254.2218017578125,393.0346374511719,-1,-1,-1,-1
85,3,448.54278564453125,440.53582763671875,249.964111328125,390.77960205078125,-1,-1,-1,-1
86,3,449.42071533203125,469.155029296875,255.21026611328125,387.79278564453125,-1,-1,-1,-1
87,3,464.31109619140625,475.78857421875,256.3155517578125,383.36688232421875,-1,-1,-1,-1
88,3,474.3530578613281,489.3341064453125,254.97085571289062,378.77392578125,-1,-1,-1,-1
89,3,475.30950927734375,491.8742370605469,286.2142333984375,372.7979431152344,-1,-1,-1,-1
90,3,441.39764404296875,517.6563110351562,330.415283203125,362.7027587890625,-1,-1,-1,-1
91,3,394.3646240234375,535.2293090820312,382.5150146484375,347.92059326171875,-1,-1,-1,-1
92,3,346.3214111328125,543.6500244140625,435.562255859375,338.30902099609375,-1,-1,-1,-1
93,3,312.15911865234375,528.3067626953125,446.3670654296875,344.050537109375,-1,-1,-1,-1
94,3,294.9632568359375,496.14520263671875,444.1217041015625,359.3203125,-1,-1,-1,-1
95,3,279.074462890625,448.2518310546875,429.86419677734375,401.00042724609375,-1,-1,-1,-1
96,3,265.8153381347656,437.57513427734375,458.9035339355469,445.421875,-1,-1,-1,-1
97,3,295.9585266113281,432.89349365234375,468.7515563964844,468.38470458984375,-1,-1,-1,-1
98,3,296.93017578125,419.024169921875,511.31329345703125,467.482421875,-1,-1,-1,-1
99,3,302.4913635253906,477.7187194824219,502.3315734863281,427.7901916503906,-1,-1,-1,-1
100,3,368.0648193359375,512.1463623046875,414.66015625,412.1439208984375,-1,-1,-1,-1
101,3,472.18121337890625,511.84423828125,389.3480224609375,399.2720947265625,-1,-1,-1,-1
102,3,515.5780029296875,454.0037841796875,421.93963623046875,428.210205078125,-1,-1,-1,-1
103,3,554.8865966796875,421.0394287109375,432.06878662109375,454.6517333984375,-1,-1,-1,-1
104,3,575.0986938476562,440.0335693359375,415.5858154296875,448.62677001953125,-1,-1,-1,-1
105,3,577.25390625,451.1973876953125,347.439208984375,443.291748046875,-1,-1,-1,-1
106,3,560.4707641601562,470.72271728515625,286.3204345703125,477.8260498046875,-1,-1,-1,-1
107,3,560.0978393554688,476.1702575683594,266.53204345703125,483.9610290527344,-1,-1,-1,-1
108,3,525.5407104492188,467.44085693359375,286.871337890625,501.7425537109375,-1,-1,-1,-1
109,3,540.77392578125,448.906005859375,301.4056396484375,526.9972534179688,-1,-1,-1,-1
110,3,546.83251953125,430.0196533203125,333.70111083984375,533.7872314453125,-1,-1,-1,-1
111,3,564.6949462890625,410.009033203125,341.22857666015625,502.455322265625,-1,-1,-1,-1
112,3,617.4740600585938,418.3681335449219,306.62786865234375,505.4449157714844,-1,-1,-1,-1
113,3,691.7503051757812,489.17333984375,276.97119140625,469.89111328125,-1,-1,-1,-1
114,3,741.732177734375,499.8895263671875,288.0018310546875,480.5938720703125,-1,-1,-1,-1
115,3,759.583251953125,505.3018493652344,261.211181640625,479.4073791503906,-1,-1,-1,-1
116,3,748.9324340820312,474.3346862792969,281.20379638671875,504.3539123535156,-1,-1,-1,-1
117,3,757.42724609375,450.14935302734375,270.976318359375,530.5916748046875,-1,-1,-1,-1
118,3,749.5126953125,408.0227966308594,264.64080810546875,554.1387939453125,-1,-1,-1,-1
119,3,742.7242431640625,382.3913879394531,282.64501953125,553.984375,-1,-1,-1,-1
120,3,747.4857177734375,341.9761962890625,315.5860595703125,552.4453125,-1,-1,-1,-1
121,3,748.9261474609375,330.9986877441406,321.3978271484375,561.0872802734375,-1,-1,-1,-1
122,3,734.94482421875,289.95843505859375,318.478271484375,583.1058959960938,-1,-1,-1,-1
123,3,733.9378662109375,262.9346618652344,313.2354736328125,597.354736328125,-1,-1,-1,-1
124,3,737.850341796875,249.29513549804688,315.6878662109375,607.8289794921875,-1,-1,-1,-1
125,3,721.4530029296875,255.7120819091797,328.622314453125,597.8054809570312,-1,-1,-1,-1
126,3,705.789794921875,286.92242431640625,348.5260009765625,581.3916625976562,-1,-1,-1,-1
127,3,673.5350341796875,301.6751708984375,380.7001953125,572.6976928710938,-1,-1,-1,-1
128,3,614.2363891601562,289.8709411621094,407.60504150390625,570.206298828125,-1,-1,-1,-1
129,3,546.9605712890625,275.4582824707031,483.4493408203125,565.7294921875,-1,-1,-1,-1
130,3,490.86407470703125,289.8583984375,547.0040893554688,561.5997314453125,-1,-1,-1,-1
131,3,453.73248291015625,287.5889892578125,600.2688598632812,584.1243896484375,-1,-1,-1,-1
132,3,418.46875,277.1094055175781,611.5347900390625,593.0054931640625,-1,-1,-1,-1
133,3,403.4388122558594,249.21397399902344,580.635498046875,610.6085815429688,-1,-1,-1,-1
134,3,418.8915710449219,227.6099853515625,525.0096435546875,615.9390258789062,-1,-1,-1,-1
135,3,461.83026123046875,218.83277893066406,438.2806396484375,618.7014770507812,-1,-1,-1,-1
136,3,512.0824279785156,213.5137176513672,371.4085388183594,613.0805053710938,-1,-1,-1,-1
137,3,548.2106323242188,204.6166534423828,334.7977294921875,602.55419921875,-1,-1,-1,-1
138,3,611.3623046875,190.14224243164062,314.8377685546875,590.8133544921875,-1,-1,-1,-1
139,3,661.8300170898438,203.26055908203125,318.279541015625,572.4842529296875,-1,-1,-1,-1
140,3,663.7506713867188,213.3909912109375,368.12615966796875,558.7849731445312,-1,-1,-1,-1
141,3,677.3033447265625,251.41329956054688,398.8502197265625,538.9554443359375,-1,-1,-1,-1
142,3,688.9627685546875,269.10601806640625,415.1492919921875,532.6956787109375,-1,-1,-1,-1
143,3,684.3994140625,246.95486450195312,412.470458984375,537.1912841796875,-1,-1,-1,-1
144,3,711.3737182617188,196.34307861328125,357.54205322265625,550.4004516601562,-1,-1,-1,-1
145,3,749.3558349609375,159.53880310058594,279.32080078125,550.4873046875,-1,-1,-1,-1
146,3,783.4808959960938,159.6055908203125,259.10455322265625,540.0516357421875,-1,-1,-1,-1
147,3,797.47216796875,178.57086181640625,257.876220703125,525.169677734375,-1,-1,-1,-1
148,3,807.2694091796875,187.61712646484375,267.53564453125,513.412109375,-1,-1,-1,-1
149,3,807.656982421875,205.10165405273438,282.3048095703125,502.8939514160156,-1,-1,-1,-1
150,3,789.9157104492188,227.88290405273438,297.05035400390625,493.0152282714844,-1,-1,-1,-1
151,3,762.6956787109375,274.984375,324.36767578125,475.89910888671875,-1,-1,-1,-1
152,3,727.06787109375,310.94183349609375,371.5390625,470.06097412109375,-1,-1,-1,-1
153,3,705.8673706054688,305.6949768066406,346.34893798828125,471.8921203613281,-1,-1,-1,-1
154,3,682.6054077148438,309.3863220214844,332.1466064453125,466.7547912597656,-1,-1,-1,-1
155,3,672.253173828125,306.5978698730469,320.839111328125,463.4886169433594,-1,-1,-1,-1
156,3,650.21923828125,297.1475830078125,317.62896728515625,463.60577392578125,-1,-1,-1,-1
157,3,648.7860717773438,331.0029296875,306.28857421875,456.385498046875,-1,-1,-1,-1
158,3,637.2726440429688,371.7035217285156,316.47344970703125,444.9403381347656,-1,-1,-1,-1
159,3,646.9338989257812,429.4908447265625,339.4088134765625,427.7030029296875,-1,-1,-1,-1
160,3,659.3468017578125,486.3964538574219,359.6875,418.0837707519531,-1,-1,-1,-1
161,3,672.283935546875,483.595703125,373.3756103515625,427.0711669921875,-1,-1,-1,-1
162,3,667.4712524414062,445.15435791015625,375.31121826171875,440.3675537109375,-1,-1,-1,-1
163,3,677.2224731445312,462.99884033203125,362.69683837890625,452.84234619140625,-1,-1,-1,-1
164,3,671.2286376953125,507.33013916015625,390.0345458984375,452.23651123046875,-1,-1,-1,-1
165,3,674.8067016601562,533.8391723632812,396.01898193359375,448.8963623046875,-1,-1,-1,-1
166,3,648.985107421875,543.820556640625,426.072265625,459.11614990234375,-1,-1,-1,-1
167,3,593.5574951171875,531.8460693359375,496.1798095703125,489.02752685546875,-1,-1,-1,-1
168,3,633.1735229492188,501.5587158203125,572.5938110351562,529.15087890625,-1,-1,-1,-1
63,4,776.1142578125,441.0352478027344,33.95318603515625,55.136260986328125,-1,-1,-1,-1
64,4,806.3862915039062,424.7154235839844,32.09747314453125,55.6707763671875,-1,-1,-1,-1
65,4,835.7330322265625,408.2851257324219,32.220947265625,57.8646240234375,-1,-1,-1,-1
66,4,859.3341674804688,405.2182312011719,28.45233154296875,59.573974609375,-1,-1,-1,-1
67,4,871.7587890625,420.93121337890625,27.84893798828125,57.150238037109375,-1,-1,-1,-1
68,4,876.6475830078125,448.4876403808594,29.24072265625,60.631317138671875,-1,-1,-1,-1
69,4,897.6615600585938,443.39996337890625,27.54962158203125,57.530426025390625,-1,-1,-1,-1
70,4,935.452880859375,428.3825988769531,28.54083251953125,55.828521728515625,-1,-1,-1,-1
71,4,963.5489501953125,406.271728515625,28.30999755859375,58.7958984375,-1,-1,-1,-1
72,4,934.7952880859375,388.9388732910156,27.22149658203125,51.621124267578125,-1,-1,-1,-1
73,4,953.0572509765625,398.05987548828125,27.9034423828125,59.042877197265625,-1,-1,-1,-1
74,4,976.5797119140625,407.4051818847656,26.8779296875,53.257904052734375,-1,-1,-1,-1
75,4,1001.8480834960938,414.4737243652344,26.83013916015625,55.687713623046875,-1,-1,-1,-1
76,4,994.85009765625,410.7232666015625,28.4798583984375,60.774139404296875,-1,-1,-1,-1
77,4,975.7991333007812,396.83251953125,34.63311767578125,70.5406494140625,-1,-1,-1,-1
78,4,976.7761840820312,400.05731201171875,28.21734619140625,57.44952392578125,-1,-1,-1,-1
79,4,981.7354736328125,405.15838623046875,26.73638916015625,61.181365966796875,-1,-1,-1,-1
80,4,973.4750366210938,390.13818359375,30.46466064453125,63.863433837890625,-1,-1,-1,-1
82,4,973.0179443359375,328.81011962890625,31.67413330078125,66.03546142578125,-1,-1,-1,-1
83,4,991.0281982421875,345.3148498535156,29.20611572265625,65.56097412109375,-1,-1,-1,-1
84,4,976.4900512695312,371.76739501953125,28.08709716796875,61.067718505859375,-1,-1,-1,-1
85,4,964.6923217773438,393.21673583984375,27.616455078125,58.713165283203125,-1,-1,-1,-1
86,4,972.6441040039062,425.1877136230469,25.9307861328125,58.9541015625,-1,-1,-1,-1
87,4,988.1452026367188,423.6886291503906,29.21331787109375,62.902099609375,-1,-1,-1,-1
88,4,1013.9408569335938,440.6952209472656,30.23382568359375,68.68603515625,-1,-1,-1,-1
89,4,1052.1884765625,440.4020080566406,27.957763671875,63.71270751953125,-1,-1,-1,-1
90,4,1056.650634765625,442.5674743652344,30.0858154296875,72.30197143554688,-1,-1,-1,-1
91,4,1063.568115234375,442.72528076171875,28.2222900390625,63.865142822265625,-1,-1,-1,-1
92,4,1072.8056640625,434.346923828125,27.2005615234375,65.0350341796875,-1,-1,-1,-1
93,4,1097.021728515625,428.1282043457031,29.08203125,73.4837646484375,-1,-1,-1,-1
94,4,1129.0887451171875,425.5828552246094,31.176513671875,71.37081909179688,-1,-1,-1,-1
95,4,1155.29541015625,399.87420654296875,34.3748779296875,75.73809814453125,-1,-1,-1,-1
96,4,1192.0130615234375,411.9672546386719,30.9466552734375,64.73391723632812,-1,-1,-1,-1
134,5,504.795654296875,380.49664306640625,33.71435546875,55.960296630859375,-1,-1,-1,-1
135,5,550.8742065429688,386.06890869140625,35.443115234375,55.48712158203125,-1,-1,-1,-1
136,5,591.5309448242188,386.7022705078125,33.88055419921875,50.61749267578125,-1,-1,-1,-1
137,5,581.8792724609375,432.0946960449219,69.10980224609375,75.161865234375,-1,-1,-1,-1
135,6,-67.18650817871094,525.44482421875,221.71200561523438,385.9918212890625,-1,-1,-1,-1
136,6,-9.755290031433105,534.66552734375,199.63653564453125,377.529052734375,-1,-1,-1,-1
137,6,-2.7537755966186523,540.610107421875,226.73989868164062,368.8643798828125,-1,-1,-1,-1
138,6,10.294100761413574,507.6354675292969,260.7637023925781,353.6838684082031,-1,-1,-1,-1
139,6,79.67388153076172,485.2346496582031,256.24578857421875,351.6026916503906,-1,-1,-1,-1
140,6,139.09219360351562,491.31280517578125,253.93252563476562,344.859619140625,-1,-1,-1,-1
141,6,194.1398468017578,513.1823120117188,243.9840545654297,338.93658447265625,-1,-1,-1,-1
142,6,252.84564208984375,514.5343627929688,232.62579345703125,333.2237548828125,-1,-1,-1,-1
143,6,308.5865783691406,488.8775634765625,223.26693725585938,332.68310546875,-1,-1,-1,-1
144,6,362.5499267578125,433.3981018066406,210.29559326171875,338.5606384277344,-1,-1,-1,-1
145,6,402.3443603515625,385.17364501953125,203.251220703125,345.75164794921875,-1,-1,-1,-1
146,6,441.3690490722656,363.80303955078125,189.26144409179688,353.0743408203125,-1,-1,-1,-1
147,6,474.6364440917969,362.91925048828125,181.25491333007812,355.34564208984375,-1,-1,-1,-1
148,6,506.44879150390625,353.0502624511719,178.6827392578125,357.8548889160156,-1,-1,-1,-1
149,6,534.0090942382812,346.31201171875,174.10150146484375,361.90826416015625,-1,-1,-1,-1
150,6,546.2968139648438,347.1314392089844,171.40594482421875,368.6387634277344,-1,-1,-1,-1
151,6,547.79736328125,374.59014892578125,169.99951171875,370.60626220703125,-1,-1,-1,-1
152,6,551.1356811523438,403.18035888671875,169.37384033203125,373.73785400390625,-1,-1,-1,-1
153,6,544.5787353515625,392.9456787109375,176.95263671875,382.78857421875,-1,-1,-1,-1
154,6,543.4056396484375,386.9126281738281,186.24200439453125,395.8460388183594,-1,-1,-1,-1
155,6,539.8684692382812,375.7841796875,195.44207763671875,412.0006103515625,-1,-1,-1,-1
156,6,531.3221435546875,364.04083251953125,212.7847900390625,419.659912109375,-1,-1,-1,-1
157,6,532.1466064453125,384.1681213378906,229.6246337890625,425.0735168457031,-1,-1,-1,-1
158,6,542.6983032226562,405.4460754394531,217.45660400390625,434.2803649902344,-1,-1,-1,-1
159,6,561.8109741210938,437.98187255859375,201.440185546875,440.9234619140625,-1,-1,-1,-1
160,6,575.7879638671875,487.8546142578125,204.19342041015625,440.761962890625,-1,-1,-1,-1
161,6,592.9736328125,470.87384033203125,223.816162109375,454.7186279296875,-1,-1,-1,-1
162,6,590.8104858398438,425.420166015625,215.11260986328125,468.960693359375,-1,-1,-1,-1
163,6,587.8724975585938,434.49114990234375,208.54449462890625,481.86846923828125,-1,-1,-1,-1
164,6,583.4965209960938,486.4267883300781,214.21661376953125,479.0006408691406,-1,-1,-1,-1
165,6,564.4852294921875,499.7366027832031,281.6751708984375,493.6932678222656,-1,-1,-1,-1
166,6,531.3818969726562,503.80731201171875,333.33966064453125,507.5419921875,-1,-1,-1,-1
167,6,496.6344909667969,498.6261291503906,326.4345397949219,529.1123046875,-1,-1,-1,-1
168,6,487.0770263671875,480.887939453125,358.21148681640625,551.1043701171875,-1,-1,-1,-1
