1,1,581.3329467773438,387.09716796875,113.29339599609375,298.2598876953125,-1,-1,-1,-1
2,1,430.2295837402344,413.9226379394531,132.49160766601562,305.4828796386719,-1,-1,-1,-1
3,1,614.8603515625,488.4268798828125,68.05718994140625,176.9202880859375,-1,-1,-1,-1
4,1,867.36376953125,553.50732421875,32.915771484375,62.22064208984375,-1,-1,-1,-1
5,1,790.903076171875,538.0672607421875,28.7388916015625,56.7176513671875,-1,-1,-1,-1
1,2,-82.87122344970703,380.2271728515625,422.1057434082031,793.0081787109375,-1,-1,-1,-1
2,2,-157.73114013671875,445.1747741699219,373.05621337890625,677.5145263671875,-1,-1,-1,-1
3,2,243.3465576171875,448.7228698730469,161.59689331054688,324.7695617675781,-1,-1,-1,-1
4,2,456.11492919921875,497.5863952636719,117.8421630859375,218.36111450195312,-1,-1,-1,-1
5,2,415.15673828125,509.4371032714844,33.78692626953125,84.47000122070312,-1,-1,-1,-1
6,2,394.2976379394531,500.7519836425781,34.3619384765625,92.52926635742188,-1,-1,-1,-1
7,2,422.8484802246094,500.50567626953125,38.9940185546875,94.003662109375,-1,-1,-1,-1
8,2,547.2340698242188,472.4608459472656,154.58740234375,104.26730346679688,-1,-1,-1,-1
10,2,505.5602111816406,413.00640869140625,72.84384155273438,135.061767578125,-1,-1,-1,-1
11,2,677.3679809570312,514.9168090820312,23.509765625,44.29608154296875,-1,-1,-1,-1
12,2,726.4490966796875,521.234375,24.312255859375,59.50079345703125,-1,-1,-1,-1
13,2,717.3951416015625,544.9363403320312,22.79052734375,53.473876953125,-1,-1,-1,-1
14,2,675.772216796875,561.4993286132812,21.270751953125,45.17254638671875,-1,-1,-1,-1
15,2,557.1431274414062,566.3989868164062,35.6002197265625,61.37908935546875,-1,-1,-1,-1
17,2,687.9759521484375,537.0309448242188,59.50518798828125,108.9163818359375,-1,-1,-1,-1
18,2,619.20654296875,530.3401489257812,119.5369873046875,97.62396240234375,-1,-1,-1,-1
19,2,673.43310546875,541.1354370117188,28.14007568359375,59.85333251953125,-1,-1,-1,-1
20,2,635.5335693359375,551.0867919921875,27.1573486328125,58.3819580078125,-1,-1,-1,-1
21,2,626.181396484375,567.7288818359375,27.29766845703125,57.34234619140625,-1,-1,-1,-1
22,2,633.17919921875,569.8052978515625,27.2381591796875,57.37591552734375,-1,-1,-1,-1
23,2,649.18896484375,560.3262939453125,25.325927734375,58.35015869140625,-1,-1,-1,-1
24,2,665.5018920898438,554.0798950195312,26.02496337890625,58.366455078125,-1,-1,-1,-1
25,2,677.277587890625,544.4447631835938,26.52020263671875,59.0413818359375,-1,-1,-1,-1
26,2,677.2570190429688,528.2518310546875,26.42193603515625,56.7103271484375,-1,-1,-1,-1
27,2,662.4024658203125,514.6883544921875,27.16290283203125,59.44677734375,-1,-1,-1,-1
28,2,638.1127319335938,487.2310485839844,35.4539794921875,80.59884643554688,-1,-1,-1,-1
31,2,620.6785888671875,493.8771057128906,29.28778076171875,60.123931884765625,-1,-1,-1,-1
32,2,605.3198852539062,508.2790832519531,25.71844482421875,53.851043701171875,-1,-1,-1,-1
33,2,590.7228393554688,532.5057983398438,23.55560302734375,50.037109375,-1,-1,-1,-1
34,2,573.2418212890625,533.7421875,25.838134765625,59.388671875,-1,-1,-1,-1
35,2,551.0564575195312,545.3954467773438,22.83172607421875,50.2919921875,-1,-1,-1,-1
36,2,525.9540405273438,535.5972900390625,25.374267578125,46.8094482421875,-1,-1,-1,-1
37,2,509.1162109375,505.40142822265625,25.841796875,48.8743896484375,-1,-1,-1,-1
38,2,497.91802978515625,497.7200927734375,26.003173828125,48.1695556640625,-1,-1,-1,-1
39,2,486.0581359863281,498.7125244140625,26.346466064453125,46.4427490234375,-1,-1,-1,-1
40,2,491.2345886230469,452.4793395996094,29.071075439453125,55.12249755859375,-1,-1,-1,-1
41,2,485.4183044433594,441.3348083496094,27.6390380859375,51.54241943359375,-1,-1,-1,-1
42,2,488.3456115722656,417.5125427246094,31.253204345703125,54.333282470703125,-1,-1,-1,-1
3,3,1131.4658203125,437.707275390625,235.757568359375,547.9344482421875,-1,-1,-1,-1
4,3,987.240478515625,442.66705322265625,210.33154296875,498.18292236328125,-1,-1,-1,-1
5,3,906.5971069335938,422.2262268066406,191.77386474609375,476.2393493652344,-1,-1,-1,-1
6,3,877.1524658203125,407.36016845703125,195.3157958984375,460.86663818359375,-1,-1,-1,-1
7,3,877.593017578125,423.1304931640625,214.7188720703125,445.4735107421875,-1,-1,-1,-1
8,3,983.4678955078125,430.3212585449219,294.4718017578125,458.4116516113281,-1,-1,-1,-1
9,3,754.0772705078125,365.65185546875,359.6512451171875,457.42572021484375,-1,-1,-1,-1
4,4,74.186279296875,466.8470458984375,190.35931396484375,355.680419921875,-1,-1,-1,-1
5,4,266.4053039550781,463.17218017578125,254.24856567382812,314.03912353515625,-1,-1,-1,-1
7,4,421.638916015625,504.4536437988281,41.1717529296875,91.58877563476562,-1,-1,-1,-1
8,4,568.627685546875,473.42498779296875,86.5107421875,99.2738037109375,-1,-1,-1,-1
9,4,480.1805419921875,403.1686706542969,149.43304443359375,243.89547729492188,-1,-1,-1,-1
10,4,347.6307067871094,404.38275146484375,160.491943359375,270.41796875,-1,-1,-1,-1
11,4,545.6824340820312,493.90972900390625,53.60064697265625,149.8203125,-1,-1,-1,-1
14,4,556.569091796875,588.4172973632812,33.4224853515625,55.55780029296875,-1,-1,-1,-1
15,4,436.10595703125,507.58233642578125,36.835784912109375,77.90557861328125,-1,-1,-1,-1
18,4,508.4493408203125,561.3583984375,40.427978515625,94.2154541015625,-1,-1,-1,-1
4,5,870.1491088867188,554.8128662109375,35.1475830078125,62.95257568359375,-1,-1,-1,-1
5,5,794.2296142578125,540.8339233398438,28.910400390625,60.172119140625,-1,-1,-1,-1
6,5,771.8150024414062,527.163818359375,27.8126220703125,59.1397705078125,-1,-1,-1,-1
7,5,793.6069946289062,536.5745239257812,27.23614501953125,52.39459228515625,-1,-1,-1,-1
8,5,922.9500732421875,501.13958740234375,57.6910400390625,59.64544677734375,-1,-1,-1,-1
11,5,830.3331909179688,420.7082214355469,147.5179443359375,256.6481018066406,-1,-1,-1,-1
5,6,-7.560327529907227,474.77642822265625,192.444580078125,373.79119873046875,-1,-1,-1,-1
6,6,-7.702053070068359,480.9239196777344,182.54458618164062,371.9598083496094,-1,-1,-1,-1
7,6,-0.7197465896606445,471.35357666015625,210.10462951660156,364.710205078125,-1,-1,-1,-1
8,6,175.88571166992188,418.3703308105469,210.84140014648438,336.7136535644531,-1,-1,-1,-1
9,6,478.80731201171875,388.0412292480469,160.12115478515625,307.5008850097656,-1,-1,-1,-1
10,6,321.955322265625,525.3971557617188,161.009521484375,285.86151123046875,-1,-1,-1,-1
11,6,302.0779724121094,384.0165100097656,355.1615295410156,652.6051025390625,-1,-1,-1,-1
12,6,361.7771301269531,366.80877685546875,367.3881530761719,796.6975708007812,-1,-1,-1,-1
6,7,704.6510009765625,525.6203002929688,25.91107177734375,59.6793212890625,-1,-1,-1,-1
7,7,725.8702392578125,529.0390625,25.485595703125,53.4039306640625,-1,-1,-1,-1
8,7,911.9354858398438,499.0318908691406,67.27056884765625,63.812164306640625,-1,-1,-1,-1
10,8,115.87968444824219,312.35736083984375,417.45404052734375,914.5320434570312,-1,-1,-1,-1
11,8,299.23150634765625,333.1402893066406,365.06671142578125,888.4957275390625,-1,-1,-1,-1
12,8,363.9783935546875,354.01593017578125,356.63720703125,896.7396850585938,-1,-1,-1,-1
13,8,350.1322021484375,369.5738220214844,379.22137451171875,910.131103515625,-1,-1,-1,-1
14,8,263.18011474609375,377.4814147949219,439.5784912109375,942.927490234375,-1,-1,-1,-1
15,8,88.80208587646484,390.53839111328125,536.1350708007812,978.1600952148438,-1,-1,-1,-1
16,8,-33.73332977294922,432.395751953125,563.5422973632812,988.237060546875,-1,-1,-1,-1
17,8,137.1565399169922,251.77406311035156,438.3074951171875,886.71484375,-1,-1,-1,-1
18,8,434.82177734375,540.1292724609375,144.101806640625,217.7335205078125,-1,-1,-1,-1
19,8,674.3151245117188,540.2117309570312,25.4736328125,58.49688720703125,-1,-1,-1,-1
11,9,876.3792724609375,395.696533203125,115.1058349609375,314.53497314453125,-1,-1,-1,-1
12,9,930.6546020507812,407.10943603515625,118.42950439453125,316.93743896484375,-1,-1,-1,-1
13,9,917.5421752929688,419.9009704589844,122.36065673828125,315.0114440917969,-1,-1,-1,-1
14,9,868.1614990234375,434.7032775878906,126.29638671875,312.5970764160156,-1,-1,-1,-1
15,9,751.3306884765625,453.0418701171875,128.87451171875,303.927734375,-1,-1,-1,-1
16,9,555.3433837890625,488.0246887207031,153.6839599609375,300.7525329589844,-1,-1,-1,-1
17,9,659.5282592773438,521.7306518554688,199.01611328125,248.93121337890625,-1,-1,-1,-1
18,9,763.888427734375,525.4439697265625,108.90155029296875,104.687744140625,-1,-1,-1,-1
19,9,809.4276733398438,533.3126220703125,70.11053466796875,61.2891845703125,-1,-1,-1,-1
20,9,751.71044921875,528.228515625,106.409423828125,178.95965576171875,-1,-1,-1,-1
24,9,734.8512573242188,528.0406494140625,65.87261962890625,170.2581787109375,-1,-1,-1,-1
25,9,735.67138671875,523.1705322265625,57.69439697265625,145.54010009765625,-1,-1,-1,-1
26,9,728.064208984375,518.254150390625,36.18621826171875,81.67791748046875,-1,-1,-1,-1
29,9,588.890869140625,423.1293640136719,160.41363525390625,292.0967712402344,-1,-1,-1,-1
30,9,518.4716796875,394.9273986816406,201.4041748046875,335.4041442871094,-1,-1,-1,-1
31,9,471.7132873535156,430.7144775390625,200.59548950195312,290.4757080078125,-1,-1,-1,-1
32,9,396.30999755859375,441.4504699707031,260.1783447265625,332.2839050292969,-1,-1,-1,-1
33,9,352.0593566894531,471.9642639160156,236.90902709960938,353.2245178222656,-1,-1,-1,-1
34,9,309.0682067871094,480.969482421875,211.35665893554688,390.5399169921875,-1,-1,-1,-1
35,9,251.65777587890625,524.4623413085938,228.60321044921875,295.534912109375,-1,-1,-1,-1
36,9,180.5850830078125,497.89410400390625,232.87713623046875,343.72894287109375,-1,-1,-1,-1
37,9,79.9244384765625,475.473876953125,293.9149475097656,362.73760986328125,-1,-1,-1,-1
17,10,1145.4803466796875,387.7146301269531,220.3648681640625,510.2233581542969,-1,-1,-1,-1
18,10,924.2286376953125,381.0667419433594,213.3121337890625,450.9286193847656,-1,-1,-1,-1
19,10,792.8016357421875,390.95147705078125,214.263916015625,436.2908935546875,-1,-1,-1,-1
20,10,739.99267578125,415.44635009765625,210.54736328125,433.51141357421875,-1,-1,-1,-1
21,10,725.8809814453125,454.8436584472656,212.02557373046875,425.5703430175781,-1,-1,-1,-1
22,10,722.8798828125,478.83819580078125,206.83740234375,407.51275634765625,-1,-1,-1,-1
23,10,732.1312255859375,487.53131103515625,191.14361572265625,389.69427490234375,-1,-1,-1,-1
24,10,735.9057006835938,490.30462646484375,177.18243408203125,380.20947265625,-1,-1,-1,-1
25,10,710.4287719726562,479.4273986816406,180.29461669921875,382.3889465332031,-1,-1,-1,-1
26,10,676.9362182617188,449.2655334472656,181.21246337890625,395.2388000488281,-1,-1,-1,-1
27,10,665.3118286132812,417.42425537109375,178.92767333984375,413.4500732421875,-1,-1,-1,-1
28,10,625.5872192382812,387.82470703125,182.24267578125,431.45855712890625,-1,-1,-1,-1
29,10,571.052978515625,376.95318603515625,188.516357421875,435.4090576171875,-1,-1,-1,-1
30,10,501.11492919921875,381.20947265625,229.95263671875,435.33056640625,-1,-1,-1,-1
31,10,451.05047607421875,387.50042724609375,250.09832763671875,440.80914306640625,-1,-1,-1,-1
32,10,392.5943298339844,413.7793273925781,277.7770080566406,438.5927429199219,-1,-1,-1,-1
33,10,349.7988586425781,460.0029602050781,275.2403869628906,417.5341491699219,-1,-1,-1,-1
34,10,300.3138427734375,477.8333740234375,252.788818359375,418.8031005859375,-1,-1,-1,-1
35,10,234.0475616455078,489.3369140625,258.7216796875,420.96209716796875,-1,-1,-1,-1
36,10,136.68907165527344,474.5465393066406,287.79803466796875,432.8451232910156,-1,-1,-1,-1
37,10,72.14122009277344,457.7912902832031,305.2991943359375,427.5526428222656,-1,-1,-1,-1
38,10,23.264463424682617,464.7862548828125,310.9443359375,416.9451904296875,-1,-1,-1,-1
39,10,-6.238293647766113,490.8698425292969,292.37286376953125,395.9281311035156,-1,-1,-1,-1
40,10,-33.494529724121094,451.6832275390625,285.3186340332031,398.6712646484375,-1,-1,-1,-1
41,10,-52.064109802246094,437.0408020019531,259.9571838378906,410.5148620605469,-1,-1,-1,-1
42,10,-63.60871887207031,432.91094970703125,250.94334411621094,408.5894775390625,-1,-1,-1,-1
43,10,-10.872047424316406,459.9828186035156,244.72274780273438,358.8182067871094,-1,-1,-1,-1
44,10,71.22895812988281,421.73870849609375,252.49864196777344,372.62213134765625,-1,-1,-1,-1
45,10,202.33935546875,450.932861328125,229.14743041992188,337.6092529296875,-1,-1,-1,-1
46,10,303.40936279296875,452.19049072265625,210.22189331054688,319.4132080078125,-1,-1,-1,-1
47,10,359.81097412109375,473.16094970703125,203.57513427734375,296.57818603515625,-1,-1,-1,-1
48,10,361.27996826171875,470.85101318359375,217.07012939453125,291.16485595703125,-1,-1,-1,-1
49,10,338.9169616699219,492.25946044921875,222.82571411132812,279.10089111328125,-1,-1,-1,-1
50,10,248.75384521484375,512.3959655761719,278.7030029296875,267.9383850097656,-1,-1,-1,-1
51,10,221.07485961914062,533.0942993164062,269.8583068847656,264.3658447265625,-1,-1,-1,-1
52,10,215.26388549804688,551.3751831054688,248.5484619140625,267.61785888671875,-1,-1,-1,-1
53,10,248.23216247558594,563.9005126953125,227.5122833251953,269.24468994140625,-1,-1,-1,-1
54,10,307.24432373046875,538.8084716796875,220.57879638671875,270.266845703125,-1,-1,-1,-1
55,10,351.5572204589844,532.1486206054688,196.09786987304688,275.29254150390625,-1,-1,-1,-1
56,10,447.1155700683594,529.6856689453125,130.52005004882812,260.09356689453125,-1,-1,-1,-1
57,10,468.4952087402344,531.2675170898438,138.62759399414062,248.1566162109375,-1,-1,-1,-1
58,10,459.94232177734375,559.6415405273438,172.901611328125,222.99151611328125,-1,-1,-1,-1
59,10,449.310791015625,579.6171264648438,178.35821533203125,221.96221923828125,-1,-1,-1,-1
60,10,431.5772705078125,577.8377685546875,186.11431884765625,218.25152587890625,-1,-1,-1,-1
61,10,443.8131408691406,584.017822265625,172.02615356445312,217.21551513671875,-1,-1,-1,-1
62,10,446.4928283691406,574.48583984375,170.48861694335938,215.1470947265625,-1,-1,-1,-1
63,10,479.11395263671875,561.639892578125,160.82318115234375,208.1651611328125,-1,-1,-1,-1
64,10,503.6270751953125,566.7608642578125,168.7840576171875,199.19818115234375,-1,-1,-1,-1
65,10,519.502197265625,584.3125,171.1478271484375,183.1163330078125,-1,-1,-1,-1
66,10,558.3907470703125,601.2095336914062,149.1531982421875,174.5162353515625,-1,-1,-1,-1
67,10,583.4483032226562,603.9693603515625,141.54559326171875,169.564453125,-1,-1,-1,-1
68,10,604.5745849609375,591.6878662109375,139.462158203125,165.9052734375,-1,-1,-1,-1
69,10,624.591064453125,579.4366455078125,138.0240478515625,166.149169921875,-1,-1,-1,-1
70,10,641.357177734375,559.3938598632812,119.7049560546875,172.813232421875,-1,-1,-1,-1
71,10,646.5557250976562,542.1513671875,98.0062255859375,175.69842529296875,-1,-1,-1,-1
72,10,628.9306030273438,526.6214599609375,85.00360107421875,176.13165283203125,-1,-1,-1,-1
73,10,597.1389770507812,515.431884765625,81.13067626953125,175.6875,-1,-1,-1,-1
74,10,562.8424682617188,507.7066345214844,83.2548828125,170.85025024414062,-1,-1,-1,-1
75,10,534.8156127929688,492.6991271972656,84.5303955078125,171.42977905273438,-1,-1,-1,-1
76,10,514.8405151367188,487.46429443359375,80.2989501953125,166.9049072265625,-1,-1,-1,-1
77,10,490.63323974609375,473.304931640625,79.99298095703125,172.10382080078125,-1,-1,-1,-1
78,10,456.412841796875,461.7881164550781,91.9061279296875,176.65145874023438,-1,-1,-1,-1
79,10,434.8316345214844,427.9093933105469,113.64566040039062,175.19766235351562,-1,-1,-1,-1
80,10,419.7725524902344,398.0240478515625,117.44760131835938,177.982421875,-1,-1,-1,-1
81,10,435.7532958984375,402.7212219238281,111.7271728515625,182.81234741210938,-1,-1,-1,-1
82,10,470.11920166015625,426.7653503417969,105.81982421875,186.26736450195312,-1,-1,-1,-1
83,10,494.76031494140625,450.2366943359375,108.05755615234375,191.5516357421875,-1,-1,-1,-1
84,10,510.2896728515625,463.14337158203125,113.693359375,195.5467529296875,-1,-1,-1,-1
85,10,529.1017456054688,463.593017578125,108.58966064453125,196.0712890625,-1,-1,-1,-1
86,10,540.63671875,455.4447937011719,104.280517578125,204.93734741210938,-1,-1,-1,-1
87,10,549.3517456054688,441.5581359863281,101.009033203125,209.78018188476562,-1,-1,-1,-1
88,10,576.6331176757812,435.95654296875,89.56268310546875,200.1729736328125,-1,-1,-1,-1
89,10,582.7966918945312,420.85369873046875,84.85784912109375,199.21209716796875,-1,-1,-1,-1
90,10,590.5745849609375,399.60479736328125,84.99517822265625,200.59063720703125,-1,-1,-1,-1
91,10,620.8341064453125,368.62872314453125,85.78607177734375,213.23883056640625,-1,-1,-1,-1
92,10,659.8092651367188,350.44085693359375,81.94482421875,224.39117431640625,-1,-1,-1,-1
93,10,695.3220825195312,343.8525390625,94.755859375,236.6488037109375,-1,-1,-1,-1
94,10,735.6715698242188,360.07965087890625,102.48797607421875,230.5404052734375,-1,-1,-1,-1
95,10,762.6692504882812,367.3818054199219,110.79254150390625,230.04409790039062,-1,-1,-1,-1
96,10,764.0712890625,376.2129821777344,120.86468505859375,238.22091674804688,-1,-1,-1,-1
97,10,757.1005249023438,404.62677001953125,127.427001953125,238.06549072265625,-1,-1,-1,-1
98,10,788.0689697265625,457.3523864746094,96.97393798828125,192.73880004882812,-1,-1,-1,-1
99,10,800.4041137695312,480.42742919921875,106.06854248046875,201.456787109375,-1,-1,-1,-1
100,10,845.180908203125,501.5162048339844,121.59332275390625,211.83853149414062,-1,-1,-1,-1
17,11,310.0489196777344,538.02783203125,197.50238037109375,322.350341796875,-1,-1,-1,-1
18,11,462.3446044921875,545.0825805664062,117.36920166015625,205.53717041015625,-1,-1,-1,-1
18,12,81.1039047241211,590.1134033203125,244.69412231445312,354.285888671875,-1,-1,-1,-1
19,12,322.1233825683594,539.1360473632812,293.1189270019531,307.0157470703125,-1,-1,-1,-1
19,13,729.8814086914062,525.2948608398438,38.02264404296875,56.70654296875,-1,-1,-1,-1
20,13,698.3604736328125,544.3897094726562,30.38226318359375,53.7305908203125,-1,-1,-1,-1
21,13,694.4080810546875,564.9397583007812,24.2935791015625,48.71466064453125,-1,-1,-1,-1
22,13,700.3886108398438,563.95556640625,24.542236328125,52.849609375,-1,-1,-1,-1
23,13,716.20751953125,559.0349731445312,23.46478271484375,50.53326416015625,-1,-1,-1,-1
24,13,716.8160400390625,547.737548828125,20.3116455078125,38.271240234375,-1,-1,-1,-1
25,13,728.1279296875,538.07666015625,20.716796875,38.03973388671875,-1,-1,-1,-1
19,14,-35.44049835205078,612.6484985351562,254.010498046875,372.06182861328125,-1,-1,-1,-1
20,14,-65.14271545410156,620.0308227539062,237.83242797851562,381.35821533203125,-1,-1,-1,-1
21,14,-60.906097412109375,610.0252685546875,223.27175903320312,397.9849853515625,-1,-1,-1,-1
22,14,-52.286163330078125,602.8382568359375,219.0651092529297,393.84033203125,-1,-1,-1,-1
23,14,-37.8651123046875,578.6671142578125,227.91424560546875,402.6290283203125,-1,-1,-1,-1
24,14,-2.5295324325561523,565.748779296875,217.24884033203125,397.362548828125,-1,-1,-1,-1
25,14,3.372407913208008,551.1483154296875,222.89114379882812,398.14874267578125,-1,-1,-1,-1
26,14,4.251830101013184,537.3570556640625,220.24078369140625,396.1875,-1,-1,-1,-1
27,14,-5.7977800369262695,538.9222412109375,215.84109497070312,395.890869140625,-1,-1,-1,-1
28,14,-39.700565338134766,540.7965087890625,223.85763549804688,401.6527099609375,-1,-1,-1,-1
29,14,-106.18982696533203,554.9541015625,262.7871398925781,405.6312255859375,-1,-1,-1,-1
30,14,-164.36000061035156,486.8379211425781,332.44537353515625,512.6355895996094,-1,-1,-1,-1
31,14,-150.80538940429688,568.6810302734375,304.6334533691406,442.04833984375,-1,-1,-1,-1
32,14,-142.3937225341797,507.3389587402344,287.8100280761719,510.7994079589844,-1,-1,-1,-1
33,14,-121.51603698730469,595.7613525390625,246.05514526367188,454.5181884765625,-1,-1,-1,-1
34,14,-102.56676483154297,655.8030395507812,208.15594482421875,386.96173095703125,-1,-1,-1,-1
35,14,-93.2841567993164,608.9647827148438,189.59356689453125,364.505859375,-1,-1,-1,-1
39,14,-137.9014892578125,485.5188903808594,279.4088439941406,433.0315856933594,-1,-1,-1,-1
40,14,-147.06838989257812,456.98992919921875,297.8587646484375,406.69146728515625,-1,-1,-1,-1
41,14,-151.5662841796875,441.0306396484375,306.7839050292969,434.8817138671875,-1,-1,-1,-1
42,14,-179.56813049316406,424.043701171875,362.29071044921875,463.4256591796875,-1,-1,-1,-1
33,15,521.2344360351562,535.4003295898438,30.28118896484375,59.14141845703125,-1,-1,-1,-1
34,15,508.1024475097656,551.8677978515625,26.739105224609375,53.1641845703125,-1,-1,-1,-1
35,15,480.5025634765625,551.90283203125,29.07208251953125,58.64227294921875,-1,-1,-1,-1
36,15,454.77587890625,539.7232055664062,30.5120849609375,58.08428955078125,-1,-1,-1,-1
37,15,440.0965270996094,512.6781616210938,29.021759033203125,54.26025390625,-1,-1,-1,-1
38,15,425.9043273925781,502.5367126464844,28.887481689453125,56.359405517578125,-1,-1,-1,-1
39,15,414.6663818359375,507.86993408203125,29.235565185546875,53.9412841796875,-1,-1,-1,-1
40,15,421.9049072265625,461.52001953125,29.22216796875,56.50128173828125,-1,-1,-1,-1
41,15,414.78424072265625,453.77545166015625,28.439056396484375,53.736663818359375,-1,-1,-1,-1
42,15,419.8370056152344,431.23895263671875,29.108612060546875,56.010406494140625,-1,-1,-1,-1
43,15,477.7678527832031,410.544677734375,26.932647705078125,54.671417236328125,-1,-1,-1,-1
44,15,589.7923583984375,410.8898620605469,22.1597900390625,55.04779052734375,-1,-1,-1,-1
45,15,704.5879516601562,436.3863220214844,24.3843994140625,53.08331298828125,-1,-1,-1,-1
46,15,800.2930908203125,455.58251953125,27.30059814453125,55.842132568359375,-1,-1,-1,-1
47,15,863.7639770507812,473.12213134765625,29.38861083984375,57.09033203125,-1,-1,-1,-1
48,15,883.9873046875,464.2832336425781,27.9627685546875,60.149749755859375,-1,-1,-1,-1
49,15,875.6971435546875,468.8023681640625,27.094970703125,56.3116455078125,-1,-1,-1,-1
50,15,849.641357421875,470.6279296875,29.25885009765625,53.65997314453125,-1,-1,-1,-1
51,15,835.9168090820312,481.23529052734375,26.85357666015625,50.07452392578125,-1,-1,-1,-1
52,15,837.620849609375,505.1410217285156,26.896240234375,50.954681396484375,-1,-1,-1,-1
53,15,868.0033569335938,544.1015625,25.8680419921875,51.00408935546875,-1,-1,-1,-1
54,15,931.0699462890625,562.5904541015625,23.96240234375,53.221435546875,-1,-1,-1,-1
55,15,962.8112182617188,596.378173828125,26.25860595703125,52.88287353515625,-1,-1,-1,-1
56,15,1008.8998413085938,593.058837890625,30.79632568359375,59.29083251953125,-1,-1,-1,-1
57,15,1052.39501953125,581.7491455078125,33.6435546875,58.01513671875,-1,-1,-1,-1
58,15,1074.771484375,590.8598022460938,31.5977783203125,58.90289306640625,-1,-1,-1,-1
59,15,1076.7972412109375,621.9087524414062,33.964599609375,68.75311279296875,-1,-1,-1,-1
60,15,1067.5228271484375,637.502197265625,40.249755859375,74.8394775390625,-1,-1,-1,-1
61,15,1063.5616455078125,645.4390869140625,45.044921875,79.3736572265625,-1,-1,-1,-1
62,15,1091.0584716796875,654.2538452148438,29.9521484375,62.97210693359375,-1,-1,-1,-1
63,15,1126.442138671875,647.2405395507812,28.4442138671875,59.964111328125,-1,-1,-1,-1
64,15,1165.7901611328125,648.919189453125,28.1610107421875,63.56097412109375,-1,-1,-1,-1
65,15,1185.29296875,651.851806640625,31.7197265625,62.5426025390625,-1,-1,-1,-1
66,15,1194.568359375,660.1392211914062,28.9541015625,64.39349365234375,-1,-1,-1,-1
67,15,1205.34619140625,656.568359375,31.434814453125,65.1383056640625,-1,-1,-1,-1
68,15,1228.852294921875,655.6163330078125,32.391357421875,61.38494873046875,-1,-1,-1,-1
69,15,1258.778076171875,653.74462890625,33.0732421875,63.04296875,-1,-1,-1,-1
70,15,1285.0062255859375,634.96337890625,32.8831787109375,60.62005615234375,-1,-1,-1,-1
71,15,1291.53564453125,600.3325805664062,30.933349609375,63.62286376953125,-1,-1,-1,-1
72,15,1272.360107421875,580.9056396484375,31.6788330078125,64.8289794921875,-1,-1,-1,-1
73,15,1236.92724609375,558.96826171875,31.19580078125,71.56427001953125,-1,-1,-1,-1
74,15,1200.1077880859375,548.1611938476562,32.6754150390625,67.49200439453125,-1,-1,-1,-1
75,15,1172.6292724609375,533.3287963867188,31.5228271484375,64.50469970703125,-1,-1,-1,-1
76,15,1155.15185546875,515.9598388671875,28.192626953125,63.22320556640625,-1,-1,-1,-1
77,15,1129.943359375,505.61334228515625,31.5140380859375,63.485595703125,-1,-1,-1,-1
78,15,1105.6474609375,508.0943298339844,30.1663818359375,62.502105712890625,-1,-1,-1,-1
79,15,1098.62890625,482.91693115234375,30.974853515625,63.57391357421875,-1,-1,-1,-1
80,15,1098.946533203125,444.49578857421875,32.91650390625,61.12896728515625,-1,-1,-1,-1
81,15,1124.65576171875,440.3998107910156,30.0863037109375,62.965057373046875,-1,-1,-1,-1
82,15,1165.062255859375,455.05401611328125,30.180908203125,63.01239013671875,-1,-1,-1,-1
83,15,1199.499755859375,480.821044921875,31.201416015625,62.11993408203125,-1,-1,-1,-1
84,15,1225.6768798828125,493.7632751464844,31.634033203125,65.38436889648438,-1,-1,-1,-1
85,15,1249.9298095703125,505.34075927734375,29.77783203125,66.41748046875,-1,-1,-1,-1
86,15,1264.1312255859375,525.7066650390625,29.5166015625,66.040283203125,-1,-1,-1,-1
87,15,1274.830810546875,556.5093994140625,30.676025390625,65.05853271484375,-1,-1,-1,-1
88,15,1289.8291015625,599.8919067382812,29.310546875,65.29071044921875,-1,-1,-1,-1
89,15,1296.39111328125,610.5996704101562,32.8035888671875,56.0126953125,-1,-1,-1,-1
90,15,1316.7091064453125,612.1248779296875,30.776611328125,56.268798828125,-1,-1,-1,-1
35,16,532.6323852539062,537.7383422851562,21.8319091796875,38.56768798828125,-1,-1,-1,-1
36,16,509.4878234863281,522.7127075195312,21.646453857421875,41.07513427734375,-1,-1,-1,-1
37,16,495.5518493652344,493.4728088378906,21.496734619140625,42.897064208984375,-1,-1,-1,-1
38,16,482.66845703125,488.1754150390625,23.58819580078125,45.66400146484375,-1,-1,-1,-1
39,16,474.146484375,488.885009765625,20.71282958984375,37.8499755859375,-1,-1,-1,-1
40,16,481.6126708984375,447.60211181640625,23.05609130859375,45.280059814453125,-1,-1,-1,-1
41,16,477.0533752441406,435.85528564453125,21.192962646484375,43.20916748046875,-1,-1,-1,-1
42,16,482.4423522949219,415.0932922363281,27.65765380859375,53.523162841796875,-1,-1,-1,-1
43,16,542.4457397460938,397.98980712890625,33.22552490234375,55.84942626953125,-1,-1,-1,-1
44,16,652.275146484375,401.4579162597656,29.98828125,54.5748291015625,-1,-1,-1,-1
45,16,764.8881225585938,425.1700439453125,29.4031982421875,56.387298583984375,-1,-1,-1,-1
46,16,863.6005249023438,441.8487548828125,31.44134521484375,59.06573486328125,-1,-1,-1,-1
47,16,932.9740600585938,462.82977294921875,27.9991455078125,63.90740966796875,-1,-1,-1,-1
48,16,953.1008911132812,453.6265869140625,26.49090576171875,61.87371826171875,-1,-1,-1,-1
49,16,945.251953125,442.59161376953125,33.87060546875,74.7606201171875,-1,-1,-1,-1
50,16,917.4912719726562,446.58746337890625,27.466064453125,50.849273681640625,-1,-1,-1,-1
51,16,894.0391845703125,464.16131591796875,38.59967041015625,66.29180908203125,-1,-1,-1,-1
52,16,905.5071411132812,490.5122985839844,26.85589599609375,59.034942626953125,-1,-1,-1,-1
53,16,936.2418823242188,534.84814453125,25.46881103515625,58.908447265625,-1,-1,-1,-1
54,16,999.3363647460938,560.32666015625,28.74237060546875,62.8153076171875,-1,-1,-1,-1
55,16,1032.149169921875,591.9772338867188,30.60498046875,63.27276611328125,-1,-1,-1,-1
56,16,1080.5050048828125,594.9212036132812,26.5748291015625,61.45416259765625,-1,-1,-1,-1
57,16,1126.0439453125,589.4575805664062,27.902587890625,60.73175048828125,-1,-1,-1,-1
58,16,1150.427978515625,590.4332885742188,30.1337890625,66.98138427734375,-1,-1,-1,-1
59,16,1159.3424072265625,623.310546875,31.041015625,69.97723388671875,-1,-1,-1,-1
60,16,1157.78759765625,649.7955322265625,33.021484375,69.4622802734375,-1,-1,-1,-1
61,16,1158.755126953125,662.0591430664062,32.671142578125,66.32171630859375,-1,-1,-1,-1
62,16,1169.144775390625,663.3910522460938,32.3201904296875,65.83380126953125,-1,-1,-1,-1
63,16,1204.7830810546875,654.226318359375,32.1519775390625,65.311279296875,-1,-1,-1,-1
64,16,1246.32421875,659.0214233398438,30.9935302734375,65.82659912109375,-1,-1,-1,-1
65,16,1267.095458984375,658.867919921875,32.465576171875,68.1407470703125,-1,-1,-1,-1
66,16,1276.4520263671875,669.2364501953125,31.5467529296875,68.19049072265625,-1,-1,-1,-1
67,16,1285.475830078125,661.7725219726562,33.380859375,75.2708740234375,-1,-1,-1,-1
68,16,1310.3863525390625,669.518310546875,31.7645263671875,68.1435546875,-1,-1,-1,-1
69,16,1338.8507080078125,670.693359375,30.8858642578125,65.2384033203125,-1,-1,-1,-1
70,16,1364.125,645.9970703125,27.7420654296875,69.5701904296875,-1,-1,-1,-1
71,16,1368.1715087890625,616.0191040039062,26.9947509765625,65.63970947265625,-1,-1,-1,-1
72,16,1352.6884765625,596.1298217773438,27.844970703125,66.36639404296875,-1,-1,-1,-1
73,16,1319.0152587890625,574.9876708984375,28.1685791015625,68.459716796875,-1,-1,-1,-1
74,16,1280.1934814453125,548.8539428710938,30.984130859375,80.979736328125,-1,-1,-1,-1
75,16,1252.635986328125,545.5562133789062,30.2001953125,66.068115234375,-1,-1,-1,-1
76,16,1233.53857421875,527.19580078125,29.3563232421875,64.0650634765625,-1,-1,-1,-1
77,16,1209.9072265625,513.6905517578125,29.7784423828125,68.1336669921875,-1,-1,-1,-1
78,16,1183.4381103515625,512.9248657226562,31.06201171875,70.08331298828125,-1,-1,-1,-1
79,16,1175.8909912109375,487.06402587890625,32.92041015625,72.5504150390625,-1,-1,-1,-1
80,16,1177.12060546875,444.19195556640625,34.965576171875,77.548583984375,-1,-1,-1,-1
81,16,1202.004638671875,444.599609375,35.181884765625,69.91741943359375,-1,-1,-1,-1
82,16,1242.869140625,444.1121826171875,36.6767578125,86.47698974609375,-1,-1,-1,-1
83,16,1280.068359375,479.6001281738281,31.300537109375,74.74618530273438,-1,-1,-1,-1
84,16,1306.23388671875,488.02630615234375,30.852294921875,80.237548828125,-1,-1,-1,-1
85,16,1326.6007080078125,500.92919921875,33.282470703125,84.63934326171875,-1,-1,-1,-1
86,16,1341.1614990234375,526.27783203125,31.5560302734375,85.52880859375,-1,-1,-1,-1
87,16,1348.751708984375,554.1141357421875,35.7073974609375,96.3370361328125,-1,-1,-1,-1
88,16,1355.6158447265625,580.5502319335938,50.9031982421875,126.11138916015625,-1,-1,-1,-1
90,16,1366.1683349609375,557.7717895507812,85.8466796875,166.31231689453125,-1,-1,-1,-1
92,16,1311.673095703125,419.3587341308594,195.59814453125,415.0171203613281,-1,-1,-1,-1
44,17,-68.55657958984375,511.9880676269531,217.3451690673828,294.8263854980469,-1,-1,-1,-1
45,17,79.60975646972656,522.8729858398438,197.2200164794922,270.15594482421875,-1,-1,-1,-1
46,17,202.89767456054688,517.6917724609375,166.47100830078125,255.5185546875,-1,-1,-1,-1
47,17,278.40386962890625,516.235595703125,144.89532470703125,243.64849853515625,-1,-1,-1,-1
48,17,298.8099365234375,498.844482421875,133.45687866210938,237.99090576171875,-1,-1,-1,-1
49,17,286.5132141113281,500.0890808105469,136.48062133789062,225.40750122070312,-1,-1,-1,-1
50,17,252.61233520507812,502.17083740234375,179.23486328125,217.52044677734375,-1,-1,-1,-1
51,17,227.79913330078125,529.1859130859375,199.964111328125,200.160888671875,-1,-1,-1,-1
52,17,222.18008422851562,546.5035400390625,215.95138549804688,193.9757080078125,-1,-1,-1,-1
53,17,252.14505004882812,563.7667236328125,223.08657836914062,209.60382080078125,-1,-1,-1,-1
55,18,-293.4478759765625,604.6575927734375,589.92529296875,821.474609375,-1,-1,-1,-1
56,18,-327.33135986328125,509.882080078125,684.02783203125,916.084228515625,-1,-1,-1,-1
57,18,-245.69180297851562,460.56317138671875,632.5240478515625,957.3128051757812,-1,-1,-1,-1
58,18,-207.173095703125,510.99566650390625,568.19482421875,897.0580444335938,-1,-1,-1,-1
59,18,-189.57119750976562,452.5643005371094,587.2181396484375,963.4482421875,-1,-1,-1,-1
60,18,-214.8528289794922,435.48614501953125,604.8416748046875,985.4511108398438,-1,-1,-1,-1
61,18,-220.6703643798828,411.1953125,585.8696899414062,1016.4306640625,-1,-1,-1,-1
62,18,-214.28675842285156,414.4391784667969,558.2351684570312,1001.10205078125,-1,-1,-1,-1
63,18,-204.19314575195312,382.1606750488281,540.025390625,1028.79931640625,-1,-1,-1,-1
64,18,-159.6622772216797,471.29656982421875,486.48248291015625,935.8598022460938,-1,-1,-1,-1
65,18,-76.10174560546875,489.937255859375,392.59954833984375,891.597412109375,-1,-1,-1,-1
66,18,-47.41477584838867,488.7669372558594,344.5190124511719,856.2227783203125,-1,-1,-1,-1
67,18,-61.349700927734375,465.25396728515625,388.4250793457031,946.2672729492188,-1,-1,-1,-1
68,18,-50.83901596069336,437.1023864746094,445.1717834472656,976.2066650390625,-1,-1,-1,-1
69,18,-49.678619384765625,427.18170166015625,484.8531188964844,976.8019409179688,-1,-1,-1,-1
70,18,-22.174297332763672,443.03472900390625,496.10833740234375,915.7587280273438,-1,-1,-1,-1
71,18,-21.639055252075195,455.5574645996094,496.8565979003906,877.2523193359375,-1,-1,-1,-1
72,18,-30.218748092651367,456.0237121582031,479.9964294433594,870.9913330078125,-1,-1,-1,-1
73,18,-71.14271545410156,445.6261901855469,480.14794921875,877.6207275390625,-1,-1,-1,-1
74,18,-53.480377197265625,420.84210205078125,414.7315673828125,966.2186889648438,-1,-1,-1,-1
75,18,-228.46861267089844,366.28082275390625,574.859130859375,1046.4814453125,-1,-1,-1,-1
76,18,-234.21060180664062,393.05279541015625,545.8309326171875,1012.2398071289062,-1,-1,-1,-1
77,18,-237.7770233154297,434.6902160644531,527.443603515625,899.946044921875,-1,-1,-1,-1
78,18,-217.29405212402344,497.17626953125,539.4471435546875,824.9312744140625,-1,-1,-1,-1
79,18,-249.20294189453125,573.030029296875,614.2997436523438,746.82763671875,-1,-1,-1,-1
80,18,-170.36056518554688,617.3915405273438,558.7078857421875,695.7572631835938,-1,-1,-1,-1
81,18,-187.43655395507812,591.4595336914062,597.751708984375,725.8208618164062,-1,-1,-1,-1
82,18,-96.56119537353516,533.537109375,525.3169555664062,790.99609375,-1,-1,-1,-1
83,18,-74.93843078613281,414.253173828125,517.1223754882812,929.10400390625,-1,-1,-1,-1
84,18,-80.05339050292969,420.61376953125,517.170654296875,933.645751953125,-1,-1,-1,-1
85,18,-65.1760482788086,403.3682861328125,494.501708984375,959.2364501953125,-1,-1,-1,-1
86,18,-67.53639221191406,365.69390869140625,517.512939453125,992.3662719726562,-1,-1,-1,-1
87,18,-82.67182159423828,327.67877197265625,579.456787109375,977.5043334960938,-1,-1,-1,-1
88,18,-43.23725128173828,322.1578369140625,565.7826538085938,940.9652099609375,-1,-1,-1,-1
89,18,-32.720252990722656,221.85287475585938,576.2543334960938,1023.2689208984375,-1,-1,-1,-1
90,18,-27.602752685546875,171.74002075195312,569.5718994140625,1051.2767333984375,-1,-1,-1,-1
91,18,22.331466674804688,137.20480346679688,511.68133544921875,1025.868408203125,-1,-1,-1,-1
92,18,93.99533081054688,101.328125,434.5012512207031,1021.4647216796875,-1,-1,-1,-1
93,18,159.9443359375,82.63953399658203,373.3509521484375,1024.7064208984375,-1,-1,-1,-1
94,18,247.0874481201172,90.63289642333984,357.35382080078125,1018.7108764648438,-1,-1,-1,-1
95,18,335.8312072753906,92.68478393554688,386.8424377441406,1022.8077392578125,-1,-1,-1,-1
96,18,387.89080810546875,116.16590118408203,427.183349609375,1023.6116943359375,-1,-1,-1,-1
97,18,408.42315673828125,173.36721801757812,472.97821044921875,1010.124755859375,-1,-1,-1,-1
98,18,421.9876403808594,251.44546508789062,500.2463684082031,993.098388671875,-1,-1,-1,-1
99,18,433.0229187011719,287.37445068359375,537.0711669921875,972.6738891601562,-1,-1,-1,-1
100,18,458.25714111328125,322.809326171875,559.9413452148438,938.306884765625,-1,-1,-1,-1
101,18,528.772705078125,371.99273681640625,529.320556640625,895.1141967773438,-1,-1,-1,-1
102,18,621.3512573242188,411.6554870605469,485.58209228515625,873.66162109375,-1,-1,-1,-1
103,18,716.751953125,450.88433837890625,447.6624755859375,854.3566284179688,-1,-1,-1,-1
104,18,760.101806640625,490.21478271484375,468.328125,834.8621215820312,-1,-1,-1,-1
105,18,764.756103515625,533.7177124023438,525.2281494140625,807.9302368164062,-1,-1,-1,-1
106,18,786.48779296875,574.4374389648438,557.7266845703125,798.5060424804688,-1,-1,-1,-1
107,18,814.2019653320312,603.22607421875,540.2549438476562,806.31591796875,-1,-1,-1,-1
108,18,835.7056274414062,597.6295166015625,494.52764892578125,817.043212890625,-1,-1,-1,-1
109,18,811.0623168945312,576.3226318359375,460.48065185546875,798.7381591796875,-1,-1,-1,-1
110,18,734.886962890625,564.370849609375,498.5965576171875,789.984130859375,-1,-1,-1,-1
111,18,661.2947387695312,544.6231079101562,544.9132690429688,803.2638549804688,-1,-1,-1,-1
112,18,591.742919921875,530.49462890625,593.64501953125,823.444580078125,-1,-1,-1,-1
113,18,538.9627075195312,515.455810546875,612.6690063476562,848.5877685546875,-1,-1,-1,-1
114,18,505.4747009277344,490.9934997558594,605.2598876953125,882.0474853515625,-1,-1,-1,-1
115,18,471.7906799316406,472.7349853515625,599.4608154296875,904.7127685546875,-1,-1,-1,-1
116,18,447.8529357910156,456.4912109375,600.44580078125,900.917236328125,-1,-1,-1,-1
117,18,427.54852294921875,441.58831787109375,587.2953491210938,880.5249633789062,-1,-1,-1,-1
118,18,417.544189453125,444.56756591796875,512.803466796875,850.7268676757812,-1,-1,-1,-1
119,18,414.1462097167969,443.97540283203125,492.8526916503906,822.5330200195312,-1,-1,-1,-1
120,18,376.01422119140625,448.0297546386719,514.323486328125,791.85791015625,-1,-1,-1,-1
121,18,323.7338562011719,452.82769775390625,564.150146484375,782.3956909179688,-1,-1,-1,-1
122,18,244.53097534179688,426.4402160644531,632.4969482421875,829.2476806640625,-1,-1,-1,-1
123,18,141.4962158203125,397.15325927734375,695.2140502929688,877.0256958007812,-1,-1,-1,-1
124,18,55.02409744262695,356.7657165527344,730.8825073242188,926.0948486328125,-1,-1,-1,-1
125,18,15.185163497924805,333.5991516113281,703.572509765625,963.9305419921875,-1,-1,-1,-1
126,18,-22.345458984375,292.9803466796875,630.7684326171875,1113.107177734375,-1,-1,-1,-1
127,18,-54.029396057128906,170.22625732421875,542.077880859375,1172.4853515625,-1,-1,-1,-1
128,18,-224.29417419433594,184.01742553710938,671.4530639648438,1168.5841064453125,-1,-1,-1,-1
129,18,-288.2151184082031,247.6932830810547,655.5145874023438,1179.8388671875,-1,-1,-1,-1
130,18,-340.77520751953125,267.2163391113281,685.592041015625,1164.7652587890625,-1,-1,-1,-1
135,18,-274.2794494628906,162.96478271484375,555.2208251953125,1047.131103515625,-1,-1,-1,-1
136,18,-264.3697814941406,165.69342041015625,531.7839965820312,1113.287841796875,-1,-1,-1,-1
137,18,-226.0626678466797,215.96270751953125,457.03753662109375,803.20361328125,-1,-1,-1,-1
138,18,-171.20187377929688,286.3975830078125,350.63848876953125,729.638427734375,-1,-1,-1,-1
139,18,-104.26725769042969,396.14385986328125,277.9876708984375,580.2727661132812,-1,-1,-1,-1
140,18,-20.738441467285156,361.80072021484375,217.67401123046875,584.468017578125,-1,-1,-1,-1
141,18,-145.1251983642578,335.38262939453125,334.38006591796875,593.4515991210938,-1,-1,-1,-1
142,18,-108.64430236816406,322.3717346191406,236.29318237304688,570.6552734375,-1,-1,-1,-1
66,19,486.6394348144531,598.9847412109375,161.58541870117188,154.61920166015625,-1,-1,-1,-1
67,19,485.76434326171875,599.8097534179688,137.78125,149.4564208984375,-1,-1,-1,-1
68,19,493.5499267578125,583.0910034179688,121.6705322265625,149.35498046875,-1,-1,-1,-1
69,19,506.8133544921875,576.2632446289062,99.100341796875,146.06109619140625,-1,-1,-1,-1
70,19,516.2691040039062,576.5589599609375,93.98150634765625,134.7315673828125,-1,-1,-1,-1
71,19,505.67291259765625,569.1217651367188,101.09326171875,133.8363037109375,-1,-1,-1,-1
72,19,471.43328857421875,553.3593139648438,114.99212646484375,138.43743896484375,-1,-1,-1,-1
73,19,415.9925537109375,537.0573120117188,132.01751708984375,143.72607421875,-1,-1,-1,-1
74,19,364.6706848144531,518.9103393554688,138.00357055664062,155.66204833984375,-1,-1,-1,-1
75,19,315.4569091796875,507.0313720703125,143.09713745117188,160.47540283203125,-1,-1,-1,-1
76,19,277.1305236816406,504.6423034667969,139.89566040039062,158.24179077148438,-1,-1,-1,-1
77,19,233.44021606445312,496.14813232421875,89.06527709960938,165.39178466796875,-1,-1,-1,-1
78,19,179.34178161621094,484.047119140625,116.01899719238281,166.184814453125,-1,-1,-1,-1
79,19,138.70680236816406,444.3739318847656,131.7163848876953,174.14913940429688,-1,-1,-1,-1
80,19,104.61471557617188,424.90240478515625,154.9593505859375,185.66986083984375,-1,-1,-1,-1
81,19,120.84465789794922,443.3260498046875,150.68692016601562,201.46685791015625,-1,-1,-1,-1
82,19,142.16860961914062,482.4540710449219,155.47488403320312,196.24984741210938,-1,-1,-1,-1
83,19,158.98536682128906,529.7211303710938,149.21131896972656,175.74169921875,-1,-1,-1,-1
84,19,141.9582977294922,543.1052856445312,149.1283416748047,176.80279541015625,-1,-1,-1,-1
85,19,143.39447021484375,539.8123779296875,138.95440673828125,176.63531494140625,-1,-1,-1,-1
86,19,135.25254821777344,524.0182495117188,147.6175994873047,181.94110107421875,-1,-1,-1,-1
87,19,132.56858825683594,477.9241638183594,140.78334045410156,206.49435424804688,-1,-1,-1,-1
88,19,135.39361572265625,439.34283447265625,134.56454467773438,198.130126953125,-1,-1,-1,-1
89,19,129.95384216308594,386.481689453125,122.64163208007812,206.8116455078125,-1,-1,-1,-1
90,19,179.31381225585938,400.1984558105469,52.51634216308594,151.08511352539062,-1,-1,-1,-1
91,19,305.20648193359375,387.3443298339844,32.5443115234375,73.22433471679688,-1,-1,-1,-1
92,19,411.3923034667969,378.2242431640625,28.640228271484375,55.406158447265625,-1,-1,-1,-1
94,19,271.36700439453125,261.0407409667969,121.89044189453125,287.6410827636719,-1,-1,-1,-1
95,19,271.5905456542969,272.9243469238281,117.76449584960938,227.17251586914062,-1,-1,-1,-1
96,19,274.5552673339844,296.8071594238281,120.62716674804688,231.65078735351562,-1,-1,-1,-1
97,19,280.5377197265625,337.8614501953125,111.21536254882812,231.9049072265625,-1,-1,-1,-1
98,19,278.49566650390625,395.0810546875,111.07394409179688,224.52569580078125,-1,-1,-1,-1
99,19,300.3067932128906,400.5748291015625,112.90231323242188,226.2349853515625,-1,-1,-1,-1
100,19,341.4549865722656,393.88958740234375,112.20050048828125,229.7454833984375,-1,-1,-1,-1
101,19,375.8658752441406,401.5927734375,109.33102416992188,239.7755126953125,-1,-1,-1,-1
102,19,384.4501953125,417.92657470703125,120.955322265625,244.3170166015625,-1,-1,-1,-1
103,19,396.261474609375,436.1048278808594,129.69873046875,251.90200805664062,-1,-1,-1,-1
104,19,418.9427490234375,459.31719970703125,127.15478515625,247.73126220703125,-1,-1,-1,-1
105,19,445.6277770996094,478.2998046875,131.94332885742188,241.43896484375,-1,-1,-1,-1
106,19,463.429931640625,509.1646423339844,123.01483154296875,240.62417602539062,-1,-1,-1,-1
107,19,449.5876159667969,541.2794799804688,109.40951538085938,240.50103759765625,-1,-1,-1,-1
108,19,389.0393371582031,551.0404663085938,106.80734252929688,257.499267578125,-1,-1,-1,-1
109,19,322.8569030761719,532.2420654296875,108.7060546875,274.4041748046875,-1,-1,-1,-1
110,19,275.808349609375,511.7977294921875,111.62936401367188,289.16839599609375,-1,-1,-1,-1
111,19,245.0828857421875,501.5787658691406,115.84707641601562,298.1239929199219,-1,-1,-1,-1
112,19,222.81761169433594,506.04864501953125,112.43861389160156,306.49432373046875,-1,-1,-1,-1
113,19,194.31884765625,519.9690551757812,116.54586791992188,312.56488037109375,-1,-1,-1,-1
114,19,170.1282501220703,525.9165649414062,135.01478576660156,316.04736328125,-1,-1,-1,-1
115,19,153.8194122314453,517.1790161132812,141.4845733642578,325.23809814453125,-1,-1,-1,-1
116,19,133.19845581054688,506.53759765625,134.9146728515625,328.66790771484375,-1,-1,-1,-1
117,19,100.24250793457031,501.4560546875,137.24134826660156,341.49652099609375,-1,-1,-1,-1
118,19,68.9756851196289,497.9416198730469,141.87057495117188,347.9933166503906,-1,-1,-1,-1
119,19,45.63982009887695,497.9181213378906,148.982666015625,352.8550109863281,-1,-1,-1,-1
120,19,25.734821319580078,499.8997497558594,140.8766326904297,360.2323303222656,-1,-1,-1,-1
121,19,11.658195495605469,518.2548217773438,136.48382568359375,360.6588134765625,-1,-1,-1,-1
122,19,-2.3193516731262207,526.9610595703125,123.18025207519531,361.73895263671875,-1,-1,-1,-1
123,19,-28.32768440246582,522.6629028320312,129.36866760253906,360.31243896484375,-1,-1,-1,-1
124,19,-50.334312438964844,528.0848388671875,133.55235290527344,356.36907958984375,-1,-1,-1,-1
125,19,-62.418495178222656,573.9202880859375,132.67208862304688,337.6190185546875,-1,-1,-1,-1
126,19,-78.65890502929688,599.7808837890625,171.36126708984375,339.94317626953125,-1,-1,-1,-1
127,19,-44.42841720581055,507.43475341796875,459.9574279785156,517.2026977539062,-1,-1,-1,-1
105,20,800.9669189453125,577.8837890625,396.926025390625,615.797119140625,-1,-1,-1,-1
106,20,883.6573486328125,590.1503295898438,323.970458984375,533.3530883789062,-1,-1,-1,-1
107,20,925.4177856445312,609.7704467773438,242.17816162109375,407.40142822265625,-1,-1,-1,-1
108,20,909.0316772460938,601.985107421875,195.70013427734375,287.22271728515625,-1,-1,-1,-1
106,21,985.5985107421875,590.8076171875,200.4422607421875,306.6466064453125,-1,-1,-1,-1
107,21,951.5582275390625,609.7922973632812,208.8050537109375,302.90374755859375,-1,-1,-1,-1
108,21,910.982177734375,601.62060546875,192.08544921875,263.232421875,-1,-1,-1,-1
109,21,857.2801513671875,578.1998901367188,189.5758056640625,298.50604248046875,-1,-1,-1,-1
110,21,832.0146484375,554.3043212890625,189.4346923828125,337.8677978515625,-1,-1,-1,-1
111,21,816.0702514648438,534.6809692382812,196.21026611328125,319.67132568359375,-1,-1,-1,-1
112,21,807.1131591796875,547.8385009765625,191.8319091796875,348.493896484375,-1,-1,-1,-1
113,21,798.3485107421875,525.9981689453125,179.735595703125,372.62945556640625,-1,-1,-1,-1
114,21,780.4146118164062,556.8684692382812,141.198486328125,305.09027099609375,-1,-1,-1,-1
115,21,770.4461669921875,580.9938354492188,119.982666015625,292.82293701171875,-1,-1,-1,-1
116,21,697.3322143554688,591.5989379882812,152.4278564453125,374.29974365234375,-1,-1,-1,-1
117,21,533.9141845703125,462.2093505859375,415.1971435546875,619.8953857421875,-1,-1,-1,-1
118,21,450.83447265625,454.2272033691406,478.8662109375,603.9722900390625,-1,-1,-1,-1
119,21,424.0377502441406,458.16021728515625,475.4092712402344,617.7224731445312,-1,-1,-1,-1
120,21,392.3003234863281,463.08905029296875,471.4300842285156,728.6212768554688,-1,-1,-1,-1
118,22,714.3756713867188,518.0428466796875,244.3365478515625,301.76654052734375,-1,-1,-1,-1
119,22,658.5741577148438,480.4036560058594,359.79791259765625,460.3881530761719,-1,-1,-1,-1
120,22,626.2007446289062,458.98687744140625,436.92694091796875,501.700927734375,-1,-1,-1,-1
121,22,558.9444580078125,455.86834716796875,499.1968994140625,446.55828857421875,-1,-1,-1,-1
122,22,510.4859313964844,435.0886535644531,476.4876403808594,484.1242980957031,-1,-1,-1,-1
123,22,439.6424560546875,426.702392578125,450.99462890625,552.8704833984375,-1,-1,-1,-1
124,22,355.1248474121094,448.8031921386719,466.3104553222656,615.6524658203125,-1,-1,-1,-1
125,22,285.9519348144531,474.4387512207031,506.8869323730469,615.458984375,-1,-1,-1,-1
126,22,296.8283996582031,497.5176696777344,485.7022399902344,602.98681640625,-1,-1,-1,-1
127,22,305.5098876953125,408.4062805175781,543.391357421875,616.367431640625,-1,-1,-1,-1
128,22,329.53924560546875,295.1345520019531,578.2994995117188,671.8809814453125,-1,-1,-1,-1
129,22,244.26080322265625,191.4657440185547,640.8054809570312,723.1918334960938,-1,-1,-1,-1
130,22,129.80531311035156,125.38504791259766,671.0728759765625,764.1815185546875,-1,-1,-1,-1
131,22,37.941123962402344,141.62266540527344,674.4893798828125,764.3760375976562,-1,-1,-1,-1
132,22,-2.301523208618164,79.54326629638672,655.7092895507812,886.8938598632812,-1,-1,-1,-1
133,22,-23.932575225830078,99.19613647460938,634.4176635742188,969.6656494140625,-1,-1,-1,-1
134,22,-28.621854782104492,147.80856323242188,567.5443115234375,921.639404296875,-1,-1,-1,-1
135,22,-124.57592010498047,169.89341735839844,482.5934753417969,863.877685546875,-1,-1,-1,-1
136,22,-134.35150146484375,189.25628662109375,467.039306640625,935.0829467773438,-1,-1,-1,-1
137,22,-58.21653747558594,148.25726318359375,478.85076904296875,864.7191772460938,-1,-1,-1,-1
138,22,17.816579818725586,183.2451934814453,477.2154846191406,775.2940673828125,-1,-1,-1,-1
139,22,116.81559753417969,232.13470458984375,433.49151611328125,750.6216430664062,-1,-1,-1,-1
140,22,182.85650634765625,292.3752746582031,379.8922119140625,653.0443115234375,-1,-1,-1,-1
141,22,145.44903564453125,294.5715637207031,381.66497802734375,618.4012451171875,-1,-1,-1,-1
142,22,22.522035598754883,248.60968017578125,408.79058837890625,653.2998657226562,-1,-1,-1,-1
143,22,-63.34104919433594,154.02606201171875,378.6734619140625,732.7874145507812,-1,-1,-1,-1
144,22,-147.09039306640625,173.40074157714844,383.33740234375,739.7863159179688,-1,-1,-1,-1
145,22,-169.29644775390625,181.26510620117188,354.146240234375,769.2103271484375,-1,-1,-1,-1
146,22,-195.07022094726562,203.7106170654297,393.1632385253906,805.3826293945312,-1,-1,-1,-1
147,22,-166.70486450195312,339.0439758300781,336.430908203125,703.0306396484375,-1,-1,-1,-1
148,22,-267.06622314453125,334.96209716796875,753.468505859375,741.0640258789062,-1,-1,-1,-1
149,22,-366.1987609863281,174.15658569335938,892.4844970703125,1172.5089111328125,-1,-1,-1,-1
150,22,-519.9395141601562,153.75079345703125,1070.577880859375,1324.15771484375,-1,-1,-1,-1
127,23,1274.7415771484375,591.2662353515625,32.9034423828125,60.399169921875,-1,-1,-1,-1
128,23,1220.811279296875,547.0792236328125,31.0362548828125,61.552734375,-1,-1,-1,-1
129,23,1138.704345703125,484.95758056640625,28.3724365234375,60.55560302734375,-1,-1,-1,-1
130,23,1074.870849609375,436.8731994628906,30.0928955078125,63.944000244140625,-1,-1,-1,-1
131,23,1030.945556640625,404.5762634277344,29.346435546875,56.579833984375,-1,-1,-1,-1
132,23,1028.9119873046875,377.8879699707031,28.1844482421875,56.121673583984375,-1,-1,-1,-1
133,23,1028.9290771484375,371.9161376953125,28.9453125,57.71112060546875,-1,-1,-1,-1
134,23,1003.9089965820312,330.379150390625,30.46209716796875,75.2813720703125,-1,-1,-1,-1
135,23,1024.1282958984375,308.20892333984375,35.7340087890625,98.288330078125,-1,-1,-1,-1
132,24,962.9993896484375,367.3480224609375,24.3419189453125,47.87078857421875,-1,-1,-1,-1
133,24,962.4686889648438,356.38330078125,23.9830322265625,48.800537109375,-1,-1,-1,-1
134,24,940.43017578125,325.73291015625,24.126220703125,48.70623779296875,-1,-1,-1,-1
135,24,965.1963500976562,306.67913818359375,25.12042236328125,50.61785888671875,-1,-1,-1,-1
136,24,846.2528686523438,281.51116943359375,36.23388671875,80.44696044921875,-1,-1,-1,-1
138,25,31.933818817138672,339.4246520996094,138.18807983398438,265.3793029785156,-1,-1,-1,-1
139,25,118.7136459350586,362.3843078613281,130.29562377929688,238.10079956054688,-1,-1,-1,-1
143,26,225.614990234375,1192.6744384765625,560.9974365234375,224.2646484375,-1,-1,-1,-1
144,26,291.5670471191406,1188.61328125,629.00927734375,239.6981201171875,-1,-1,-1,-1
145,26,325.32025146484375,1200.541015625,470.052490234375,212.028076171875,-1,-1,-1,-1
146,26,54.15880584716797,995.7943725585938,774.0360717773438,403.92706298828125,-1,-1,-1,-1
147,26,15.357269287109375,859.8446655273438,853.8599853515625,573.8578491210938,-1,-1,-1,-1
148,26,6.296989440917969,680.0444946289062,862.6197509765625,738.7980346679688,-1,-1,-1,-1
149,26,21.134342193603516,738.7507934570312,799.9780883789062,681.0623168945312,-1,-1,-1,-1
150,26,-22.85462188720703,792.55615234375,819.0424194335938,639.212890625,-1,-1,-1,-1
147,27,-43.16322708129883,349.239990234375,89.35209655761719,185.09136962890625,-1,-1,-1,-1
148,27,-56.2061653137207,290.9706115722656,115.46156311035156,246.97915649414062,-1,-1,-1,-1
149,27,-50.88939666748047,310.8267517089844,106.80615997314453,252.69284057617188,-1,-1,-1,-1
150,27,-42.92105484008789,323.7129821777344,88.8658447265625,210.85397338867188,-1,-1,-1,-1
151,27,-25.80400848388672,284.4471435546875,75.6622314453125,213.22836303710938,-1,-1,-1,-1
152,27,-21.671375274658203,315.5552978515625,60.78195571899414,209.11419677734375,-1,-1,-1,-1
153,27,-8.776822090148926,333.2931213378906,41.88850784301758,146.74185180664062,-1,-1,-1,-1
154,27,-21.729124069213867,333.24951171875,58.233070373535156,157.26104736328125,-1,-1,-1,-1
155,27,-23.673315048217773,286.58282470703125,73.95101928710938,221.9146728515625,-1,-1,-1,-1
156,27,29.648876190185547,281.0406799316406,64.91475296020508,212.3525390625,-1,-1,-1,-1
157,27,73.16195678710938,238.01092529296875,64.36911010742188,215.525390625,-1,-1,-1,-1
158,27,113.63536071777344,225.72633361816406,86.75144958496094,216.53248596191406,-1,-1,-1,-1
159,27,147.99349975585938,214.2997283935547,102.74005126953125,225.0752410888672,-1,-1,-1,-1
160,27,186.5238037109375,218.93191528320312,103.22308349609375,228.598388671875,-1,-1,-1,-1
161,27,219.02566528320312,231.2774200439453,108.43655395507812,227.1780548095703,-1,-1,-1,-1
162,27,261.8985595703125,264.85345458984375,107.67703247070312,219.88519287109375,-1,-1,-1,-1
163,27,315.00799560546875,328.4606018066406,107.61990356445312,211.45046997070312,-1,-1,-1,-1
164,27,376.539306640625,400.6907958984375,102.5142822265625,196.3253173828125,-1,-1,-1,-1
165,27,442.95086669921875,444.9112548828125,92.09368896484375,193.8515625,-1,-1,-1,-1
166,27,519.0684204101562,483.9276123046875,79.13214111328125,188.0877685546875,-1,-1,-1,-1
167,27,595.1405029296875,517.04833984375,91.3963623046875,178.9412841796875,-1,-1,-1,-1
168,27,688.5050048828125,528.4436645507812,99.5931396484375,177.50286865234375,-1,-1,-1,-1
169,27,796.6223754882812,542.6780395507812,107.60498046875,172.59295654296875,-1,-1,-1,-1
170,27,892.3602294921875,562.152587890625,120.39117431640625,185.71875,-1,-1,-1,-1
171,27,971.4119873046875,598.3651733398438,120.0150146484375,193.91717529296875,-1,-1,-1,-1
172,27,1026.1402587890625,639.7591552734375,105.2208251953125,199.927001953125,-1,-1,-1,-1
173,27,1063.210205078125,661.3580932617188,89.11328125,202.1751708984375,-1,-1,-1,-1
174,27,1086.420166015625,659.5756225585938,87.4232177734375,209.0733642578125,-1,-1,-1,-1
175,27,1095.1151123046875,649.4321899414062,85.3499755859375,206.18768310546875,-1,-1,-1,-1
176,27,1087.3248291015625,629.5142211914062,86.6781005859375,207.67498779296875,-1,-1,-1,-1
177,27,1059.41015625,571.74951171875,89.5634765625,206.4752197265625,-1,-1,-1,-1
178,27,1006.3963012695312,508.33416748046875,90.22528076171875,201.315673828125,-1,-1,-1,-1
179,27,946.9898681640625,451.3086853027344,92.3577880859375,200.10122680664062,-1,-1,-1,-1
180,27,899.7277221679688,405.41998291015625,97.4178466796875,205.76104736328125,-1,-1,-1,-1
181,27,864.44921875,362.4754943847656,104.5753173828125,218.28054809570312,-1,-1,-1,-1
182,27,834.6456909179688,328.76275634765625,107.53814697265625,223.12554931640625,-1,-1,-1,-1
183,27,808.5628051757812,289.2624816894531,108.3265380859375,230.00692749023438,-1,-1,-1,-1
184,27,790.3297119140625,259.86065673828125,101.3028564453125,231.561767578125,-1,-1,-1,-1
185,27,778.5736694335938,237.814208984375,98.1357421875,227.7459716796875,-1,-1,-1,-1
186,27,766.3074951171875,201.84024047851562,94.78167724609375,242.43289184570312,-1,-1,-1,-1
187,27,757.9066772460938,199.22918701171875,88.8826904296875,241.00259399414062,-1,-1,-1,-1
188,27,748.5049438476562,187.35580444335938,92.11590576171875,248.88299560546875,-1,-1,-1,-1
189,27,741.372314453125,175.49913024902344,97.20819091796875,248.83946228027344,-1,-1,-1,-1
190,27,742.4638671875,175.9788360595703,99.31536865234375,260.0047607421875,-1,-1,-1,-1
191,27,739.10205078125,186.70152282714844,101.52825927734375,262.517333984375,-1,-1,-1,-1
192,27,734.559326171875,211.67576599121094,99.8585205078125,257.444580078125,-1,-1,-1,-1
193,27,732.964111328125,236.76742553710938,96.42535400390625,256.71978759765625,-1,-1,-1,-1
194,27,739.2284545898438,254.99935913085938,91.89404296875,255.165771484375,-1,-1,-1,-1
195,27,751.2238159179688,268.3627624511719,93.37237548828125,254.05612182617188,-1,-1,-1,-1
196,27,759.1576538085938,272.89410400390625,101.914306640625,259.93133544921875,-1,-1,-1,-1
197,27,766.8841552734375,285.2344665527344,108.741943359375,260.4875183105469,-1,-1,-1,-1
198,27,769.0136108398438,294.75738525390625,118.898193359375,263.63043212890625,-1,-1,-1,-1
199,27,770.6383056640625,309.24169921875,119.9608154296875,265.00341796875,-1,-1,-1,-1
200,27,772.2664794921875,360.51727294921875,116.744873046875,257.33721923828125,-1,-1,-1,-1
201,27,774.3554077148438,403.03912353515625,113.09759521484375,251.59539794921875,-1,-1,-1,-1
166,28,-108.84719848632812,488.12750244140625,229.3583984375,449.951904296875,-1,-1,-1,-1
167,28,-11.168915748596191,495.7912292480469,223.1300506591797,404.6336364746094,-1,-1,-1,-1
168,28,81.01587677001953,471.26373291015625,252.10195922851562,386.55157470703125,-1,-1,-1,-1
169,28,236.31768798828125,469.8779296875,212.40948486328125,366.387939453125,-1,-1,-1,-1
170,28,356.421875,495.81097412109375,182.01568603515625,345.25799560546875,-1,-1,-1,-1
171,28,443.1157531738281,528.72021484375,159.83413696289062,335.53857421875,-1,-1,-1,-1
172,28,488.3588562011719,558.9031982421875,146.48526000976562,327.02825927734375,-1,-1,-1,-1
173,28,512.9446411132812,575.4531860351562,141.81195068359375,327.02764892578125,-1,-1,-1,-1
174,28,531.740478515625,578.8865356445312,137.12255859375,330.5733642578125,-1,-1,-1,-1
175,28,542.0859375,568.23095703125,130.9556884765625,327.94207763671875,-1,-1,-1,-1
176,28,533.9635009765625,551.7791748046875,128.4947509765625,331.28582763671875,-1,-1,-1,-1
177,28,514.5153198242188,496.5954284667969,121.19488525390625,340.1985778808594,-1,-1,-1,-1
178,28,471.22564697265625,435.0329284667969,118.76776123046875,352.4830017089844,-1,-1,-1,-1
179,28,410.1243896484375,374.15179443359375,125.40142822265625,373.6744384765625,-1,-1,-1,-1
180,28,340.90057373046875,329.3506774902344,159.39480590820312,395.1670227050781,-1,-1,-1,-1
181,28,289.08428955078125,299.7658996582031,181.56130981445312,405.7437438964844,-1,-1,-1,-1
182,28,240.45889282226562,278.7236022949219,205.75698852539062,410.4685974121094,-1,-1,-1,-1
183,28,187.99655151367188,254.29306030273438,229.23153686523438,413.8202209472656,-1,-1,-1,-1
184,28,156.44664001464844,240.7051544189453,243.11241149902344,410.23944091796875,-1,-1,-1,-1
185,28,134.82415771484375,233.6996307373047,258.7362060546875,398.35223388671875,-1,-1,-1,-1
186,28,129.09747314453125,243.66983032226562,258.5538024902344,376.8780212402344,-1,-1,-1,-1
187,28,111.59873962402344,257.4424743652344,276.1812744140625,371.3791809082031,-1,-1,-1,-1
188,28,82.46040344238281,243.79661560058594,305.39178466796875,391.308349609375,-1,-1,-1,-1
189,28,79.51158142089844,252.0920867919922,309.74676513671875,379.89892578125,-1,-1,-1,-1
190,28,77.40103912353516,256.55284118652344,313.4226379394531,386.7752685546875,-1,-1,-1,-1
191,28,62.96000289916992,249.3875732421875,329.6645812988281,410.3521728515625,-1,-1,-1,-1
192,28,62.683380126953125,260.4137878417969,339.6571350097656,406.9259948730469,-1,-1,-1,-1
193,28,26.9714412689209,278.76104736328125,401.971923828125,421.7615966796875,-1,-1,-1,-1
194,28,-13.085126876831055,102.60105895996094,478.5032653808594,613.8330078125,-1,-1,-1,-1
195,28,125.69741821289062,184.61351013183594,294.26544189453125,530.4734497070312,-1,-1,-1,-1
196,28,100.11738586425781,161.2063446044922,318.27618408203125,555.4762573242188,-1,-1,-1,-1
197,28,115.87577819824219,200.42686462402344,301.34002685546875,518.9013061523438,-1,-1,-1,-1
198,28,126.72647094726562,274.59381103515625,288.2715148925781,451.39105224609375,-1,-1,-1,-1
199,28,143.42477416992188,257.56549072265625,269.85528564453125,483.99456787109375,-1,-1,-1,-1
200,28,156.2759552001953,291.8290710449219,254.83689880371094,491.0080871582031,-1,-1,-1,-1
201,28,166.10113525390625,319.2474670410156,242.15328979492188,501.3236999511719,-1,-1,-1,-1
170,29,-18.183712005615234,462.8240966796875,350.47845458984375,949.5955810546875,-1,-1,-1,-1
171,29,-19.267066955566406,459.3544921875,355.3083190917969,952.220947265625,-1,-1,-1,-1
172,29,-37.97904586791992,422.65838623046875,375.9836120605469,987.5668334960938,-1,-1,-1,-1
173,29,-15.71340560913086,373.6732177734375,364.64581298828125,1034.48046875,-1,-1,-1,-1
174,29,-8.95039176940918,338.4031982421875,391.9103088378906,1069.4039306640625,-1,-1,-1,-1
175,29,-5.2165374755859375,307.4156188964844,393.671875,1100.2176513671875,-1,-1,-1,-1
176,29,-4.658552169799805,293.4197082519531,388.2982482910156,1114.777099609375,-1,-1,-1,-1
177,29,-19.762088775634766,368.3968200683594,417.58056640625,1043.8804931640625,-1,-1,-1,-1
178,29,-95.00187683105469,438.9536437988281,591.3303833007812,981.8392333984375,-1,-1,-1,-1
179,29,-124.41917419433594,384.8483581542969,857.7056884765625,1044.6705322265625,-1,-1,-1,-1
180,29,-182.41958618164062,459.4881896972656,863.5330810546875,962.9205322265625,-1,-1,-1,-1
181,29,-157.1866455078125,425.1587219238281,826.2770385742188,997.515380859375,-1,-1,-1,-1
182,29,-200.83164978027344,488.81439208984375,854.3690185546875,943.4622192382812,-1,-1,-1,-1
183,29,-220.87896728515625,629.4683837890625,872.5785522460938,823.5157470703125,-1,-1,-1,-1
184,29,-244.30267333984375,684.7134399414062,902.7742309570312,762.3864135742188,-1,-1,-1,-1
185,29,-87.8860855102539,776.4568481445312,731.5718383789062,651.5617065429688,-1,-1,-1,-1
186,29,-58.9578971862793,838.7234497070312,690.2890014648438,584.7861938476562,-1,-1,-1,-1
187,29,-7.146690368652344,868.3081665039062,601.0609130859375,553.7217407226562,-1,-1,-1,-1
188,29,-23.694149017333984,866.9908447265625,636.2742309570312,555.4498291015625,-1,-1,-1,-1
189,29,-6.691427230834961,831.0486450195312,593.2295532226562,590.8361206054688,-1,-1,-1,-1
190,29,106.26110076904297,778.5642700195312,437.6341552734375,635.2079467773438,-1,-1,-1,-1
191,29,-2.661722183227539,673.3175048828125,481.8241271972656,741.7276611328125,-1,-1,-1,-1
192,29,-37.5909309387207,486.280029296875,474.7135314941406,930.23779296875,-1,-1,-1,-1
193,29,-6.012277603149414,257.7106628417969,456.616943359375,1158.8612060546875,-1,-1,-1,-1
194,29,-14.77423095703125,51.45252990722656,492.6598815917969,1366.8468017578125,-1,-1,-1,-1
195,29,-51.02714157104492,147.13465881347656,515.1268310546875,1302.587158203125,-1,-1,-1,-1
196,29,-12.970907211303711,124.00358581542969,472.23931884765625,1302.664794921875,-1,-1,-1,-1
197,29,-8.92219352722168,64.63415908813477,458.77606201171875,1360.9532470703125,-1,-1,-1,-1
198,29,-3.220357894897461,217.79156494140625,437.42523193359375,1208.441650390625,-1,-1,-1,-1
199,29,-172.4986572265625,223.58013916015625,592.4496459960938,1204.972900390625,-1,-1,-1,-1
200,29,-248.08560180664062,221.74742126464844,699.473876953125,1225.0517578125,-1,-1,-1,-1
201,29,-234.70382690429688,233.73764038085938,718.68359375,1202.3621826171875,-1,-1,-1,-1
