1,1,792.3565673828125,615.42431640625,86.1260986328125,233.61151123046875,-1,-1,-1,-1
2,1,794.7753295898438,620.390625,85.71368408203125,232.070556640625,-1,-1,-1,-1
3,1,795.91455078125,623.7073974609375,85.215576171875,230.3099365234375,-1,-1,-1,-1
4,1,797.003173828125,624.2239990234375,86.49017333984375,229.27569580078125,-1,-1,-1,-1
5,1,787.8365478515625,624.5631103515625,88.8648681640625,229.96246337890625,-1,-1,-1,-1
6,1,769.747802734375,626.3482055664062,90.35699462890625,229.08349609375,-1,-1,-1,-1
7,1,750.4539794921875,627.6992797851562,89.44378662109375,227.247802734375,-1,-1,-1,-1
8,1,724.1953735351562,626.9734497070312,96.55194091796875,226.394775390625,-1,-1,-1,-1
9,1,707.4042358398438,626.310546875,97.69781494140625,225.43231201171875,-1,-1,-1,-1
10,1,687.6844482421875,624.0724487304688,106.6280517578125,225.97113037109375,-1,-1,-1,-1
11,1,660.1649780273438,624.31103515625,129.04705810546875,224.57415771484375,-1,-1,-1,-1
12,1,645.2811279296875,625.0938720703125,137.068115234375,223.60662841796875,-1,-1,-1,-1
13,1,639.4818115234375,628.3634033203125,133.73248291015625,222.9007568359375,-1,-1,-1,-1
14,1,646.0606689453125,630.6177978515625,127.97076416015625,220.843994140625,-1,-1,-1,-1
15,1,670.8004150390625,627.7003784179688,124.8162841796875,219.20037841796875,-1,-1,-1,-1
16,1,703.360595703125,621.3748779296875,125.22186279296875,217.91168212890625,-1,-1,-1,-1
17,1,734.439453125,615.5228881835938,126.28765869140625,218.689208984375,-1,-1,-1,-1
18,1,743.4738159179688,614.1951293945312,125.25653076171875,218.42877197265625,-1,-1,-1,-1
19,1,720.1778564453125,618.995361328125,134.2357177734375,216.93994140625,-1,-1,-1,-1
20,1,691.0908203125,628.427734375,132.44757080078125,215.82830810546875,-1,-1,-1,-1
21,1,626.904296875,635.775146484375,132.03594970703125,215.217529296875,-1,-1,-1,-1
22,1,544.5848388671875,645.74951171875,129.00250244140625,219.4207763671875,-1,-1,-1,-1
23,1,464.9522705078125,651.4396362304688,129.28497314453125,227.78887939453125,-1,-1,-1,-1
24,1,404.8430480957031,638.5828247070312,134.97909545898438,233.9923095703125,-1,-1,-1,-1
25,1,370.9659729003906,624.058349609375,130.57562255859375,238.4208984375,-1,-1,-1,-1
26,1,352.7042236328125,613.5424194335938,119.83309936523438,241.27520751953125,-1,-1,-1,-1
27,1,341.98565673828125,610.7667236328125,111.70394897460938,239.5513916015625,-1,-1,-1,-1
28,1,336.44378662109375,613.8291015625,111.4014892578125,249.57623291015625,-1,-1,-1,-1
29,1,338.3050842285156,616.4752197265625,105.61886596679688,249.3638916015625,-1,-1,-1,-1
30,1,345.326416015625,618.6710815429688,102.16574096679688,247.38177490234375,-1,-1,-1,-1
31,1,351.9007568359375,619.77490234375,103.45513916015625,246.38031005859375,-1,-1,-1,-1
32,1,363.12762451171875,617.54541015625,104.36895751953125,244.36895751953125,-1,-1,-1,-1
33,1,380.24639892578125,615.1218872070312,105.7886962890625,238.64031982421875,-1,-1,-1,-1
34,1,394.169921875,615.0000610351562,108.1619873046875,234.2552490234375,-1,-1,-1,-1
35,1,401.4609069824219,617.3416748046875,118.92379760742188,231.25946044921875,-1,-1,-1,-1
36,1,410.42181396484375,622.1213989257812,123.2308349609375,225.9561767578125,-1,-1,-1,-1
37,1,420.2835998535156,625.4942016601562,125.59310913085938,222.8310546875,-1,-1,-1,-1
38,1,428.87353515625,626.6458740234375,129.71624755859375,222.62689208984375,-1,-1,-1,-1
39,1,434.9774169921875,623.3488159179688,136.46856689453125,219.35626220703125,-1,-1,-1,-1
40,1,437.7373962402344,616.858154296875,141.13558959960938,217.639892578125,-1,-1,-1,-1
41,1,439.6081848144531,613.4716186523438,114.13992309570312,221.88507080078125,-1,-1,-1,-1
42,1,443.76593017578125,615.1817016601562,106.9749755859375,221.7855224609375,-1,-1,-1,-1
43,1,447.3852233886719,617.8265380859375,98.28262329101562,219.40966796875,-1,-1,-1,-1
44,1,448.28759765625,618.7633056640625,92.5386962890625,218.65753173828125,-1,-1,-1,-1
45,1,449.96868896484375,618.5732421875,90.3905029296875,218.59149169921875,-1,-1,-1,-1
46,1,452.4416809082031,622.9542846679688,86.77291870117188,216.90789794921875,-1,-1,-1,-1
47,1,445.99609375,627.8796997070312,85.38824462890625,215.95794677734375,-1,-1,-1,-1
48,1,431.6900939941406,630.6629028320312,85.98019409179688,218.15533447265625,-1,-1,-1,-1
49,1,421.89739990234375,633.8839721679688,86.36883544921875,217.81292724609375,-1,-1,-1,-1
50,1,416.5426330566406,634.9720458984375,85.17041015625,216.6580810546875,-1,-1,-1,-1
51,1,404.4009094238281,633.1066284179688,88.011474609375,218.8201904296875,-1,-1,-1,-1
52,1,397.7317810058594,628.9622802734375,88.205322265625,218.8543701171875,-1,-1,-1,-1
53,1,400.1417236328125,624.7124633789062,82.03536987304688,218.3153076171875,-1,-1,-1,-1
54,1,396.65478515625,623.2703857421875,80.9232177734375,218.13641357421875,-1,-1,-1,-1
55,1,387.8162841796875,621.644287109375,82.44900512695312,219.73480224609375,-1,-1,-1,-1
56,1,383.31463623046875,620.9251098632812,84.50588989257812,218.54034423828125,-1,-1,-1,-1
57,1,383.52484130859375,620.3501586914062,82.1046142578125,214.6246337890625,-1,-1,-1,-1
58,1,376.88848876953125,618.366943359375,91.27792358398438,225.70440673828125,-1,-1,-1,-1
59,1,387.72113037109375,616.46337890625,81.07791137695312,215.271728515625,-1,-1,-1,-1
60,1,389.43853759765625,612.6841430664062,80.39291381835938,219.6856689453125,-1,-1,-1,-1
61,1,372.8293762207031,607.7363891601562,100.59332275390625,214.146484375,-1,-1,-1,-1
62,1,376.4338684082031,608.804931640625,102.32586669921875,217.12353515625,-1,-1,-1,-1
63,1,377.41717529296875,610.6520385742188,103.21441650390625,213.873046875,-1,-1,-1,-1
64,1,374.7232971191406,610.452392578125,111.55044555664062,225.49859619140625,-1,-1,-1,-1
65,1,370.21099853515625,611.0581665039062,112.4759521484375,216.32476806640625,-1,-1,-1,-1
66,1,363.695068359375,611.0693359375,114.7396240234375,222.11932373046875,-1,-1,-1,-1
67,1,360.3968505859375,611.6630249023438,110.50140380859375,215.73785400390625,-1,-1,-1,-1
68,1,355.75738525390625,612.453369140625,105.39089965820312,215.0169677734375,-1,-1,-1,-1
69,1,350.90460205078125,613.0829467773438,101.12197875976562,214.18658447265625,-1,-1,-1,-1
70,1,348.9922790527344,613.0239868164062,92.78854370117188,213.61407470703125,-1,-1,-1,-1
71,1,346.16259765625,614.5963745117188,90.85897827148438,213.489013671875,-1,-1,-1,-1
72,1,343.0848388671875,614.8623046875,92.62640380859375,214.7705078125,-1,-1,-1,-1
73,1,335.8410339355469,615.4302978515625,93.57012939453125,215.965576171875,-1,-1,-1,-1
74,1,330.1222839355469,615.6907958984375,92.2618408203125,216.458740234375,-1,-1,-1,-1
75,1,324.13360595703125,614.6087036132812,92.0330810546875,218.16827392578125,-1,-1,-1,-1
76,1,318.84765625,614.2723388671875,92.7091064453125,218.642578125,-1,-1,-1,-1
77,1,313.1767883300781,614.2891235351562,91.74386596679688,221.04681396484375,-1,-1,-1,-1
78,1,307.63018798828125,614.412353515625,91.82763671875,220.7418212890625,-1,-1,-1,-1
79,1,301.03143310546875,615.369140625,94.53408813476562,220.7947998046875,-1,-1,-1,-1
80,1,300.49932861328125,616.5592651367188,92.23519897460938,221.138671875,-1,-1,-1,-1
81,1,298.5425720214844,617.6795043945312,91.19821166992188,220.83575439453125,-1,-1,-1,-1
82,1,296.4772644042969,617.6900024414062,90.70794677734375,220.94073486328125,-1,-1,-1,-1
83,1,294.497802734375,617.6722412109375,91.109619140625,221.0684814453125,-1,-1,-1,-1
84,1,291.31646728515625,617.1333618164062,92.39608764648438,221.7569580078125,-1,-1,-1,-1
85,1,289.4268798828125,615.9125366210938,93.62869262695312,221.701904296875,-1,-1,-1,-1
86,1,288.6451110839844,614.9945068359375,93.40591430664062,221.92822265625,-1,-1,-1,-1
87,1,286.4773864746094,614.0350952148438,94.980224609375,222.63983154296875,-1,-1,-1,-1
88,1,286.01104736328125,613.34033203125,93.90667724609375,223.15264892578125,-1,-1,-1,-1
89,1,287.19232177734375,612.491943359375,92.54351806640625,222.4903564453125,-1,-1,-1,-1
90,1,290.9067077636719,610.8374633789062,93.17230224609375,222.31915283203125,-1,-1,-1,-1
91,1,298.9017028808594,610.232421875,90.51080322265625,218.71142578125,-1,-1,-1,-1
92,1,303.2145690917969,608.4664306640625,92.99462890625,219.97662353515625,-1,-1,-1,-1
93,1,307.3060302734375,608.4354248046875,93.80014038085938,217.7637939453125,-1,-1,-1,-1
94,1,309.2651062011719,607.7686157226562,93.43374633789062,217.96630859375,-1,-1,-1,-1
95,1,310.3904113769531,606.3853149414062,94.25634765625,218.8380126953125,-1,-1,-1,-1
96,1,313.6175842285156,606.71435546875,91.86178588867188,218.34246826171875,-1,-1,-1,-1
97,1,314.0389099121094,605.1742553710938,91.92507934570312,218.80242919921875,-1,-1,-1,-1
98,1,313.975830078125,605.7353515625,91.63592529296875,217.9844970703125,-1,-1,-1,-1
99,1,312.54718017578125,606.1966552734375,91.47775268554688,217.43994140625,-1,-1,-1,-1
100,1,309.77166748046875,607.1011352539062,92.75820922851562,217.2803955078125,-1,-1,-1,-1
101,1,309.2998962402344,607.390380859375,91.8155517578125,217.33990478515625,-1,-1,-1,-1
102,1,308.3450927734375,607.3152465820312,91.719970703125,217.6363525390625,-1,-1,-1,-1
103,1,307.6019592285156,607.2134399414062,91.99203491210938,217.78289794921875,-1,-1,-1,-1
104,1,305.20849609375,607.8181762695312,94.00579833984375,216.61383056640625,-1,-1,-1,-1
105,1,302.9291076660156,607.9310913085938,95.58990478515625,217.24713134765625,-1,-1,-1,-1
106,1,298.88739013671875,607.9349975585938,92.76553344726562,216.16748046875,-1,-1,-1,-1
107,1,281.4158630371094,606.995361328125,97.52423095703125,220.548828125,-1,-1,-1,-1
108,1,230.4182586669922,612.4055786132812,100.49391174316406,227.513427734375,-1,-1,-1,-1
109,1,120.84358215332031,620.2095947265625,115.08735656738281,243.3970947265625,-1,-1,-1,-1
110,1,61.263389587402344,647.6544189453125,221.04718017578125,248.91259765625,-1,-1,-1,-1
111,1,6.969362258911133,627.2091674804688,239.36935424804688,378.256591796875,-1,-1,-1,-1
1,2,538.1486206054688,584.8673706054688,135.1121826171875,370.2381591796875,-1,-1,-1,-1
2,2,529.019287109375,587.2115478515625,135.68890380859375,372.4168701171875,-1,-1,-1,-1
3,2,526.534423828125,594.0776977539062,132.4501953125,372.02996826171875,-1,-1,-1,-1
4,2,527.9332885742188,600.3674926757812,131.127685546875,370.44378662109375,-1,-1,-1,-1
5,2,522.4382934570312,604.4553833007812,126.931396484375,369.99798583984375,-1,-1,-1,-1
6,2,507.57904052734375,606.2522583007812,118.6348876953125,370.99737548828125,-1,-1,-1,-1
7,2,490.69287109375,607.6464233398438,118.45654296875,373.47271728515625,-1,-1,-1,-1
8,2,465.0794982910156,611.0280151367188,122.06832885742188,373.81805419921875,-1,-1,-1,-1
9,2,441.5183410644531,613.6414794921875,131.14578247070312,376.27496337890625,-1,-1,-1,-1
10,2,425.8158264160156,613.0292358398438,133.58847045898438,378.96234130859375,-1,-1,-1,-1
11,2,417.999755859375,613.1303100585938,140.2904052734375,379.52593994140625,-1,-1,-1,-1
12,2,406.6385192871094,616.350341796875,146.29519653320312,378.60821533203125,-1,-1,-1,-1
13,2,397.5613708496094,626.718017578125,142.49636840820312,371.89935302734375,-1,-1,-1,-1
14,2,400.9880676269531,628.4256591796875,149.63162231445312,372.5565185546875,-1,-1,-1,-1
15,2,422.1922302246094,626.7894287109375,130.73281860351562,366.3203125,-1,-1,-1,-1
16,2,451.0638427734375,621.5370483398438,142.8515625,359.01361083984375,-1,-1,-1,-1
17,2,477.5374450683594,621.7245483398438,144.56497192382812,349.05645751953125,-1,-1,-1,-1
18,2,481.9980163574219,624.9503173828125,158.67318725585938,345.07379150390625,-1,-1,-1,-1
19,2,464.82330322265625,632.9775390625,149.79473876953125,346.22607421875,-1,-1,-1,-1
20,2,430.09454345703125,643.4395751953125,153.463623046875,349.5374755859375,-1,-1,-1,-1
21,2,361.49676513671875,647.1351928710938,157.16802978515625,360.60345458984375,-1,-1,-1,-1
22,2,262.4194030761719,649.397705078125,173.96755981445312,381.8719482421875,-1,-1,-1,-1
23,2,165.89102172851562,652.722412109375,190.756591796875,401.9930419921875,-1,-1,-1,-1
24,2,102.15973663330078,639.5626831054688,197.569580078125,411.95440673828125,-1,-1,-1,-1
25,2,65.13023376464844,622.5652465820312,190.57476806640625,416.93121337890625,-1,-1,-1,-1
26,2,44.37679672241211,612.4205322265625,180.54310607910156,417.2767333984375,-1,-1,-1,-1
27,2,37.42387390136719,610.7932739257812,167.30499267578125,418.36639404296875,-1,-1,-1,-1
28,2,38.701473236083984,614.7611083984375,168.3800811767578,417.6357421875,-1,-1,-1,-1
29,2,44.096435546875,618.7127075195312,174.2552947998047,415.76092529296875,-1,-1,-1,-1
30,2,56.46082305908203,621.0532836914062,185.58447265625,414.48614501953125,-1,-1,-1,-1
31,2,72.77881622314453,621.815673828125,195.52301025390625,410.6976318359375,-1,-1,-1,-1
32,2,95.1310806274414,618.36328125,196.55435180664062,406.4908447265625,-1,-1,-1,-1
33,2,121.06869506835938,615.5513305664062,188.24334716796875,402.0076904296875,-1,-1,-1,-1
34,2,145.9405517578125,618.1123046875,180.84768676757812,396.05322265625,-1,-1,-1,-1
35,2,162.55052185058594,620.6752319335938,181.1063995361328,391.97064208984375,-1,-1,-1,-1
36,2,175.9761505126953,621.7818603515625,179.0321807861328,389.9239501953125,-1,-1,-1,-1
37,2,198.79708862304688,622.3589477539062,169.10781860351562,388.780029296875,-1,-1,-1,-1
38,2,221.08163452148438,619.541259765625,159.1910400390625,388.2891845703125,-1,-1,-1,-1
39,2,248.90455627441406,614.872314453125,146.88246154785156,385.73956298828125,-1,-1,-1,-1
40,2,267.1580810546875,608.4437866210938,135.02456665039062,384.8604736328125,-1,-1,-1,-1
41,2,279.0701599121094,605.822509765625,127.54296875,382.35888671875,-1,-1,-1,-1
42,2,292.178466796875,608.3433837890625,122.90866088867188,380.32073974609375,-1,-1,-1,-1
43,2,302.9971008300781,615.779052734375,119.03549194335938,375.4600830078125,-1,-1,-1,-1
44,2,311.6277770996094,620.763916015625,150.91494750976562,370.9339599609375,-1,-1,-1,-1
45,2,318.3753356933594,622.5089111328125,140.80502319335938,366.38525390625,-1,-1,-1,-1
46,2,326.9696350097656,625.9061889648438,132.3787841796875,366.3167724609375,-1,-1,-1,-1
47,2,325.1933898925781,625.267822265625,146.64065551757812,373.44403076171875,-1,-1,-1,-1
48,2,318.519287109375,632.4105834960938,169.82070922851562,372.4732666015625,-1,-1,-1,-1
49,2,316.46435546875,636.41650390625,187.35983276367188,369.74755859375,-1,-1,-1,-1
50,2,313.8432922363281,640.5250244140625,196.70748901367188,366.04693603515625,-1,-1,-1,-1
51,2,305.4788818359375,640.04931640625,199.93765258789062,366.50250244140625,-1,-1,-1,-1
52,2,299.05316162109375,635.6788330078125,204.20382690429688,370.0057373046875,-1,-1,-1,-1
53,2,297.80828857421875,631.522705078125,203.66177368164062,370.8768310546875,-1,-1,-1,-1
54,2,298.243896484375,627.925048828125,202.51031494140625,372.67095947265625,-1,-1,-1,-1
55,2,298.9046630859375,623.7095947265625,195.939208984375,378.26141357421875,-1,-1,-1,-1
56,2,312.3735656738281,620.084228515625,178.21957397460938,381.17755126953125,-1,-1,-1,-1
57,2,322.3095703125,617.6311645507812,171.410888671875,383.62384033203125,-1,-1,-1,-1
58,2,344.42919921875,614.4512939453125,147.65814208984375,385.4183349609375,-1,-1,-1,-1
59,2,357.169677734375,611.3225708007812,174.75,386.15765380859375,-1,-1,-1,-1
60,2,362.1777648925781,610.03662109375,188.94680786132812,385.2601318359375,-1,-1,-1,-1
61,2,365.8630676269531,609.0476684570312,186.58956909179688,383.45074462890625,-1,-1,-1,-1
62,2,370.8134460449219,608.8160400390625,184.44540405273438,381.3543701171875,-1,-1,-1,-1
63,2,376.1585998535156,608.9957885742188,186.54580688476562,379.378662109375,-1,-1,-1,-1
64,2,376.43060302734375,610.1146240234375,189.726806640625,374.62884521484375,-1,-1,-1,-1
65,2,377.6107177734375,611.3119506835938,188.67041015625,373.15850830078125,-1,-1,-1,-1
66,2,383.91180419921875,611.3521118164062,181.09124755859375,371.881103515625,-1,-1,-1,-1
67,2,387.49114990234375,611.6163940429688,188.52484130859375,371.2647705078125,-1,-1,-1,-1
68,2,390.8961181640625,611.8858642578125,192.89520263671875,370.39581298828125,-1,-1,-1,-1
69,2,391.8128662109375,612.3221435546875,191.4954833984375,370.5823974609375,-1,-1,-1,-1
70,2,392.71893310546875,612.725341796875,193.5391845703125,369.20794677734375,-1,-1,-1,-1
71,2,391.53265380859375,613.5061645507812,194.381103515625,369.12664794921875,-1,-1,-1,-1
72,2,389.8205261230469,613.3333129882812,192.94473266601562,369.39154052734375,-1,-1,-1,-1
73,2,389.3086242675781,612.5457763671875,188.91043090820312,369.59466552734375,-1,-1,-1,-1
74,2,393.70196533203125,611.6278686523438,182.0826416015625,369.03240966796875,-1,-1,-1,-1
75,2,401.6978759765625,609.729248046875,171.72613525390625,368.5982666015625,-1,-1,-1,-1
76,2,414.20513916015625,608.4012451171875,151.29681396484375,369.82843017578125,-1,-1,-1,-1
77,2,420.4424743652344,606.9591674804688,139.63211059570312,373.0234375,-1,-1,-1,-1
78,2,419.73419189453125,605.6644287109375,138.1517333984375,376.898193359375,-1,-1,-1,-1
79,2,419.364013671875,606.0497436523438,156.427734375,377.2513427734375,-1,-1,-1,-1
80,2,419.8941650390625,607.9092407226562,134.252197265625,376.84381103515625,-1,-1,-1,-1
81,2,420.5379333496094,608.9683837890625,134.40805053710938,377.2420654296875,-1,-1,-1,-1
82,2,421.0064392089844,608.9437255859375,139.17489624023438,376.5679931640625,-1,-1,-1,-1
83,2,420.90057373046875,608.8417358398438,157.39190673828125,375.7838134765625,-1,-1,-1,-1
84,2,422.504150390625,608.190673828125,169.11187744140625,375.80596923828125,-1,-1,-1,-1
85,2,425.602294921875,608.14794921875,179.0372314453125,373.66827392578125,-1,-1,-1,-1
86,2,428.8869323730469,608.2344360351562,184.40420532226562,372.533203125,-1,-1,-1,-1
87,2,426.1017150878906,608.8314819335938,189.98849487304688,371.41546630859375,-1,-1,-1,-1
88,2,426.7176208496094,609.9107666015625,188.23959350585938,369.74090576171875,-1,-1,-1,-1
89,2,428.8059387207031,611.4561767578125,187.42874145507812,366.26409912109375,-1,-1,-1,-1
90,2,433.87188720703125,611.0859375,184.2666015625,365.937255859375,-1,-1,-1,-1
91,2,435.15789794921875,609.14306640625,188.98443603515625,364.3660888671875,-1,-1,-1,-1
92,2,426.4187316894531,606.6828002929688,202.01602172851562,361.596923828125,-1,-1,-1,-1
93,2,416.9341125488281,605.7471923828125,236.81649780273438,359.22747802734375,-1,-1,-1,-1
94,2,405.09881591796875,607.3546752929688,278.2193603515625,355.84063720703125,-1,-1,-1,-1
95,2,396.8948059082031,611.2518310546875,294.7554626464844,350.15313720703125,-1,-1,-1,-1
96,2,391.2747802734375,614.668212890625,259.44708251953125,347.6231689453125,-1,-1,-1,-1
97,2,379.4954833984375,598.8594970703125,260.4300537109375,363.51019287109375,-1,-1,-1,-1
98,2,374.3159484863281,608.6380615234375,260.8228454589844,354.2247314453125,-1,-1,-1,-1
99,2,371.14739990234375,616.0165405273438,258.460205078125,347.99462890625,-1,-1,-1,-1
100,2,369.4649963378906,613.3619384765625,245.48068237304688,351.830078125,-1,-1,-1,-1
101,2,369.5310974121094,610.5736694335938,225.32400512695312,354.5240478515625,-1,-1,-1,-1
102,2,368.9803161621094,608.7320556640625,201.09750366210938,358.19384765625,-1,-1,-1,-1
103,2,367.1103210449219,607.7057495117188,181.85964965820312,361.11956787109375,-1,-1,-1,-1
104,2,366.6962890625,607.189208984375,168.2923583984375,362.0302734375,-1,-1,-1,-1
105,2,364.72174072265625,606.2554931640625,153.78302001953125,362.98651123046875,-1,-1,-1,-1
106,2,359.32891845703125,604.9573974609375,152.10162353515625,363.4544677734375,-1,-1,-1,-1
107,2,347.6849670410156,602.7744750976562,158.1552734375,367.26397705078125,-1,-1,-1,-1
108,2,295.2810363769531,606.8782958984375,176.81674194335938,374.85369873046875,-1,-1,-1,-1
109,2,195.4783935546875,612.6156616210938,213.08999633789062,396.17071533203125,-1,-1,-1,-1
110,2,75.39537811279297,619.22802734375,250.35720825195312,420.6995849609375,-1,-1,-1,-1
111,2,7.556899070739746,626.236572265625,254.30946350097656,433.3287353515625,-1,-1,-1,-1
112,2,1.107400894165039,629.492919921875,233.77761840820312,435.829833984375,-1,-1,-1,-1
113,2,1.2374086380004883,634.60595703125,218.34547424316406,433.02978515625,-1,-1,-1,-1
114,2,1.995687484741211,642.8937377929688,186.03485107421875,432.91339111328125,-1,-1,-1,-1
115,2,0.914130687713623,738.9200439453125,141.77972412109375,348.6358642578125,-1,-1,-1,-1
116,2,5.333764553070068,638.357177734375,165.23556518554688,379.72216796875,-1,-1,-1,-1
7,3,1110.8570556640625,629.7194213867188,301.01220703125,543.0259399414062,-1,-1,-1,-1
8,3,1089.3961181640625,615.3578491210938,320.5301513671875,544.5072631835938,-1,-1,-1,-1
9,3,1074.231201171875,603.371826171875,331.7847900390625,547.74462890625,-1,-1,-1,-1
10,3,1066.2843017578125,589.9752807617188,328.77587890625,556.9085083007812,-1,-1,-1,-1
11,3,1063.3726806640625,581.965576171875,318.3519287109375,596.0137939453125,-1,-1,-1,-1
12,3,1059.4661865234375,580.247802734375,301.310791015625,596.76171875,-1,-1,-1,-1
13,3,1052.2039794921875,581.5117797851562,290.7509765625,581.5159301757812,-1,-1,-1,-1
14,3,1053.9556884765625,579.0836181640625,288.747802734375,563.173583984375,-1,-1,-1,-1
15,3,1077.910400390625,570.4329223632812,287.208740234375,560.6765747070312,-1,-1,-1,-1
16,3,1113.6761474609375,558.9584350585938,287.5076904296875,575.5916137695312,-1,-1,-1,-1
17,3,1154.0357666015625,551.4885864257812,256.1314697265625,581.0864868164062,-1,-1,-1,-1
18,3,1167.2520751953125,548.4048461914062,242.5447998046875,580.8513793945312,-1,-1,-1,-1
19,3,1152.8958740234375,550.976806640625,255.11669921875,572.1888427734375,-1,-1,-1,-1
20,3,1120.751220703125,562.0548706054688,261.4161376953125,560.2611694335938,-1,-1,-1,-1
21,3,1063.4019775390625,573.137451171875,232.2523193359375,539.9385986328125,-1,-1,-1,-1
22,3,983.3449096679688,592.6406860351562,200.46295166015625,513.7605590820312,-1,-1,-1,-1
23,3,905.093994140625,605.307373046875,179.8604736328125,491.7828369140625,-1,-1,-1,-1
24,3,841.7014770507812,599.3453979492188,184.51336669921875,475.83990478515625,-1,-1,-1,-1
25,3,802.7409057617188,592.6441040039062,187.45245361328125,461.31915283203125,-1,-1,-1,-1
26,3,763.736328125,588.2847900390625,207.305908203125,449.24853515625,-1,-1,-1,-1
27,3,732.181396484375,587.7315063476562,225.9757080078125,439.85455322265625,-1,-1,-1,-1
28,3,710.045654296875,589.748779296875,236.348388671875,436.357177734375,-1,-1,-1,-1
29,3,694.0121459960938,595.8182373046875,246.14166259765625,430.969482421875,-1,-1,-1,-1
30,3,690.0946044921875,600.3377685546875,242.41156005859375,430.4493408203125,-1,-1,-1,-1
31,3,690.4269409179688,605.253173828125,235.84185791015625,428.395263671875,-1,-1,-1,-1
32,3,692.4502563476562,609.078857421875,239.74310302734375,426.979736328125,-1,-1,-1,-1
33,3,702.9663696289062,608.7034301757812,240.56317138671875,430.31317138671875,-1,-1,-1,-1
34,3,713.085693359375,609.445556640625,243.0994873046875,431.419921875,-1,-1,-1,-1
35,3,717.2134399414062,610.4403686523438,250.156494140625,431.45794677734375,-1,-1,-1,-1
36,3,718.3634643554688,612.83935546875,255.49383544921875,428.658447265625,-1,-1,-1,-1
37,3,723.0384521484375,613.9848022460938,256.9736328125,421.27349853515625,-1,-1,-1,-1
38,3,728.2870483398438,614.808837890625,259.013916015625,414.34130859375,-1,-1,-1,-1
39,3,739.7269897460938,611.1210327148438,248.54931640625,405.10223388671875,-1,-1,-1,-1
40,3,746.0071411132812,603.229248046875,221.90216064453125,395.4964599609375,-1,-1,-1,-1
41,3,758.0321655273438,601.3748779296875,205.65325927734375,391.6083984375,-1,-1,-1,-1
42,3,769.5706787109375,605.6499633789062,193.2183837890625,389.96051025390625,-1,-1,-1,-1
43,3,780.5012817382812,609.46240234375,184.73504638671875,388.68841552734375,-1,-1,-1,-1
44,3,786.535888671875,610.7379150390625,183.5003662109375,389.0159912109375,-1,-1,-1,-1
45,3,790.7561645507812,609.1943969726562,181.48553466796875,387.46270751953125,-1,-1,-1,-1
46,3,795.8115844726562,612.4659423828125,185.8631591796875,385.905029296875,-1,-1,-1,-1
47,3,788.3678588867188,616.6002807617188,196.82672119140625,386.76690673828125,-1,-1,-1,-1
48,3,779.5463256835938,622.0709838867188,194.5277099609375,384.885009765625,-1,-1,-1,-1
49,3,771.4786987304688,628.9498901367188,193.89898681640625,379.924072265625,-1,-1,-1,-1
50,3,767.3040771484375,632.54443359375,195.01666259765625,376.1722412109375,-1,-1,-1,-1
51,3,764.6920166015625,632.2899780273438,203.6357421875,371.913818359375,-1,-1,-1,-1
52,3,764.4329833984375,627.589111328125,213.245849609375,369.8111572265625,-1,-1,-1,-1
53,3,768.5796508789062,621.0059814453125,216.00189208984375,367.85980224609375,-1,-1,-1,-1
54,3,779.5812377929688,614.229736328125,202.73193359375,367.139892578125,-1,-1,-1,-1
55,3,789.08349609375,610.0477294921875,186.9129638671875,366.93359375,-1,-1,-1,-1
56,3,796.7227783203125,606.8338012695312,177.60638427734375,363.55377197265625,-1,-1,-1,-1
57,3,798.0028076171875,605.6603393554688,178.366943359375,362.12982177734375,-1,-1,-1,-1
58,3,798.7025756835938,606.0630493164062,177.26507568359375,360.6055908203125,-1,-1,-1,-1
59,3,799.3558349609375,607.2286987304688,177.4766845703125,358.4471435546875,-1,-1,-1,-1
60,3,797.9599609375,608.8854370117188,178.3441162109375,353.40740966796875,-1,-1,-1,-1
61,3,797.15673828125,611.044677734375,179.14068603515625,346.7431640625,-1,-1,-1,-1
62,3,797.7395629882812,613.1273803710938,179.29681396484375,341.19891357421875,-1,-1,-1,-1
63,3,796.5861206054688,614.3632202148438,182.0872802734375,338.4434814453125,-1,-1,-1,-1
64,3,794.0692749023438,616.4688720703125,183.078369140625,335.05328369140625,-1,-1,-1,-1
65,3,792.9944458007812,619.0155639648438,182.37396240234375,333.00274658203125,-1,-1,-1,-1
66,3,791.1451416015625,620.616455078125,183.3966064453125,331.1387939453125,-1,-1,-1,-1
67,3,790.36767578125,623.1902465820312,184.4649658203125,328.53729248046875,-1,-1,-1,-1
68,3,789.4073486328125,626.1441040039062,193.62890625,324.98809814453125,-1,-1,-1,-1
69,3,789.86376953125,629.2716674804688,200.69189453125,321.9814453125,-1,-1,-1,-1
70,3,793.8140869140625,631.7491455078125,206.2274169921875,319.28594970703125,-1,-1,-1,-1
71,3,798.3636474609375,633.6320190429688,211.77630615234375,318.29095458984375,-1,-1,-1,-1
72,3,804.3924560546875,634.119140625,210.8343505859375,317.40692138671875,-1,-1,-1,-1
73,3,807.6404418945312,634.2635498046875,204.96075439453125,317.1820068359375,-1,-1,-1,-1
74,3,808.0900268554688,633.27783203125,199.92864990234375,317.674072265625,-1,-1,-1,-1
75,3,806.940673828125,631.3771362304688,197.29217529296875,317.788818359375,-1,-1,-1,-1
76,3,801.9285278320312,628.6988525390625,197.22735595703125,319.78094482421875,-1,-1,-1,-1
77,3,799.8573608398438,621.8756713867188,192.94329833984375,325.00885009765625,-1,-1,-1,-1
78,3,802.0176391601562,618.130859375,186.1639404296875,328.1251220703125,-1,-1,-1,-1
79,3,808.2476196289062,614.54052734375,175.8604736328125,332.51666259765625,-1,-1,-1,-1
80,3,821.1808471679688,612.3184814453125,161.9698486328125,337.98394775390625,-1,-1,-1,-1
81,3,830.94580078125,611.5859985351562,151.1571044921875,344.49945068359375,-1,-1,-1,-1
82,3,831.74755859375,610.3076171875,148.12030029296875,348.33404541015625,-1,-1,-1,-1
83,3,829.8851318359375,609.4383544921875,145.64324951171875,349.2457275390625,-1,-1,-1,-1
84,3,828.7687377929688,608.3705444335938,144.99481201171875,348.57171630859375,-1,-1,-1,-1
85,3,826.0503540039062,608.1279296875,146.2572021484375,347.61602783203125,-1,-1,-1,-1
86,3,823.3051147460938,606.9193115234375,147.8756103515625,347.3074951171875,-1,-1,-1,-1
87,3,820.2633056640625,606.7816772460938,149.931884765625,347.406982421875,-1,-1,-1,-1
88,3,811.457275390625,607.8667602539062,155.40985107421875,348.56005859375,-1,-1,-1,-1
89,3,778.0507202148438,612.5068969726562,187.9525146484375,350.95330810546875,-1,-1,-1,-1
90,3,748.6544799804688,620.510009765625,221.4046630859375,346.0989990234375,-1,-1,-1,-1
91,3,724.1770629882812,631.4103393554688,255.96014404296875,334.73724365234375,-1,-1,-1,-1
92,3,713.0293579101562,638.180419921875,289.81732177734375,325.1295166015625,-1,-1,-1,-1
93,3,715.7091064453125,642.197509765625,307.89910888671875,321.11346435546875,-1,-1,-1,-1
94,3,720.70751953125,643.0271606445312,312.0562744140625,320.0045166015625,-1,-1,-1,-1
95,3,732.4342041015625,640.251708984375,306.4302978515625,323.1676025390625,-1,-1,-1,-1
96,3,765.4577026367188,636.0105590820312,277.95721435546875,327.30621337890625,-1,-1,-1,-1
97,3,794.7578735351562,624.4754028320312,254.10723876953125,337.97320556640625,-1,-1,-1,-1
98,3,799.9607543945312,610.0799560546875,249.74346923828125,350.26544189453125,-1,-1,-1,-1
99,3,801.224853515625,598.1727905273438,246.995849609375,358.91778564453125,-1,-1,-1,-1
100,3,818.1849975585938,589.8945922851562,232.21185302734375,369.046142578125,-1,-1,-1,-1
101,3,836.339599609375,586.7652587890625,216.4891357421875,377.8851318359375,-1,-1,-1,-1
102,3,852.02734375,589.1492919921875,204.09814453125,376.2039794921875,-1,-1,-1,-1
103,3,855.5226440429688,593.698486328125,201.23919677734375,370.3865966796875,-1,-1,-1,-1
104,3,862.1503295898438,593.9796752929688,206.07269287109375,369.77874755859375,-1,-1,-1,-1
105,3,861.9421997070312,588.2762451171875,200.16363525390625,374.07196044921875,-1,-1,-1,-1
106,3,853.6644897460938,581.37158203125,194.23321533203125,377.4505615234375,-1,-1,-1,-1
107,3,839.7858276367188,572.8181762695312,193.42596435546875,380.626953125,-1,-1,-1,-1
108,3,788.03955078125,567.089111328125,200.17559814453125,382.4027099609375,-1,-1,-1,-1
109,3,696.2141723632812,563.976806640625,212.6417236328125,381.077880859375,-1,-1,-1,-1
110,3,608.2352294921875,559.498291015625,213.2330322265625,383.40167236328125,-1,-1,-1,-1
111,3,548.3119506835938,554.26220703125,207.27154541015625,388.775634765625,-1,-1,-1,-1
112,3,514.92236328125,548.4107666015625,212.5670166015625,397.54168701171875,-1,-1,-1,-1
113,3,500.1163635253906,544.73828125,214.55905151367188,400.729248046875,-1,-1,-1,-1
114,3,468.0414123535156,544.615478515625,224.20358276367188,403.09918212890625,-1,-1,-1,-1
115,3,402.1578369140625,549.5091552734375,250.44024658203125,405.0054931640625,-1,-1,-1,-1
116,3,311.2504577636719,562.7962646484375,285.4036560058594,413.0018310546875,-1,-1,-1,-1
117,3,200.9484100341797,586.2369995117188,338.33203125,412.5516357421875,-1,-1,-1,-1
118,3,89.74353790283203,615.0045166015625,405.86181640625,409.6715087890625,-1,-1,-1,-1
119,3,25.896299362182617,654.3404541015625,435.6846923828125,376.4951171875,-1,-1,-1,-1
120,3,16.793659210205078,668.5693969726562,436.43585205078125,357.63031005859375,-1,-1,-1,-1
121,3,55.718711853027344,658.0444946289062,403.23748779296875,356.40557861328125,-1,-1,-1,-1
122,3,80.63754272460938,643.962646484375,384.1742858886719,372.1004638671875,-1,-1,-1,-1
123,3,46.265018463134766,638.4088134765625,388.5628967285156,400.1083984375,-1,-1,-1,-1
124,3,19.988012313842773,621.2015380859375,383.6482849121094,437.0509033203125,-1,-1,-1,-1
125,3,20.589784622192383,607.4097290039062,378.4794921875,461.57855224609375,-1,-1,-1,-1
126,3,45.34916305541992,595.0234985351562,375.84393310546875,460.85272216796875,-1,-1,-1,-1
127,3,106.33482360839844,577.186279296875,350.1253662109375,449.179931640625,-1,-1,-1,-1
128,3,231.32823181152344,564.2095336914062,308.2716064453125,411.407958984375,-1,-1,-1,-1
129,3,407.32757568359375,563.0630493164062,260.64385986328125,380.184814453125,-1,-1,-1,-1
130,3,585.2901611328125,567.290283203125,230.91748046875,359.33099365234375,-1,-1,-1,-1
131,3,714.1946411132812,561.5056762695312,234.97857666015625,362.29803466796875,-1,-1,-1,-1
132,3,809.6658935546875,548.13916015625,246.4298095703125,379.360107421875,-1,-1,-1,-1
133,3,871.6588134765625,534.4354858398438,251.3367919921875,400.0751953125,-1,-1,-1,-1
134,3,905.1703491210938,527.775146484375,251.59808349609375,411.46734619140625,-1,-1,-1,-1
135,3,930.3092651367188,527.1051635742188,239.55389404296875,415.773681640625,-1,-1,-1,-1
136,3,930.8214111328125,535.2218017578125,251.10888671875,407.94561767578125,-1,-1,-1,-1
137,3,900.2884521484375,545.87255859375,302.39990234375,399.12457275390625,-1,-1,-1,-1
138,3,853.7174682617188,551.2216186523438,369.52264404296875,393.92608642578125,-1,-1,-1,-1
139,3,885.7249755859375,547.7492065429688,335.526611328125,397.83306884765625,-1,-1,-1,-1
140,3,885.5681762695312,541.2693481445312,333.91168212890625,405.993896484375,-1,-1,-1,-1
141,3,880.396240234375,532.22021484375,344.1964111328125,412.906005859375,-1,-1,-1,-1
142,3,887.214599609375,525.52783203125,346.10791015625,419.32666015625,-1,-1,-1,-1
143,3,921.23388671875,521.8606567382812,323.10986328125,426.63311767578125,-1,-1,-1,-1
144,3,955.384033203125,518.8119506835938,305.74609375,433.46875,-1,-1,-1,-1
145,3,1035.3438720703125,517.6578369140625,253.9549560546875,438.774169921875,-1,-1,-1,-1
146,3,1061.6044921875,518.1856689453125,249.4512939453125,440.2794189453125,-1,-1,-1,-1
147,3,1082.5888671875,517.9635620117188,255.45361328125,443.19329833984375,-1,-1,-1,-1
148,3,1100.3214111328125,518.4216918945312,259.1917724609375,443.92449951171875,-1,-1,-1,-1
149,3,1117.2333984375,518.0624389648438,262.23046875,442.17193603515625,-1,-1,-1,-1
150,3,1139.4661865234375,512.3885192871094,258.6768798828125,445.0107116699219,-1,-1,-1,-1
151,3,1158.0086669921875,505.1712341308594,249.9708251953125,453.6683654785156,-1,-1,-1,-1
152,3,1195.6202392578125,498.9638366699219,211.54833984375,462.9929504394531,-1,-1,-1,-1
153,3,1239.3433837890625,494.98309326171875,169.228759765625,468.00048828125,-1,-1,-1,-1
154,3,1283.85009765625,495.0393371582031,124.5987548828125,473.4385681152344,-1,-1,-1,-1
155,3,1315.5174560546875,497.47344970703125,91.5841064453125,467.46490478515625,-1,-1,-1,-1
156,3,1337.484130859375,503.37005615234375,71.37841796875,454.33880615234375,-1,-1,-1,-1
157,3,1327.64892578125,507.9583740234375,90.1903076171875,435.98828125,-1,-1,-1,-1
110,4,7.067699432373047,634.5745239257812,115.59132385253906,257.6304931640625,-1,-1,-1,-1
111,4,2.9891300201416016,628.033935546875,178.8307342529297,299.095703125,-1,-1,-1,-1
112,4,2.038923740386963,630.1436157226562,158.45986938476562,286.99591064453125,-1,-1,-1,-1
113,4,4.938564300537109,634.9408569335938,167.11956787109375,323.25421142578125,-1,-1,-1,-1
114,4,1.0849671363830566,647.7916870117188,111.68370819091797,299.7169189453125,-1,-1,-1,-1
115,4,-3.871603012084961,719.6696166992188,95.51046752929688,253.90924072265625,-1,-1,-1,-1
116,4,42.55241775512695,650.7300415039062,113.09695434570312,191.79705810546875,-1,-1,-1,-1
129,5,0.9729189872741699,662.3971557617188,113.39143371582031,350.47576904296875,-1,-1,-1,-1
130,5,114.84333038330078,650.337890625,178.12576293945312,327.194580078125,-1,-1,-1,-1
131,5,281.0427551269531,647.0607299804688,177.26190185546875,297.59747314453125,-1,-1,-1,-1
132,5,396.94146728515625,643.95166015625,216.86407470703125,284.4769287109375,-1,-1,-1,-1
133,5,465.86505126953125,641.2352294921875,241.63543701171875,280.658935546875,-1,-1,-1,-1
134,5,495.7173156738281,642.7449951171875,258.3234558105469,280.015380859375,-1,-1,-1,-1
135,5,507.4830322265625,647.8327026367188,276.249267578125,288.57720947265625,-1,-1,-1,-1
136,5,516.3615112304688,664.5609130859375,325.99310302734375,275.8125,-1,-1,-1,-1
137,5,529.6181640625,656.7640380859375,322.0853271484375,287.98779296875,-1,-1,-1,-1
138,5,553.9775390625,642.5592651367188,309.4996337890625,305.752197265625,-1,-1,-1,-1
139,5,566.5100708007812,677.7711791992188,261.6353759765625,270.3221435546875,-1,-1,-1,-1
140,5,565.1038818359375,668.4935913085938,238.234130859375,279.91754150390625,-1,-1,-1,-1
141,5,560.1245727539062,655.95556640625,218.10723876953125,290.66827392578125,-1,-1,-1,-1
142,5,559.7005615234375,641.7088012695312,217.5411376953125,304.9000244140625,-1,-1,-1,-1
143,5,547.07373046875,627.758056640625,237.41680908203125,318.75811767578125,-1,-1,-1,-1
144,5,543.7640380859375,617.1334228515625,250.465087890625,330.22454833984375,-1,-1,-1,-1
145,5,546.3790283203125,607.8271484375,250.70306396484375,338.047607421875,-1,-1,-1,-1
146,5,560.2013549804688,601.58251953125,229.52734375,343.8673095703125,-1,-1,-1,-1
147,5,572.70166015625,596.7147827148438,196.94598388671875,346.0474853515625,-1,-1,-1,-1
148,5,577.2803955078125,591.349365234375,174.8231201171875,348.76470947265625,-1,-1,-1,-1
149,5,579.8295288085938,585.9618530273438,167.22772216796875,351.02490234375,-1,-1,-1,-1
150,5,583.3502807617188,581.8154907226562,161.71746826171875,349.65765380859375,-1,-1,-1,-1
151,5,593.46484375,582.5030517578125,148.21826171875,345.84991455078125,-1,-1,-1,-1
152,5,597.230712890625,581.4326782226562,137.275390625,344.26751708984375,-1,-1,-1,-1
153,5,600.1461181640625,582.0639038085938,127.30419921875,337.78350830078125,-1,-1,-1,-1
154,5,603.8028564453125,578.732177734375,117.9404296875,334.27288818359375,-1,-1,-1,-1
155,5,601.7650756835938,572.6762084960938,123.33837890625,328.49566650390625,-1,-1,-1,-1
156,5,605.6758422851562,558.3630981445312,144.03662109375,323.0355224609375,-1,-1,-1,-1
157,5,616.7952270507812,537.8800048828125,145.95367431640625,316.693115234375,-1,-1,-1,-1
158,5,635.3326416015625,513.1754760742188,141.19140625,308.65399169921875,-1,-1,-1,-1
159,5,650.1234741210938,486.77935791015625,139.19866943359375,308.68670654296875,-1,-1,-1,-1
160,5,663.23681640625,469.6408996582031,135.42657470703125,312.6054382324219,-1,-1,-1,-1
161,5,667.817626953125,464.5731506347656,131.43798828125,317.5463562011719,-1,-1,-1,-1
162,5,667.218017578125,464.4626159667969,127.57135009765625,322.5405578613281,-1,-1,-1,-1
163,5,666.3347778320312,472.2738342285156,130.34478759765625,321.7312927246094,-1,-1,-1,-1
164,5,658.2885131835938,484.1824951171875,144.13128662109375,321.70660400390625,-1,-1,-1,-1
165,5,655.2586669921875,496.81689453125,144.919921875,319.90509033203125,-1,-1,-1,-1
166,5,653.615478515625,509.4649658203125,144.97149658203125,317.32965087890625,-1,-1,-1,-1
167,5,654.94677734375,520.1240234375,141.96905517578125,318.31060791015625,-1,-1,-1,-1
168,5,653.3589477539062,529.0094604492188,139.51812744140625,321.10003662109375,-1,-1,-1,-1
169,5,654.8463745117188,536.3357543945312,135.24908447265625,324.6016845703125,-1,-1,-1,-1
170,5,652.456787109375,541.6075439453125,133.77099609375,328.9759521484375,-1,-1,-1,-1
171,5,652.4221801757812,549.6348876953125,132.45233154296875,357.5814208984375,-1,-1,-1,-1
172,5,651.7838745117188,556.70849609375,132.99700927734375,366.88275146484375,-1,-1,-1,-1
173,5,646.4386596679688,562.6419067382812,140.11907958984375,368.81488037109375,-1,-1,-1,-1
174,5,648.816650390625,566.646728515625,155.6868896484375,370.35955810546875,-1,-1,-1,-1
175,5,653.1543579101562,568.4800415039062,150.99725341796875,373.73431396484375,-1,-1,-1,-1
176,5,657.772705078125,569.1332397460938,148.8603515625,375.04095458984375,-1,-1,-1,-1
177,5,661.8118896484375,566.7997436523438,146.38861083984375,376.47119140625,-1,-1,-1,-1
178,5,658.837158203125,562.78466796875,149.8040771484375,379.2564697265625,-1,-1,-1,-1
179,5,655.802734375,557.280517578125,155.89593505859375,385.71881103515625,-1,-1,-1,-1
180,5,650.7053833007812,551.112060546875,155.0093994140625,392.71588134765625,-1,-1,-1,-1
181,5,648.2219848632812,547.8102416992188,155.82781982421875,397.37030029296875,-1,-1,-1,-1
182,5,645.6936645507812,546.8876953125,159.5599365234375,399.72381591796875,-1,-1,-1,-1
183,5,644.3418579101562,547.4415283203125,162.84893798828125,406.43865966796875,-1,-1,-1,-1
184,5,643.433349609375,550.8419799804688,164.24102783203125,418.18359375,-1,-1,-1,-1
185,5,645.733642578125,556.16064453125,163.563232421875,427.15142822265625,-1,-1,-1,-1
186,5,643.3564453125,561.454833984375,166.84295654296875,433.7933349609375,-1,-1,-1,-1
187,5,643.925048828125,565.190185546875,166.62066650390625,435.7412109375,-1,-1,-1,-1
188,5,638.5260620117188,569.8591918945312,158.09405517578125,438.29547119140625,-1,-1,-1,-1
189,5,632.6572265625,571.88720703125,155.67828369140625,439.78326416015625,-1,-1,-1,-1
190,5,631.2996215820312,570.1727905273438,153.60235595703125,442.088134765625,-1,-1,-1,-1
191,5,626.0421752929688,565.95068359375,154.3779296875,448.2791748046875,-1,-1,-1,-1
192,5,622.6405639648438,565.6709594726562,160.71722412109375,471.79949951171875,-1,-1,-1,-1
193,5,620.419677734375,569.3662719726562,184.939208984375,488.70220947265625,-1,-1,-1,-1
194,5,616.127685546875,573.0069580078125,146.1727294921875,513.6878662109375,-1,-1,-1,-1
195,5,612.71240234375,575.905029296875,123.81219482421875,538.2666015625,-1,-1,-1,-1
196,5,613.1005859375,579.1792602539062,117.3902587890625,566.4072875976562,-1,-1,-1,-1
197,5,608.23486328125,586.6333618164062,121.1552734375,567.3978881835938,-1,-1,-1,-1
198,5,603.6505126953125,600.001220703125,128.1767578125,554.4422607421875,-1,-1,-1,-1
199,5,594.9574584960938,607.5258178710938,140.37115478515625,545.3627319335938,-1,-1,-1,-1
200,5,592.5839233398438,603.8248901367188,145.5662841796875,544.7063598632812,-1,-1,-1,-1
201,5,590.7213745117188,586.600341796875,152.56158447265625,555.9705810546875,-1,-1,-1,-1
202,5,593.5131225585938,572.90234375,153.01312255859375,569.3145751953125,-1,-1,-1,-1
203,5,588.8715209960938,569.8394775390625,149.42840576171875,570.77294921875,-1,-1,-1,-1
204,5,561.2223510742188,581.2152709960938,165.725341796875,551.9808959960938,-1,-1,-1,-1
205,5,521.0630493164062,602.0695190429688,193.94244384765625,521.5752563476562,-1,-1,-1,-1
206,5,467.69989013671875,629.14501953125,210.45660400390625,512.4617919921875,-1,-1,-1,-1
207,5,396.4241638183594,653.2466430664062,224.59738159179688,511.03424072265625,-1,-1,-1,-1
208,5,340.7477722167969,662.6648559570312,226.36648559570312,518.4714965820312,-1,-1,-1,-1
209,5,305.9404602050781,656.3743286132812,229.29183959960938,529.3367309570312,-1,-1,-1,-1
210,5,294.3497009277344,642.8237915039062,216.65982055664062,530.9127807617188,-1,-1,-1,-1
211,5,292.9219665527344,621.203125,198.98538208007812,517.6571044921875,-1,-1,-1,-1
212,5,286.3319396972656,602.5487060546875,191.00424194335938,501.853515625,-1,-1,-1,-1
213,5,287.3741455078125,589.5899658203125,174.42068481445312,479.9117431640625,-1,-1,-1,-1
214,5,296.0240783691406,580.3609619140625,162.882080078125,456.3843994140625,-1,-1,-1,-1
215,5,299.7342834472656,579.0028686523438,157.67266845703125,434.16644287109375,-1,-1,-1,-1
216,5,304.9881591796875,585.7891845703125,166.66131591796875,419.46649169921875,-1,-1,-1,-1
217,5,306.9747619628906,599.8509521484375,187.41195678710938,406.5506591796875,-1,-1,-1,-1
218,5,312.00726318359375,618.6743774414062,184.12744140625,390.43487548828125,-1,-1,-1,-1
219,5,316.78509521484375,634.5319213867188,171.19436645507812,380.58929443359375,-1,-1,-1,-1
220,5,318.989013671875,641.3322143554688,169.35140991210938,379.97918701171875,-1,-1,-1,-1
221,5,320.9797058105469,635.7689208984375,164.65469360351562,387.59710693359375,-1,-1,-1,-1
222,5,328.888916015625,624.8856811523438,161.770751953125,399.59002685546875,-1,-1,-1,-1
223,5,337.1062927246094,617.74658203125,159.605224609375,405.554443359375,-1,-1,-1,-1
224,5,342.0688171386719,616.7529907226562,156.63339233398438,401.4915771484375,-1,-1,-1,-1
225,5,349.86981201171875,621.7686767578125,160.4822998046875,390.76617431640625,-1,-1,-1,-1
226,5,367.3374938964844,629.5096435546875,153.75509643554688,380.2421875,-1,-1,-1,-1
227,5,402.2893981933594,642.9763793945312,146.60110473632812,366.826171875,-1,-1,-1,-1
228,5,447.48577880859375,656.337158203125,143.50091552734375,348.3487548828125,-1,-1,-1,-1
229,5,489.2057800292969,662.28173828125,135.86495971679688,336.04248046875,-1,-1,-1,-1
230,5,518.218994140625,656.851318359375,135.16229248046875,335.53070068359375,-1,-1,-1,-1
231,5,534.9384155273438,641.1311645507812,135.03094482421875,340.62835693359375,-1,-1,-1,-1
232,5,546.2876586914062,625.3226318359375,130.2529296875,351.94482421875,-1,-1,-1,-1
233,5,551.2954711914062,615.4331665039062,135.5518798828125,366.26141357421875,-1,-1,-1,-1
234,5,555.8233642578125,610.3614501953125,136.41912841796875,385.7509765625,-1,-1,-1,-1
235,5,561.390869140625,611.1298828125,136.91015625,401.5931396484375,-1,-1,-1,-1
236,5,566.5744018554688,619.5745239257812,139.88812255859375,405.56719970703125,-1,-1,-1,-1
237,5,572.1183471679688,627.2266845703125,141.5784912109375,398.0880126953125,-1,-1,-1,-1
238,5,577.0823364257812,629.0343627929688,138.02947998046875,391.18865966796875,-1,-1,-1,-1
239,5,579.1347045898438,618.4573364257812,137.239990234375,397.46221923828125,-1,-1,-1,-1
240,5,579.9991455078125,602.6497192382812,139.81915283203125,409.762451171875,-1,-1,-1,-1
241,5,583.335693359375,588.0010375976562,135.97589111328125,418.84423828125,-1,-1,-1,-1
242,5,591.97705078125,580.1512451171875,140.5260009765625,418.10003662109375,-1,-1,-1,-1
243,5,598.456787109375,578.1852416992188,153.53460693359375,402.96533203125,-1,-1,-1,-1
244,5,602.1538696289062,580.7220458984375,167.67401123046875,394.924560546875,-1,-1,-1,-1
245,5,601.958984375,589.4260864257812,172.594970703125,380.96392822265625,-1,-1,-1,-1
246,5,599.3943481445312,600.2237548828125,172.25872802734375,369.2347412109375,-1,-1,-1,-1
247,5,595.1043701171875,608.394775390625,168.5,364.1114501953125,-1,-1,-1,-1
248,5,582.966796875,602.1226196289062,169.57794189453125,368.73040771484375,-1,-1,-1,-1
249,5,568.1119384765625,586.3766479492188,166.5960693359375,381.306396484375,-1,-1,-1,-1
250,5,543.5130004882812,570.7520141601562,160.8382568359375,400.41119384765625,-1,-1,-1,-1
251,5,505.7125244140625,557.1788330078125,157.865966796875,419.72637939453125,-1,-1,-1,-1
252,5,460.7886962890625,548.49755859375,165.7593994140625,419.4610595703125,-1,-1,-1,-1
253,5,429.62652587890625,546.4995727539062,179.19097900390625,433.18951416015625,-1,-1,-1,-1
254,5,410.116455078125,553.9940795898438,197.46453857421875,432.6171875,-1,-1,-1,-1
255,5,404.84771728515625,570.6327514648438,213.238037109375,420.865478515625,-1,-1,-1,-1
256,5,406.7212219238281,597.3748779296875,209.03219604492188,400.2227783203125,-1,-1,-1,-1
257,5,403.37359619140625,619.522216796875,202.05322265625,389.846923828125,-1,-1,-1,-1
258,5,391.5364685058594,629.0408935546875,205.04281616210938,386.67578125,-1,-1,-1,-1
259,5,376.0416259765625,623.4232177734375,210.947998046875,393.7760009765625,-1,-1,-1,-1
260,5,352.8437805175781,612.9218139648438,227.54611206054688,408.18365478515625,-1,-1,-1,-1
261,5,329.67779541015625,604.2171020507812,244.687255859375,427.09979248046875,-1,-1,-1,-1
262,5,291.5686340332031,601.5498046875,256.1770935058594,454.690185546875,-1,-1,-1,-1
263,5,254.67315673828125,607.3082885742188,255.88357543945312,466.08514404296875,-1,-1,-1,-1
264,5,213.2412109375,615.460205078125,268.2126159667969,463.5059814453125,-1,-1,-1,-1
265,5,173.9025421142578,621.6652221679688,283.3260498046875,460.08013916015625,-1,-1,-1,-1
266,5,151.17758178710938,619.199462890625,285.21868896484375,463.6925048828125,-1,-1,-1,-1
267,5,135.6520538330078,608.201171875,290.0762939453125,473.100830078125,-1,-1,-1,-1
268,5,126.38166809082031,590.458740234375,284.54046630859375,496.3011474609375,-1,-1,-1,-1
269,5,126.90131378173828,573.5646362304688,271.34326171875,516.0993041992188,-1,-1,-1,-1
270,5,129.49195861816406,560.7764282226562,252.93687438964844,530.2208862304688,-1,-1,-1,-1
271,5,131.3849639892578,556.609375,251.74766540527344,539.917724609375,-1,-1,-1,-1
272,5,135.45046997070312,558.6246337890625,254.96725463867188,546.270751953125,-1,-1,-1,-1
273,5,140.95538330078125,568.12109375,255.07687377929688,542.7916259765625,-1,-1,-1,-1
274,5,147.86697387695312,582.3917236328125,242.425537109375,528.5611572265625,-1,-1,-1,-1
275,5,155.15773010253906,589.78466796875,230.58607482910156,520.50244140625,-1,-1,-1,-1
276,5,157.39552307128906,586.6193237304688,229.39476013183594,524.2560424804688,-1,-1,-1,-1
277,5,167.72833251953125,576.8093872070312,224.02517700195312,541.2261352539062,-1,-1,-1,-1
278,5,182.9423828125,562.47900390625,217.6231689453125,564.8909912109375,-1,-1,-1,-1
279,5,189.09124755859375,552.6657104492188,214.39340209960938,583.6161499023438,-1,-1,-1,-1
280,5,191.79559326171875,549.2881469726562,219.6405029296875,602.3231811523438,-1,-1,-1,-1
281,5,194.08477783203125,554.283203125,235.10653686523438,605.0303955078125,-1,-1,-1,-1
282,5,198.15496826171875,569.6896362304688,261.9244384765625,589.7128295898438,-1,-1,-1,-1
283,5,206.49034118652344,584.2484741210938,303.2625732421875,576.7091674804688,-1,-1,-1,-1
284,5,218.81732177734375,589.5318603515625,306.288330078125,573.7242431640625,-1,-1,-1,-1
285,5,232.74832153320312,583.0975952148438,291.0581970214844,582.6296997070312,-1,-1,-1,-1
286,5,247.593017578125,570.2163696289062,275.85943603515625,597.9408569335938,-1,-1,-1,-1
287,5,265.89788818359375,556.531982421875,256.784912109375,606.6959228515625,-1,-1,-1,-1
288,5,278.3006286621094,547.992919921875,237.73641967773438,600.5513916015625,-1,-1,-1,-1
289,5,291.08978271484375,545.8961791992188,228.30963134765625,586.1360473632812,-1,-1,-1,-1
290,5,299.3304443359375,549.7731323242188,243.378662109375,576.1151733398438,-1,-1,-1,-1
291,5,309.9552917480469,563.406982421875,266.7860412597656,564.302490234375,-1,-1,-1,-1
292,5,320.00848388671875,581.3775634765625,259.05694580078125,552.095703125,-1,-1,-1,-1
293,5,327.2926940917969,593.9063110351562,239.63400268554688,546.8805541992188,-1,-1,-1,-1
294,5,325.53326416015625,591.6976928710938,230.27294921875,553.8335571289062,-1,-1,-1,-1
295,5,323.1809997558594,577.66796875,224.67782592773438,572.5399169921875,-1,-1,-1,-1
296,5,319.042724609375,560.3251953125,220.5599365234375,591.40234375,-1,-1,-1,-1
297,5,312.1838073730469,549.9261474609375,220.08584594726562,614.0218505859375,-1,-1,-1,-1
298,5,307.1279602050781,548.591064453125,222.65170288085938,627.69580078125,-1,-1,-1,-1
299,5,303.2245788574219,553.2703857421875,219.82028198242188,635.3515625,-1,-1,-1,-1
300,5,302.9832458496094,565.9213256835938,226.48263549804688,623.9231567382812,-1,-1,-1,-1
301,5,302.3682861328125,579.7644653320312,230.466552734375,609.6497192382812,-1,-1,-1,-1
302,5,308.86199951171875,584.34326171875,224.1014404296875,605.779541015625,-1,-1,-1,-1
303,5,314.26123046875,582.2876586914062,220.1400146484375,610.2062377929688,-1,-1,-1,-1
304,5,317.080078125,575.5427856445312,215.42694091796875,618.6449584960938,-1,-1,-1,-1
305,5,319.72821044921875,566.62744140625,217.70166015625,628.6591796875,-1,-1,-1,-1
306,5,313.9865417480469,564.1215209960938,238.87667846679688,632.5275268554688,-1,-1,-1,-1
307,5,303.5907897949219,567.8045654296875,277.6003723144531,630.4156494140625,-1,-1,-1,-1
308,5,302.241943359375,579.9004516601562,287.39459228515625,619.7330932617188,-1,-1,-1,-1
309,5,298.71221923828125,593.9800415039062,301.8642578125,606.8589477539062,-1,-1,-1,-1
310,5,297.599365234375,601.1586303710938,288.47491455078125,603.1526489257812,-1,-1,-1,-1
311,5,299.8832092285156,593.7908935546875,286.0414733886719,610.869873046875,-1,-1,-1,-1
312,5,323.1905517578125,580.3164672851562,271.82232666015625,617.1217651367188,-1,-1,-1,-1
313,5,352.90411376953125,571.5579223632812,249.31842041015625,600.4723510742188,-1,-1,-1,-1
314,5,374.7113037109375,569.2501220703125,240.5567626953125,574.82666015625,-1,-1,-1,-1
315,5,392.617431640625,577.7355346679688,243.8011474609375,560.2680053710938,-1,-1,-1,-1
316,5,396.3693542480469,595.8297729492188,271.8267517089844,544.0119018554688,-1,-1,-1,-1
317,5,393.93292236328125,618.886474609375,331.778076171875,523.0694580078125,-1,-1,-1,-1
318,5,392.157958984375,638.7313232421875,360.9765625,504.5626220703125,-1,-1,-1,-1
319,5,389.27850341796875,652.3804931640625,337.90460205078125,492.2294921875,-1,-1,-1,-1
320,5,380.199462890625,654.6502685546875,345.0577392578125,491.8515625,-1,-1,-1,-1
321,5,374.5514221191406,655.3272094726562,373.4411315917969,489.86993408203125,-1,-1,-1,-1
322,5,370.39874267578125,657.4951171875,423.69415283203125,477.9290771484375,-1,-1,-1,-1
323,5,367.1998291015625,662.3143310546875,493.1328125,459.2408447265625,-1,-1,-1,-1
324,5,367.9275207519531,667.5004272460938,453.3511657714844,459.91839599609375,-1,-1,-1,-1
325,5,378.1350402832031,668.9765625,390.1601867675781,468.2999267578125,-1,-1,-1,-1
326,5,398.5397033691406,665.1929931640625,350.8575744628906,477.5804443359375,-1,-1,-1,-1
327,5,426.45391845703125,656.5997924804688,291.2919921875,493.08123779296875,-1,-1,-1,-1
328,5,464.0799560546875,648.9754028320312,246.435302734375,504.53021240234375,-1,-1,-1,-1
329,5,507.5205383300781,640.2926635742188,204.64968872070312,514.1572875976562,-1,-1,-1,-1
330,5,559.6751708984375,632.1829833984375,153.06915283203125,519.65380859375,-1,-1,-1,-1
331,5,563.7300415039062,622.5360717773438,152.56536865234375,526.5317993164062,-1,-1,-1,-1
332,5,561.2473754882812,613.4426879882812,190.3035888671875,519.3807983398438,-1,-1,-1,-1
333,5,559.61474609375,603.8524169921875,204.799560546875,512.8076171875,-1,-1,-1,-1
334,5,559.8446655273438,594.6751098632812,207.3582763671875,507.76898193359375,-1,-1,-1,-1
335,5,560.7645874023438,591.2000122070312,204.38726806640625,503.20025634765625,-1,-1,-1,-1
336,5,561.616943359375,594.6520385742188,206.1072998046875,503.73895263671875,-1,-1,-1,-1
337,5,561.4549560546875,599.366455078125,210.04058837890625,506.1295166015625,-1,-1,-1,-1
338,5,558.4157104492188,600.3142700195312,212.39630126953125,505.39068603515625,-1,-1,-1,-1
339,5,550.0941772460938,591.6640625,221.2681884765625,513.13232421875,-1,-1,-1,-1
340,5,535.8630981445312,576.05712890625,235.03021240234375,523.7371826171875,-1,-1,-1,-1
341,5,515.6832885742188,560.9215698242188,252.92803955078125,525.3701782226562,-1,-1,-1,-1
342,5,502.6648864746094,553.2974243164062,264.4197082519531,537.3558959960938,-1,-1,-1,-1
343,5,487.0885925292969,550.15283203125,271.2187194824219,549.2940673828125,-1,-1,-1,-1
344,5,465.421875,545.22900390625,274.1756591796875,563.902099609375,-1,-1,-1,-1
345,5,451.5245666503906,535.8843383789062,231.14089965820312,581.6028442382812,-1,-1,-1,-1
346,5,414.2337951660156,525.3817749023438,208.73275756835938,598.8464965820312,-1,-1,-1,-1
347,5,394.44012451171875,514.6206665039062,198.37139892578125,609.0896606445312,-1,-1,-1,-1
348,5,366.9521179199219,504.2364807128906,211.66183471679688,609.0284423828125,-1,-1,-1,-1
349,5,319.4354553222656,500.02789306640625,253.90139770507812,600.8351440429688,-1,-1,-1,-1
350,5,290.104736328125,490.03167724609375,276.00506591796875,608.9149780273438,-1,-1,-1,-1
351,5,276.4857177734375,478.4156188964844,284.728759765625,610.916259765625,-1,-1,-1,-1
352,5,264.9288635253906,465.9410095214844,292.7557678222656,611.302734375,-1,-1,-1,-1
353,5,241.2315216064453,461.1804504394531,283.78765869140625,612.8046875,-1,-1,-1,-1
354,5,185.78138732910156,467.2032165527344,283.194091796875,616.7032470703125,-1,-1,-1,-1
355,5,177.97329711914062,471.3546447753906,254.27874755859375,624.37451171875,-1,-1,-1,-1
356,5,136.62913513183594,469.0379943847656,282.03662109375,627.0892333984375,-1,-1,-1,-1
357,5,87.12062072753906,476.9874572753906,326.507568359375,622.3529052734375,-1,-1,-1,-1
358,5,37.60545349121094,501.3831481933594,364.86993408203125,612.817626953125,-1,-1,-1,-1
359,5,7.3091888427734375,528.712158203125,389.6065673828125,608.228759765625,-1,-1,-1,-1
360,5,1.2465248107910156,553.5463256835938,373.7161560058594,602.9866333007812,-1,-1,-1,-1
361,5,0.019219398498535156,561.4492797851562,348.8872985839844,601.7676391601562,-1,-1,-1,-1
362,5,2.5879344940185547,530.7666015625,375.7970275878906,600.12646484375,-1,-1,-1,-1
363,5,107.98038482666016,491.27276611328125,331.03326416015625,577.1632690429688,-1,-1,-1,-1
364,5,319.6983642578125,455.20166015625,244.3856201171875,545.9310302734375,-1,-1,-1,-1
365,5,511.2366943359375,425.5781555175781,215.3018798828125,516.1304931640625,-1,-1,-1,-1
366,5,664.4180908203125,404.9429931640625,213.2545166015625,495.0108642578125,-1,-1,-1,-1
367,5,788.518310546875,404.3802185058594,252.1209716796875,504.5533142089844,-1,-1,-1,-1
368,5,902.504150390625,402.5397033691406,317.22705078125,540.5504150390625,-1,-1,-1,-1
369,5,1034.419921875,381.7401428222656,324.90185546875,581.7308349609375,-1,-1,-1,-1
370,5,1122.3160400390625,357.6819152832031,282.734130859375,589.9771728515625,-1,-1,-1,-1
371,5,1172.3009033203125,352.4580993652344,234.9876708984375,584.3211669921875,-1,-1,-1,-1
372,5,1208.783935546875,351.5487365722656,199.7130126953125,564.3350830078125,-1,-1,-1,-1
373,5,1240.1448974609375,351.2008361816406,167.5421142578125,551.665771484375,-1,-1,-1,-1
374,5,1246.6815185546875,359.5272216796875,162.2857666015625,553.74267578125,-1,-1,-1,-1
375,5,1206.873046875,372.71258544921875,200.5823974609375,548.7783203125,-1,-1,-1,-1
376,5,1133.832275390625,388.30487060546875,262.3465576171875,542.084228515625,-1,-1,-1,-1
377,5,1078.41943359375,409.4226989746094,268.442626953125,529.542724609375,-1,-1,-1,-1
378,5,1014.093994140625,418.6467590332031,245.6524658203125,512.0433044433594,-1,-1,-1,-1
379,5,899.358642578125,436.2764587402344,205.8284912109375,478.5713806152344,-1,-1,-1,-1
380,5,762.1153564453125,458.32025146484375,178.1937255859375,441.5413818359375,-1,-1,-1,-1
381,5,658.9580078125,474.49530029296875,164.38946533203125,425.5556640625,-1,-1,-1,-1
382,5,587.8237915039062,484.52886962890625,146.9581298828125,421.5230712890625,-1,-1,-1,-1
383,5,529.5379028320312,489.25634765625,152.39678955078125,415.0194091796875,-1,-1,-1,-1
384,5,461.9042053222656,494.7307434082031,164.10726928710938,413.7640075683594,-1,-1,-1,-1
385,5,357.19561767578125,506.8441467285156,184.55303955078125,419.1129455566406,-1,-1,-1,-1
386,5,168.10336303710938,518.1812744140625,229.69271850585938,441.2210693359375,-1,-1,-1,-1
387,5,232.7268829345703,560.08544921875,214.86961364746094,358.39459228515625,-1,-1,-1,-1
130,6,5.4963765144348145,620.5377197265625,116.78286743164062,250.63531494140625,-1,-1,-1,-1
131,6,167.6676025390625,620.1118774414062,115.63870239257812,230.904296875,-1,-1,-1,-1
132,6,290.5793762207031,619.141357421875,104.10971069335938,217.27398681640625,-1,-1,-1,-1
133,6,354.9773254394531,616.8739624023438,101.890625,211.9808349609375,-1,-1,-1,-1
134,6,383.054443359375,612.8163452148438,101.55435180664062,207.7835693359375,-1,-1,-1,-1
135,6,387.7502136230469,607.1578979492188,100.24078369140625,208.21795654296875,-1,-1,-1,-1
136,6,383.95416259765625,609.1065063476562,99.03973388671875,208.1644287109375,-1,-1,-1,-1
137,6,374.69171142578125,612.9534912109375,101.11895751953125,208.98065185546875,-1,-1,-1,-1
138,6,370.3362121582031,615.8973388671875,99.68093872070312,208.02325439453125,-1,-1,-1,-1
139,6,368.9414978027344,617.4953002929688,98.07379150390625,208.60418701171875,-1,-1,-1,-1
140,6,365.3841552734375,617.4657592773438,97.52685546875,209.37628173828125,-1,-1,-1,-1
141,6,369.603759765625,615.8963012695312,97.93222045898438,209.20343017578125,-1,-1,-1,-1
142,6,376.5545654296875,614.7420654296875,98.23995971679688,208.058837890625,-1,-1,-1,-1
143,6,386.6428527832031,612.7576293945312,97.63461303710938,208.38702392578125,-1,-1,-1,-1
144,6,398.20098876953125,611.1441650390625,96.92218017578125,208.3671875,-1,-1,-1,-1
145,6,413.1181945800781,609.064697265625,92.79281616210938,204.43890380859375,-1,-1,-1,-1
146,6,430.7843933105469,605.4777221679688,89.54214477539062,205.38409423828125,-1,-1,-1,-1
147,6,449.0626525878906,603.4556274414062,89.65884399414062,203.944580078125,-1,-1,-1,-1
148,6,466.7469787597656,601.1365356445312,88.41024780273438,200.6763916015625,-1,-1,-1,-1
149,6,481.2305908203125,599.3291625976562,88.7392578125,199.55877685546875,-1,-1,-1,-1
150,6,491.2969055175781,598.8555297851562,88.93301391601562,198.31024169921875,-1,-1,-1,-1
151,6,501.8852844238281,600.750244140625,85.89627075195312,196.9061279296875,-1,-1,-1,-1
152,6,510.5235290527344,601.7518310546875,85.23074340820312,196.2630615234375,-1,-1,-1,-1
153,6,519.042724609375,601.5224609375,84.0731201171875,196.192626953125,-1,-1,-1,-1
154,6,529.668701171875,598.8732299804688,81.46685791015625,196.20257568359375,-1,-1,-1,-1
155,6,539.0271606445312,592.808349609375,80.39593505859375,196.80902099609375,-1,-1,-1,-1
156,6,558.14697265625,575.037353515625,82.092529296875,193.6041259765625,-1,-1,-1,-1
157,6,581.3177490234375,548.544921875,81.8594970703125,194.040771484375,-1,-1,-1,-1
158,6,604.4332275390625,514.2918090820312,81.4332275390625,196.965087890625,-1,-1,-1,-1
159,6,625.6906127929688,483.423095703125,78.843017578125,200.44329833984375,-1,-1,-1,-1
160,6,639.7742919921875,468.52166748046875,77.73101806640625,201.012451171875,-1,-1,-1,-1
161,6,647.2418823242188,468.04632568359375,76.88629150390625,200.2591552734375,-1,-1,-1,-1
162,6,646.111328125,474.7127685546875,80.6058349609375,200.87518310546875,-1,-1,-1,-1
163,6,641.80615234375,483.98956298828125,80.744384765625,200.0565185546875,-1,-1,-1,-1
164,6,638.8923950195312,497.20330810546875,78.3231201171875,198.71405029296875,-1,-1,-1,-1
165,6,632.9439086914062,508.02374267578125,76.987548828125,196.8414306640625,-1,-1,-1,-1
166,6,623.1704711914062,519.5294799804688,77.87554931640625,195.08941650390625,-1,-1,-1,-1
167,6,617.1775512695312,530.4332275390625,73.80230712890625,195.07061767578125,-1,-1,-1,-1
168,6,609.0908813476562,541.4854736328125,77.3712158203125,197.08441162109375,-1,-1,-1,-1
169,6,603.6804809570312,552.734130859375,73.02166748046875,195.76190185546875,-1,-1,-1,-1
170,6,600.1145629882812,560.5279541015625,73.70233154296875,194.93157958984375,-1,-1,-1,-1
171,6,597.0929565429688,566.6971435546875,80.79095458984375,196.57464599609375,-1,-1,-1,-1
172,6,595.494873046875,572.9716796875,88.05535888671875,193.35845947265625,-1,-1,-1,-1
173,6,593.3265380859375,576.34814453125,93.1358642578125,192.9267578125,-1,-1,-1,-1
174,6,592.3745727539062,578.6796875,90.60711669921875,192.12054443359375,-1,-1,-1,-1
175,6,594.066162109375,579.2691650390625,85.98046875,191.9071044921875,-1,-1,-1,-1
176,6,598.9356079101562,579.6884765625,83.462646484375,190.38885498046875,-1,-1,-1,-1
177,6,602.1795043945312,579.5623168945312,78.5645751953125,193.72747802734375,-1,-1,-1,-1
178,6,602.4356079101562,579.2466430664062,76.96539306640625,189.2498779296875,-1,-1,-1,-1
179,6,600.0621337890625,579.8633422851562,75.52935791015625,191.04656982421875,-1,-1,-1,-1
180,6,597.148193359375,581.36865234375,73.568359375,189.85137939453125,-1,-1,-1,-1
181,6,597.4644775390625,583.4091186523438,72.57666015625,189.47265625,-1,-1,-1,-1
182,6,599.444580078125,584.8616943359375,73.02545166015625,191.53411865234375,-1,-1,-1,-1
183,6,600.8330078125,584.8214111328125,72.81573486328125,191.8134765625,-1,-1,-1,-1
184,6,601.2811279296875,585.8695678710938,71.95306396484375,190.237548828125,-1,-1,-1,-1
185,6,600.093505859375,587.5631103515625,71.765625,189.77197265625,-1,-1,-1,-1
186,6,597.8216552734375,588.9264526367188,71.02838134765625,189.36273193359375,-1,-1,-1,-1
187,6,596.103271484375,590.187744140625,70.57366943359375,188.77587890625,-1,-1,-1,-1
188,6,594.3657836914062,592.7191162109375,69.51025390625,186.7943115234375,-1,-1,-1,-1
189,6,592.4144287109375,595.3054809570312,71.99041748046875,187.8330078125,-1,-1,-1,-1
190,6,591.1714477539062,597.1150512695312,71.8533935546875,187.6881103515625,-1,-1,-1,-1
191,6,589.2247924804688,598.0128173828125,70.59088134765625,187.41265869140625,-1,-1,-1,-1
192,6,587.6359252929688,600.8034057617188,68.2091064453125,185.79888916015625,-1,-1,-1,-1
193,6,586.3497314453125,602.7531127929688,72.10247802734375,189.673095703125,-1,-1,-1,-1
194,6,585.3577270507812,606.8217163085938,69.4334716796875,186.43304443359375,-1,-1,-1,-1
195,6,583.642578125,609.7735595703125,69.94781494140625,186.1231689453125,-1,-1,-1,-1
196,6,580.906494140625,610.651611328125,69.50250244140625,186.96484375,-1,-1,-1,-1
197,6,577.083984375,609.7180786132812,72.86260986328125,187.775634765625,-1,-1,-1,-1
198,6,573.990966796875,608.3074951171875,73.8941650390625,189.2537841796875,-1,-1,-1,-1
199,6,568.7269897460938,606.3740844726562,73.5584716796875,185.63104248046875,-1,-1,-1,-1
200,6,563.7134399414062,603.3163452148438,73.0301513671875,186.49591064453125,-1,-1,-1,-1
201,6,560.4879760742188,601.24951171875,72.1224365234375,184.4830322265625,-1,-1,-1,-1
202,6,555.4695434570312,601.956298828125,73.6741943359375,185.24505615234375,-1,-1,-1,-1
203,6,546.4802856445312,607.5497436523438,71.1845703125,186.37933349609375,-1,-1,-1,-1
204,6,531.289794921875,617.29443359375,70.34130859375,186.6561279296875,-1,-1,-1,-1
205,6,501.3072204589844,630.9920654296875,74.50039672851562,188.70928955078125,-1,-1,-1,-1
206,6,444.4403991699219,645.6407470703125,78.83383178710938,195.20953369140625,-1,-1,-1,-1
207,6,370.7967529296875,654.6226806640625,83.967529296875,201.62042236328125,-1,-1,-1,-1
208,6,303.65899658203125,657.5960083007812,86.13272094726562,204.8984375,-1,-1,-1,-1
209,6,252.71078491210938,653.41015625,89.68951416015625,211.91796875,-1,-1,-1,-1
210,6,220.01580810546875,651.3870239257812,89.66860961914062,216.3294677734375,-1,-1,-1,-1
211,6,198.96701049804688,645.16845703125,91.03005981445312,217.81390380859375,-1,-1,-1,-1
212,6,180.65927124023438,640.7130126953125,93.07611083984375,220.733642578125,-1,-1,-1,-1
213,6,161.3939666748047,636.0874633789062,91.64535522460938,222.029052734375,-1,-1,-1,-1
214,6,148.09463500976562,626.7217407226562,93.36125183105469,223.28216552734375,-1,-1,-1,-1
215,6,143.32644653320312,620.4860229492188,92.551513671875,224.31683349609375,-1,-1,-1,-1
216,6,140.09042358398438,617.8728637695312,93.45721435546875,224.6822509765625,-1,-1,-1,-1
217,6,135.80914306640625,621.51904296875,93.55158996582031,223.37200927734375,-1,-1,-1,-1
218,6,134.60739135742188,626.3886108398438,93.39358520507812,223.1583251953125,-1,-1,-1,-1
219,6,132.00662231445312,632.1981811523438,92.308837890625,222.60009765625,-1,-1,-1,-1
220,6,129.99986267089844,637.2947387695312,92.24179077148438,222.41448974609375,-1,-1,-1,-1
221,6,128.95606231689453,640.785400390625,92.99871063232422,223.6407470703125,-1,-1,-1,-1
222,6,131.7564239501953,643.9533081054688,90.93270874023438,223.24029541015625,-1,-1,-1,-1
223,6,137.91009521484375,648.1220092773438,91.63053894042969,224.56549072265625,-1,-1,-1,-1
224,6,142.9498748779297,655.1221313476562,91.50019836425781,222.81378173828125,-1,-1,-1,-1
225,6,149.64898681640625,661.7274169921875,89.82115173339844,221.3135986328125,-1,-1,-1,-1
226,6,167.28622436523438,666.7645263671875,89.34811401367188,220.59600830078125,-1,-1,-1,-1
227,6,205.16476440429688,671.046630859375,86.97030639648438,216.09906005859375,-1,-1,-1,-1
228,6,250.82321166992188,673.971923828125,84.45916748046875,209.2110595703125,-1,-1,-1,-1
229,6,292.6751403808594,674.531494140625,82.91082763671875,205.23748779296875,-1,-1,-1,-1
230,6,323.16009521484375,671.4759521484375,81.84805297851562,201.52880859375,-1,-1,-1,-1
231,6,345.6389465332031,662.9638061523438,79.13180541992188,198.25994873046875,-1,-1,-1,-1
232,6,358.86279296875,656.4437255859375,79.3250732421875,195.8656005859375,-1,-1,-1,-1
233,6,367.96844482421875,650.5477905273438,79.34185791015625,194.4293212890625,-1,-1,-1,-1
234,6,375.7479553222656,646.2682495117188,78.66217041015625,194.26739501953125,-1,-1,-1,-1
235,6,382.2760314941406,643.8161010742188,78.79180908203125,194.6749267578125,-1,-1,-1,-1
236,6,390.3465576171875,642.8245849609375,77.14312744140625,193.191650390625,-1,-1,-1,-1
237,6,395.9017028808594,639.6366577148438,78.38116455078125,190.21923828125,-1,-1,-1,-1
238,6,400.9960021972656,637.5675048828125,76.60043334960938,190.6474609375,-1,-1,-1,-1
239,6,403.14990234375,634.0021362304688,76.9674072265625,191.9715576171875,-1,-1,-1,-1
240,6,403.8999328613281,630.0341186523438,78.1678466796875,193.30029296875,-1,-1,-1,-1
241,6,404.2552490234375,626.3846435546875,78.5218505859375,191.03887939453125,-1,-1,-1,-1
242,6,407.6363220214844,623.830322265625,78.28414916992188,190.14678955078125,-1,-1,-1,-1
243,6,410.2760925292969,621.3172607421875,77.49099731445312,192.8004150390625,-1,-1,-1,-1
244,6,407.7375183105469,619.8115844726562,78.56765747070312,192.95941162109375,-1,-1,-1,-1
245,6,403.137451171875,619.007080078125,77.989501953125,192.143310546875,-1,-1,-1,-1
246,6,394.7280578613281,618.0735473632812,79.20748901367188,192.97393798828125,-1,-1,-1,-1
247,6,384.9365539550781,618.262939453125,79.30584716796875,193.36322021484375,-1,-1,-1,-1
248,6,368.1568908691406,617.8732299804688,81.762451171875,194.97705078125,-1,-1,-1,-1
249,6,348.0713195800781,617.2835693359375,81.675537109375,196.8936767578125,-1,-1,-1,-1
250,6,309.0399475097656,617.3804931640625,84.19808959960938,201.71710205078125,-1,-1,-1,-1
251,6,250.02658081054688,615.4439697265625,87.90707397460938,207.43499755859375,-1,-1,-1,-1
252,6,191.0500030517578,613.6513671875,89.59434509277344,214.7896728515625,-1,-1,-1,-1
253,6,147.42604064941406,611.4153442382812,91.10572814941406,217.25909423828125,-1,-1,-1,-1
254,6,115.58988952636719,612.9916381835938,94.25839233398438,224.8326416015625,-1,-1,-1,-1
255,6,99.90730285644531,615.9042358398438,96.02723693847656,224.7938232421875,-1,-1,-1,-1
256,6,91.115478515625,620.552490234375,94.6849365234375,224.2320556640625,-1,-1,-1,-1
257,6,78.67621612548828,623.73876953125,94.53540802001953,228.59661865234375,-1,-1,-1,-1
258,6,65.39866638183594,623.5247192382812,94.2393798828125,229.47406005859375,-1,-1,-1,-1
259,6,55.88780975341797,622.0634155273438,95.55020904541016,232.28302001953125,-1,-1,-1,-1
260,6,47.45344161987305,619.62646484375,92.87489318847656,232.82781982421875,-1,-1,-1,-1
261,6,36.0852165222168,616.895751953125,93.70121765136719,235.4791259765625,-1,-1,-1,-1
262,6,22.67096710205078,616.4752807617188,90.88357543945312,237.03619384765625,-1,-1,-1,-1
263,6,6.897914886474609,616.3831176757812,84.261962890625,240.37042236328125,-1,-1,-1,-1
264,6,2.0367391109466553,615.3604736328125,62.18522262573242,244.4058837890625,-1,-1,-1,-1
265,6,2.1595124006271362,613.4838256835938,38.2712516784668,248.83447265625,-1,-1,-1,-1
168,7,1234.6304931640625,525.6864624023438,175.0589599609375,451.01861572265625,-1,-1,-1,-1
169,7,1227.6475830078125,525.3971557617188,181.88037109375,456.766845703125,-1,-1,-1,-1
170,7,1222.4515380859375,523.1007080078125,186.4765625,460.30670166015625,-1,-1,-1,-1
171,7,1215.5762939453125,522.0142822265625,192.7935791015625,464.8189697265625,-1,-1,-1,-1
172,7,1210.4481201171875,521.2579956054688,197.960693359375,465.48931884765625,-1,-1,-1,-1
173,7,1211.5989990234375,520.8630981445312,197.264892578125,465.30389404296875,-1,-1,-1,-1
174,7,1210.5120849609375,522.0838623046875,196.9381103515625,466.19146728515625,-1,-1,-1,-1
175,7,1208.3255615234375,522.843505859375,198.3446044921875,465.6326904296875,-1,-1,-1,-1
176,7,1211.0992431640625,523.848388671875,195.8211669921875,463.2725830078125,-1,-1,-1,-1
177,7,1212.48095703125,522.5180053710938,195.454833984375,462.08306884765625,-1,-1,-1,-1
178,7,1210.262939453125,520.4114990234375,197.321044921875,463.36419677734375,-1,-1,-1,-1
179,7,1206.5721435546875,517.2967529296875,200.857666015625,464.0130615234375,-1,-1,-1,-1
180,7,1202.63720703125,514.7576904296875,205.9617919921875,462.933349609375,-1,-1,-1,-1
181,7,1202.0628662109375,512.6676025390625,206.255615234375,466.7933349609375,-1,-1,-1,-1
182,7,1204.1787109375,513.1737060546875,204.002685546875,460.8958740234375,-1,-1,-1,-1
183,7,1202.55810546875,512.5429992675781,206.0018310546875,460.5871887207031,-1,-1,-1,-1
184,7,1201.1234130859375,515.3959350585938,207.2564697265625,457.18914794921875,-1,-1,-1,-1
185,7,1197.0489501953125,517.53564453125,211.28564453125,454.2965087890625,-1,-1,-1,-1
186,7,1194.7154541015625,520.028564453125,213.354248046875,451.787841796875,-1,-1,-1,-1
187,7,1197.875244140625,519.179931640625,210.1397705078125,451.205810546875,-1,-1,-1,-1
188,7,1208.1939697265625,515.4671630859375,200.94873046875,452.4296875,-1,-1,-1,-1
189,7,1220.644775390625,511.49652099609375,188.6573486328125,459.46954345703125,-1,-1,-1,-1
190,7,1242.0968017578125,506.4721984863281,167.564697265625,471.4743957519531,-1,-1,-1,-1
191,7,1266.35888671875,501.92730712890625,144.03466796875,484.5277099609375,-1,-1,-1,-1
192,7,1288.1192626953125,502.51324462890625,121.119140625,484.37969970703125,-1,-1,-1,-1
193,7,1301.2684326171875,503.39642333984375,107.9156494140625,487.01263427734375,-1,-1,-1,-1
194,7,1314.5194091796875,507.7948913574219,94.36865234375,483.1023254394531,-1,-1,-1,-1
195,7,1316.0792236328125,513.3818359375,92.56689453125,478.91241455078125,-1,-1,-1,-1
196,7,1316.9451904296875,517.010986328125,91.1654052734375,476.251708984375,-1,-1,-1,-1
197,7,1318.451416015625,517.1885986328125,90.1287841796875,477.3707275390625,-1,-1,-1,-1
198,7,1313.3536376953125,515.7752685546875,94.7021484375,486.9881591796875,-1,-1,-1,-1
199,7,1297.7188720703125,512.0552062988281,110.6893310546875,503.3335876464844,-1,-1,-1,-1
200,7,1271.5989990234375,509.54229736328125,136.76025390625,513.2722778320312,-1,-1,-1,-1
201,7,1253.978271484375,508.7861328125,154.164794921875,517.270751953125,-1,-1,-1,-1
202,7,1242.2236328125,514.3355712890625,165.4429931640625,512.2403564453125,-1,-1,-1,-1
203,7,1223.6431884765625,524.8060302734375,184.2689208984375,517.69873046875,-1,-1,-1,-1
204,7,1199.1754150390625,540.0050048828125,208.42919921875,519.18603515625,-1,-1,-1,-1
205,7,1167.6663818359375,553.1133422851562,225.6444091796875,513.5918579101562,-1,-1,-1,-1
206,7,1113.9439697265625,571.18896484375,209.57568359375,498.8128662109375,-1,-1,-1,-1
207,7,1047.3759765625,583.1309814453125,195.133544921875,481.5845947265625,-1,-1,-1,-1
208,7,984.9890747070312,593.259033203125,181.98321533203125,463.566650390625,-1,-1,-1,-1
209,7,935.847412109375,598.5679321289062,180.9473876953125,451.00933837890625,-1,-1,-1,-1
210,7,903.127197265625,601.0626220703125,179.4266357421875,446.0421142578125,-1,-1,-1,-1
211,7,881.1660766601562,601.4332275390625,177.59185791015625,442.19921875,-1,-1,-1,-1
212,7,864.6568603515625,599.0311889648438,178.7965087890625,437.86578369140625,-1,-1,-1,-1
213,7,846.8622436523438,598.5880737304688,177.43084716796875,442.90240478515625,-1,-1,-1,-1
214,7,833.9307861328125,597.7152099609375,176.6795654296875,454.79296875,-1,-1,-1,-1
215,7,828.7275390625,596.2140502929688,176.3255615234375,463.76641845703125,-1,-1,-1,-1
216,7,823.7591552734375,593.1268310546875,179.178466796875,473.42431640625,-1,-1,-1,-1
217,7,818.6369018554688,590.6224975585938,182.29638671875,479.62286376953125,-1,-1,-1,-1
218,7,819.2405395507812,587.7725830078125,184.10546875,486.6300048828125,-1,-1,-1,-1
219,7,818.5491943359375,587.4026489257812,192.19989013671875,487.81634521484375,-1,-1,-1,-1
220,7,818.194091796875,590.227294921875,197.55419921875,488.5772705078125,-1,-1,-1,-1
221,7,819.6646118164062,596.058349609375,202.026611328125,487.8245849609375,-1,-1,-1,-1
222,7,820.387451171875,600.5380249023438,206.5267333984375,488.85028076171875,-1,-1,-1,-1
223,7,823.5586547851562,605.5669555664062,206.70220947265625,489.88580322265625,-1,-1,-1,-1
224,7,832.050048828125,607.4295654296875,195.818603515625,493.7947998046875,-1,-1,-1,-1
225,7,835.9532470703125,608.774658203125,187.41656494140625,497.8038330078125,-1,-1,-1,-1
226,7,835.4739990234375,610.2451171875,190.5283203125,510.523193359375,-1,-1,-1,-1
227,7,846.6480102539062,610.9754638671875,204.72479248046875,533.949462890625,-1,-1,-1,-1
228,7,863.159423828125,606.9932861328125,224.1536865234375,557.210693359375,-1,-1,-1,-1
229,7,889.0010986328125,602.173828125,239.6591796875,572.57470703125,-1,-1,-1,-1
230,7,915.0086669921875,598.57666015625,243.4451904296875,581.7073974609375,-1,-1,-1,-1
231,7,926.0745849609375,594.6397705078125,248.0458984375,584.6717529296875,-1,-1,-1,-1
232,7,932.0386352539062,591.2791137695312,251.97357177734375,586.6129760742188,-1,-1,-1,-1
233,7,938.0400390625,587.7638549804688,248.89990234375,589.4398803710938,-1,-1,-1,-1
234,7,940.8746948242188,585.2593383789062,247.79840087890625,590.4574584960938,-1,-1,-1,-1
235,7,944.0584716796875,582.5064697265625,250.2611083984375,593.0518798828125,-1,-1,-1,-1
236,7,946.4788208007812,582.2735595703125,256.75238037109375,592.334716796875,-1,-1,-1,-1
237,7,933.915771484375,586.4659423828125,282.453857421875,594.0166015625,-1,-1,-1,-1
238,7,899.4409790039062,594.7297973632812,362.10284423828125,593.8060913085938,-1,-1,-1,-1
239,7,897.469482421875,606.1838989257812,398.5670166015625,594.0142211914062,-1,-1,-1,-1
240,7,896.93310546875,615.7249755859375,426.139892578125,578.71630859375,-1,-1,-1,-1
241,7,895.9052124023438,617.20849609375,435.95599365234375,582.35205078125,-1,-1,-1,-1
242,7,895.7926635742188,611.1419067382812,445.82208251953125,588.8298950195312,-1,-1,-1,-1
243,7,901.262939453125,597.3822631835938,441.69873046875,594.3829956054688,-1,-1,-1,-1
244,7,904.67626953125,576.8971557617188,434.5489501953125,608.7919311523438,-1,-1,-1,-1
245,7,920.93994140625,555.9357299804688,415.4658203125,631.6593627929688,-1,-1,-1,-1
246,7,946.0233154296875,541.3334350585938,394.0943603515625,646.5941772460938,-1,-1,-1,-1
247,7,994.4999389648438,533.2122802734375,354.45770263671875,650.7164306640625,-1,-1,-1,-1
248,7,1045.37841796875,531.6796875,302.66015625,651.880859375,-1,-1,-1,-1
249,7,1065.8056640625,533.451416015625,267.253173828125,650.8480224609375,-1,-1,-1,-1
250,7,1043.6072998046875,534.689697265625,257.141845703125,647.8096923828125,-1,-1,-1,-1
251,7,986.258056640625,532.9476318359375,265.6624755859375,634.3582763671875,-1,-1,-1,-1
252,7,935.0128784179688,527.1273193359375,261.24346923828125,625.385498046875,-1,-1,-1,-1
253,7,897.3290405273438,520.7723388671875,261.08966064453125,620.2950439453125,-1,-1,-1,-1
254,7,853.126220703125,519.6516723632812,281.27392578125,614.4133911132812,-1,-1,-1,-1
255,7,818.2131958007812,527.0708618164062,302.51776123046875,609.4763793945312,-1,-1,-1,-1
256,7,798.9201049804688,549.4111938476562,317.13250732421875,594.2235717773438,-1,-1,-1,-1
257,7,783.460205078125,579.1288452148438,334.656982421875,572.3967895507812,-1,-1,-1,-1
258,7,763.2777099609375,605.8056640625,363.4659423828125,552.2125244140625,-1,-1,-1,-1
259,7,753.9890747070312,619.4047241210938,397.63177490234375,543.3768920898438,-1,-1,-1,-1
260,7,746.6277465820312,614.0693359375,423.77557373046875,551.1453857421875,-1,-1,-1,-1
261,7,746.1132202148438,606.3065795898438,426.87847900390625,554.2451782226562,-1,-1,-1,-1
262,7,754.3424072265625,608.107421875,416.0848388671875,545.258056640625,-1,-1,-1,-1
263,7,790.9737548828125,614.0828247070312,366.344482421875,536.1264038085938,-1,-1,-1,-1
264,7,834.8256225585938,610.8805541992188,300.69549560546875,532.7223510742188,-1,-1,-1,-1
265,7,841.067626953125,599.5399780273438,277.2086181640625,537.8275756835938,-1,-1,-1,-1
266,7,826.6578979492188,581.4686889648438,282.30450439453125,554.0370483398438,-1,-1,-1,-1
267,7,815.90771484375,564.6607055664062,289.5413818359375,566.0223999023438,-1,-1,-1,-1
268,7,818.0122680664062,556.4093627929688,287.60284423828125,572.2114868164062,-1,-1,-1,-1
269,7,846.0646362304688,556.5462646484375,261.28167724609375,571.04541015625,-1,-1,-1,-1
270,7,870.8026123046875,564.3466186523438,234.7630615234375,562.9873657226562,-1,-1,-1,-1
271,7,873.5200805664062,574.18994140625,229.95684814453125,550.358154296875,-1,-1,-1,-1
272,7,868.490234375,576.32958984375,221.7247314453125,544.2236328125,-1,-1,-1,-1
273,7,852.2628784179688,569.6013793945312,232.35821533203125,544.8296508789062,-1,-1,-1,-1
274,7,829.9381713867188,558.898193359375,247.60198974609375,549.0565185546875,-1,-1,-1,-1
275,7,819.6701049804688,549.6946411132812,253.22894287109375,556.8135375976562,-1,-1,-1,-1
276,7,803.0625,548.0347290039062,265.4063720703125,560.7804565429688,-1,-1,-1,-1
277,7,786.4231567382812,550.3179321289062,280.69451904296875,565.9273071289062,-1,-1,-1,-1
278,7,784.8807373046875,559.7348022460938,280.2838134765625,559.4202270507812,-1,-1,-1,-1
279,7,788.1967163085938,574.5215454101562,269.75360107421875,546.9273071289062,-1,-1,-1,-1
280,7,788.2281494140625,586.609619140625,260.4462890625,534.423583984375,-1,-1,-1,-1
281,7,788.4252319335938,590.997802734375,256.74688720703125,529.923583984375,-1,-1,-1,-1
282,7,788.501220703125,584.6781005859375,264.8212890625,535.9444580078125,-1,-1,-1,-1
283,7,788.3035888671875,570.5250854492188,276.8546142578125,549.9381713867188,-1,-1,-1,-1
284,7,796.9893798828125,557.4992065429688,280.2891845703125,561.0208129882812,-1,-1,-1,-1
285,7,836.5618896484375,556.5283813476562,249.8236083984375,557.3998413085938,-1,-1,-1,-1
286,7,881.9117431640625,564.2517700195312,212.109619140625,545.3328247070312,-1,-1,-1,-1
287,7,885.8015747070312,577.8818359375,215.99151611328125,531.1883544921875,-1,-1,-1,-1
288,7,883.9263916015625,592.9271850585938,220.3192138671875,516.4872436523438,-1,-1,-1,-1
289,7,883.4132080078125,602.3145751953125,224.9208984375,504.919189453125,-1,-1,-1,-1
290,7,879.3206176757812,605.8314819335938,229.49334716796875,501.13507080078125,-1,-1,-1,-1
291,7,872.5506591796875,609.7630615234375,233.5277099609375,495.3253173828125,-1,-1,-1,-1
292,7,868.3307495117188,613.2858276367188,234.83477783203125,489.39556884765625,-1,-1,-1,-1
293,7,859.5261840820312,612.2413940429688,240.39117431640625,492.04486083984375,-1,-1,-1,-1
294,7,865.3314208984375,604.8627319335938,228.9251708984375,466.62713623046875,-1,-1,-1,-1
295,7,883.1722412109375,591.7921142578125,206.0538330078125,470.515380859375,-1,-1,-1,-1
296,7,903.1192626953125,583.2098999023438,183.7708740234375,470.92071533203125,-1,-1,-1,-1
297,7,902.7476196289062,579.9993896484375,178.12591552734375,459.8416748046875,-1,-1,-1,-1
298,7,898.3765869140625,582.8314208984375,176.5599365234375,443.7994384765625,-1,-1,-1,-1
299,7,888.2107543945312,587.4222412109375,185.13006591796875,436.94012451171875,-1,-1,-1,-1
300,7,879.7865600585938,594.6449584960938,188.61199951171875,427.91943359375,-1,-1,-1,-1
301,7,873.1695556640625,600.9005737304688,186.0625,418.64617919921875,-1,-1,-1,-1
302,7,870.8148193359375,605.1229248046875,185.9755859375,413.74908447265625,-1,-1,-1,-1
303,7,875.666748046875,602.0322875976562,179.74609375,416.20318603515625,-1,-1,-1,-1
304,7,882.1762084960938,591.3634033203125,171.38201904296875,423.2587890625,-1,-1,-1,-1
305,7,886.5496826171875,581.72607421875,161.7996826171875,423.1395263671875,-1,-1,-1,-1
306,7,886.2262573242188,578.4427490234375,158.51324462890625,415.4791259765625,-1,-1,-1,-1
307,7,882.6455688476562,582.2302856445312,149.26385498046875,399.3287353515625,-1,-1,-1,-1
308,7,875.6409301757812,589.241455078125,150.54913330078125,383.1121826171875,-1,-1,-1,-1
309,7,870.964111328125,593.844970703125,150.00238037109375,377.612548828125,-1,-1,-1,-1
310,7,863.6466674804688,591.5615234375,150.16094970703125,380.45782470703125,-1,-1,-1,-1
311,7,856.6702880859375,585.9010620117188,152.9425048828125,384.82586669921875,-1,-1,-1,-1
312,7,846.4456787109375,579.2172241210938,157.79595947265625,394.44281005859375,-1,-1,-1,-1
313,7,834.93310546875,576.2916259765625,162.670654296875,406.67822265625,-1,-1,-1,-1
314,7,818.9839477539062,578.506103515625,167.56097412109375,413.912109375,-1,-1,-1,-1
315,7,811.7129516601562,586.5288696289062,171.92498779296875,405.29901123046875,-1,-1,-1,-1
316,7,805.0657958984375,599.6964111328125,165.48809814453125,393.5167236328125,-1,-1,-1,-1
317,7,796.1402587890625,611.6956787109375,169.9061279296875,383.02142333984375,-1,-1,-1,-1
318,7,791.9848022460938,616.23828125,175.29412841796875,379.73114013671875,-1,-1,-1,-1
319,7,801.01953125,611.9967041015625,176.1451416015625,384.541015625,-1,-1,-1,-1
320,7,797.6043701171875,601.4041137695312,196.779541015625,396.837158203125,-1,-1,-1,-1
321,7,797.5335693359375,594.1375732421875,195.5035400390625,400.1688232421875,-1,-1,-1,-1
322,7,816.114013671875,594.6359252929688,178.131103515625,385.90313720703125,-1,-1,-1,-1
323,7,828.2037353515625,598.7206420898438,164.61474609375,372.0386962890625,-1,-1,-1,-1
324,7,825.321533203125,600.1886596679688,169.02178955078125,370.31842041015625,-1,-1,-1,-1
325,7,828.0504150390625,602.3228149414062,170.8734130859375,366.27899169921875,-1,-1,-1,-1
326,7,832.8223876953125,603.8316040039062,172.28753662109375,354.40570068359375,-1,-1,-1,-1
327,7,837.8170776367188,599.7618408203125,171.06341552734375,354.89276123046875,-1,-1,-1,-1
328,7,848.9100341796875,590.1814575195312,162.03765869140625,355.39788818359375,-1,-1,-1,-1
329,7,853.4217529296875,584.75439453125,158.51123046875,352.674560546875,-1,-1,-1,-1
330,7,853.4400024414062,581.7096557617188,158.98565673828125,346.49493408203125,-1,-1,-1,-1
331,7,854.3802490234375,583.2251586914062,158.82745361328125,336.75177001953125,-1,-1,-1,-1
332,7,853.4113159179688,589.200927734375,161.62725830078125,324.2933349609375,-1,-1,-1,-1
333,7,852.8604125976562,596.919677734375,165.09332275390625,313.58740234375,-1,-1,-1,-1
334,7,857.6080322265625,598.9500732421875,161.88037109375,308.28131103515625,-1,-1,-1,-1
335,7,861.02783203125,595.6497192382812,156.78857421875,309.2474365234375,-1,-1,-1,-1
336,7,862.6801147460938,590.8076171875,148.49139404296875,314.25994873046875,-1,-1,-1,-1
337,7,865.1602783203125,589.60107421875,141.117919921875,316.539794921875,-1,-1,-1,-1
338,7,867.8529663085938,589.7640380859375,137.627197265625,316.36309814453125,-1,-1,-1,-1
339,7,870.727783203125,590.6876220703125,135.7728271484375,315.48455810546875,-1,-1,-1,-1
340,7,867.3881225585938,589.8824462890625,138.69927978515625,313.53741455078125,-1,-1,-1,-1
341,7,871.1326904296875,588.0224609375,133.42718505859375,311.5762939453125,-1,-1,-1,-1
342,7,872.9630126953125,585.4412231445312,130.87689208984375,310.35015869140625,-1,-1,-1,-1
343,7,875.2867431640625,582.3948364257812,129.1412353515625,306.75506591796875,-1,-1,-1,-1
344,7,879.5952758789062,578.1138305664062,121.25665283203125,307.40625,-1,-1,-1,-1
345,7,876.0267333984375,574.5606689453125,117.79022216796875,304.66131591796875,-1,-1,-1,-1
346,7,859.5335693359375,571.7451171875,123.651611328125,300.9156494140625,-1,-1,-1,-1
347,7,847.9760131835938,568.91748046875,120.94287109375,299.01812744140625,-1,-1,-1,-1
348,7,848.7578125,563.4738159179688,108.316162109375,300.8873291015625,-1,-1,-1,-1
349,7,838.9617919921875,558.023193359375,110.567138671875,300.17919921875,-1,-1,-1,-1
350,7,831.798095703125,550.0570068359375,109.03082275390625,303.27899169921875,-1,-1,-1,-1
351,7,831.140869140625,540.8628540039062,106.27581787109375,308.9678955078125,-1,-1,-1,-1
352,7,835.1913452148438,531.1305541992188,104.10809326171875,314.62579345703125,-1,-1,-1,-1
353,7,835.1832885742188,525.3349609375,111.8302001953125,319.99658203125,-1,-1,-1,-1
354,7,830.9927978515625,523.5420532226562,118.17791748046875,320.90814208984375,-1,-1,-1,-1
355,7,826.7005615234375,518.5083618164062,118.54791259765625,322.00897216796875,-1,-1,-1,-1
356,7,811.703125,506.32373046875,124.617919921875,323.3758544921875,-1,-1,-1,-1
357,7,792.2626342773438,491.9696960449219,129.13482666015625,325.3019104003906,-1,-1,-1,-1
358,7,773.0029296875,484.5856628417969,135.962158203125,326.0938415527344,-1,-1,-1,-1
359,7,766.1398315429688,483.5980529785156,140.81005859375,330.3934020996094,-1,-1,-1,-1
360,7,752.77392578125,496.11376953125,141.79718017578125,331.37945556640625,-1,-1,-1,-1
361,7,758.819091796875,505.14996337890625,144.64019775390625,337.2568359375,-1,-1,-1,-1
362,7,822.9505004882812,490.1065673828125,148.16961669921875,347.3436279296875,-1,-1,-1,-1
363,7,952.634765625,466.93475341796875,163.978515625,370.11163330078125,-1,-1,-1,-1
364,7,1142.274169921875,511.2347412109375,201.1611328125,345.44573974609375,-1,-1,-1,-1
365,7,1130.258056640625,548.8067626953125,125.06982421875,235.7620849609375,-1,-1,-1,-1
366,7,906.1253051757812,510.5279235839844,99.76702880859375,141.82144165039062,-1,-1,-1,-1
364,8,28.706398010253906,524.9346923828125,192.4873046875,242.52813720703125,-1,-1,-1,-1
365,8,259.18011474609375,485.5309753417969,168.29022216796875,220.39852905273438,-1,-1,-1,-1
366,8,450.6996154785156,458.7738037109375,131.25033569335938,201.8465576171875,-1,-1,-1,-1
367,8,625.8889770507812,454.39593505859375,78.2501220703125,187.3389892578125,-1,-1,-1,-1
368,8,793.5955200195312,447.4124450683594,73.964111328125,191.03939819335938,-1,-1,-1,-1
369,8,937.5359497070312,417.2369079589844,81.63946533203125,201.01089477539062,-1,-1,-1,-1
370,8,1034.843017578125,374.6625061035156,83.94140625,214.89907836914062,-1,-1,-1,-1
371,8,1082.64599609375,356.85882568359375,89.1734619140625,220.96685791015625,-1,-1,-1,-1
372,8,1122.060546875,352.9141540527344,91.2562255859375,223.86923217773438,-1,-1,-1,-1
373,8,1156.8914794921875,354.19049072265625,92.124267578125,231.9293212890625,-1,-1,-1,-1
374,8,1167.8409423828125,360.8323974609375,91.3175048828125,228.7939453125,-1,-1,-1,-1
375,8,1146.86279296875,376.2403564453125,90.529052734375,226.5931396484375,-1,-1,-1,-1
376,8,1104.545654296875,397.23699951171875,89.71484375,220.59454345703125,-1,-1,-1,-1
377,8,1066.634033203125,415.31304931640625,88.9930419921875,216.59686279296875,-1,-1,-1,-1
378,8,1010.7937622070312,422.26202392578125,85.59442138671875,206.40447998046875,-1,-1,-1,-1
379,8,891.851806640625,437.2481994628906,86.850341796875,236.48703002929688,-1,-1,-1,-1
380,8,761.8926391601562,461.9786071777344,76.58856201171875,220.51339721679688,-1,-1,-1,-1
381,8,663.8396606445312,479.8804931640625,78.74127197265625,223.0906982421875,-1,-1,-1,-1
382,8,597.6951904296875,494.3981628417969,70.85552978515625,204.55874633789062,-1,-1,-1,-1
383,8,540.3236694335938,503.6819152832031,77.420166015625,216.39816284179688,-1,-1,-1,-1
384,8,475.7853088378906,497.9126892089844,103.65200805664062,246.82180786132812,-1,-1,-1,-1
386,8,298.3727722167969,567.7003173828125,97.879150390625,189.9664306640625,-1,-1,-1,-1
364,9,1146.084716796875,447.083984375,210.149169921875,419.3690185546875,-1,-1,-1,-1
365,9,1139.5040283203125,547.9825439453125,111.3125,218.00067138671875,-1,-1,-1,-1
366,9,915.05810546875,505.7006530761719,91.203857421875,142.21780395507812,-1,-1,-1,-1
385,10,1252.94091796875,475.51031494140625,155.801025390625,512.71044921875,-1,-1,-1,-1
386,10,1102.4951171875,473.4535827636719,235.3524169921875,482.5663757324219,-1,-1,-1,-1
387,10,914.6532592773438,470.67236328125,185.52899169921875,441.79498291015625,-1,-1,-1,-1
388,10,762.4713134765625,443.5067138671875,156.80133056640625,427.2655029296875,-1,-1,-1,-1
389,10,634.851806640625,411.619873046875,150.19842529296875,432.26263427734375,-1,-1,-1,-1
390,10,514.316650390625,399.6210632324219,158.52618408203125,445.0256652832031,-1,-1,-1,-1
391,10,398.87261962890625,388.3448181152344,187.210693359375,472.1960754394531,-1,-1,-1,-1
392,10,288.9681396484375,381.7713623046875,241.59906005859375,497.44598388671875,-1,-1,-1,-1
393,10,218.07818603515625,380.3068542480469,282.78228759765625,515.1419677734375,-1,-1,-1,-1
394,10,179.5059051513672,395.2393798828125,300.56512451171875,533.4859619140625,-1,-1,-1,-1
395,10,137.2497100830078,413.00811767578125,330.83721923828125,558.0745239257812,-1,-1,-1,-1
396,10,79.50102996826172,441.8982849121094,374.37799072265625,561.807373046875,-1,-1,-1,-1
397,10,54.10209655761719,466.9384460449219,400.556884765625,564.61865234375,-1,-1,-1,-1
398,10,34.81017303466797,486.86083984375,415.6954345703125,561.9906005859375,-1,-1,-1,-1
399,10,68.36128234863281,500.0403137207031,404.9327392578125,555.7762451171875,-1,-1,-1,-1
400,10,126.73283386230469,512.766357421875,377.10455322265625,540.15966796875,-1,-1,-1,-1
401,10,153.8291473388672,514.1654052734375,339.0916748046875,545.268310546875,-1,-1,-1,-1
402,10,141.8382110595703,508.68359375,308.73663330078125,579.141845703125,-1,-1,-1,-1
403,10,100.0324478149414,499.1143493652344,349.3394775390625,614.3524169921875,-1,-1,-1,-1
404,10,66.65557861328125,501.86236572265625,383.85302734375,635.9968872070312,-1,-1,-1,-1
405,10,16.397939682006836,507.6265869140625,412.35040283203125,642.80859375,-1,-1,-1,-1
406,10,0.31719970703125,507.1059875488281,381.3871154785156,653.4326171875,-1,-1,-1,-1
407,10,1.2631940841674805,590.11279296875,284.0738830566406,511.3367919921875,-1,-1,-1,-1
408,10,137.73399353027344,497.03759765625,443.77264404296875,469.0364990234375,-1,-1,-1,-1
387,11,0.8955574035644531,515.6661987304688,194.75608825683594,495.15716552734375,-1,-1,-1,-1
388,11,-5.392084121704102,533.9667358398438,272.0107727050781,451.54583740234375,-1,-1,-1,-1
426,12,363.7660217285156,371.13604736328125,66.58013916015625,159.86529541015625,-1,-1,-1,-1
427,12,323.79998779296875,379.396484375,67.31271362304688,152.41204833984375,-1,-1,-1,-1
428,12,286.0047302246094,375.6169128417969,65.85348510742188,159.86294555664062,-1,-1,-1,-1
429,12,236.84130859375,348.87115478515625,72.15924072265625,171.87945556640625,-1,-1,-1,-1
430,12,191.5048065185547,316.6881103515625,86.20777893066406,181.12234497070312,-1,-1,-1,-1
431,12,149.47535705566406,289.4963073730469,77.57049560546875,181.50592041015625,-1,-1,-1,-1
