1,1,712.9427490234375,757.5265502929688,151.4849853515625,535.4867553710938,-1,-1,-1,-1
2,1,721.7077026367188,779.7026977539062,151.74310302734375,526.6173706054688,-1,-1,-1,-1
3,1,725.096923828125,791.9638671875,153.26617431640625,518.6767578125,-1,-1,-1,-1
4,1,724.390380859375,789.6575927734375,153.5953369140625,520.0177001953125,-1,-1,-1,-1
5,1,724.69384765625,769.8801879882812,150.04046630859375,531.8666381835938,-1,-1,-1,-1
6,1,725.5433349609375,744.4151000976562,146.322998046875,549.8329467773438,-1,-1,-1,-1
7,1,725.122314453125,725.7005615234375,144.89678955078125,564.1146240234375,-1,-1,-1,-1
8,1,721.4912109375,714.767822265625,146.463134765625,560.080078125,-1,-1,-1,-1
9,1,721.7908935546875,720.8413696289062,148.59210205078125,542.4105834960938,-1,-1,-1,-1
10,1,721.4544067382812,735.7506713867188,153.906494140625,520.0264282226562,-1,-1,-1,-1
11,1,722.7832641601562,757.2971801757812,159.4329833984375,508.32501220703125,-1,-1,-1,-1
12,1,731.353271484375,770.2646484375,160.7493896484375,501.242431640625,-1,-1,-1,-1
13,1,732.225830078125,772.7606201171875,160.35833740234375,505.0247802734375,-1,-1,-1,-1
14,1,730.1637573242188,762.7433471679688,159.75860595703125,507.34942626953125,-1,-1,-1,-1
15,1,726.8193969726562,750.9367065429688,158.04571533203125,562.4832153320312,-1,-1,-1,-1
16,1,722.5232543945312,738.5950927734375,158.2530517578125,605.45166015625,-1,-1,-1,-1
17,1,717.8436889648438,730.065185546875,165.85430908203125,634.607177734375,-1,-1,-1,-1
18,1,719.1300659179688,735.3538818359375,171.10760498046875,640.6180419921875,-1,-1,-1,-1
19,1,723.8807983398438,749.3807373046875,181.43438720703125,630.9967041015625,-1,-1,-1,-1
20,1,728.0617065429688,753.55419921875,190.14324951171875,620.601318359375,-1,-1,-1,-1
21,1,732.0725708007812,736.4983520507812,193.61865234375,622.1963500976562,-1,-1,-1,-1
22,1,739.2461547851562,708.6728515625,186.45416259765625,635.0665283203125,-1,-1,-1,-1
23,1,744.7606201171875,672.224609375,183.6583251953125,658.80810546875,-1,-1,-1,-1
24,1,749.2520141601562,635.5641479492188,183.688720703125,679.3452758789062,-1,-1,-1,-1
25,1,752.7518920898438,607.6353149414062,181.91265869140625,681.5759887695312,-1,-1,-1,-1
26,1,743.7323608398438,596.752685546875,183.38909912109375,656.6845703125,-1,-1,-1,-1
27,1,740.8312377929688,604.0601196289062,182.217529296875,628.1604614257812,-1,-1,-1,-1
28,1,735.9522094726562,618.54443359375,196.6959228515625,606.383056640625,-1,-1,-1,-1
29,1,732.7068481445312,642.0795288085938,194.87835693359375,535.8389282226562,-1,-1,-1,-1
30,1,734.805908203125,655.7996215820312,185.6068115234375,486.34136962890625,-1,-1,-1,-1
31,1,738.7311401367188,655.4171142578125,171.20965576171875,533.143310546875,-1,-1,-1,-1
32,1,730.5859375,639.6468505859375,160.12420654296875,561.0423583984375,-1,-1,-1,-1
33,1,724.3585815429688,622.1671752929688,152.9432373046875,561.4063110351562,-1,-1,-1,-1
34,1,719.05810546875,622.6054077148438,152.00946044921875,541.1478881835938,-1,-1,-1,-1
35,1,714.2869873046875,632.0752563476562,150.81689453125,511.43426513671875,-1,-1,-1,-1
36,1,715.8768920898438,648.0762329101562,155.84326171875,486.87640380859375,-1,-1,-1,-1
37,1,716.8272094726562,665.6058959960938,158.06390380859375,475.95037841796875,-1,-1,-1,-1
38,1,711.2877197265625,682.1162109375,164.44171142578125,475.2706298828125,-1,-1,-1,-1
39,1,713.8506469726562,689.39794921875,166.1973876953125,478.2091064453125,-1,-1,-1,-1
40,1,716.038330078125,682.2841186523438,167.3077392578125,493.53582763671875,-1,-1,-1,-1
41,1,712.5096435546875,673.7570190429688,170.0452880859375,528.9036254882812,-1,-1,-1,-1
42,1,710.2523193359375,669.5596313476562,176.899169921875,568.3170776367188,-1,-1,-1,-1
43,1,711.0238647460938,668.7515869140625,179.61285400390625,593.214111328125,-1,-1,-1,-1
44,1,707.1253662109375,672.5606079101562,197.8837890625,622.8595581054688,-1,-1,-1,-1
45,1,711.8305053710938,685.0992431640625,218.40948486328125,636.333251953125,-1,-1,-1,-1
46,1,713.7571411132812,695.7858276367188,264.82525634765625,639.9360961914062,-1,-1,-1,-1
47,1,711.3338623046875,694.8812255859375,331.769287109375,653.578125,-1,-1,-1,-1
48,1,711.5095825195312,696.8887939453125,331.60809326171875,689.5322265625,-1,-1,-1,-1
49,1,715.9408569335938,707.0777587890625,280.8851318359375,701.811279296875,-1,-1,-1,-1
50,1,725.6621704101562,737.510498046875,203.0533447265625,670.627197265625,-1,-1,-1,-1
51,1,743.3856811523438,786.10693359375,185.01434326171875,624.0845947265625,-1,-1,-1,-1
52,1,745.349853515625,796.5171508789062,182.363525390625,613.0559692382812,-1,-1,-1,-1
53,1,761.3714599609375,783.974609375,190.7808837890625,621.3531494140625,-1,-1,-1,-1
54,1,742.3416137695312,744.4923095703125,223.3359375,661.995849609375,-1,-1,-1,-1
55,1,723.2932739257812,663.8599243164062,237.51055908203125,587.7693481445312,-1,-1,-1,-1
56,1,724.0902709960938,516.9672241210938,257.14178466796875,752.1969604492188,-1,-1,-1,-1
57,1,715.3413696289062,438.19683837890625,232.40838623046875,767.5708618164062,-1,-1,-1,-1
58,1,727.813720703125,409.5013427734375,243.5894775390625,737.72314453125,-1,-1,-1,-1
59,1,731.6052856445312,383.47479248046875,266.56268310546875,663.8464965820312,-1,-1,-1,-1
60,1,731.3779296875,356.1707763671875,242.45953369140625,667.83349609375,-1,-1,-1,-1
61,1,729.699951171875,322.414794921875,248.99755859375,676.6300659179688,-1,-1,-1,-1
62,1,723.4945068359375,314.9161071777344,235.1514892578125,672.074951171875,-1,-1,-1,-1
63,1,724.974609375,357.8341979980469,207.56988525390625,624.3336181640625,-1,-1,-1,-1
64,1,734.4288940429688,443.07366943359375,188.08563232421875,554.1311645507812,-1,-1,-1,-1
65,1,737.88671875,539.7890014648438,165.674560546875,493.12176513671875,-1,-1,-1,-1
66,1,734.4297485351562,609.4906616210938,157.44671630859375,468.42999267578125,-1,-1,-1,-1
67,1,731.965576171875,644.4342651367188,156.8189697265625,473.36944580078125,-1,-1,-1,-1
68,1,724.942138671875,654.153076171875,153.4388427734375,480.3660888671875,-1,-1,-1,-1
69,1,714.6401977539062,644.4544067382812,144.6038818359375,476.03753662109375,-1,-1,-1,-1
70,1,705.1356811523438,637.9920654296875,144.89495849609375,454.071533203125,-1,-1,-1,-1
71,1,704.9403076171875,639.4902954101562,147.245361328125,432.28424072265625,-1,-1,-1,-1
72,1,701.6795654296875,654.1921997070312,155.39190673828125,411.62152099609375,-1,-1,-1,-1
73,1,696.8652954101562,679.1304931640625,172.29156494140625,403.68115234375,-1,-1,-1,-1
74,1,700.11328125,697.840087890625,183.48333740234375,400.197265625,-1,-1,-1,-1
75,1,704.0589599609375,711.0965576171875,186.11761474609375,399.049560546875,-1,-1,-1,-1
76,1,708.4935302734375,717.565185546875,181.23046875,403.4835205078125,-1,-1,-1,-1
77,1,715.4562377929688,721.2955322265625,170.57452392578125,415.4520263671875,-1,-1,-1,-1
78,1,716.5980224609375,726.72607421875,157.456787109375,437.1427001953125,-1,-1,-1,-1
79,1,719.6131591796875,739.127197265625,148.88616943359375,464.1153564453125,-1,-1,-1,-1
80,1,728.9751586914062,748.5426025390625,145.28179931640625,491.9193115234375,-1,-1,-1,-1
81,1,731.98193359375,756.6701049804688,143.86993408203125,508.04095458984375,-1,-1,-1,-1
82,1,731.15966796875,760.4633178710938,143.4163818359375,514.1281127929688,-1,-1,-1,-1
83,1,730.3258666992188,761.168701171875,146.96331787109375,532.212646484375,-1,-1,-1,-1
84,1,731.285400390625,752.8331298828125,149.08624267578125,551.1705322265625,-1,-1,-1,-1
85,1,731.5501708984375,741.5214233398438,148.36248779296875,560.7500610351562,-1,-1,-1,-1
86,1,730.0049438476562,734.2814331054688,150.329345703125,567.8927612304688,-1,-1,-1,-1
87,1,730.236083984375,723.5074462890625,152.332763671875,572.444580078125,-1,-1,-1,-1
88,1,729.1300048828125,720.59765625,159.96875,578.093505859375,-1,-1,-1,-1
89,1,728.9639892578125,718.7991943359375,173.51617431640625,581.778564453125,-1,-1,-1,-1
90,1,730.0272216796875,715.981689453125,182.4776611328125,579.5330810546875,-1,-1,-1,-1
91,1,726.3716430664062,715.2894287109375,186.7247314453125,579.207763671875,-1,-1,-1,-1
92,1,721.8001708984375,709.478515625,189.198974609375,579.5377197265625,-1,-1,-1,-1
93,1,719.915283203125,698.0713500976562,187.7646484375,588.0769653320312,-1,-1,-1,-1
94,1,718.4476928710938,695.0176391601562,178.93475341796875,594.6836547851562,-1,-1,-1,-1
95,1,714.7088623046875,697.9331665039062,167.45770263671875,603.2570190429688,-1,-1,-1,-1
96,1,711.1296997070312,711.0361328125,170.476806640625,605.4508056640625,-1,-1,-1,-1
97,1,701.816650390625,731.3519897460938,180.87286376953125,603.7703247070312,-1,-1,-1,-1
98,1,697.1193237304688,753.0980834960938,191.428466796875,607.6040649414062,-1,-1,-1,-1
99,1,702.31005859375,746.355224609375,188.179443359375,620.4239501953125,-1,-1,-1,-1
100,1,706.6914672851562,731.0383911132812,182.54248046875,638.2837524414062,-1,-1,-1,-1
101,1,703.4300537109375,716.902587890625,182.385498046875,641.929931640625,-1,-1,-1,-1
102,1,704.7689819335938,700.662109375,182.93359375,645.4168701171875,-1,-1,-1,-1
103,1,699.4221801757812,691.4547729492188,185.2852783203125,629.4502563476562,-1,-1,-1,-1
104,1,708.43994140625,694.1505737304688,179.4461669921875,607.4902954101562,-1,-1,-1,-1
105,1,715.2901000976562,701.2178955078125,184.61151123046875,601.2762451171875,-1,-1,-1,-1
106,1,719.2697143554688,712.3225708007812,190.64947509765625,590.1537475585938,-1,-1,-1,-1
107,1,722.0682373046875,722.6279296875,191.72589111328125,581.457763671875,-1,-1,-1,-1
108,1,726.9196166992188,723.723388671875,185.22210693359375,581.4576416015625,-1,-1,-1,-1
109,1,729.7828979492188,717.566162109375,176.707275390625,593.946044921875,-1,-1,-1,-1
110,1,727.703369140625,704.526611328125,177.266357421875,604.0089111328125,-1,-1,-1,-1
111,1,723.296630859375,697.407470703125,174.5977783203125,599.489990234375,-1,-1,-1,-1
112,1,715.8167114257812,703.09912109375,165.21246337890625,582.413330078125,-1,-1,-1,-1
113,1,711.0060424804688,705.6113891601562,161.81243896484375,544.4702758789062,-1,-1,-1,-1
114,1,713.1644897460938,709.729736328125,166.12335205078125,508.365478515625,-1,-1,-1,-1
115,1,710.9120483398438,708.9815063476562,169.12310791015625,485.76263427734375,-1,-1,-1,-1
116,1,704.4130249023438,706.8262329101562,169.79437255859375,479.53363037109375,-1,-1,-1,-1
117,1,701.9840698242188,698.007080078125,171.49005126953125,482.8265380859375,-1,-1,-1,-1
118,1,697.5426635742188,682.7388916015625,161.926513671875,497.5281982421875,-1,-1,-1,-1
119,1,692.899169921875,670.1458129882812,161.388427734375,527.9359741210938,-1,-1,-1,-1
120,1,691.1049194335938,673.7332763671875,169.0252685546875,559.651123046875,-1,-1,-1,-1
121,1,687.5965576171875,685.47119140625,178.3162841796875,571.8433837890625,-1,-1,-1,-1
122,1,684.1296997070312,695.1578979492188,189.674072265625,582.1504516601562,-1,-1,-1,-1
123,1,683.2739868164062,710.3818359375,190.403076171875,605.2213134765625,-1,-1,-1,-1
124,1,681.5664672851562,713.59716796875,191.55694580078125,629.211669921875,-1,-1,-1,-1
125,1,676.04443359375,704.6900634765625,193.68194580078125,631.610107421875,-1,-1,-1,-1
126,1,673.583984375,692.6854248046875,195.6788330078125,638.3236083984375,-1,-1,-1,-1
127,1,672.9893798828125,681.5498046875,203.62200927734375,646.45556640625,-1,-1,-1,-1
128,1,669.36474609375,674.3818359375,219.51275634765625,661.3599853515625,-1,-1,-1,-1
129,1,672.7599487304688,671.6991577148438,241.02325439453125,671.7971801757812,-1,-1,-1,-1
130,1,679.07421875,679.9656982421875,249.19305419921875,680.099609375,-1,-1,-1,-1
131,1,678.2764892578125,692.846923828125,265.643798828125,683.39892578125,-1,-1,-1,-1
132,1,686.4971923828125,705.3482055664062,264.601318359375,676.7490844726562,-1,-1,-1,-1
133,1,698.9671630859375,724.1056518554688,251.51806640625,669.0598754882812,-1,-1,-1,-1
134,1,712.7265014648438,741.1742553710938,241.55316162109375,660.5946655273438,-1,-1,-1,-1
135,1,722.7140502929688,745.6812744140625,228.03424072265625,654.290771484375,-1,-1,-1,-1
136,1,730.0216674804688,744.57470703125,216.62689208984375,652.0709228515625,-1,-1,-1,-1
137,1,736.6447143554688,736.5967407226562,203.15972900390625,651.9942016601562,-1,-1,-1,-1
138,1,744.7520751953125,724.7681274414062,195.103759765625,648.1553344726562,-1,-1,-1,-1
139,1,748.492919921875,718.9764404296875,193.91827392578125,638.0162353515625,-1,-1,-1,-1
140,1,749.8712768554688,723.3799438476562,190.93450927734375,634.1912231445312,-1,-1,-1,-1
141,1,744.1913452148438,730.0238647460938,192.00469970703125,627.1243286132812,-1,-1,-1,-1
142,1,734.8104858398438,734.8824462890625,197.24951171875,615.407470703125,-1,-1,-1,-1
143,1,729.8344116210938,741.13671875,198.9833984375,606.532958984375,-1,-1,-1,-1
144,1,721.1275634765625,744.4008178710938,198.89190673828125,599.3660278320312,-1,-1,-1,-1
145,1,712.6815185546875,750.1060180664062,196.8408203125,592.5027465820312,-1,-1,-1,-1
146,1,710.0242919921875,750.7171630859375,193.23681640625,586.4361572265625,-1,-1,-1,-1
147,1,708.5619506835938,745.3328857421875,193.5380859375,579.8209228515625,-1,-1,-1,-1
148,1,706.810546875,739.0297241210938,198.223876953125,577.7423706054688,-1,-1,-1,-1
149,1,702.9280395507812,727.363037109375,205.8697509765625,576.4774169921875,-1,-1,-1,-1
150,1,702.860107421875,715.5885009765625,214.014892578125,575.5316162109375,-1,-1,-1,-1
151,1,703.5426025390625,705.0078125,223.7939453125,575.0235595703125,-1,-1,-1,-1
152,1,701.5579833984375,709.9981689453125,229.2125244140625,578.053955078125,-1,-1,-1,-1
153,1,697.5918579101562,721.357177734375,234.3031005859375,582.8460693359375,-1,-1,-1,-1
154,1,696.4606323242188,737.7679443359375,233.61822509765625,585.7388916015625,-1,-1,-1,-1
155,1,702.0701293945312,753.7133178710938,231.0872802734375,588.4904174804688,-1,-1,-1,-1
156,1,713.123291015625,767.569580078125,225.0614013671875,590.7623291015625,-1,-1,-1,-1
157,1,724.505615234375,776.1036376953125,217.82366943359375,593.2974853515625,-1,-1,-1,-1
158,1,738.662353515625,779.7345581054688,210.44659423828125,596.0750122070312,-1,-1,-1,-1
159,1,754.9242553710938,778.1558227539062,198.90399169921875,594.6342163085938,-1,-1,-1,-1
160,1,774.166748046875,780.2767944335938,193.0325927734375,589.4022827148438,-1,-1,-1,-1
161,1,789.3303833007812,785.986083984375,188.36822509765625,581.02783203125,-1,-1,-1,-1
162,1,811.5589599609375,789.936279296875,186.93133544921875,583.224853515625,-1,-1,-1,-1
163,1,854.8878173828125,785.1447143554688,185.9683837890625,580.1487426757812,-1,-1,-1,-1
164,1,925.2954711914062,778.9640502929688,193.80230712890625,579.1329956054688,-1,-1,-1,-1
165,1,1044.636962890625,773.5197143554688,214.68603515625,575.1862182617188,-1,-1,-1,-1
166,1,895.2828369140625,796.7805786132812,101.52020263671875,257.82232666015625,-1,-1,-1,-1
167,1,736.8136596679688,868.7272338867188,71.7301025390625,178.97100830078125,-1,-1,-1,-1
1,2,470.9318542480469,811.6047973632812,84.09231567382812,222.38677978515625,-1,-1,-1,-1
2,2,476.13568115234375,814.2349853515625,84.82958984375,230.3572998046875,-1,-1,-1,-1
3,2,478.2262878417969,808.03564453125,83.22030639648438,223.39453125,-1,-1,-1,-1
4,2,480.0827941894531,800.7713623046875,81.82449340820312,222.1014404296875,-1,-1,-1,-1
5,2,483.4129333496094,788.3826293945312,81.77999877929688,225.78515625,-1,-1,-1,-1
6,2,487.1013488769531,781.196044921875,80.27944946289062,218.344970703125,-1,-1,-1,-1
7,2,489.856689453125,777.8915405273438,80.363525390625,220.328125,-1,-1,-1,-1
8,2,488.34375,778.4047241210938,79.30047607421875,220.7703857421875,-1,-1,-1,-1
9,2,489.13873291015625,790.3158569335938,80.8511962890625,220.18359375,-1,-1,-1,-1
10,2,491.6889953613281,800.8314208984375,79.88333129882812,218.3642578125,-1,-1,-1,-1
11,2,491.9918212890625,814.3046264648438,82.063720703125,227.55889892578125,-1,-1,-1,-1
12,2,498.41632080078125,818.29541015625,79.20556640625,223.2152099609375,-1,-1,-1,-1
13,2,496.3827209472656,816.1256103515625,80.37545776367188,224.1123046875,-1,-1,-1,-1
14,2,494.4173583984375,809.661865234375,80.49395751953125,221.0711669921875,-1,-1,-1,-1
15,2,494.5702819824219,803.3698120117188,79.61099243164062,221.35736083984375,-1,-1,-1,-1
16,2,490.68011474609375,799.2548217773438,81.21807861328125,223.650634765625,-1,-1,-1,-1
17,2,486.9493713378906,795.5906982421875,81.94021606445312,222.5955810546875,-1,-1,-1,-1
18,2,488.1788024902344,795.4673461914062,82.43704223632812,222.37396240234375,-1,-1,-1,-1
19,2,491.7508239746094,795.60302734375,82.92678833007812,226.97802734375,-1,-1,-1,-1
20,2,497.8570556640625,784.411376953125,82.3046875,227.1141357421875,-1,-1,-1,-1
21,2,502.01007080078125,762.2525634765625,81.4215087890625,221.33636474609375,-1,-1,-1,-1
22,2,506.7289733886719,746.7118530273438,82.07321166992188,219.24749755859375,-1,-1,-1,-1
23,2,512.0718688964844,732.1942138671875,82.24575805664062,225.25439453125,-1,-1,-1,-1
24,2,517.3650512695312,716.512451171875,82.407958984375,220.51055908203125,-1,-1,-1,-1
25,2,519.967041015625,700.5228271484375,83.6885986328125,218.9293212890625,-1,-1,-1,-1
26,2,512.6000366210938,691.9563598632812,82.14019775390625,218.4638671875,-1,-1,-1,-1
27,2,508.4281311035156,692.1842041015625,81.92678833007812,217.380615234375,-1,-1,-1,-1
28,2,508.81732177734375,696.8236083984375,83.1627197265625,216.31591796875,-1,-1,-1,-1
29,2,506.6913757324219,703.5543212890625,83.36318969726562,215.8507080078125,-1,-1,-1,-1
30,2,505.8985900878906,707.8043823242188,83.15316772460938,217.52862548828125,-1,-1,-1,-1
31,2,504.61065673828125,711.8866577148438,80.7723388671875,218.241455078125,-1,-1,-1,-1
32,2,500.08660888671875,703.1030883789062,80.88873291015625,225.8836669921875,-1,-1,-1,-1
33,2,493.68963623046875,692.2990112304688,82.36383056640625,222.046630859375,-1,-1,-1,-1
34,2,488.05517578125,693.4844360351562,80.85455322265625,209.36273193359375,-1,-1,-1,-1
35,2,484.3524169921875,697.8343505859375,80.7762451171875,213.99981689453125,-1,-1,-1,-1
36,2,487.0035095214844,707.6842651367188,80.39871215820312,212.4334716796875,-1,-1,-1,-1
37,2,488.2984313964844,718.1123657226562,79.83724975585938,214.02984619140625,-1,-1,-1,-1
38,2,482.6437683105469,734.972412109375,81.24240112304688,212.1087646484375,-1,-1,-1,-1
39,2,483.2450256347656,743.1620483398438,80.39700317382812,212.7191162109375,-1,-1,-1,-1
40,2,486.2354736328125,741.2607421875,81.2071533203125,216.6239013671875,-1,-1,-1,-1
41,2,483.8377990722656,738.11083984375,81.72787475585938,214.17083740234375,-1,-1,-1,-1
42,2,484.0588073730469,735.9137573242188,81.86209106445312,215.65087890625,-1,-1,-1,-1
43,2,486.4581604003906,734.4705200195312,80.99447631835938,212.7666015625,-1,-1,-1,-1
44,2,487.53753662109375,733.0234375,81.1356201171875,213.5811767578125,-1,-1,-1,-1
45,2,490.0946960449219,740.6341552734375,81.65621948242188,213.94476318359375,-1,-1,-1,-1
46,2,492.3999938964844,739.291259765625,83.15194702148438,214.595458984375,-1,-1,-1,-1
47,2,497.3207092285156,723.4183959960938,81.01199340820312,212.145263671875,-1,-1,-1,-1
48,2,500.8453063964844,717.0845947265625,80.77719116210938,210.20562744140625,-1,-1,-1,-1
49,2,507.28790283203125,707.2893676757812,83.00628662109375,211.10791015625,-1,-1,-1,-1
50,2,513.1522216796875,701.126708984375,80.5982666015625,212.97991943359375,-1,-1,-1,-1
51,2,516.0440673828125,695.0751342773438,79.740234375,207.53369140625,-1,-1,-1,-1
52,2,516.7538452148438,678.6435546875,81.18804931640625,213.181884765625,-1,-1,-1,-1
53,2,539.110595703125,663.5413818359375,81.06561279296875,208.63287353515625,-1,-1,-1,-1
54,2,511.95587158203125,664.6483764648438,84.4736328125,213.34368896484375,-1,-1,-1,-1
55,2,506.566162109375,622.0050048828125,83.90679931640625,217.0947265625,-1,-1,-1,-1
56,2,521.691162109375,523.676513671875,84.45465087890625,220.4659423828125,-1,-1,-1,-1
57,2,518.7342529296875,490.7264404296875,86.61676025390625,226.61285400390625,-1,-1,-1,-1
58,2,524.1646728515625,494.3277893066406,84.08502197265625,221.01730346679688,-1,-1,-1,-1
59,2,531.2638549804688,486.19091796875,86.112060546875,223.3355712890625,-1,-1,-1,-1
60,2,542.5570678710938,477.6204833984375,84.146728515625,225.262451171875,-1,-1,-1,-1
61,2,548.2337646484375,455.18524169921875,86.51544189453125,224.765380859375,-1,-1,-1,-1
62,2,551.4697265625,452.8234558105469,86.08740234375,224.44833374023438,-1,-1,-1,-1
63,2,556.8798828125,482.54046630859375,83.37091064453125,219.77630615234375,-1,-1,-1,-1
64,2,567.1552734375,543.824951171875,82.92584228515625,213.2852783203125,-1,-1,-1,-1
65,2,570.0866088867188,613.9949340820312,81.5413818359375,212.22515869140625,-1,-1,-1,-1
66,2,569.8663940429688,667.7937622070312,81.8572998046875,210.107421875,-1,-1,-1,-1
67,2,571.1323852539062,703.5374755859375,83.43072509765625,203.73040771484375,-1,-1,-1,-1
68,2,570.6121826171875,717.76953125,80.74920654296875,201.7939453125,-1,-1,-1,-1
69,2,562.8409423828125,711.9638061523438,78.792236328125,205.02117919921875,-1,-1,-1,-1
70,2,563.2489624023438,704.400634765625,74.50439453125,198.30072021484375,-1,-1,-1,-1
71,2,568.0280151367188,704.0668334960938,73.78033447265625,196.745361328125,-1,-1,-1,-1
72,2,567.4066162109375,713.1195678710938,74.28814697265625,198.448486328125,-1,-1,-1,-1
73,2,570.0775146484375,730.146728515625,74.3248291015625,199.43621826171875,-1,-1,-1,-1
74,2,573.4683227539062,740.167724609375,75.68017578125,202.91253662109375,-1,-1,-1,-1
75,2,574.8662719726562,750.1294555664062,75.59539794921875,200.9130859375,-1,-1,-1,-1
76,2,574.4075317382812,757.8779296875,76.4464111328125,200.99835205078125,-1,-1,-1,-1
77,2,573.2863159179688,766.3734741210938,76.33746337890625,202.7579345703125,-1,-1,-1,-1
78,2,572.9690551757812,775.9901733398438,76.14373779296875,207.22601318359375,-1,-1,-1,-1
79,2,572.76171875,792.1624755859375,78.6871337890625,208.85809326171875,-1,-1,-1,-1
80,2,580.1243896484375,802.506591796875,78.1961669921875,209.771728515625,-1,-1,-1,-1
81,2,581.8946533203125,808.4696655273438,79.51617431640625,215.0206298828125,-1,-1,-1,-1
82,2,577.5950317382812,807.7465209960938,79.2091064453125,216.70343017578125,-1,-1,-1,-1
83,2,576.68115234375,804.9764404296875,79.23468017578125,215.20697021484375,-1,-1,-1,-1
84,2,577.5062255859375,794.0654907226562,80.90704345703125,216.6990966796875,-1,-1,-1,-1
85,2,577.434814453125,782.0559692382812,79.54217529296875,217.382080078125,-1,-1,-1,-1
86,2,575.2848510742188,776.1441040039062,78.7335205078125,213.14959716796875,-1,-1,-1,-1
87,2,575.1568603515625,770.2036743164062,78.6263427734375,213.4693603515625,-1,-1,-1,-1
88,2,572.59814453125,769.93701171875,78.69110107421875,213.3572998046875,-1,-1,-1,-1
89,2,571.2100830078125,769.3821411132812,78.5487060546875,215.205078125,-1,-1,-1,-1
90,2,569.1786499023438,764.4818115234375,79.24945068359375,214.97869873046875,-1,-1,-1,-1
91,2,564.59619140625,758.1470336914062,79.35009765625,211.99658203125,-1,-1,-1,-1
92,2,558.983154296875,750.0906982421875,79.00555419921875,213.32635498046875,-1,-1,-1,-1
93,2,557.8296508789062,742.4481201171875,79.11090087890625,211.80853271484375,-1,-1,-1,-1
94,2,555.0589599609375,742.6775512695312,79.714599609375,212.1533203125,-1,-1,-1,-1
95,2,545.9933471679688,745.9802856445312,81.081298828125,218.14337158203125,-1,-1,-1,-1
96,2,540.1476440429688,753.1113891601562,81.94085693359375,217.62579345703125,-1,-1,-1,-1
97,2,532.288818359375,760.7188720703125,83.10894775390625,219.8125,-1,-1,-1,-1
98,2,530.0938720703125,773.58837890625,82.58953857421875,223.37353515625,-1,-1,-1,-1
99,2,531.0134887695312,768.867431640625,82.84759521484375,225.9951171875,-1,-1,-1,-1
100,2,531.465576171875,768.0584716796875,83.13714599609375,226.0614013671875,-1,-1,-1,-1
101,2,529.781982421875,768.4791870117188,83.3187255859375,226.77508544921875,-1,-1,-1,-1
102,2,529.8642578125,759.8191528320312,83.7548828125,226.0751953125,-1,-1,-1,-1
103,2,528.2742919921875,749.4759521484375,83.5244140625,226.38934326171875,-1,-1,-1,-1
104,2,530.7970581054688,743.4196166992188,83.98675537109375,225.59112548828125,-1,-1,-1,-1
105,2,534.2396240234375,739.042236328125,85.164306640625,227.781494140625,-1,-1,-1,-1
106,2,536.9210815429688,736.5526733398438,85.02166748046875,226.530029296875,-1,-1,-1,-1
107,2,537.8733520507812,737.0929565429688,84.39520263671875,227.6824951171875,-1,-1,-1,-1
108,2,533.8528442382812,740.04443359375,85.126708984375,228.6031494140625,-1,-1,-1,-1
109,2,530.22998046875,747.656982421875,83.57989501953125,230.4097900390625,-1,-1,-1,-1
110,2,519.7390747070312,755.4979248046875,85.3623046875,231.798095703125,-1,-1,-1,-1
111,2,506.1507873535156,765.3466796875,87.09701538085938,233.24090576171875,-1,-1,-1,-1
112,2,490.6150207519531,777.667724609375,89.17428588867188,235.81146240234375,-1,-1,-1,-1
113,2,478.9215087890625,774.3477783203125,88.9879150390625,239.57763671875,-1,-1,-1,-1
114,2,476.3195495605469,765.431884765625,89.52847290039062,236.7620849609375,-1,-1,-1,-1
115,2,471.5796203613281,749.2022705078125,87.92294311523438,235.06854248046875,-1,-1,-1,-1
116,2,461.9406433105469,739.1017456054688,90.01394653320312,235.2705078125,-1,-1,-1,-1
117,2,455.54693603515625,734.4763793945312,89.443115234375,235.55096435546875,-1,-1,-1,-1
118,2,448.6282653808594,730.0885620117188,90.31546020507812,236.53619384765625,-1,-1,-1,-1
119,2,441.15557861328125,734.5704956054688,89.78216552734375,236.433837890625,-1,-1,-1,-1
120,2,434.7910461425781,749.1500244140625,92.23654174804688,239.6268310546875,-1,-1,-1,-1
121,2,428.0582580566406,762.9104614257812,91.93411254882812,245.28509521484375,-1,-1,-1,-1
122,2,424.7725524902344,766.1856689453125,92.48782348632812,244.55877685546875,-1,-1,-1,-1
123,2,425.30230712890625,767.9495849609375,92.7197265625,243.6571044921875,-1,-1,-1,-1
124,2,428.7215576171875,760.6488037109375,91.1693115234375,244.1123046875,-1,-1,-1,-1
125,2,431.15679931640625,746.1385498046875,91.3082275390625,240.65032958984375,-1,-1,-1,-1
126,2,440.51959228515625,731.9356689453125,90.39129638671875,235.92547607421875,-1,-1,-1,-1
127,2,449.9172668457031,723.1113891601562,90.16110229492188,232.5369873046875,-1,-1,-1,-1
128,2,459.954345703125,721.2381591796875,88.59112548828125,235.02239990234375,-1,-1,-1,-1
129,2,469.2756652832031,725.0534057617188,87.35415649414062,231.4652099609375,-1,-1,-1,-1
130,2,473.5307312011719,734.900634765625,86.90731811523438,231.9315185546875,-1,-1,-1,-1
131,2,470.3120422363281,746.9068603515625,87.24716186523438,235.9576416015625,-1,-1,-1,-1
132,2,469.12945556640625,754.3052978515625,86.4757080078125,234.3668212890625,-1,-1,-1,-1
133,2,470.7513732910156,762.269775390625,86.23696899414062,235.17584228515625,-1,-1,-1,-1
134,2,470.9398193359375,768.3851318359375,86.161865234375,234.0697021484375,-1,-1,-1,-1
135,2,466.437744140625,767.3275146484375,87.4493408203125,233.99151611328125,-1,-1,-1,-1
136,2,463.1883544921875,764.155517578125,87.9691162109375,233.8779296875,-1,-1,-1,-1
137,2,455.8328552246094,761.1396484375,88.44400024414062,236.51361083984375,-1,-1,-1,-1
138,2,452.3901672363281,758.8619995117188,87.46200561523438,235.89154052734375,-1,-1,-1,-1
139,2,445.198974609375,763.0613403320312,88.7645263671875,236.25274658203125,-1,-1,-1,-1
140,2,433.23504638671875,778.272216796875,89.72894287109375,238.74658203125,-1,-1,-1,-1
141,2,417.6043701171875,793.5095825195312,92.40383911132812,246.35321044921875,-1,-1,-1,-1
142,2,405.51409912109375,800.9794921875,93.72076416015625,246.359130859375,-1,-1,-1,-1
143,2,394.5682678222656,806.6779174804688,94.5010986328125,247.40142822265625,-1,-1,-1,-1
144,2,385.4863586425781,802.6580810546875,93.18441772460938,246.730224609375,-1,-1,-1,-1
145,2,377.8170471191406,797.6181640625,94.11965942382812,248.5306396484375,-1,-1,-1,-1
146,2,373.5749816894531,787.1318969726562,94.08047485351562,251.50750732421875,-1,-1,-1,-1
147,2,371.7793884277344,778.5789794921875,93.42672729492188,247.466552734375,-1,-1,-1,-1
148,2,368.7801818847656,774.9996948242188,94.81546020507812,252.02630615234375,-1,-1,-1,-1
149,2,366.5025939941406,770.4973754882812,94.43740844726562,254.121337890625,-1,-1,-1,-1
150,2,366.1112060546875,771.2945556640625,95.37173461914062,252.96575927734375,-1,-1,-1,-1
151,2,366.4331970214844,770.8350219726562,94.23681640625,253.83685302734375,-1,-1,-1,-1
152,2,364.0295104980469,780.0836181640625,94.71542358398438,245.01715087890625,-1,-1,-1,-1
153,2,361.8595275878906,789.6944580078125,94.37564086914062,244.238525390625,-1,-1,-1,-1
154,2,365.09320068359375,798.8545532226562,95.303466796875,245.15350341796875,-1,-1,-1,-1
155,2,375.6772155761719,807.109619140625,93.32986450195312,244.6065673828125,-1,-1,-1,-1
156,2,388.3610534667969,812.2275390625,91.27767944335938,241.206298828125,-1,-1,-1,-1
157,2,403.15142822265625,811.4436645507812,90.70547485351562,241.18511962890625,-1,-1,-1,-1
158,2,417.8109436035156,809.9508056640625,89.39108276367188,238.7159423828125,-1,-1,-1,-1
159,2,433.7091979980469,805.5650634765625,88.75363159179688,238.0450439453125,-1,-1,-1,-1
160,2,452.58575439453125,806.281005859375,86.57525634765625,235.0574951171875,-1,-1,-1,-1
161,2,468.20550537109375,812.1333618164062,85.0245361328125,232.91070556640625,-1,-1,-1,-1
162,2,488.34136962890625,815.4041748046875,85.475830078125,235.071044921875,-1,-1,-1,-1
163,2,531.87060546875,812.3008422851562,81.7391357421875,225.98089599609375,-1,-1,-1,-1
164,2,602.7881469726562,807.3164672851562,80.1983642578125,230.19415283203125,-1,-1,-1,-1
165,2,718.8060302734375,804.0552368164062,79.6905517578125,223.00811767578125,-1,-1,-1,-1
166,2,902.5194702148438,805.0966796875,93.29168701171875,233.8909912109375,-1,-1,-1,-1
167,2,731.4257202148438,868.3853759765625,82.09576416015625,179.116943359375,-1,-1,-1,-1
169,3,273.2447204589844,742.310302734375,118.01736450195312,283.9520263671875,-1,-1,-1,-1
170,3,452.9331970214844,757.2192993164062,115.74020385742188,261.9837646484375,-1,-1,-1,-1
171,3,552.1762084960938,756.037109375,107.71734619140625,254.5740966796875,-1,-1,-1,-1
172,3,611.5725708007812,756.4485473632812,93.24560546875,251.688720703125,-1,-1,-1,-1
173,3,642.512451171875,759.3258666992188,95.94970703125,248.8074951171875,-1,-1,-1,-1
174,3,659.7416381835938,770.9695434570312,94.89044189453125,250.42315673828125,-1,-1,-1,-1
175,3,671.9959716796875,780.3905029296875,91.38275146484375,253.3924560546875,-1,-1,-1,-1
176,3,681.590576171875,791.5813598632812,95.29840087890625,256.50018310546875,-1,-1,-1,-1
177,3,686.6768798828125,797.9044799804688,92.37664794921875,254.81451416015625,-1,-1,-1,-1
178,3,695.6656494140625,796.9793090820312,99.16949462890625,254.25299072265625,-1,-1,-1,-1
179,3,697.1065673828125,793.225341796875,102.244873046875,253.30078125,-1,-1,-1,-1
180,3,693.8703002929688,787.2880249023438,95.07598876953125,253.11749267578125,-1,-1,-1,-1
181,3,662.7789916992188,777.8911743164062,95.61651611328125,252.33343505859375,-1,-1,-1,-1
182,3,530.9819946289062,756.6611328125,119.27044677734375,253.83111572265625,-1,-1,-1,-1
183,3,698.6949462890625,759.1364135742188,219.3389892578125,220.86553955078125,-1,-1,-1,-1
185,4,1023.388427734375,609.883056640625,92.873291015625,218.26861572265625,-1,-1,-1,-1
186,4,819.738037109375,631.4789428710938,80.19091796875,197.51275634765625,-1,-1,-1,-1
187,4,718.270263671875,645.489501953125,73.2684326171875,192.3095703125,-1,-1,-1,-1
188,4,652.9464111328125,661.9010009765625,71.60736083984375,195.07305908203125,-1,-1,-1,-1
189,4,598.4906005859375,681.9979248046875,71.72784423828125,193.5115966796875,-1,-1,-1,-1
190,4,553.5606689453125,704.4627075195312,73.21875,196.66864013671875,-1,-1,-1,-1
191,4,532.6685180664062,718.803466796875,72.99725341796875,193.4127197265625,-1,-1,-1,-1
192,4,522.1574096679688,734.3351440429688,73.65093994140625,194.06732177734375,-1,-1,-1,-1
193,4,507.819580078125,751.942626953125,73.71136474609375,192.1702880859375,-1,-1,-1,-1
194,4,494.611328125,759.6748657226562,75.3543701171875,195.64813232421875,-1,-1,-1,-1
195,4,489.4518737792969,773.2232055664062,75.93923950195312,196.86334228515625,-1,-1,-1,-1
196,4,480.1945495605469,783.4195556640625,75.88351440429688,198.90533447265625,-1,-1,-1,-1
197,4,471.8172302246094,802.8786010742188,75.07485961914062,205.4278564453125,-1,-1,-1,-1
198,4,474.2518005371094,808.0703735351562,74.80398559570312,202.09979248046875,-1,-1,-1,-1
199,4,491.0506286621094,808.5537719726562,75.03421020507812,204.0152587890625,-1,-1,-1,-1
200,4,540.9453735351562,799.1304321289062,72.84698486328125,204.87835693359375,-1,-1,-1,-1
201,4,636.977294921875,783.9624633789062,69.70867919921875,192.40057373046875,-1,-1,-1,-1
202,4,788.0783081054688,758.912841796875,72.79022216796875,194.04046630859375,-1,-1,-1,-1
203,4,425.4908447265625,706.7312622070312,104.38909912109375,218.66558837890625,-1,-1,-1,-1
206,4,503.7510681152344,711.9826049804688,137.89132690429688,288.3311767578125,-1,-1,-1,-1
186,5,1056.714111328125,589.8671875,244.5101318359375,590.8299560546875,-1,-1,-1,-1
187,5,935.3733520507812,601.2960815429688,221.57122802734375,557.0933227539062,-1,-1,-1,-1
188,5,873.2149658203125,611.6480102539062,198.12939453125,538.2885131835938,-1,-1,-1,-1
189,5,824.2733764648438,626.2333984375,177.92852783203125,523.5455322265625,-1,-1,-1,-1
190,5,786.2664794921875,642.595458984375,161.12890625,513.1611328125,-1,-1,-1,-1
191,5,769.5900268554688,657.6318359375,153.1729736328125,505.197509765625,-1,-1,-1,-1
192,5,760.1403198242188,675.4031982421875,147.7020263671875,500.2607421875,-1,-1,-1,-1
193,5,749.241455078125,695.0109252929688,142.64764404296875,494.46710205078125,-1,-1,-1,-1
194,5,736.97412109375,709.7841186523438,140.5191650390625,490.72576904296875,-1,-1,-1,-1
195,5,732.284912109375,722.35595703125,141.757568359375,484.4798583984375,-1,-1,-1,-1
196,5,724.3844604492188,730.162841796875,143.32525634765625,480.1881103515625,-1,-1,-1,-1
197,5,716.8734741210938,745.03662109375,144.093505859375,478.96337890625,-1,-1,-1,-1
198,5,718.3724975585938,753.0593872070312,147.6236572265625,477.95123291015625,-1,-1,-1,-1
199,5,734.490234375,758.2235717773438,149.28668212890625,471.49957275390625,-1,-1,-1,-1
200,5,780.6534423828125,755.7501831054688,154.38079833984375,469.08563232421875,-1,-1,-1,-1
201,5,878.3177490234375,746.3400268554688,167.2523193359375,474.22479248046875,-1,-1,-1,-1
202,5,1049.2830810546875,706.7601928710938,179.5941162109375,510.80462646484375,-1,-1,-1,-1
203,5,1001.7667846679688,730.15087890625,80.92169189453125,208.74383544921875,-1,-1,-1,-1
204,5,866.7119750976562,794.7993774414062,83.568115234375,157.83563232421875,-1,-1,-1,-1
205,6,34.299076080322266,706.1427612304688,173.73220825195312,340.84417724609375,-1,-1,-1,-1
206,6,239.0784149169922,691.11669921875,139.5802764892578,309.24725341796875,-1,-1,-1,-1
207,6,372.3050537109375,694.8116455078125,123.89791870117188,292.23101806640625,-1,-1,-1,-1
208,6,458.0400390625,703.0791625976562,118.63134765625,283.70501708984375,-1,-1,-1,-1
209,6,511.60870361328125,705.6649169921875,116.44158935546875,281.1204833984375,-1,-1,-1,-1
210,6,531.7730712890625,705.293701171875,124.51214599609375,282.10845947265625,-1,-1,-1,-1
211,6,531.9971313476562,704.5488891601562,130.03948974609375,278.81884765625,-1,-1,-1,-1
212,6,527.3909912109375,702.3882446289062,131.43853759765625,285.18560791015625,-1,-1,-1,-1
213,6,518.732666015625,697.0763549804688,140.66619873046875,286.88336181640625,-1,-1,-1,-1
214,6,509.63739013671875,698.0172119140625,148.92333984375,289.46368408203125,-1,-1,-1,-1
215,6,498.34869384765625,692.2200927734375,146.460693359375,293.314208984375,-1,-1,-1,-1
216,6,499.95458984375,684.719482421875,143.7816162109375,292.98382568359375,-1,-1,-1,-1
217,6,507.56756591796875,680.5807495117188,155.615234375,294.64605712890625,-1,-1,-1,-1
218,6,505.99761962890625,677.1932983398438,157.298583984375,292.42852783203125,-1,-1,-1,-1
219,6,499.5299072265625,671.6520385742188,157.6619873046875,294.44891357421875,-1,-1,-1,-1
220,6,495.98968505859375,665.8869018554688,159.45916748046875,295.84808349609375,-1,-1,-1,-1
221,6,497.1021728515625,667.5013427734375,154.41650390625,296.09381103515625,-1,-1,-1,-1
222,6,504.2113037109375,667.0883178710938,157.42620849609375,297.85162353515625,-1,-1,-1,-1
223,6,503.1614685058594,668.563232421875,161.24020385742188,298.92138671875,-1,-1,-1,-1
224,6,497.9640197753906,669.4677734375,160.39620971679688,297.782470703125,-1,-1,-1,-1
225,6,491.4576110839844,669.3670043945312,166.25521850585938,301.978271484375,-1,-1,-1,-1
226,6,483.9173889160156,667.5603637695312,165.78958129882812,301.63775634765625,-1,-1,-1,-1
227,6,467.5573425292969,665.6829223632812,159.26919555664062,305.95745849609375,-1,-1,-1,-1
228,6,401.54339599609375,671.0255126953125,159.90692138671875,310.41845703125,-1,-1,-1,-1
229,6,145.09619140625,678.8882446289062,194.8231201171875,277.83758544921875,-1,-1,-1,-1
230,6,257.85406494140625,1108.3048095703125,279.81072998046875,318.3675537109375,-1,-1,-1,-1
211,7,360.2532043457031,1036.265625,663.3133544921875,372.50830078125,-1,-1,-1,-1
212,7,224.7913818359375,983.7286376953125,539.4823608398438,425.21630859375,-1,-1,-1,-1
213,7,27.820158004760742,992.2042846679688,575.0303344726562,417.87896728515625,-1,-1,-1,-1
214,7,43.64786911010742,1071.2615966796875,515.2836303710938,343.4033203125,-1,-1,-1,-1
231,9,1122.5162353515625,501.19232177734375,206.0535888671875,509.87908935546875,-1,-1,-1,-1
232,9,861.096923828125,507.0084228515625,151.16082763671875,452.594482421875,-1,-1,-1,-1
233,9,736.073486328125,512.236328125,134.42529296875,436.13360595703125,-1,-1,-1,-1
234,9,681.75439453125,540.5436401367188,138.84210205078125,437.162353515625,-1,-1,-1,-1
235,9,661.7782592773438,569.800048828125,149.74810791015625,446.906982421875,-1,-1,-1,-1
236,9,655.8369140625,607.323486328125,160.5382080078125,456.0802001953125,-1,-1,-1,-1
237,9,650.4541015625,634.2197875976562,178.0491943359375,463.67633056640625,-1,-1,-1,-1
238,9,649.9297485351562,652.489990234375,188.30010986328125,471.183349609375,-1,-1,-1,-1
239,9,660.2460327148438,656.4131469726562,184.42236328125,482.43402099609375,-1,-1,-1,-1
240,9,662.4041137695312,657.513427734375,182.81304931640625,483.6954345703125,-1,-1,-1,-1
241,9,658.8087768554688,661.2714233398438,170.73309326171875,488.54779052734375,-1,-1,-1,-1
242,9,647.782470703125,651.5325927734375,159.63470458984375,493.1881103515625,-1,-1,-1,-1
243,9,646.0545043945312,633.3720092773438,150.254638671875,495.23406982421875,-1,-1,-1,-1
244,9,649.0586547851562,633.6495361328125,147.45416259765625,505.2698974609375,-1,-1,-1,-1
245,9,655.8521118164062,641.1015625,150.592041015625,520.146484375,-1,-1,-1,-1
246,9,661.8528442382812,654.1536865234375,151.853515625,535.38427734375,-1,-1,-1,-1
247,9,668.8713989257812,669.9371337890625,164.39361572265625,406.3453369140625,-1,-1,-1,-1
248,9,679.1278686523438,684.494140625,177.05169677734375,546.47705078125,-1,-1,-1,-1
249,9,676.3317260742188,698.1410522460938,186.38330078125,563.1282348632812,-1,-1,-1,-1
250,9,672.0374145507812,697.8123168945312,200.69342041015625,578.1494750976562,-1,-1,-1,-1
251,9,673.7388305664062,686.91064453125,201.51422119140625,597.1639404296875,-1,-1,-1,-1
252,9,669.8807983398438,673.0462036132812,212.45843505859375,625.1080932617188,-1,-1,-1,-1
253,9,666.4122314453125,681.5413818359375,235.76361083984375,657.903564453125,-1,-1,-1,-1
254,9,663.8357543945312,713.602294921875,259.11859130859375,685.2197265625,-1,-1,-1,-1
255,9,664.5625610351562,730.5087280273438,275.302978515625,680.6470336914062,-1,-1,-1,-1
256,9,658.4522094726562,733.3465576171875,276.16998291015625,677.6090087890625,-1,-1,-1,-1
257,9,667.8919677734375,726.390869140625,274.92913818359375,673.436279296875,-1,-1,-1,-1
258,9,675.6404418945312,712.3782958984375,253.44744873046875,653.869140625,-1,-1,-1,-1
259,9,673.6906127929688,686.7626953125,219.868408203125,637.3695068359375,-1,-1,-1,-1
260,9,668.44091796875,671.8841552734375,193.09918212890625,614.6307373046875,-1,-1,-1,-1
261,9,656.3499145507812,670.308837890625,187.44775390625,587.8336181640625,-1,-1,-1,-1
262,9,656.953857421875,669.8234252929688,187.830322265625,570.4391479492188,-1,-1,-1,-1
263,9,659.1361694335938,680.12255859375,190.906982421875,557.467041015625,-1,-1,-1,-1
264,9,659.146240234375,700.9971313476562,193.97344970703125,544.4960327148438,-1,-1,-1,-1
265,9,667.7520751953125,737.967041015625,185.315673828125,537.160888671875,-1,-1,-1,-1
266,9,670.5270385742188,761.1536254882812,182.25225830078125,541.4330444335938,-1,-1,-1,-1
267,9,674.461669921875,749.4196166992188,181.515869140625,546.4463500976562,-1,-1,-1,-1
268,9,681.6760864257812,720.860107421875,176.29595947265625,555.51806640625,-1,-1,-1,-1
269,9,675.6996459960938,717.9915771484375,174.17315673828125,562.80517578125,-1,-1,-1,-1
270,9,668.3223876953125,730.1062622070312,159.0341796875,573.8215942382812,-1,-1,-1,-1
271,9,672.3126220703125,742.2514038085938,155.9073486328125,566.1525268554688,-1,-1,-1,-1
272,9,685.7491455078125,758.8239135742188,160.0343017578125,557.9652709960938,-1,-1,-1,-1
273,9,699.3716430664062,765.6888427734375,166.62939453125,543.50341796875,-1,-1,-1,-1
274,9,713.2927856445312,755.06494140625,170.1102294921875,534.856689453125,-1,-1,-1,-1
275,9,721.7353515625,735.1220703125,177.86456298828125,537.7159423828125,-1,-1,-1,-1
276,9,726.311767578125,713.67724609375,189.89532470703125,548.2186279296875,-1,-1,-1,-1
277,9,728.3260498046875,688.0911254882812,199.57861328125,553.1331176757812,-1,-1,-1,-1
278,9,725.3848876953125,670.9017944335938,189.2080078125,547.7761840820312,-1,-1,-1,-1
279,9,713.8128662109375,672.0106811523438,166.829345703125,537.3573608398438,-1,-1,-1,-1
280,9,705.804931640625,687.6260986328125,163.36346435546875,527.836181640625,-1,-1,-1,-1
281,9,699.3633422851562,704.3648071289062,172.07598876953125,514.0512084960938,-1,-1,-1,-1
282,9,687.4903564453125,709.97607421875,173.47235107421875,503.419677734375,-1,-1,-1,-1
283,9,680.033203125,703.239501953125,174.89874267578125,506.155517578125,-1,-1,-1,-1
284,9,672.0438232421875,687.158935546875,180.35321044921875,516.20556640625,-1,-1,-1,-1
285,9,656.30615234375,671.813720703125,187.061767578125,532.241943359375,-1,-1,-1,-1
286,9,643.01318359375,659.869384765625,184.1846923828125,536.2470703125,-1,-1,-1,-1
287,9,635.2637939453125,658.0987548828125,164.98052978515625,538.6033935546875,-1,-1,-1,-1
288,9,631.39501953125,667.3131103515625,147.480224609375,537.6427001953125,-1,-1,-1,-1
289,9,633.7117919921875,688.8079223632812,153.7408447265625,530.0103149414062,-1,-1,-1,-1
290,9,639.5364990234375,705.773681640625,158.311279296875,522.9515380859375,-1,-1,-1,-1
291,9,650.3486938476562,707.8655395507812,158.24884033203125,523.7079467773438,-1,-1,-1,-1
292,9,659.0665893554688,690.7417602539062,156.91546630859375,536.8285522460938,-1,-1,-1,-1
293,9,667.4920654296875,675.0559692382812,153.65673828125,551.9926147460938,-1,-1,-1,-1
294,9,670.4556884765625,663.0999145507812,151.84063720703125,562.7135620117188,-1,-1,-1,-1
295,9,664.0590209960938,658.8961181640625,154.8428955078125,567.852783203125,-1,-1,-1,-1
296,9,659.4843139648438,662.3596801757812,158.00433349609375,570.2769165039062,-1,-1,-1,-1
297,9,657.1403198242188,671.7659301757812,168.30706787109375,564.0877075195312,-1,-1,-1,-1
298,9,657.884521484375,681.1028442382812,172.14788818359375,559.3970336914062,-1,-1,-1,-1
299,9,663.053466796875,685.5858154296875,175.064208984375,564.9365234375,-1,-1,-1,-1
300,9,665.9738159179688,677.126953125,175.3494873046875,586.7379150390625,-1,-1,-1,-1
301,9,662.8005981445312,660.6347045898438,173.6431884765625,613.0770874023438,-1,-1,-1,-1
302,9,660.35498046875,650.3302612304688,174.74481201171875,628.5079956054688,-1,-1,-1,-1
303,9,652.8058471679688,653.5164794921875,180.97015380859375,638.7796630859375,-1,-1,-1,-1
304,9,641.1436767578125,659.4331665039062,190.78741455078125,632.5692749023438,-1,-1,-1,-1
305,9,639.5701904296875,669.3989868164062,197.73004150390625,619.6943969726562,-1,-1,-1,-1
306,9,645.2149047851562,684.8609008789062,215.94158935546875,614.5697631835938,-1,-1,-1,-1
307,9,650.2220458984375,697.7578125,252.47698974609375,617.1884765625,-1,-1,-1,-1
308,9,657.6567993164062,700.3622436523438,268.96600341796875,651.6430053710938,-1,-1,-1,-1
309,9,648.4669189453125,697.2416381835938,239.3988037109375,678.3314819335938,-1,-1,-1,-1
310,9,617.9020385742188,715.44091796875,218.5806884765625,658.622802734375,-1,-1,-1,-1
311,9,591.7838134765625,720.4658813476562,233.4085693359375,686.4834594726562,-1,-1,-1,-1
312,9,566.4725952148438,659.7998046875,257.1190185546875,699.9642333984375,-1,-1,-1,-1
313,9,349.1992492675781,551.2371826171875,400.9637145996094,780.2259521484375,-1,-1,-1,-1
314,9,339.1114196777344,416.5724792480469,501.6730651855469,857.0902099609375,-1,-1,-1,-1
315,9,527.7947998046875,318.8374938964844,412.97210693359375,931.8382568359375,-1,-1,-1,-1
316,9,622.5260009765625,318.8155822753906,329.56475830078125,975.182861328125,-1,-1,-1,-1
317,9,681.0178833007812,382.52410888671875,270.02569580078125,912.5916137695312,-1,-1,-1,-1
318,9,671.2831420898438,422.7894287109375,355.51043701171875,866.683349609375,-1,-1,-1,-1
319,9,598.36181640625,413.81353759765625,388.1427001953125,637.4277954101562,-1,-1,-1,-1
320,9,714.3004760742188,331.7446594238281,307.55633544921875,582.8521728515625,-1,-1,-1,-1
321,9,694.7156372070312,269.5251770019531,272.9166259765625,593.7950439453125,-1,-1,-1,-1
322,9,707.7120361328125,281.1180419921875,280.88604736328125,586.5407104492188,-1,-1,-1,-1
323,9,741.4603881835938,254.58926391601562,277.12445068359375,610.2197265625,-1,-1,-1,-1
324,9,794.8235473632812,191.61866760253906,285.39154052734375,652.1604614257812,-1,-1,-1,-1
325,9,844.8258666992188,143.49185180664062,293.85504150390625,706.9259033203125,-1,-1,-1,-1
326,9,870.4247436523438,169.06723022460938,271.59112548828125,959.097900390625,-1,-1,-1,-1
327,9,849.9389038085938,291.62164306640625,278.11236572265625,902.0872192382812,-1,-1,-1,-1
328,9,816.039794921875,440.5871276855469,253.5560302734375,806.4158935546875,-1,-1,-1,-1
329,9,784.4854736328125,567.8326416015625,217.03173828125,667.5943603515625,-1,-1,-1,-1
330,9,755.0712890625,640.218505859375,218.09906005859375,618.8465576171875,-1,-1,-1,-1
331,9,730.1658325195312,679.8028564453125,217.4169921875,731.260498046875,-1,-1,-1,-1
332,9,702.6943359375,694.9442749023438,219.3837890625,705.1962280273438,-1,-1,-1,-1
333,9,689.412109375,696.0864868164062,215.0103759765625,674.7733764648438,-1,-1,-1,-1
334,9,666.3641357421875,688.685791015625,224.07257080078125,650.58056640625,-1,-1,-1,-1
335,9,651.0965576171875,694.0485229492188,227.89141845703125,631.6140747070312,-1,-1,-1,-1
336,9,648.2388305664062,704.1607666015625,221.06060791015625,611.131591796875,-1,-1,-1,-1
337,9,649.5311889648438,721.1777954101562,229.1492919921875,592.9415893554688,-1,-1,-1,-1
338,9,646.7338256835938,729.46484375,244.623779296875,576.1910400390625,-1,-1,-1,-1
339,9,633.5684814453125,713.3921508789062,261.0146484375,551.5801391601562,-1,-1,-1,-1
340,9,618.5529174804688,700.828125,267.83929443359375,528.3167724609375,-1,-1,-1,-1
341,9,601.2235107421875,692.55859375,264.4432373046875,516.67138671875,-1,-1,-1,-1
342,9,578.6367797851562,683.7427978515625,265.81622314453125,506.7757568359375,-1,-1,-1,-1
343,9,554.9639282226562,668.3059692382812,263.73504638671875,500.29437255859375,-1,-1,-1,-1
344,9,526.9290161132812,653.5604248046875,260.57562255859375,496.284912109375,-1,-1,-1,-1
345,9,508.2284240722656,638.489990234375,246.94393920898438,495.0225830078125,-1,-1,-1,-1
346,9,494.71026611328125,627.9554443359375,230.0377197265625,491.7574462890625,-1,-1,-1,-1
347,9,491.216796875,617.1744995117188,201.9586181640625,489.71893310546875,-1,-1,-1,-1
348,9,501.55853271484375,604.5580444335938,170.7230224609375,483.54571533203125,-1,-1,-1,-1
349,9,520.4640502929688,599.2619018554688,146.93731689453125,478.60211181640625,-1,-1,-1,-1
350,9,518.8362426757812,597.7914428710938,141.0902099609375,478.33612060546875,-1,-1,-1,-1
351,9,512.5988159179688,593.84228515625,159.194580078125,475.314208984375,-1,-1,-1,-1
352,9,505.8119812011719,594.8558349609375,167.78018188476562,473.6346435546875,-1,-1,-1,-1
353,9,497.1601257324219,595.0720825195312,167.87515258789062,470.69757080078125,-1,-1,-1,-1
354,9,485.241455078125,594.03662109375,160.0325927734375,467.3858642578125,-1,-1,-1,-1
355,9,478.47930908203125,592.2916870117188,153.4573974609375,469.07476806640625,-1,-1,-1,-1
356,9,481.8790283203125,597.1141967773438,159.8154296875,478.47222900390625,-1,-1,-1,-1
357,9,494.3656311035156,601.58935546875,168.01602172851562,502.48779296875,-1,-1,-1,-1
358,9,517.8446044921875,619.5236206054688,173.51739501953125,530.1992797851562,-1,-1,-1,-1
359,9,538.6322021484375,634.843505859375,183.260498046875,552.4036865234375,-1,-1,-1,-1
360,9,553.5411376953125,648.3306884765625,197.77032470703125,561.5770263671875,-1,-1,-1,-1
361,9,570.0405883789062,658.0618896484375,197.56005859375,575.1588134765625,-1,-1,-1,-1
362,9,586.0371704101562,663.276611328125,204.36175537109375,596.4921875,-1,-1,-1,-1
363,9,604.9673461914062,660.10693359375,207.40655517578125,600.2001953125,-1,-1,-1,-1
364,9,622.7929077148438,651.4102783203125,199.37176513671875,610.417236328125,-1,-1,-1,-1
365,9,629.791748046875,645.7716674804688,184.65643310546875,630.9550170898438,-1,-1,-1,-1
366,9,636.4700927734375,642.9573364257812,178.96478271484375,654.8922729492188,-1,-1,-1,-1
367,9,639.6566772460938,639.3917846679688,175.9083251953125,672.0004272460938,-1,-1,-1,-1
368,9,647.2772827148438,638.9729614257812,172.9010009765625,679.8468627929688,-1,-1,-1,-1
369,9,648.0525512695312,647.2978515625,178.3458251953125,692.087890625,-1,-1,-1,-1
370,9,647.2323608398438,659.0020751953125,192.78143310546875,703.0750732421875,-1,-1,-1,-1
371,9,647.0648803710938,677.1419067382812,199.0125732421875,691.1653442382812,-1,-1,-1,-1
372,9,634.9434814453125,689.606689453125,210.48388671875,687.960205078125,-1,-1,-1,-1
373,9,630.3400268554688,683.0610961914062,207.49505615234375,694.1715698242188,-1,-1,-1,-1
374,9,633.9758911132812,665.7911987304688,197.2108154296875,703.8120727539062,-1,-1,-1,-1
375,9,639.2001953125,628.2304077148438,185.2950439453125,700.6310424804688,-1,-1,-1,-1
376,9,646.3346557617188,597.0669555664062,179.34197998046875,668.6951293945312,-1,-1,-1,-1
377,9,652.8467407226562,587.814453125,190.95880126953125,629.308837890625,-1,-1,-1,-1
378,9,666.2715454101562,589.0972290039062,184.16900634765625,599.2334594726562,-1,-1,-1,-1
379,9,672.3381958007812,601.2924194335938,186.99505615234375,578.6441040039062,-1,-1,-1,-1
380,9,676.2138061523438,619.2869873046875,187.56658935546875,565.246826171875,-1,-1,-1,-1
381,9,682.5968017578125,633.8812255859375,185.993896484375,567.4173583984375,-1,-1,-1,-1
382,9,683.9365234375,637.8883666992188,179.5987548828125,584.3159790039062,-1,-1,-1,-1
383,9,681.8926391601562,647.8436889648438,174.6214599609375,608.9500122070312,-1,-1,-1,-1
384,9,682.3984985351562,659.2650756835938,169.1822509765625,619.4590454101562,-1,-1,-1,-1
385,9,682.0143432617188,654.9055786132812,172.12115478515625,600.2980346679688,-1,-1,-1,-1
386,9,690.467529296875,645.1385498046875,170.0933837890625,578.8096923828125,-1,-1,-1,-1
387,9,694.5105590820312,658.6988525390625,175.08184814453125,574.5625,-1,-1,-1,-1
388,9,696.6296997070312,660.4050903320312,178.76898193359375,565.5335083007812,-1,-1,-1,-1
389,9,698.6702270507812,662.9382934570312,182.789306640625,560.2542114257812,-1,-1,-1,-1
390,9,695.9766235351562,671.3252563476562,181.785400390625,560.0822143554688,-1,-1,-1,-1
391,9,689.2235717773438,688.9343872070312,176.44781494140625,559.1758422851562,-1,-1,-1,-1
392,9,688.8432006835938,700.2062377929688,167.398193359375,560.0961303710938,-1,-1,-1,-1
393,9,683.0875244140625,702.6800537109375,162.17022705078125,552.4322509765625,-1,-1,-1,-1
394,9,665.46875,685.2247314453125,154.2489013671875,534.106201171875,-1,-1,-1,-1
395,9,659.8461303710938,664.2880859375,152.3255615234375,519.8548583984375,-1,-1,-1,-1
396,9,656.1393432617188,648.2640991210938,146.86126708984375,493.97271728515625,-1,-1,-1,-1
397,9,647.3159790039062,644.0449829101562,155.5438232421875,467.52764892578125,-1,-1,-1,-1
398,9,640.625732421875,648.2832641601562,164.70123291015625,446.32977294921875,-1,-1,-1,-1
399,9,639.1472778320312,661.9907836914062,170.606201171875,439.62200927734375,-1,-1,-1,-1
400,9,647.8264770507812,679.2252807617188,178.259521484375,443.40777587890625,-1,-1,-1,-1
401,9,653.4044799804688,698.263671875,178.3074951171875,454.693115234375,-1,-1,-1,-1
402,9,649.9811401367188,700.1612548828125,176.22186279296875,474.6646728515625,-1,-1,-1,-1
403,9,645.4559936523438,692.7538452148438,180.56439208984375,502.93927001953125,-1,-1,-1,-1
404,9,645.0096435546875,680.5095825195312,184.6358642578125,534.2354125976562,-1,-1,-1,-1
405,9,641.1658935546875,679.99462890625,196.993408203125,557.9498291015625,-1,-1,-1,-1
406,9,637.0926513671875,678.6901245117188,206.014892578125,559.0331420898438,-1,-1,-1,-1
407,9,632.2232055664062,680.5387573242188,223.04998779296875,566.5379028320312,-1,-1,-1,-1
408,9,669.437255859375,667.2628173828125,188.51898193359375,578.570556640625,-1,-1,-1,-1
409,9,681.1763305664062,669.5709838867188,181.56964111328125,588.7749633789062,-1,-1,-1,-1
410,9,683.6288452148438,660.3455810546875,191.1402587890625,583.5098876953125,-1,-1,-1,-1
411,9,690.1123046875,655.4623413085938,205.2764892578125,574.6411743164062,-1,-1,-1,-1
412,9,692.0260620117188,661.5001831054688,212.91717529296875,564.9165649414062,-1,-1,-1,-1
413,9,690.2491455078125,657.481201171875,219.03082275390625,553.6729736328125,-1,-1,-1,-1
414,9,685.9655151367188,659.8677978515625,225.20355224609375,547.9326171875,-1,-1,-1,-1
415,9,676.999755859375,663.457763671875,222.80029296875,548.599609375,-1,-1,-1,-1
416,9,667.676025390625,658.2940063476562,221.04730224609375,553.3726196289062,-1,-1,-1,-1
417,9,665.2049560546875,661.0967407226562,219.99755859375,557.6294555664062,-1,-1,-1,-1
418,9,655.8905029296875,663.7770385742188,215.4105224609375,554.2924194335938,-1,-1,-1,-1
419,9,683.2947998046875,685.3171997070312,184.80487060546875,554.3496704101562,-1,-1,-1,-1
420,9,691.96826171875,697.1032104492188,178.6375732421875,549.7604370117188,-1,-1,-1,-1
421,9,690.2857666015625,703.5399169921875,178.1888427734375,541.8212890625,-1,-1,-1,-1
422,9,687.7322387695312,696.2962036132812,179.1026611328125,539.2053833007812,-1,-1,-1,-1
423,9,683.2890625,695.3956298828125,196.1654052734375,538.424072265625,-1,-1,-1,-1
424,9,677.4861450195312,693.5170288085938,210.1678466796875,540.3663940429688,-1,-1,-1,-1
425,9,684.9799194335938,703.097900390625,215.5125732421875,544.5579833984375,-1,-1,-1,-1
426,9,686.192138671875,716.26806640625,210.63812255859375,545.820068359375,-1,-1,-1,-1
427,9,676.1921997070312,730.32568359375,191.37811279296875,546.0552978515625,-1,-1,-1,-1
428,9,676.207763671875,730.6203002929688,175.89306640625,541.8401489257812,-1,-1,-1,-1
429,9,679.8011474609375,724.96484375,172.73236083984375,537.8480224609375,-1,-1,-1,-1
430,9,675.8473510742188,711.1948852539062,171.710693359375,536.0165405273438,-1,-1,-1,-1
431,9,672.279541015625,698.0560302734375,179.48297119140625,533.360595703125,-1,-1,-1,-1
432,9,667.980224609375,688.0935668945312,187.51361083984375,530.6749877929688,-1,-1,-1,-1
433,9,664.7921142578125,678.5496215820312,198.253662109375,538.1913452148438,-1,-1,-1,-1
434,9,673.8543090820312,676.0572509765625,211.1387939453125,544.695068359375,-1,-1,-1,-1
435,9,679.9446411132812,682.2314453125,227.6141357421875,550.016357421875,-1,-1,-1,-1
436,9,684.1900024414062,686.5792236328125,239.27716064453125,556.409912109375,-1,-1,-1,-1
437,9,684.3633422851562,677.7511596679688,244.34796142578125,551.6322631835938,-1,-1,-1,-1
438,9,680.0247802734375,653.8741455078125,267.11468505859375,548.81396484375,-1,-1,-1,-1
439,9,675.4129028320312,634.5697021484375,277.03173828125,551.7913818359375,-1,-1,-1,-1
440,9,667.4176025390625,612.173828125,260.41009521484375,555.443359375,-1,-1,-1,-1
441,9,659.7396240234375,600.6373291015625,247.0313720703125,557.5963134765625,-1,-1,-1,-1
442,9,653.3707275390625,589.4521484375,240.4735107421875,559.398193359375,-1,-1,-1,-1
443,9,668.42822265625,576.0098266601562,222.6014404296875,564.1122436523438,-1,-1,-1,-1
444,9,690.3819580078125,564.36669921875,196.864013671875,564.5264892578125,-1,-1,-1,-1
445,9,693.1261596679688,562.040283203125,189.24688720703125,559.7384033203125,-1,-1,-1,-1
446,9,687.4920654296875,578.2926635742188,182.74322509765625,555.2886352539062,-1,-1,-1,-1
447,9,677.2322998046875,597.0313720703125,183.1834716796875,550.00830078125,-1,-1,-1,-1
448,9,673.9080810546875,615.34375,185.6845703125,551.250244140625,-1,-1,-1,-1
449,9,674.0238037109375,643.1688842773438,192.9368896484375,548.7201538085938,-1,-1,-1,-1
450,9,666.7271118164062,671.7930297851562,205.3258056640625,546.0900268554688,-1,-1,-1,-1
451,9,659.820068359375,688.50341796875,231.54559326171875,540.4212646484375,-1,-1,-1,-1
452,9,655.6210327148438,695.5241088867188,254.787841796875,534.3037719726562,-1,-1,-1,-1
453,9,653.6713256835938,694.6000366210938,269.46368408203125,528.2852172851562,-1,-1,-1,-1
454,9,654.9032592773438,686.9432983398438,277.97845458984375,525.6838989257812,-1,-1,-1,-1
455,9,658.2716064453125,680.802734375,269.4971923828125,530.294921875,-1,-1,-1,-1
456,9,660.0819091796875,664.9866943359375,257.2244873046875,537.58984375,-1,-1,-1,-1
457,9,662.183349609375,655.0228271484375,240.764404296875,548.57421875,-1,-1,-1,-1
458,9,653.7300415039062,649.6398315429688,241.9996337890625,564.5588989257812,-1,-1,-1,-1
459,9,647.5499877929688,642.5928955078125,256.66253662109375,581.991943359375,-1,-1,-1,-1
460,9,663.8208618164062,635.5687255859375,236.5887451171875,596.75,-1,-1,-1,-1
461,9,649.9839477539062,640.4331665039062,242.1973876953125,603.3745727539062,-1,-1,-1,-1
462,9,629.78955078125,639.1236572265625,244.947998046875,596.7498779296875,-1,-1,-1,-1
463,9,617.4478759765625,642.6253051757812,245.8896484375,586.2869262695312,-1,-1,-1,-1
464,9,601.0692749023438,648.0640869140625,254.0399169921875,576.4537353515625,-1,-1,-1,-1
465,9,598.235595703125,660.1871337890625,251.64776611328125,571.0172119140625,-1,-1,-1,-1
466,9,596.0963134765625,658.603515625,313.43853759765625,570.471923828125,-1,-1,-1,-1
467,9,595.103271484375,652.5573120117188,291.13299560546875,575.2006225585938,-1,-1,-1,-1
468,9,599.766845703125,650.270751953125,295.5283203125,587.440185546875,-1,-1,-1,-1
469,9,608.1243286132812,650.1515502929688,311.9365234375,602.2941284179688,-1,-1,-1,-1
470,9,611.1549682617188,649.6815185546875,316.31610107421875,604.993408203125,-1,-1,-1,-1
471,9,607.3624877929688,661.1797485351562,300.8399658203125,509.68206787109375,-1,-1,-1,-1
472,9,586.9824829101562,663.98046875,304.1455078125,593.990234375,-1,-1,-1,-1
473,9,572.0309448242188,663.0045166015625,297.49407958984375,575.04638671875,-1,-1,-1,-1
474,9,583.5010375976562,652.2556762695312,261.814453125,610.5617065429688,-1,-1,-1,-1
475,9,611.1912231445312,640.5679321289062,215.89776611328125,613.2225952148438,-1,-1,-1,-1
476,9,619.865966796875,629.6058959960938,198.16900634765625,611.8611450195312,-1,-1,-1,-1
477,9,617.7271118164062,624.698974609375,207.68707275390625,609.40673828125,-1,-1,-1,-1
478,9,610.479736328125,628.2280883789062,219.938720703125,599.6742553710938,-1,-1,-1,-1
479,9,627.0742797851562,642.3111572265625,239.41705322265625,593.5279541015625,-1,-1,-1,-1
480,9,631.9041137695312,666.8687744140625,282.29864501953125,579.0423583984375,-1,-1,-1,-1
481,9,631.5907592773438,672.4271850585938,308.21142578125,561.0890502929688,-1,-1,-1,-1
482,9,617.3233642578125,682.6012573242188,322.887939453125,554.8587036132812,-1,-1,-1,-1
483,9,615.8057861328125,685.0907592773438,318.2625732421875,557.7503051757812,-1,-1,-1,-1
484,9,621.902099609375,680.8446655273438,301.9190673828125,564.6481323242188,-1,-1,-1,-1
485,9,644.7611083984375,679.0389404296875,257.194580078125,584.59375,-1,-1,-1,-1
486,9,667.83154296875,665.2109375,250.27972412109375,608.0772705078125,-1,-1,-1,-1
487,9,672.6778564453125,659.498779296875,228.414306640625,626.7122802734375,-1,-1,-1,-1
488,9,665.3561401367188,667.255126953125,214.40765380859375,644.2655029296875,-1,-1,-1,-1
489,9,654.2330932617188,667.54638671875,220.79656982421875,648.802001953125,-1,-1,-1,-1
490,9,636.9178466796875,676.0528564453125,263.28607177734375,648.3963623046875,-1,-1,-1,-1
491,9,635.2757568359375,686.880615234375,309.046630859375,561.4227294921875,-1,-1,-1,-1
492,9,582.6813354492188,693.2186889648438,375.1414794921875,646.5153198242188,-1,-1,-1,-1
493,9,559.3074951171875,692.3450927734375,391.24102783203125,656.41796875,-1,-1,-1,-1
494,9,529.66845703125,682.4762573242188,385.5281982421875,656.9065551757812,-1,-1,-1,-1
495,9,556.6260375976562,676.6156005859375,340.01995849609375,657.4451904296875,-1,-1,-1,-1
496,9,595.9791259765625,662.5947265625,309.84912109375,659.6365966796875,-1,-1,-1,-1
497,9,637.8539428710938,652.6837158203125,260.6378173828125,676.8599853515625,-1,-1,-1,-1
498,9,663.353759765625,634.17626953125,235.21343994140625,681.6068115234375,-1,-1,-1,-1
499,9,656.798095703125,627.688720703125,233.9241943359375,672.9207763671875,-1,-1,-1,-1
500,9,665.1986694335938,623.3812866210938,238.00677490234375,666.0802612304688,-1,-1,-1,-1
501,9,652.4224243164062,641.3358154296875,240.6080322265625,666.806396484375,-1,-1,-1,-1
502,9,635.1907958984375,657.1153564453125,282.85150146484375,658.7431640625,-1,-1,-1,-1
503,9,621.1198120117188,673.4909057617188,298.73809814453125,647.2417602539062,-1,-1,-1,-1
504,9,599.6842651367188,689.7799072265625,305.46112060546875,630.296142578125,-1,-1,-1,-1
505,9,574.4681396484375,681.393798828125,303.82379150390625,619.9759521484375,-1,-1,-1,-1
506,9,534.265625,665.4874877929688,361.52691650390625,620.1375122070312,-1,-1,-1,-1
507,9,570.3351440429688,637.904541015625,416.4698486328125,671.0704345703125,-1,-1,-1,-1
508,9,546.9759521484375,626.1187133789062,484.3515625,744.8529663085938,-1,-1,-1,-1
509,9,577.6045532226562,552.543212890625,448.382568359375,847.4105224609375,-1,-1,-1,-1
510,9,548.6654663085938,433.1241760253906,393.02984619140625,943.92822265625,-1,-1,-1,-1
511,9,466.0623779296875,379.7297058105469,352.0535888671875,880.590576171875,-1,-1,-1,-1
512,9,461.48583984375,330.9986572265625,442.36395263671875,955.5616455078125,-1,-1,-1,-1
513,9,425.90069580078125,281.7151794433594,504.2093505859375,1056.3665771484375,-1,-1,-1,-1
514,9,422.3841247558594,166.32058715820312,576.36376953125,1205.931396484375,-1,-1,-1,-1
515,9,477.99664306640625,16.02068328857422,610.4534301757812,1312.1898193359375,-1,-1,-1,-1
516,9,483.70233154296875,5.384197235107422,652.3696899414062,1336.888671875,-1,-1,-1,-1
517,9,483.41510009765625,14.37717056274414,652.8078002929688,1384.360595703125,-1,-1,-1,-1
518,9,481.4402770996094,6.988349914550781,588.2310791015625,1404.467529296875,-1,-1,-1,-1
519,9,447.794677734375,92.2374267578125,606.189208984375,1319.4564208984375,-1,-1,-1,-1
520,9,369.82965087890625,245.33680725097656,689.9960327148438,1167.0828857421875,-1,-1,-1,-1
521,9,262.5848083496094,370.64837646484375,765.5792236328125,1040.134521484375,-1,-1,-1,-1
522,9,124.6916732788086,472.7550354003906,849.708251953125,937.0928955078125,-1,-1,-1,-1
523,9,32.082645416259766,551.0337524414062,862.5374145507812,858.6663208007812,-1,-1,-1,-1
524,9,-4.642229080200195,612.4129028320312,678.3019409179688,795.1093139648438,-1,-1,-1,-1
525,9,-82.23015594482422,722.100830078125,663.9186401367188,690.668701171875,-1,-1,-1,-1
231,10,867.607421875,550.4161376953125,75.5740966796875,186.08856201171875,-1,-1,-1,-1
232,10,630.1265258789062,558.3272705078125,67.49993896484375,176.7457275390625,-1,-1,-1,-1
233,10,498.7828674316406,573.0818481445312,72.64743041992188,185.1964111328125,-1,-1,-1,-1
234,10,439.0904541015625,605.1497802734375,74.75979614257812,190.8408203125,-1,-1,-1,-1
235,10,420.6414489746094,640.2294921875,74.80654907226562,192.686767578125,-1,-1,-1,-1
236,10,413.98822021484375,683.0577392578125,78.2607421875,196.81396484375,-1,-1,-1,-1
237,10,410.2826232910156,713.837890625,80.48312377929688,198.69097900390625,-1,-1,-1,-1
238,10,409.3655090332031,731.4640502929688,81.82440185546875,203.79754638671875,-1,-1,-1,-1
239,10,421.5244140625,731.5359497070312,79.72027587890625,203.94091796875,-1,-1,-1,-1
240,10,426.4090576171875,736.0487670898438,80.98724365234375,204.67120361328125,-1,-1,-1,-1
241,10,423.3221435546875,731.1685791015625,80.34597778320312,201.89849853515625,-1,-1,-1,-1
242,10,416.29656982421875,713.1666870117188,79.46630859375,202.2061767578125,-1,-1,-1,-1
243,10,413.6015930175781,688.88134765625,80.04830932617188,207.66357421875,-1,-1,-1,-1
244,10,418.2856750488281,691.0553588867188,79.31155395507812,200.72308349609375,-1,-1,-1,-1
245,10,426.10565185546875,704.0492553710938,79.72714233398438,205.16009521484375,-1,-1,-1,-1
246,10,431.4662780761719,718.814453125,80.1072998046875,208.9105224609375,-1,-1,-1,-1
247,10,438.7066650390625,732.0250244140625,81.11505126953125,208.944580078125,-1,-1,-1,-1
248,10,445.84161376953125,736.9728393554688,80.54827880859375,209.9686279296875,-1,-1,-1,-1
249,10,445.85357666015625,743.1424560546875,81.2381591796875,209.9171142578125,-1,-1,-1,-1
250,10,446.95819091796875,740.2938842773438,82.97406005859375,211.747802734375,-1,-1,-1,-1
251,10,448.04248046875,728.8955688476562,84.1322021484375,214.15020751953125,-1,-1,-1,-1
252,10,447.39239501953125,721.5277099609375,84.7257080078125,219.6907958984375,-1,-1,-1,-1
253,10,445.3668212890625,743.798828125,85.11846923828125,222.74346923828125,-1,-1,-1,-1
254,10,439.963134765625,787.8972778320312,88.36553955078125,233.34295654296875,-1,-1,-1,-1
255,10,443.264892578125,808.9959716796875,88.58709716796875,233.7393798828125,-1,-1,-1,-1
256,10,442.5334167480469,800.9307861328125,89.25552368164062,236.89013671875,-1,-1,-1,-1
257,10,454.5723876953125,786.8184814453125,88.82452392578125,234.93597412109375,-1,-1,-1,-1
258,10,465.7170715332031,764.2872314453125,87.59664916992188,230.7530517578125,-1,-1,-1,-1
259,10,467.5973205566406,735.351318359375,86.91268920898438,226.880126953125,-1,-1,-1,-1
260,10,464.0578918457031,723.5972290039062,86.55941772460938,226.08209228515625,-1,-1,-1,-1
261,10,459.6153564453125,722.2759399414062,85.849365234375,223.24578857421875,-1,-1,-1,-1
262,10,467.50921630859375,723.2607421875,84.2076416015625,222.072509765625,-1,-1,-1,-1
263,10,475.8368225097656,729.64697265625,84.50363159179688,221.2327880859375,-1,-1,-1,-1
264,10,481.5608215332031,740.1624755859375,84.50857543945312,221.11798095703125,-1,-1,-1,-1
265,10,487.3238830566406,763.6695556640625,83.64901733398438,222.3212890625,-1,-1,-1,-1
266,10,489.7859802246094,782.2354736328125,85.44021606445312,228.795654296875,-1,-1,-1,-1
267,10,500.4501647949219,773.9849853515625,82.07412719726562,223.4989013671875,-1,-1,-1,-1
268,10,506.6748352050781,754.9884033203125,83.05502319335938,222.75872802734375,-1,-1,-1,-1
269,10,503.7608947753906,758.3450927734375,84.07723999023438,222.13128662109375,-1,-1,-1,-1
270,10,503.26385498046875,771.2754516601562,83.56719970703125,224.58001708984375,-1,-1,-1,-1
271,10,509.3515625,776.9860229492188,82.92071533203125,227.16986083984375,-1,-1,-1,-1
272,10,523.087646484375,782.4679565429688,82.9530029296875,227.721435546875,-1,-1,-1,-1
273,10,537.66259765625,775.2691650390625,82.0272216796875,225.42864990234375,-1,-1,-1,-1
274,10,549.2758178710938,759.7655029296875,82.486083984375,226.91375732421875,-1,-1,-1,-1
275,10,555.5011596679688,749.6138305664062,81.37677001953125,222.04937744140625,-1,-1,-1,-1
276,10,554.853759765625,746.978271484375,81.3128662109375,222.769775390625,-1,-1,-1,-1
277,10,549.6049194335938,740.55126953125,84.22576904296875,224.70068359375,-1,-1,-1,-1
278,10,543.0172729492188,736.6055297851562,84.59600830078125,226.62939453125,-1,-1,-1,-1
279,10,532.83056640625,739.9676513671875,85.8270263671875,229.93548583984375,-1,-1,-1,-1
280,10,530.8154907226562,750.0369873046875,86.92608642578125,231.85040283203125,-1,-1,-1,-1
281,10,523.71044921875,753.9508056640625,87.62127685546875,231.4508056640625,-1,-1,-1,-1
282,10,515.2041015625,743.385009765625,89.0250244140625,233.083984375,-1,-1,-1,-1
283,10,510.5541076660156,734.367431640625,87.94631958007812,237.5849609375,-1,-1,-1,-1
284,10,507.9643249511719,727.305419921875,88.55740356445312,237.4556884765625,-1,-1,-1,-1
285,10,505.7320861816406,723.556640625,89.33358764648438,234.12225341796875,-1,-1,-1,-1
286,10,504.67413330078125,716.9032592773438,88.52886962890625,233.4295654296875,-1,-1,-1,-1
287,10,508.6511535644531,716.26953125,87.03494262695312,234.34735107421875,-1,-1,-1,-1
288,10,519.4071044921875,718.9566040039062,87.743896484375,233.79718017578125,-1,-1,-1,-1
289,10,534.9028930664062,725.6961669921875,85.94921875,232.4825439453125,-1,-1,-1,-1
290,10,554.752685546875,728.135498046875,84.12445068359375,228.13580322265625,-1,-1,-1,-1
291,10,574.7346801757812,725.216064453125,83.68426513671875,231.2144775390625,-1,-1,-1,-1
292,10,594.0841674804688,715.475830078125,81.95941162109375,231.090087890625,-1,-1,-1,-1
293,10,609.57373046875,710.176025390625,80.9637451171875,223.84521484375,-1,-1,-1,-1
294,10,617.6364135742188,703.3026733398438,83.60650634765625,225.91302490234375,-1,-1,-1,-1
295,10,622.7421875,698.7532958984375,83.38140869140625,232.0860595703125,-1,-1,-1,-1
296,10,628.9021606445312,696.4633178710938,86.85333251953125,238.1221923828125,-1,-1,-1,-1
297,10,637.7352294921875,693.6189575195312,84.971923828125,242.77728271484375,-1,-1,-1,-1
298,10,648.4503784179688,690.26220703125,89.5020751953125,248.6004638671875,-1,-1,-1,-1
299,10,655.9091186523438,690.408447265625,110.43621826171875,253.5078125,-1,-1,-1,-1
300,10,666.1873779296875,691.2339477539062,106.7979736328125,245.51068115234375,-1,-1,-1,-1
301,10,671.69189453125,677.5803833007812,109.8572998046875,247.291015625,-1,-1,-1,-1
302,10,675.3601684570312,655.4574584960938,117.05853271484375,301.4302978515625,-1,-1,-1,-1
303,10,672.31884765625,656.2199096679688,124.08465576171875,316.38067626953125,-1,-1,-1,-1
304,10,669.5110473632812,658.6400756835938,151.86199951171875,308.890380859375,-1,-1,-1,-1
305,10,680.36474609375,672.19775390625,144.83013916015625,256.4735107421875,-1,-1,-1,-1
306,10,714.1970825195312,682.8934326171875,102.7196044921875,233.65997314453125,-1,-1,-1,-1
307,10,747.957763671875,680.2356567382812,85.86346435546875,236.8868408203125,-1,-1,-1,-1
308,10,753.2919311523438,668.953125,88.036376953125,236.4443359375,-1,-1,-1,-1
309,10,751.04736328125,641.2122192382812,90.44232177734375,243.36273193359375,-1,-1,-1,-1
310,10,739.3638916015625,623.581298828125,93.6123046875,250.750732421875,-1,-1,-1,-1
311,10,748.5789794921875,619.3137817382812,95.2703857421875,248.81085205078125,-1,-1,-1,-1
312,10,742.1305541992188,584.2666015625,101.4112548828125,250.90948486328125,-1,-1,-1,-1
313,10,664.4677734375,551.7105712890625,105.31103515625,252.2122802734375,-1,-1,-1,-1
314,10,560.8084716796875,430.352294921875,264.796630859375,341.3580322265625,-1,-1,-1,-1
315,10,580.4302368164062,326.052978515625,319.47076416015625,544.7680053710938,-1,-1,-1,-1
316,10,629.6781616210938,317.9229736328125,311.58966064453125,659.7075805664062,-1,-1,-1,-1
317,10,686.6986694335938,384.3244323730469,253.61566162109375,630.6248779296875,-1,-1,-1,-1
318,10,676.9398803710938,427.8661193847656,282.1507568359375,585.3453369140625,-1,-1,-1,-1
319,10,693.263671875,414.214599609375,243.26678466796875,566.015625,-1,-1,-1,-1
320,11,802.1331176757812,394.3091125488281,182.40533447265625,339.7115173339844,-1,-1,-1,-1
321,11,802.3369140625,339.9573059082031,141.730712890625,317.3560485839844,-1,-1,-1,-1
322,11,810.5252075195312,333.90673828125,157.75421142578125,328.61431884765625,-1,-1,-1,-1
323,11,833.591796875,308.0318908691406,167.8177490234375,351.7513732910156,-1,-1,-1,-1
324,11,884.5957641601562,264.5877990722656,172.40985107421875,354.5346984863281,-1,-1,-1,-1
325,11,945.5296630859375,251.4019012451172,155.724609375,368.63287353515625,-1,-1,-1,-1
326,11,974.5494384765625,317.68701171875,157.668701171875,337.578125,-1,-1,-1,-1
327,11,961.650146484375,425.754638671875,135.2562255859375,319.90557861328125,-1,-1,-1,-1
328,11,919.1692504882812,555.90576171875,125.31512451171875,331.090087890625,-1,-1,-1,-1
329,11,876.669189453125,646.5863037109375,114.46624755859375,310.44134521484375,-1,-1,-1,-1
330,11,837.7181396484375,696.8709106445312,116.663330078125,301.533447265625,-1,-1,-1,-1
331,11,798.0787353515625,722.627197265625,117.32073974609375,295.24127197265625,-1,-1,-1,-1
332,11,770.8017578125,721.6284790039062,111.17926025390625,286.859375,-1,-1,-1,-1
333,11,748.98828125,717.1002197265625,104.86468505859375,278.60296630859375,-1,-1,-1,-1
334,11,730.5748901367188,713.881591796875,107.8226318359375,272.3109130859375,-1,-1,-1,-1
335,11,710.2549438476562,720.729736328125,106.25848388671875,260.01263427734375,-1,-1,-1,-1
336,11,690.9337158203125,728.4830932617188,111.6942138671875,295.97528076171875,-1,-1,-1,-1
337,11,678.7591552734375,725.6786499023438,119.40631103515625,343.83953857421875,-1,-1,-1,-1
338,11,661.019287109375,733.2367553710938,133.380126953125,318.77520751953125,-1,-1,-1,-1
339,11,644.1342163085938,714.6742553710938,139.9822998046875,298.68450927734375,-1,-1,-1,-1
340,11,628.2947998046875,701.572998046875,157.66943359375,303.50433349609375,-1,-1,-1,-1
341,11,611.7308959960938,698.2443237304688,141.44769287109375,300.03564453125,-1,-1,-1,-1
342,11,592.1742553710938,692.328125,137.77105712890625,288.91204833984375,-1,-1,-1,-1
343,11,570.0960693359375,684.7794799804688,114.0364990234375,274.40869140625,-1,-1,-1,-1
344,11,545.8486328125,674.661376953125,107.302978515625,271.0030517578125,-1,-1,-1,-1
345,11,521.7092895507812,666.6354370117188,101.61578369140625,268.39202880859375,-1,-1,-1,-1
346,11,498.8295593261719,659.862060546875,98.36221313476562,261.330078125,-1,-1,-1,-1
347,11,474.26605224609375,651.8373413085938,97.44207763671875,253.65521240234375,-1,-1,-1,-1
348,11,451.9194641113281,641.220458984375,97.68246459960938,250.4130859375,-1,-1,-1,-1
349,11,436.5110778808594,638.3711547851562,96.74972534179688,249.15093994140625,-1,-1,-1,-1
350,11,417.4273986816406,637.1279907226562,97.13284301757812,250.083984375,-1,-1,-1,-1
351,11,400.1742858886719,631.6419677734375,98.61761474609375,251.56365966796875,-1,-1,-1,-1
352,11,388.72088623046875,630.2910766601562,98.32949829101562,254.40484619140625,-1,-1,-1,-1
353,11,375.0169982910156,629.896240234375,100.80087280273438,257.714111328125,-1,-1,-1,-1
354,11,359.3882751464844,626.6988525390625,100.00286865234375,256.2293701171875,-1,-1,-1,-1
355,11,351.2467041015625,626.491455078125,100.19927978515625,255.39129638671875,-1,-1,-1,-1
356,11,353.79644775390625,633.0542602539062,100.46585083007812,252.35040283203125,-1,-1,-1,-1
357,11,365.5079650878906,641.7957763671875,99.71786499023438,253.7806396484375,-1,-1,-1,-1
358,11,388.1139831542969,659.216552734375,99.0401611328125,251.14813232421875,-1,-1,-1,-1
359,11,410.916748046875,670.6407470703125,96.14675903320312,246.3743896484375,-1,-1,-1,-1
360,11,424.5207214355469,675.3692626953125,96.04568481445312,245.83209228515625,-1,-1,-1,-1
361,11,437.2477111816406,671.2615356445312,94.17343139648438,241.97515869140625,-1,-1,-1,-1
362,11,452.5808410644531,664.6723022460938,94.58181762695312,242.1312255859375,-1,-1,-1,-1
363,11,469.401123046875,658.4955444335938,91.8619384765625,238.8583984375,-1,-1,-1,-1
364,11,483.6787109375,659.6245727539062,91.4189453125,238.5557861328125,-1,-1,-1,-1
365,11,491.6958312988281,672.987548828125,91.16830444335938,237.7296142578125,-1,-1,-1,-1
366,11,501.1647644042969,686.9490356445312,90.10610961914062,238.37872314453125,-1,-1,-1,-1
367,11,500.6269836425781,696.5330810546875,89.08694458007812,240.39080810546875,-1,-1,-1,-1
368,11,496.1424560546875,700.5086059570312,90.054931640625,240.11920166015625,-1,-1,-1,-1
369,11,487.807373046875,703.9651489257812,92.5889892578125,242.27655029296875,-1,-1,-1,-1
370,11,479.0075378417969,708.7008666992188,93.68692016601562,244.20159912109375,-1,-1,-1,-1
371,11,469.91412353515625,716.015380859375,93.09954833984375,246.34515380859375,-1,-1,-1,-1
372,11,447.98468017578125,728.2461547851562,96.1256103515625,249.64056396484375,-1,-1,-1,-1
373,11,436.82232666015625,727.1097412109375,97.065185546875,251.52880859375,-1,-1,-1,-1
374,11,439.43621826171875,721.2371826171875,96.04986572265625,248.401123046875,-1,-1,-1,-1
375,11,442.33013916015625,686.144287109375,95.58758544921875,245.79864501953125,-1,-1,-1,-1
376,11,446.21697998046875,650.9048461914062,96.0081787109375,243.9456787109375,-1,-1,-1,-1
377,11,457.26904296875,637.4036865234375,94.9451904296875,240.76611328125,-1,-1,-1,-1
378,11,456.1047668457031,627.1433715820312,93.78036499023438,243.5303955078125,-1,-1,-1,-1
379,11,452.20367431640625,626.9151000976562,94.5875244140625,241.02313232421875,-1,-1,-1,-1
380,11,450.5740661621094,637.6688232421875,95.03665161132812,239.6949462890625,-1,-1,-1,-1
381,11,453.260009765625,655.634521484375,94.1624755859375,241.879150390625,-1,-1,-1,-1
382,11,449.4747314453125,675.7564086914062,94.74993896484375,242.669677734375,-1,-1,-1,-1
383,11,444.21966552734375,697.6484985351562,93.75726318359375,243.81512451171875,-1,-1,-1,-1
384,11,441.0148010253906,709.4273071289062,94.85794067382812,248.13018798828125,-1,-1,-1,-1
385,11,435.8558044433594,701.5931396484375,96.35861206054688,247.85498046875,-1,-1,-1,-1
386,11,442.2025451660156,681.4680786132812,94.91555786132812,247.42596435546875,-1,-1,-1,-1
387,11,441.510498046875,685.881103515625,95.274169921875,248.8291015625,-1,-1,-1,-1
388,11,433.19146728515625,682.983154296875,97.17138671875,249.73785400390625,-1,-1,-1,-1
389,11,427.622802734375,685.7431030273438,97.81353759765625,254.581787109375,-1,-1,-1,-1
390,11,421.3004150390625,692.5830078125,100.48785400390625,254.5787353515625,-1,-1,-1,-1
391,11,412.44500732421875,708.5556640625,99.0885009765625,257.537841796875,-1,-1,-1,-1
392,11,414.31976318359375,722.0994873046875,98.72186279296875,258.499267578125,-1,-1,-1,-1
393,11,409.33154296875,727.751708984375,99.19314575195312,256.37786865234375,-1,-1,-1,-1
394,11,394.12969970703125,716.1725463867188,100.91903686523438,255.59637451171875,-1,-1,-1,-1
395,11,392.3271789550781,704.0177001953125,101.28176879882812,254.70697021484375,-1,-1,-1,-1
396,11,394.85845947265625,691.7669067382812,99.62139892578125,252.0343017578125,-1,-1,-1,-1
397,11,394.7936096191406,687.5787353515625,99.10421752929688,252.707763671875,-1,-1,-1,-1
398,11,397.4034729003906,687.1202392578125,98.53955078125,252.57867431640625,-1,-1,-1,-1
399,11,399.4572448730469,697.864013671875,96.72262573242188,253.524658203125,-1,-1,-1,-1
400,11,409.7926330566406,714.044921875,96.99649047851562,251.91162109375,-1,-1,-1,-1
401,11,415.408203125,730.1260375976562,97.1226806640625,251.999267578125,-1,-1,-1,-1
402,11,413.75396728515625,733.1134643554688,96.94049072265625,253.078369140625,-1,-1,-1,-1
403,11,411.5145263671875,727.5659790039062,97.49298095703125,253.54681396484375,-1,-1,-1,-1
404,11,410.4315490722656,717.5977172851562,99.17974853515625,254.18463134765625,-1,-1,-1,-1
405,11,418.3892517089844,712.6705932617188,99.77658081054688,255.57806396484375,-1,-1,-1,-1
406,11,420.684326171875,708.7355346679688,100.68841552734375,258.208740234375,-1,-1,-1,-1
407,11,427.9577331542969,707.4381103515625,99.66189575195312,260.92034912109375,-1,-1,-1,-1
408,11,419.90032958984375,703.6658935546875,101.85235595703125,260.9677734375,-1,-1,-1,-1
409,11,425.31829833984375,704.570068359375,101.15411376953125,263.1246337890625,-1,-1,-1,-1
410,11,425.9598083496094,688.2258911132812,101.40884399414062,261.6068115234375,-1,-1,-1,-1
411,11,433.183349609375,674.3065185546875,100.900146484375,258.6920166015625,-1,-1,-1,-1
412,11,435.4071044921875,669.6248779296875,100.3173828125,256.2535400390625,-1,-1,-1,-1
413,11,431.9486083984375,659.976318359375,99.80377197265625,255.07470703125,-1,-1,-1,-1
414,11,425.0043029785156,661.201904296875,101.01956176757812,257.19195556640625,-1,-1,-1,-1
415,11,413.45166015625,670.8458251953125,101.018798828125,257.24310302734375,-1,-1,-1,-1
416,11,400.70989990234375,678.216796875,101.6927490234375,259.46087646484375,-1,-1,-1,-1
417,11,398.63311767578125,689.4288330078125,100.99893188476562,261.43084716796875,-1,-1,-1,-1
418,11,394.0928955078125,692.76025390625,101.31591796875,259.47119140625,-1,-1,-1,-1
419,11,390.9022216796875,715.2992553710938,101.50003051757812,263.00579833984375,-1,-1,-1,-1
420,11,380.3905944824219,734.3583984375,102.48776245117188,264.92767333984375,-1,-1,-1,-1
421,11,363.15228271484375,741.69970703125,105.30648803710938,268.0401611328125,-1,-1,-1,-1
422,11,338.90057373046875,737.1929321289062,108.3681640625,273.2200927734375,-1,-1,-1,-1
423,11,311.46441650390625,739.3495483398438,112.14865112304688,282.18267822265625,-1,-1,-1,-1
424,11,289.482666015625,735.478271484375,113.31951904296875,283.40692138671875,-1,-1,-1,-1
425,11,270.0345458984375,747.7879638671875,117.5828857421875,288.9222412109375,-1,-1,-1,-1
426,11,246.04344177246094,755.5514526367188,119.31028747558594,295.79669189453125,-1,-1,-1,-1
427,11,214.3955535888672,746.982177734375,120.82423400878906,302.318359375,-1,-1,-1,-1
428,11,194.2127685546875,735.10400390625,122.43740844726562,310.1961669921875,-1,-1,-1,-1
429,11,178.94534301757812,733.6189575195312,123.61923217773438,311.99652099609375,-1,-1,-1,-1
430,11,155.7462615966797,723.3978271484375,127.30189514160156,318.188232421875,-1,-1,-1,-1
431,11,140.40591430664062,717.4271240234375,130.072998046875,322.974853515625,-1,-1,-1,-1
432,11,125.94173431396484,712.1369018554688,130.76931762695312,333.26226806640625,-1,-1,-1,-1
433,11,114.49310302734375,700.819091796875,131.45773315429688,329.320556640625,-1,-1,-1,-1
434,11,106.25149536132812,704.1263427734375,133.12271118164062,330.5128173828125,-1,-1,-1,-1
435,11,92.11325073242188,715.052490234375,135.35028076171875,337.468017578125,-1,-1,-1,-1
436,11,70.72279357910156,732.7310180664062,136.22360229492188,347.36773681640625,-1,-1,-1,-1
437,11,42.143272399902344,723.5625,143.55316162109375,363.2977294921875,-1,-1,-1,-1
438,11,13.200911521911621,705.37939453125,147.09121704101562,382.495849609375,-1,-1,-1,-1
439,11,2.344268321990967,688.0810546875,128.55844116210938,390.53369140625,-1,-1,-1,-1
440,11,1.1654548645019531,675.8179931640625,100.7818603515625,395.4390869140625,-1,-1,-1,-1
441,11,0.5139081478118896,653.5291748046875,80.09691619873047,423.0118408203125,-1,-1,-1,-1
442,11,2.2200801372528076,656.4231567382812,72.13158416748047,405.08428955078125,-1,-1,-1,-1
443,11,-1.1035070419311523,653.7523803710938,69.63839721679688,416.46673583984375,-1,-1,-1,-1
444,11,-0.20974183082580566,642.2595825195312,67.65473175048828,425.87469482421875,-1,-1,-1,-1
445,11,0.4998798370361328,661.3411254882812,66.28114318847656,396.11749267578125,-1,-1,-1,-1
529,12,1187.424560546875,158.79771423339844,147.1119384765625,339.9039306640625,-1,-1,-1,-1
530,12,1150.504150390625,107.67890930175781,122.55517578125,330.52838134765625,-1,-1,-1,-1
531,12,1127.6759033203125,33.22949981689453,129.1820068359375,321.9210510253906,-1,-1,-1,-1
532,12,1106.259521484375,30.557998657226562,176.2901611328125,238.6858367919922,-1,-1,-1,-1
540,13,793.3853759765625,761.4785766601562,611.2120361328125,642.5164184570312,-1,-1,-1,-1
541,13,770.1193237304688,757.7429809570312,635.5792846679688,626.1476440429688,-1,-1,-1,-1
542,13,950.492919921875,750.3252563476562,465.035888671875,396.03924560546875,-1,-1,-1,-1
543,13,1089.9659423828125,760.60595703125,246.53076171875,338.0079345703125,-1,-1,-1,-1
544,13,1096.0848388671875,803.1675415039062,198.357177734375,329.43792724609375,-1,-1,-1,-1
545,13,1086.951416015625,907.244873046875,197.7396240234375,300.349365234375,-1,-1,-1,-1
546,13,1102.2777099609375,1051.0303955078125,161.31982421875,249.5941162109375,-1,-1,-1,-1
572,14,228.87249755859375,1066.92626953125,190.59634399414062,339.94970703125,-1,-1,-1,-1
573,14,402.666015625,970.7308959960938,192.7930908203125,430.03814697265625,-1,-1,-1,-1
574,14,538.631103515625,884.1014404296875,171.31488037109375,475.3602294921875,-1,-1,-1,-1
575,14,643.2501220703125,819.450439453125,162.00994873046875,437.162353515625,-1,-1,-1,-1
576,14,711.5281982421875,786.9697875976562,155.796142578125,418.43536376953125,-1,-1,-1,-1
577,14,750.800048828125,767.11962890625,156.68841552734375,401.429443359375,-1,-1,-1,-1
578,14,772.8341674804688,752.7821655273438,158.92071533203125,392.76361083984375,-1,-1,-1,-1
579,14,775.5951538085938,737.949951171875,159.49713134765625,383.440673828125,-1,-1,-1,-1
580,14,785.014892578125,723.3078002929688,140.21234130859375,379.79437255859375,-1,-1,-1,-1
581,14,780.1458129882812,710.2078857421875,131.3045654296875,377.89111328125,-1,-1,-1,-1
582,14,778.9769897460938,699.8251342773438,127.54949951171875,375.18878173828125,-1,-1,-1,-1
583,14,760.840087890625,693.1390991210938,133.7547607421875,369.12921142578125,-1,-1,-1,-1
584,14,747.2966918945312,694.294921875,122.79443359375,365.830078125,-1,-1,-1,-1
585,14,732.4033813476562,693.9453735351562,124.50897216796875,360.00103759765625,-1,-1,-1,-1
586,14,723.896484375,690.6265258789062,131.8603515625,357.09820556640625,-1,-1,-1,-1
587,14,708.8756103515625,684.7363891601562,145.52386474609375,356.83428955078125,-1,-1,-1,-1
588,14,688.4166870117188,679.7108764648438,152.44171142578125,354.19256591796875,-1,-1,-1,-1
589,14,674.5617065429688,667.5415649414062,155.6046142578125,363.83917236328125,-1,-1,-1,-1
590,14,664.7218017578125,657.0029907226562,155.681396484375,375.81842041015625,-1,-1,-1,-1
591,14,665.2996826171875,654.390869140625,150.80413818359375,388.9512939453125,-1,-1,-1,-1
592,14,671.39892578125,662.2401123046875,142.03485107421875,391.7464599609375,-1,-1,-1,-1
593,14,665.0927124023438,674.1235961914062,134.74371337890625,407.55877685546875,-1,-1,-1,-1
594,14,665.2213745117188,692.0761108398438,134.6114501953125,427.23712158203125,-1,-1,-1,-1
595,14,657.2321166992188,699.1929931640625,141.4287109375,439.6455078125,-1,-1,-1,-1
596,14,646.0347900390625,708.9871215820312,143.4947509765625,446.75567626953125,-1,-1,-1,-1
597,14,646.69873046875,720.2977294921875,146.144287109375,455.3094482421875,-1,-1,-1,-1
598,14,648.49267578125,725.90625,153.5538330078125,462.5738525390625,-1,-1,-1,-1
599,14,661.36279296875,730.6653442382812,150.393798828125,467.15618896484375,-1,-1,-1,-1
600,14,670.51416015625,741.3350830078125,151.30615234375,469.6143798828125,-1,-1,-1,-1
601,14,663.8754272460938,751.9328002929688,166.41534423828125,471.67730712890625,-1,-1,-1,-1
572,15,79.94573211669922,1098.243408203125,73.9315414428711,176.1324462890625,-1,-1,-1,-1
573,15,232.43017578125,1026.4403076171875,92.24749755859375,220.8680419921875,-1,-1,-1,-1
574,15,388.0475158691406,944.4752197265625,80.23471069335938,210.4132080078125,-1,-1,-1,-1
575,15,500.1678466796875,879.7938232421875,77.83905029296875,192.9615478515625,-1,-1,-1,-1
576,15,567.5167236328125,849.1937866210938,76.90234375,186.95672607421875,-1,-1,-1,-1
577,15,608.311767578125,828.3013305664062,75.38470458984375,182.4224853515625,-1,-1,-1,-1
578,15,635.2158813476562,814.3501586914062,72.74481201171875,179.41937255859375,-1,-1,-1,-1
579,15,643.1786499023438,798.6962280273438,71.68194580078125,176.03668212890625,-1,-1,-1,-1
580,15,640.5669555664062,783.0079345703125,66.31640625,172.22088623046875,-1,-1,-1,-1
581,15,636.3770751953125,770.2647705078125,66.16943359375,170.504150390625,-1,-1,-1,-1
582,15,633.432373046875,760.1688232421875,66.4276123046875,172.10882568359375,-1,-1,-1,-1
583,15,622.1305541992188,754.470947265625,65.46588134765625,169.79168701171875,-1,-1,-1,-1
584,15,600.2096557617188,753.243896484375,62.60064697265625,169.2208251953125,-1,-1,-1,-1
585,15,583.6522827148438,747.918212890625,63.5625,170.8912353515625,-1,-1,-1,-1
586,15,573.671875,741.162841796875,62.86309814453125,171.2314453125,-1,-1,-1,-1
587,15,559.384521484375,733.7940673828125,63.09942626953125,170.732666015625,-1,-1,-1,-1
588,15,541.9990234375,729.2459716796875,63.029296875,170.8179931640625,-1,-1,-1,-1
589,15,529.9887084960938,718.4617919921875,62.4395751953125,169.50262451171875,-1,-1,-1,-1
590,15,523.4510498046875,711.0712890625,64.131591796875,169.9052734375,-1,-1,-1,-1
591,15,519.896728515625,709.5609741210938,64.63336181640625,172.0169677734375,-1,-1,-1,-1
592,15,516.3153076171875,717.8982543945312,65.0264892578125,175.80126953125,-1,-1,-1,-1
593,15,512.1104125976562,728.0772705078125,66.1446533203125,177.95501708984375,-1,-1,-1,-1
594,15,509.0746765136719,743.425048828125,68.11502075195312,181.14483642578125,-1,-1,-1,-1
595,15,505.8047180175781,746.5764770507812,68.03421020507812,180.70086669921875,-1,-1,-1,-1
596,15,499.8311767578125,753.1262817382812,65.6685791015625,183.09698486328125,-1,-1,-1,-1
597,15,500.27862548828125,761.159423828125,66.27044677734375,184.24322509765625,-1,-1,-1,-1
598,15,505.54412841796875,761.7908325195312,67.0185546875,180.09661865234375,-1,-1,-1,-1
599,15,511.67864990234375,761.04638671875,66.5028076171875,181.54156494140625,-1,-1,-1,-1
600,15,515.5698852539062,765.4122924804688,66.01727294921875,184.73004150390625,-1,-1,-1,-1
601,15,516.828369140625,771.3287963867188,66.83843994140625,187.205078125,-1,-1,-1,-1
