1,1,1019.7060546875,454.4736328125,123.577392578125,267.19000244140625,-1,-1,-1,-1
2,1,793.8700561523438,492.80877685546875,138.35125732421875,259.52020263671875,-1,-1,-1,-1
1,2,549.3646850585938,520.3281860351562,280.5948486328125,673.8661499023438,-1,-1,-1,-1
2,2,578.5243530273438,564.3641967773438,414.94158935546875,642.8786010742188,-1,-1,-1,-1
3,2,548.2881469726562,587.013916015625,582.5394897460938,623.5875244140625,-1,-1,-1,-1
4,2,468.041748046875,549.8129272460938,709.53857421875,575.2947387695312,-1,-1,-1,-1
5,2,426.48211669921875,546.39794921875,724.4439086914062,550.7152099609375,-1,-1,-1,-1
6,2,402.4895935058594,529.3428955078125,726.0584716796875,648.10205078125,-1,-1,-1,-1
7,2,372.15496826171875,468.5066223144531,683.1631469726562,610.7255859375,-1,-1,-1,-1
8,2,394.1591796875,425.453369140625,649.0009765625,591.0030517578125,-1,-1,-1,-1
9,2,458.8811340332031,407.997802734375,623.081787109375,623.1641845703125,-1,-1,-1,-1
10,2,539.8405151367188,406.109130859375,547.3975219726562,657.3861083984375,-1,-1,-1,-1
11,2,601.7951049804688,428.26177978515625,508.36981201171875,590.2986450195312,-1,-1,-1,-1
12,2,636.5092163085938,461.7860107421875,507.74481201171875,589.5614013671875,-1,-1,-1,-1
13,2,692.6303100585938,484.5805969238281,492.81756591796875,584.579833984375,-1,-1,-1,-1
14,2,753.8818359375,501.9277648925781,462.7181396484375,593.21728515625,-1,-1,-1,-1
15,2,813.1412353515625,478.4029846191406,425.6326904296875,618.575927734375,-1,-1,-1,-1
16,2,881.5908203125,432.4722900390625,381.8297119140625,660.80126953125,-1,-1,-1,-1
17,2,955.37646484375,391.5172424316406,335.5802001953125,709.574951171875,-1,-1,-1,-1
18,2,1024.0113525390625,354.0341491699219,283.892578125,746.866943359375,-1,-1,-1,-1
19,2,1071.715087890625,336.7161865234375,250.3743896484375,759.7779541015625,-1,-1,-1,-1
20,2,1096.52685546875,348.701904296875,265.3865966796875,754.30029296875,-1,-1,-1,-1
21,2,1108.0283203125,375.4110107421875,271.6385498046875,739.004150390625,-1,-1,-1,-1
22,2,1112.57861328125,395.3021545410156,270.2457275390625,716.416748046875,-1,-1,-1,-1
23,2,1105.361572265625,409.5255126953125,277.926025390625,700.7137451171875,-1,-1,-1,-1
24,2,1109.2423095703125,419.23516845703125,275.4852294921875,695.1769409179688,-1,-1,-1,-1
25,2,1115.7916259765625,413.5449523925781,277.4429931640625,693.9573974609375,-1,-1,-1,-1
26,2,1119.015625,395.742919921875,274.7379150390625,700.6202392578125,-1,-1,-1,-1
27,2,1121.900390625,393.2132873535156,283.2786865234375,704.6412353515625,-1,-1,-1,-1
28,2,1075.2379150390625,408.83892822265625,332.5802001953125,700.0772094726562,-1,-1,-1,-1
29,2,1026.396728515625,435.4488830566406,377.43017578125,678.0374755859375,-1,-1,-1,-1
30,2,996.1593017578125,456.86865234375,408.8353271484375,637.5928955078125,-1,-1,-1,-1
31,2,986.732177734375,474.98114013671875,417.71484375,621.1696166992188,-1,-1,-1,-1
32,2,987.0795288085938,469.4851379394531,411.61370849609375,605.7855224609375,-1,-1,-1,-1
33,2,990.7354125976562,454.7776184082031,395.07965087890625,603.41943359375,-1,-1,-1,-1
34,2,984.1527099609375,436.53155517578125,362.081787109375,603.5570678710938,-1,-1,-1,-1
35,2,979.751220703125,417.37054443359375,335.4136962890625,600.6242065429688,-1,-1,-1,-1
36,2,975.780517578125,399.1806945800781,307.6639404296875,598.1290283203125,-1,-1,-1,-1
37,2,963.5838623046875,374.82098388671875,260.609130859375,594.3192749023438,-1,-1,-1,-1
38,2,950.3289184570312,356.6206970214844,212.75506591796875,589.9677734375,-1,-1,-1,-1
39,2,913.7415771484375,353.179931640625,206.90185546875,576.8469848632812,-1,-1,-1,-1
40,2,874.4288330078125,348.35113525390625,228.121826171875,566.8636474609375,-1,-1,-1,-1
41,2,852.157958984375,349.8752746582031,235.352783203125,555.12109375,-1,-1,-1,-1
42,2,826.3399047851562,352.7732238769531,248.78240966796875,542.083984375,-1,-1,-1,-1
43,2,801.1088256835938,346.73443603515625,270.39398193359375,533.7687377929688,-1,-1,-1,-1
44,2,802.6359252929688,326.4098815917969,257.65826416015625,527.830322265625,-1,-1,-1,-1
45,2,809.136474609375,313.9689025878906,247.763671875,516.2178955078125,-1,-1,-1,-1
46,2,815.4558715820312,285.6907653808594,242.73260498046875,513.7939453125,-1,-1,-1,-1
47,2,825.7393188476562,258.4927062988281,220.82965087890625,510.7760925292969,-1,-1,-1,-1
48,2,839.6187744140625,230.09109497070312,188.240478515625,507.0830993652344,-1,-1,-1,-1
49,2,842.1724243164062,198.61978149414062,159.43670654296875,502.3243713378906,-1,-1,-1,-1
50,2,839.9576416015625,178.9651641845703,146.822998046875,499.75469970703125,-1,-1,-1,-1
51,2,834.0393676757812,173.1073455810547,162.3924560546875,491.46551513671875,-1,-1,-1,-1
52,2,828.6797485351562,175.4850616455078,171.6239013671875,480.73126220703125,-1,-1,-1,-1
53,2,804.1569213867188,182.89956665039062,189.909423828125,465.3163757324219,-1,-1,-1,-1
54,2,800.4841918945312,204.1278076171875,183.0791015625,448.53564453125,-1,-1,-1,-1
55,2,807.1293334960938,229.12936401367188,173.22125244140625,431.5740051269531,-1,-1,-1,-1
56,2,809.365234375,255.3384246826172,160.4302978515625,416.5421142578125,-1,-1,-1,-1
57,2,802.67236328125,276.1606750488281,146.4344482421875,402.9085388183594,-1,-1,-1,-1
58,2,798.0957641601562,292.31195068359375,139.58441162109375,393.74847412109375,-1,-1,-1,-1
59,2,791.179443359375,298.9459533691406,131.90850830078125,388.9999694824219,-1,-1,-1,-1
60,2,783.5120239257812,305.8503723144531,129.35772705078125,384.4338684082031,-1,-1,-1,-1
61,2,780.585693359375,318.97186279296875,129.832763671875,374.68988037109375,-1,-1,-1,-1
62,2,778.5249633789062,327.73565673828125,124.86602783203125,365.5169677734375,-1,-1,-1,-1
63,2,758.4887084960938,334.399169921875,131.3707275390625,357.9146728515625,-1,-1,-1,-1
64,2,760.08349609375,349.4557189941406,123.9849853515625,349.9527893066406,-1,-1,-1,-1
65,2,760.8607177734375,380.8400573730469,119.30438232421875,339.0589294433594,-1,-1,-1,-1
66,2,759.8101806640625,419.5993347167969,114.11322021484375,326.6376037597656,-1,-1,-1,-1
67,2,755.0731201171875,453.3629150390625,108.64227294921875,312.92620849609375,-1,-1,-1,-1
68,2,749.3726806640625,481.58489990234375,103.64111328125,300.15966796875,-1,-1,-1,-1
69,2,738.465576171875,502.6533203125,104.2940673828125,292.33270263671875,-1,-1,-1,-1
70,2,735.4140625,521.109619140625,103.24078369140625,287.74530029296875,-1,-1,-1,-1
71,2,729.677001953125,539.3541870117188,106.20343017578125,286.15155029296875,-1,-1,-1,-1
72,2,731.6329345703125,541.830322265625,103.91131591796875,285.7733154296875,-1,-1,-1,-1
73,2,728.94482421875,540.6528930664062,99.9239501953125,286.13726806640625,-1,-1,-1,-1
74,2,726.8981323242188,538.119384765625,92.73638916015625,285.69134521484375,-1,-1,-1,-1
75,2,721.8128051757812,539.8322143554688,93.73944091796875,285.1041259765625,-1,-1,-1,-1
76,2,717.9273681640625,541.444580078125,95.9107666015625,286.88922119140625,-1,-1,-1,-1
77,2,712.0247802734375,540.5033569335938,101.1846923828125,294.629638671875,-1,-1,-1,-1
78,2,705.9598999023438,537.5358276367188,107.83038330078125,306.020751953125,-1,-1,-1,-1
79,2,698.7044677734375,549.7811279296875,116.0733642578125,315.27880859375,-1,-1,-1,-1
80,2,699.6630249023438,566.6437377929688,121.4849853515625,325.14080810546875,-1,-1,-1,-1
81,2,700.1119995117188,572.1734619140625,128.6951904296875,334.96014404296875,-1,-1,-1,-1
82,2,694.0142822265625,571.4080810546875,133.83251953125,346.38873291015625,-1,-1,-1,-1
83,2,687.7293090820312,567.3269653320312,130.35662841796875,360.20831298828125,-1,-1,-1,-1
84,2,686.2297973632812,559.6354370117188,123.75396728515625,367.71142578125,-1,-1,-1,-1
85,2,686.066162109375,552.1144409179688,113.898681640625,377.54534912109375,-1,-1,-1,-1
86,2,687.612060546875,542.9381713867188,107.0491943359375,386.191650390625,-1,-1,-1,-1
87,2,689.0104370117188,535.0328979492188,108.453857421875,394.91119384765625,-1,-1,-1,-1
88,2,688.6824951171875,531.4243774414062,109.21649169921875,407.34088134765625,-1,-1,-1,-1
89,2,686.2998046875,529.4693603515625,111.76251220703125,419.69793701171875,-1,-1,-1,-1
90,2,678.7166137695312,530.6905517578125,121.08502197265625,432.83038330078125,-1,-1,-1,-1
91,2,671.9285888671875,548.9574584960938,126.5076904296875,446.218017578125,-1,-1,-1,-1
92,2,667.5204467773438,566.4888916015625,133.79119873046875,456.31048583984375,-1,-1,-1,-1
93,2,666.1200561523438,582.4894409179688,148.69891357421875,465.29461669921875,-1,-1,-1,-1
94,2,662.9006958007812,611.3980102539062,149.75616455078125,475.48516845703125,-1,-1,-1,-1
95,2,660.1343994140625,614.02685546875,159.42645263671875,476.6927490234375,-1,-1,-1,-1
96,2,663.5216674804688,615.0242309570312,161.75469970703125,481.02276611328125,-1,-1,-1,-1
97,2,669.6204223632812,611.44580078125,164.1209716796875,500.26708984375,-1,-1,-1,-1
98,2,675.0323486328125,600.1571655273438,167.37957763671875,523.4872436523438,-1,-1,-1,-1
99,2,679.9859619140625,591.255859375,176.40338134765625,542.693359375,-1,-1,-1,-1
100,2,686.354736328125,588.0885009765625,179.995849609375,554.0240478515625,-1,-1,-1,-1
101,2,689.275390625,588.5007934570312,176.9168701171875,577.9342651367188,-1,-1,-1,-1
102,2,690.8289794921875,589.2376708984375,183.08062744140625,587.5347900390625,-1,-1,-1,-1
103,2,695.630615234375,601.9315795898438,187.3392333984375,589.5501098632812,-1,-1,-1,-1
104,2,693.3299560546875,609.388671875,197.8349609375,601.188720703125,-1,-1,-1,-1
105,2,687.7976684570312,606.9725341796875,230.2884521484375,626.6553955078125,-1,-1,-1,-1
106,2,686.9202880859375,611.1027221679688,277.3682861328125,672.6397094726562,-1,-1,-1,-1
107,2,684.7523803710938,604.1016845703125,297.918701171875,719.8868408203125,-1,-1,-1,-1
108,2,667.998046875,604.0249633789062,289.5078125,701.3233032226562,-1,-1,-1,-1
109,2,624.54931640625,542.6421508789062,272.92254638671875,664.1431274414062,-1,-1,-1,-1
110,2,584.7362060546875,479.7639465332031,255.7640380859375,649.3468017578125,-1,-1,-1,-1
111,2,549.9449462890625,462.10919189453125,253.8084716796875,672.4523315429688,-1,-1,-1,-1
112,2,557.6702880859375,438.9831237792969,236.22967529296875,710.1044921875,-1,-1,-1,-1
113,2,584.7661743164062,433.0660095214844,220.39093017578125,730.847900390625,-1,-1,-1,-1
114,2,602.0675048828125,449.3754577636719,212.43109130859375,719.7308349609375,-1,-1,-1,-1
115,2,614.2188720703125,481.13323974609375,199.98846435546875,682.0504760742188,-1,-1,-1,-1
116,2,618.7059326171875,459.1919250488281,364.6226806640625,712.0079345703125,-1,-1,-1,-1
117,2,626.947509765625,570.084228515625,219.75372314453125,617.2279052734375,-1,-1,-1,-1
118,2,650.6920166015625,597.14208984375,173.44635009765625,596.243408203125,-1,-1,-1,-1
119,2,662.9711303710938,614.2911376953125,171.92266845703125,593.5704345703125,-1,-1,-1,-1
120,2,681.320556640625,605.8568115234375,168.02740478515625,598.6396484375,-1,-1,-1,-1
121,2,685.027099609375,577.6355590820312,166.53173828125,593.8555297851562,-1,-1,-1,-1
122,2,680.553466796875,568.8433837890625,166.07183837890625,575.510498046875,-1,-1,-1,-1
123,2,677.6644897460938,576.8963623046875,170.50335693359375,544.28955078125,-1,-1,-1,-1
124,2,679.0218505859375,591.57421875,173.62286376953125,506.9373779296875,-1,-1,-1,-1
125,2,679.0223999023438,619.8113403320312,174.95458984375,483.51776123046875,-1,-1,-1,-1
126,2,685.968017578125,629.3160400390625,166.0545654296875,469.13916015625,-1,-1,-1,-1
127,2,694.283935546875,626.79833984375,161.293212890625,463.1749267578125,-1,-1,-1,-1
128,2,700.3135375976562,618.9605102539062,147.43060302734375,472.69976806640625,-1,-1,-1,-1
129,2,690.077392578125,614.9374389648438,142.7923583984375,492.15631103515625,-1,-1,-1,-1
130,2,684.7017822265625,618.866455078125,141.7191162109375,502.0068359375,-1,-1,-1,-1
131,2,674.0556030273438,628.4349365234375,150.97357177734375,499.638671875,-1,-1,-1,-1
132,2,662.6029052734375,639.9898071289062,150.1851806640625,500.68292236328125,-1,-1,-1,-1
133,2,657.752685546875,649.5403442382812,144.30029296875,505.68145751953125,-1,-1,-1,-1
134,2,649.153076171875,651.8914184570312,143.309814453125,500.91180419921875,-1,-1,-1,-1
135,2,639.8729858398438,650.391357421875,148.21392822265625,502.2764892578125,-1,-1,-1,-1
136,2,636.86669921875,645.7711181640625,152.45172119140625,498.860595703125,-1,-1,-1,-1
137,2,637.6132202148438,645.27783203125,157.61602783203125,497.61669921875,-1,-1,-1,-1
138,2,633.8372802734375,641.7701416015625,155.42431640625,492.102294921875,-1,-1,-1,-1
139,2,625.5895385742188,641.647216796875,154.00494384765625,484.2552490234375,-1,-1,-1,-1
140,2,621.013671875,647.1248779296875,157.1717529296875,377.69189453125,-1,-1,-1,-1
141,2,619.4061889648438,649.4028930664062,155.0535888671875,467.59869384765625,-1,-1,-1,-1
142,2,620.6105346679688,652.7758178710938,155.48626708984375,464.09637451171875,-1,-1,-1,-1
143,2,618.9863891601562,650.6810302734375,158.44573974609375,464.4940185546875,-1,-1,-1,-1
144,2,617.302490234375,651.8134155273438,162.6937255859375,466.48834228515625,-1,-1,-1,-1
145,2,621.2762451171875,653.732177734375,164.26422119140625,473.6944580078125,-1,-1,-1,-1
146,2,630.5972900390625,666.3692626953125,159.86199951171875,481.0223388671875,-1,-1,-1,-1
147,2,635.8798217773438,675.278564453125,154.20257568359375,490.126708984375,-1,-1,-1,-1
148,2,641.651123046875,682.1302490234375,147.225341796875,492.5572509765625,-1,-1,-1,-1
149,2,647.2971801757812,686.002685546875,146.37255859375,498.9381103515625,-1,-1,-1,-1
150,2,653.1890258789062,688.19287109375,147.07586669921875,498.76611328125,-1,-1,-1,-1
151,2,654.6064453125,688.9988403320312,147.56427001953125,492.73553466796875,-1,-1,-1,-1
152,2,658.1405029296875,685.322509765625,146.2227783203125,484.466064453125,-1,-1,-1,-1
153,2,663.7003784179688,683.16357421875,147.09136962890625,489.68310546875,-1,-1,-1,-1
154,2,665.8078002929688,672.468994140625,146.62158203125,493.4146728515625,-1,-1,-1,-1
155,2,662.4063720703125,662.3684692382812,150.611328125,485.64117431640625,-1,-1,-1,-1
156,2,659.5828247070312,648.6792602539062,158.41021728515625,480.38043212890625,-1,-1,-1,-1
157,2,654.0665283203125,641.337158203125,162.2120361328125,482.9180908203125,-1,-1,-1,-1
158,2,666.8075561523438,643.9574584960938,153.05364990234375,489.95916748046875,-1,-1,-1,-1
159,2,670.95703125,645.60986328125,152.393310546875,493.049560546875,-1,-1,-1,-1
160,2,668.1654052734375,646.39306640625,156.5361328125,490.947265625,-1,-1,-1,-1
161,2,665.4231567382812,651.268310546875,164.28179931640625,485.365234375,-1,-1,-1,-1
162,2,673.6917114257812,653.6008911132812,168.634521484375,478.37860107421875,-1,-1,-1,-1
163,2,677.6627197265625,649.6768798828125,172.89495849609375,479.5323486328125,-1,-1,-1,-1
164,2,674.8914794921875,644.1146240234375,177.90435791015625,475.8604736328125,-1,-1,-1,-1
165,2,680.7800903320312,638.75146484375,169.86260986328125,476.386962890625,-1,-1,-1,-1
166,2,683.1622314453125,634.4495239257812,170.46856689453125,473.46331787109375,-1,-1,-1,-1
167,2,687.358642578125,621.5357055664062,165.48553466796875,477.30389404296875,-1,-1,-1,-1
168,2,687.790283203125,611.99072265625,154.9527587890625,475.9915771484375,-1,-1,-1,-1
169,2,689.1939697265625,606.724853515625,149.06964111328125,472.7235107421875,-1,-1,-1,-1
170,2,689.7530517578125,605.1112060546875,145.89398193359375,468.3399658203125,-1,-1,-1,-1
171,2,691.162353515625,603.2130737304688,141.1639404296875,455.68609619140625,-1,-1,-1,-1
172,2,692.82666015625,601.635986328125,136.65673828125,448.470703125,-1,-1,-1,-1
173,2,700.2120971679688,602.4430541992188,129.92388916015625,449.50567626953125,-1,-1,-1,-1
174,2,702.5684204101562,603.80810546875,130.42974853515625,451.01953125,-1,-1,-1,-1
175,2,700.5047607421875,605.3682250976562,133.08355712890625,442.48724365234375,-1,-1,-1,-1
176,2,698.30322265625,607.5311279296875,138.21832275390625,435.89794921875,-1,-1,-1,-1
177,2,690.3624267578125,607.2650146484375,144.57135009765625,428.85498046875,-1,-1,-1,-1
178,2,684.3198852539062,610.3563232421875,145.05902099609375,429.1871337890625,-1,-1,-1,-1
179,2,679.0107421875,611.4467163085938,149.4613037109375,432.03082275390625,-1,-1,-1,-1
180,2,679.8539428710938,608.6619873046875,151.16278076171875,438.1456298828125,-1,-1,-1,-1
181,2,684.2736206054688,604.0230712890625,154.0662841796875,447.205322265625,-1,-1,-1,-1
182,2,687.3890991210938,602.8884887695312,152.69580078125,461.24456787109375,-1,-1,-1,-1
183,2,689.36474609375,598.5382080078125,153.133544921875,476.4659423828125,-1,-1,-1,-1
184,2,686.3135375976562,609.7125854492188,150.947998046875,479.90631103515625,-1,-1,-1,-1
185,2,684.052001953125,617.6222534179688,148.1815185546875,411.73602294921875,-1,-1,-1,-1
186,2,683.5494384765625,622.2296752929688,151.46466064453125,492.25738525390625,-1,-1,-1,-1
187,2,682.3033447265625,624.35205078125,153.902099609375,516.073974609375,-1,-1,-1,-1
188,2,681.1176147460938,629.0741577148438,156.05908203125,528.8400268554688,-1,-1,-1,-1
189,2,663.9801025390625,628.1536254882812,167.552734375,542.5025024414062,-1,-1,-1,-1
190,2,689.0013427734375,631.4559936523438,143.74749755859375,542.5756225585938,-1,-1,-1,-1
191,2,686.3131103515625,627.459228515625,147.4688720703125,548.1448974609375,-1,-1,-1,-1
192,2,682.9028930664062,625.2413330078125,154.55169677734375,552.1353759765625,-1,-1,-1,-1
193,2,679.9361572265625,627.9471435546875,154.117919921875,555.1800537109375,-1,-1,-1,-1
194,2,672.9483642578125,630.833984375,160.38299560546875,558.3182373046875,-1,-1,-1,-1
195,2,670.1512451171875,641.018310546875,171.1324462890625,450.68310546875,-1,-1,-1,-1
196,2,665.4656982421875,640.2550048828125,171.77447509765625,448.7071533203125,-1,-1,-1,-1
197,2,659.34228515625,640.7987060546875,168.74493408203125,448.2659912109375,-1,-1,-1,-1
198,2,657.02734375,646.2501220703125,167.9578857421875,447.4229736328125,-1,-1,-1,-1
199,2,664.6898193359375,650.17236328125,162.48736572265625,441.31298828125,-1,-1,-1,-1
200,2,671.7947998046875,639.6806030273438,156.7916259765625,433.98138427734375,-1,-1,-1,-1
201,2,676.3330688476562,639.8235473632812,156.884033203125,432.44134521484375,-1,-1,-1,-1
202,2,679.1900634765625,648.2058715820312,155.6068115234375,436.24041748046875,-1,-1,-1,-1
203,2,679.7822265625,649.4996948242188,154.6253662109375,442.53240966796875,-1,-1,-1,-1
204,2,682.6364135742188,654.5800170898438,153.12054443359375,490.64239501953125,-1,-1,-1,-1
205,2,677.4960327148438,666.90185546875,154.6141357421875,559.8837890625,-1,-1,-1,-1
206,2,662.40283203125,675.2603149414062,160.4971923828125,558.4181518554688,-1,-1,-1,-1
207,2,659.6556396484375,696.006591796875,158.64727783203125,562.4766845703125,-1,-1,-1,-1
208,2,666.4426879882812,717.2039794921875,153.39404296875,560.03076171875,-1,-1,-1,-1
209,2,661.9630126953125,730.0275268554688,153.22320556640625,548.7863159179688,-1,-1,-1,-1
210,2,658.2872314453125,739.5184326171875,155.0653076171875,541.0447998046875,-1,-1,-1,-1
211,2,658.1814575195312,751.542236328125,159.3734130859375,536.03515625,-1,-1,-1,-1
212,2,657.7006225585938,755.6766357421875,163.95733642578125,528.740966796875,-1,-1,-1,-1
213,2,655.3703002929688,759.7373046875,166.941162109375,523.77734375,-1,-1,-1,-1
214,2,652.9231567382812,753.2518920898438,176.97210693359375,525.0673217773438,-1,-1,-1,-1
215,2,656.2223510742188,749.6016235351562,177.94635009765625,536.3008422851562,-1,-1,-1,-1
216,2,658.6051025390625,747.4746704101562,175.6676025390625,545.0298461914062,-1,-1,-1,-1
217,2,659.7527465820312,743.31396484375,175.28948974609375,552.9366455078125,-1,-1,-1,-1
218,2,659.8147583007812,736.259521484375,174.5150146484375,548.5941162109375,-1,-1,-1,-1
219,2,655.6946411132812,728.6066284179688,171.36181640625,550.5991821289062,-1,-1,-1,-1
220,2,655.1539306640625,723.8101806640625,174.467529296875,545.4390869140625,-1,-1,-1,-1
221,2,655.50732421875,728.028076171875,177.62066650390625,532.43798828125,-1,-1,-1,-1
222,2,657.6966552734375,741.86181640625,181.36956787109375,534.458251953125,-1,-1,-1,-1
223,2,659.5531616210938,750.2018432617188,181.9217529296875,530.1091918945312,-1,-1,-1,-1
224,2,662.9542236328125,752.6267700195312,179.430419921875,516.1050415039062,-1,-1,-1,-1
225,2,669.5057373046875,754.4933471679688,175.14508056640625,503.12908935546875,-1,-1,-1,-1
226,2,675.99560546875,751.9599609375,170.8421630859375,494.384521484375,-1,-1,-1,-1
227,2,681.5540161132812,758.8572998046875,168.1171875,492.593505859375,-1,-1,-1,-1
228,2,677.2940673828125,761.4747924804688,170.0714111328125,496.84112548828125,-1,-1,-1,-1
229,2,671.15087890625,760.4899291992188,173.457763671875,502.74481201171875,-1,-1,-1,-1
230,2,669.9669799804688,752.2985229492188,173.68212890625,514.6442260742188,-1,-1,-1,-1
231,2,670.1866455078125,742.7584228515625,173.25653076171875,524.6064453125,-1,-1,-1,-1
232,2,674.8549194335938,736.3758544921875,169.72314453125,533.1524658203125,-1,-1,-1,-1
233,2,678.4273681640625,738.5219116210938,167.18365478515625,534.3803100585938,-1,-1,-1,-1
234,2,678.9244995117188,744.8065795898438,163.4412841796875,536.1652221679688,-1,-1,-1,-1
235,2,681.8389892578125,755.927734375,155.007568359375,461.6927490234375,-1,-1,-1,-1
236,2,682.1581420898438,767.1259155273438,153.492431640625,454.63604736328125,-1,-1,-1,-1
237,2,675.0159301757812,776.5765991210938,154.93438720703125,471.63189697265625,-1,-1,-1,-1
238,2,683.1724853515625,769.5775146484375,155.357666015625,499.5916748046875,-1,-1,-1,-1
239,2,696.1630249023438,764.1258544921875,152.015380859375,491.586669921875,-1,-1,-1,-1
240,2,698.1165161132812,760.7007446289062,149.24334716796875,483.11126708984375,-1,-1,-1,-1
241,2,700.3880004882812,759.18408203125,149.07049560546875,474.1212158203125,-1,-1,-1,-1
242,2,700.3875732421875,754.4706420898438,154.87109375,457.72467041015625,-1,-1,-1,-1
243,2,694.0402221679688,750.9140625,150.69287109375,374.126708984375,-1,-1,-1,-1
244,2,688.8829345703125,739.9780883789062,146.43560791015625,369.44293212890625,-1,-1,-1,-1
245,2,687.5162353515625,737.82177734375,145.5992431640625,367.322998046875,-1,-1,-1,-1
246,2,689.1556396484375,733.4580688476562,142.493408203125,366.06903076171875,-1,-1,-1,-1
247,2,690.8818969726562,715.5449829101562,135.81292724609375,365.97637939453125,-1,-1,-1,-1
248,2,691.9742431640625,724.8526611328125,134.355224609375,371.4739990234375,-1,-1,-1,-1
249,2,692.9306640625,724.0376586914062,131.9356689453125,372.75689697265625,-1,-1,-1,-1
250,2,688.4385375976562,720.5128173828125,127.00396728515625,374.077392578125,-1,-1,-1,-1
251,2,682.64208984375,720.7530517578125,124.3243408203125,376.0093994140625,-1,-1,-1,-1
252,2,681.9807739257812,725.5357666015625,124.3009033203125,380.099365234375,-1,-1,-1,-1
253,2,681.192626953125,729.4317626953125,127.3675537109375,384.2301025390625,-1,-1,-1,-1
254,2,677.2677612304688,724.9330444335938,127.65472412109375,384.89495849609375,-1,-1,-1,-1
255,2,672.6243286132812,718.587890625,127.57318115234375,389.220947265625,-1,-1,-1,-1
256,2,672.614990234375,717.8104248046875,128.01678466796875,399.4661865234375,-1,-1,-1,-1
257,2,674.1318359375,713.6259155273438,130.3515625,411.31500244140625,-1,-1,-1,-1
258,2,678.1467895507812,706.405029296875,131.86517333984375,428.4034423828125,-1,-1,-1,-1
259,2,683.4808959960938,703.9177856445312,129.40716552734375,427.28118896484375,-1,-1,-1,-1
260,2,692.2715454101562,699.9495849609375,129.77972412109375,483.169921875,-1,-1,-1,-1
261,2,688.794921875,699.9229736328125,137.62841796875,494.49609375,-1,-1,-1,-1
262,2,680.9035034179688,704.8682250976562,143.59417724609375,496.67327880859375,-1,-1,-1,-1
263,2,678.9857177734375,703.6683959960938,147.8056640625,502.09869384765625,-1,-1,-1,-1
264,2,675.077880859375,706.5292358398438,147.80426025390625,509.99981689453125,-1,-1,-1,-1
265,2,677.1512451171875,700.9295043945312,148.553955078125,518.6062622070312,-1,-1,-1,-1
266,2,682.4208984375,685.09423828125,151.47711181640625,530.2340087890625,-1,-1,-1,-1
267,2,695.4791259765625,683.64111328125,145.7030029296875,456.8475341796875,-1,-1,-1,-1
268,2,694.321533203125,682.996826171875,150.3472900390625,446.265625,-1,-1,-1,-1
269,2,690.2616577148438,676.0457763671875,159.07513427734375,559.7088623046875,-1,-1,-1,-1
270,2,672.13232421875,684.94921875,175.52215576171875,565.7174072265625,-1,-1,-1,-1
271,2,666.8154907226562,694.6924438476562,175.17767333984375,575.7400512695312,-1,-1,-1,-1
272,2,669.4949951171875,702.2747802734375,175.816650390625,578.5126953125,-1,-1,-1,-1
273,2,673.9750366210938,707.2738037109375,182.41790771484375,577.1173095703125,-1,-1,-1,-1
274,2,675.365234375,711.8177490234375,186.37677001953125,574.1314697265625,-1,-1,-1,-1
275,2,677.7152099609375,717.8760375976562,186.2664794921875,569.5530395507812,-1,-1,-1,-1
276,2,676.5138549804688,717.4067993164062,182.0645751953125,570.0792846679688,-1,-1,-1,-1
277,2,683.177734375,716.6038818359375,171.072998046875,561.7069091796875,-1,-1,-1,-1
278,2,678.6690673828125,713.5235595703125,169.55194091796875,550.829345703125,-1,-1,-1,-1
279,2,680.1243896484375,701.8285522460938,168.05242919921875,547.4890747070312,-1,-1,-1,-1
280,2,669.07177734375,692.157470703125,176.906005859375,559.299560546875,-1,-1,-1,-1
281,2,725.8175048828125,692.182861328125,165.2994384765625,575.5950927734375,-1,-1,-1,-1
282,2,753.8051147460938,698.0418090820312,190.4873046875,593.3634643554688,-1,-1,-1,-1
283,2,732.0765380859375,716.7096557617188,191.665771484375,611.9862670898438,-1,-1,-1,-1
284,2,686.0617065429688,678.9555053710938,195.6265869140625,513.4215698242188,-1,-1,-1,-1
285,2,674.1915893554688,609.3668212890625,195.83319091796875,602.446044921875,-1,-1,-1,-1
286,2,686.5964965820312,584.1214599609375,197.23809814453125,617.5455322265625,-1,-1,-1,-1
287,2,745.1845092773438,616.6929321289062,203.7166748046875,654.5095825195312,-1,-1,-1,-1
288,2,714.9938354492188,587.57373046875,225.5699462890625,694.885498046875,-1,-1,-1,-1
289,2,629.5701904296875,586.0509033203125,263.91412353515625,634.15478515625,-1,-1,-1,-1
290,2,618.5374755859375,591.9240112304688,310.8995361328125,630.2026977539062,-1,-1,-1,-1
291,2,614.4378662109375,572.5177612304688,355.40753173828125,695.6513061523438,-1,-1,-1,-1
292,2,542.8318481445312,597.1123657226562,508.72991943359375,810.2977905273438,-1,-1,-1,-1
293,2,632.4014282226562,539.7112426757812,543.7560424804688,867.5364379882812,-1,-1,-1,-1
294,2,583.4824829101562,492.06903076171875,562.9928588867188,901.1325073242188,-1,-1,-1,-1
295,2,639.4535522460938,441.60052490234375,570.7749633789062,936.8696899414062,-1,-1,-1,-1
296,2,697.3381958007812,406.9971923828125,413.17156982421875,859.0743408203125,-1,-1,-1,-1
297,2,704.7232055664062,368.273193359375,374.64373779296875,832.3232421875,-1,-1,-1,-1
298,2,731.77978515625,391.20623779296875,382.505126953125,942.6213989257812,-1,-1,-1,-1
299,2,753.7973022460938,459.07470703125,386.52423095703125,913.962646484375,-1,-1,-1,-1
300,2,780.0800170898438,534.5033569335938,395.29498291015625,762.4478149414062,-1,-1,-1,-1
301,2,801.7755126953125,594.6268920898438,436.5194091796875,710.9603881835938,-1,-1,-1,-1
302,2,807.5855712890625,649.4217529296875,372.9566650390625,682.3836669921875,-1,-1,-1,-1
303,2,826.70166015625,689.9987182617188,423.9620361328125,622.4201049804688,-1,-1,-1,-1
304,2,830.6571655273438,715.45166015625,349.42413330078125,599.1326904296875,-1,-1,-1,-1
305,2,834.5865478515625,734.1976318359375,329.6126708984375,602.0042724609375,-1,-1,-1,-1
306,2,845.9952392578125,757.7001953125,291.0184326171875,571.033447265625,-1,-1,-1,-1
307,2,850.4833984375,780.9457397460938,273.038330078125,555.6670532226562,-1,-1,-1,-1
308,2,866.4149780273438,789.9219360351562,257.45611572265625,574.8511352539062,-1,-1,-1,-1
309,2,882.8904418945312,786.3616943359375,265.54681396484375,540.3470458984375,-1,-1,-1,-1
310,2,906.4985961914062,775.00244140625,232.03253173828125,595.1602783203125,-1,-1,-1,-1
311,2,936.8958129882812,759.4583740234375,231.18914794921875,587.7574462890625,-1,-1,-1,-1
22,3,1.734921932220459,645.9163818359375,126.70089721679688,341.8590087890625,-1,-1,-1,-1
23,3,4.692752838134766,638.1943969726562,155.03807067871094,287.57940673828125,-1,-1,-1,-1
24,3,30.375507354736328,629.425537109375,160.580078125,283.4627685546875,-1,-1,-1,-1
25,3,65.24110412597656,621.50439453125,157.9961700439453,277.36077880859375,-1,-1,-1,-1
26,3,92.75011444091797,617.5697021484375,153.61968994140625,272.44464111328125,-1,-1,-1,-1
27,3,135.088623046875,605.7603759765625,143.483154296875,266.4188232421875,-1,-1,-1,-1
28,3,173.54373168945312,592.6229248046875,134.63592529296875,264.008544921875,-1,-1,-1,-1
29,3,210.21253967285156,583.479736328125,127.22828674316406,256.37506103515625,-1,-1,-1,-1
30,3,239.69241333007812,576.1270751953125,122.45974731445312,250.5382080078125,-1,-1,-1,-1
31,3,274.23114013671875,556.0862426757812,114.170166015625,244.70880126953125,-1,-1,-1,-1
32,3,305.8680114746094,538.8494262695312,109.84292602539062,242.31951904296875,-1,-1,-1,-1
33,3,335.4446716308594,528.635009765625,107.71298217773438,231.16412353515625,-1,-1,-1,-1
34,3,354.8223571777344,513.508056640625,103.49667358398438,230.1820068359375,-1,-1,-1,-1
35,3,368.3470458984375,503.0417175292969,103.313232421875,230.88357543945312,-1,-1,-1,-1
36,3,381.28753662109375,495.661865234375,99.90744018554688,220.052734375,-1,-1,-1,-1
37,3,386.41375732421875,473.60137939453125,97.546142578125,229.4163818359375,-1,-1,-1,-1
38,3,392.9708251953125,461.3351745605469,95.81097412109375,223.62680053710938,-1,-1,-1,-1
39,3,396.38482666015625,464.5696716308594,98.65985107421875,221.35354614257812,-1,-1,-1,-1
40,3,403.1265869140625,453.31536865234375,95.09298706054688,223.3841552734375,-1,-1,-1,-1
41,3,421.49652099609375,435.009521484375,89.92718505859375,216.918701171875,-1,-1,-1,-1
42,3,444.53900146484375,422.9725646972656,84.41400146484375,213.34762573242188,-1,-1,-1,-1
43,3,465.3428039550781,407.1365661621094,84.09048461914062,219.53536987304688,-1,-1,-1,-1
44,3,483.1966857910156,384.07293701171875,80.48886108398438,215.8768310546875,-1,-1,-1,-1
45,3,497.4345703125,374.2738952636719,81.73382568359375,216.93875122070312,-1,-1,-1,-1
46,3,510.954345703125,348.4576416015625,81.51434326171875,218.1143798828125,-1,-1,-1,-1
47,3,529.0470581054688,325.2509765625,79.39996337890625,218.11669921875,-1,-1,-1,-1
48,3,548.5703735351562,302.2734069824219,75.6461181640625,222.73818969726562,-1,-1,-1,-1
49,3,555.4844360351562,280.5937194824219,78.918701171875,221.48052978515625,-1,-1,-1,-1
50,3,565.825927734375,270.6541748046875,78.2515869140625,221.88412475585938,-1,-1,-1,-1
51,3,580.9378662109375,265.3708190917969,78.73492431640625,222.20523071289062,-1,-1,-1,-1
52,3,596.483154296875,264.54730224609375,76.4761962890625,222.2200927734375,-1,-1,-1,-1
53,3,604.800048828125,265.88702392578125,73.91094970703125,218.1307373046875,-1,-1,-1,-1
54,3,615.2958374023438,278.185791015625,72.24468994140625,209.16427612304688,-1,-1,-1,-1
55,3,631.1387939453125,291.18438720703125,71.85223388671875,208.49798583984375,-1,-1,-1,-1
56,3,643.5642700195312,309.35198974609375,66.27825927734375,202.40087890625,-1,-1,-1,-1
57,3,647.064208984375,324.6714172363281,63.69677734375,200.31326293945312,-1,-1,-1,-1
58,3,652.2283935546875,339.38763427734375,64.3935546875,199.36236572265625,-1,-1,-1,-1
59,3,652.645751953125,347.8296203613281,61.51043701171875,194.02230834960938,-1,-1,-1,-1
60,3,651.80029296875,356.0188903808594,59.55029296875,190.17965698242188,-1,-1,-1,-1
61,3,656.8657836914062,365.0729064941406,59.82757568359375,192.00064086914062,-1,-1,-1,-1
62,3,654.9271240234375,370.5858459472656,59.46246337890625,190.62026977539062,-1,-1,-1,-1
63,3,646.9946899414062,373.21630859375,59.3033447265625,189.2747802734375,-1,-1,-1,-1
64,3,649.8619995117188,383.60430908203125,56.95355224609375,183.232177734375,-1,-1,-1,-1
65,3,653.60302734375,413.12353515625,54.81463623046875,182.96282958984375,-1,-1,-1,-1
66,3,656.166748046875,450.7750549316406,53.165771484375,176.62167358398438,-1,-1,-1,-1
67,3,652.101806640625,484.21160888671875,54.5029296875,174.91717529296875,-1,-1,-1,-1
68,3,645.984375,511.8611755371094,55.31414794921875,167.75460815429688,-1,-1,-1,-1
69,3,633.9277954101562,531.765380859375,55.85028076171875,170.63189697265625,-1,-1,-1,-1
70,3,631.8903198242188,548.5504150390625,52.73309326171875,165.73846435546875,-1,-1,-1,-1
71,3,628.6629028320312,566.4696044921875,52.25164794921875,167.4605712890625,-1,-1,-1,-1
72,3,629.1185913085938,569.390625,53.30377197265625,166.5670166015625,-1,-1,-1,-1
73,3,622.8099365234375,567.490966796875,53.57659912109375,166.8153076171875,-1,-1,-1,-1
74,3,614.898193359375,564.1356811523438,54.64703369140625,168.1651611328125,-1,-1,-1,-1
75,3,606.847900390625,564.890625,56.659423828125,171.1378173828125,-1,-1,-1,-1
76,3,600.9871826171875,569.3684692382812,56.204833984375,168.17266845703125,-1,-1,-1,-1
77,3,593.1657104492188,573.0484619140625,57.015380859375,170.1519775390625,-1,-1,-1,-1
78,3,587.4213256835938,574.4232788085938,59.42779541015625,169.8267822265625,-1,-1,-1,-1
79,3,579.6126708984375,588.2573852539062,62.67926025390625,175.69097900390625,-1,-1,-1,-1
80,3,579.5425415039062,604.4275512695312,64.33990478515625,173.8121337890625,-1,-1,-1,-1
81,3,577.77783203125,609.3551635742188,65.315673828125,175.35467529296875,-1,-1,-1,-1
82,3,573.56494140625,605.3009033203125,63.7763671875,178.07464599609375,-1,-1,-1,-1
83,3,563.6040649414062,598.9251098632812,65.6187744140625,176.06231689453125,-1,-1,-1,-1
84,3,560.2815551757812,587.6278076171875,63.05224609375,179.35687255859375,-1,-1,-1,-1
85,3,558.807373046875,576.3610229492188,64.03997802734375,182.24774169921875,-1,-1,-1,-1
86,3,558.1751708984375,568.6973876953125,63.5220947265625,182.1031494140625,-1,-1,-1,-1
87,3,556.128662109375,562.0172119140625,65.08349609375,184.08892822265625,-1,-1,-1,-1
88,3,549.900146484375,565.4539794921875,68.64599609375,183.539794921875,-1,-1,-1,-1
89,3,544.359375,572.6522216796875,66.39776611328125,185.1461181640625,-1,-1,-1,-1
90,3,537.8563232421875,582.3919677734375,67.8818359375,183.6148681640625,-1,-1,-1,-1
91,3,527.9916381835938,608.8251342773438,66.280029296875,184.96368408203125,-1,-1,-1,-1
92,3,514.8108520507812,629.665771484375,67.13446044921875,184.9683837890625,-1,-1,-1,-1
93,3,503.6310729980469,648.6256103515625,71.26815795898438,194.6990966796875,-1,-1,-1,-1
94,3,486.48779296875,682.6915283203125,77.30621337890625,196.7938232421875,-1,-1,-1,-1
95,3,470.48974609375,683.9218139648438,81.9949951171875,196.66693115234375,-1,-1,-1,-1
96,3,463.24334716796875,685.8553466796875,87.34222412109375,200.2381591796875,-1,-1,-1,-1
97,3,453.3418884277344,677.6055908203125,95.79208374023438,204.29217529296875,-1,-1,-1,-1
98,3,440.679443359375,660.0989379882812,99.65472412109375,209.97772216796875,-1,-1,-1,-1
99,3,429.92388916015625,647.5508422851562,107.673583984375,204.82696533203125,-1,-1,-1,-1
100,3,417.2983703613281,643.4207763671875,112.59237670898438,214.78680419921875,-1,-1,-1,-1
101,3,406.7543640136719,643.533447265625,116.21572875976562,214.76922607421875,-1,-1,-1,-1
102,3,393.09576416015625,647.877197265625,112.9676513671875,218.593994140625,-1,-1,-1,-1
103,3,391.50787353515625,656.0274658203125,103.275634765625,219.23828125,-1,-1,-1,-1
104,3,377.52862548828125,664.1844482421875,99.21673583984375,223.40057373046875,-1,-1,-1,-1
105,3,352.5841064453125,670.4334716796875,102.39013671875,230.2713623046875,-1,-1,-1,-1
106,3,339.6275634765625,688.2153930664062,102.48825073242188,234.29510498046875,-1,-1,-1,-1
107,3,331.9332275390625,687.6074829101562,100.02517700195312,235.853271484375,-1,-1,-1,-1
108,3,306.4504089355469,672.1754150390625,101.34100341796875,236.68426513671875,-1,-1,-1,-1
109,3,250.16189575195312,602.518310546875,113.13168334960938,238.3480224609375,-1,-1,-1,-1
110,3,205.70303344726562,546.203857421875,122.36276245117188,243.03692626953125,-1,-1,-1,-1
111,3,193.96693420410156,531.717529296875,118.97782897949219,246.12017822265625,-1,-1,-1,-1
112,3,247.61166381835938,508.04852294921875,108.35055541992188,241.85980224609375,-1,-1,-1,-1
113,3,293.9429016113281,521.921875,99.35488891601562,230.34783935546875,-1,-1,-1,-1
114,3,329.2980651855469,550.13525390625,96.64569091796875,225.759033203125,-1,-1,-1,-1
115,3,363.40740966796875,570.552001953125,91.9578857421875,218.0908203125,-1,-1,-1,-1
116,3,390.34429931640625,593.2877197265625,83.95458984375,214.70001220703125,-1,-1,-1,-1
117,3,412.2186584472656,616.30810546875,82.41513061523438,207.3291015625,-1,-1,-1,-1
118,3,440.6529235839844,632.5089721679688,73.38565063476562,196.186279296875,-1,-1,-1,-1
119,3,469.47698974609375,650.8901977539062,69.5308837890625,187.47808837890625,-1,-1,-1,-1
120,3,501.8034362792969,656.1051025390625,66.08010864257812,185.1904296875,-1,-1,-1,-1
121,3,519.2997436523438,646.4725952148438,63.7974853515625,183.0562744140625,-1,-1,-1,-1
122,3,530.0755615234375,643.3103637695312,62.20458984375,177.890869140625,-1,-1,-1,-1
123,3,539.1793212890625,643.124267578125,61.01690673828125,180.70550537109375,-1,-1,-1,-1
124,3,553.4426879882812,641.3862915039062,60.2508544921875,175.22686767578125,-1,-1,-1,-1
125,3,562.453857421875,651.7807006835938,61.1531982421875,173.66070556640625,-1,-1,-1,-1
126,3,578.2308349609375,649.296875,59.25537109375,174.37353515625,-1,-1,-1,-1
127,3,596.0917358398438,645.953857421875,56.5040283203125,170.286865234375,-1,-1,-1,-1
128,3,602.826904296875,644.736572265625,55.10931396484375,168.32720947265625,-1,-1,-1,-1
129,3,601.2681884765625,646.8947143554688,55.4190673828125,167.78509521484375,-1,-1,-1,-1
130,3,602.4119262695312,652.0494384765625,55.3450927734375,167.6776123046875,-1,-1,-1,-1
131,3,607.5875244140625,656.6093139648438,55.29986572265625,166.84344482421875,-1,-1,-1,-1
132,3,608.0133056640625,661.957763671875,54.85211181640625,163.6439208984375,-1,-1,-1,-1
133,3,610.6118774414062,664.6854248046875,54.7398681640625,165.12615966796875,-1,-1,-1,-1
134,3,613.3961791992188,664.7985229492188,51.72216796875,164.455078125,-1,-1,-1,-1
135,3,618.5475463867188,668.0399169921875,54.5068359375,168.65582275390625,-1,-1,-1,-1
136,3,630.27392578125,666.8547973632812,56.484619140625,174.17962646484375,-1,-1,-1,-1
137,3,644.126953125,668.8419189453125,57.18450927734375,170.6361083984375,-1,-1,-1,-1
138,3,647.5633544921875,648.6764526367188,81.26336669921875,194.01007080078125,-1,-1,-1,-1
139,3,644.5872192382812,644.494873046875,86.404541015625,183.82330322265625,-1,-1,-1,-1
140,3,640.3656616210938,646.6633911132812,84.51812744140625,159.52850341796875,-1,-1,-1,-1
142,3,653.1465454101562,647.5022583007812,65.6824951171875,137.6580810546875,-1,-1,-1,-1
143,3,658.1419677734375,648.5762939453125,60.15869140625,130.1513671875,-1,-1,-1,-1
168,4,689.2310180664062,619.3540649414062,78.07769775390625,189.0201416015625,-1,-1,-1,-1
169,4,683.420166015625,620.0368041992188,61.07196044921875,187.43963623046875,-1,-1,-1,-1
170,4,673.9767456054688,623.9901123046875,58.76544189453125,183.685546875,-1,-1,-1,-1
171,4,667.6336669921875,628.3485107421875,54.0439453125,172.31610107421875,-1,-1,-1,-1
172,4,660.686279296875,631.9893188476562,53.34014892578125,166.98626708984375,-1,-1,-1,-1
173,4,657.5670166015625,635.1832885742188,57.35400390625,171.60333251953125,-1,-1,-1,-1
174,4,656.76123046875,639.9292602539062,59.22430419921875,170.31353759765625,-1,-1,-1,-1
175,4,650.804931640625,640.5755615234375,59.9849853515625,172.3822021484375,-1,-1,-1,-1
176,4,649.25634765625,644.5640869140625,59.6724853515625,172.44451904296875,-1,-1,-1,-1
177,4,641.381591796875,645.446044921875,61.0343017578125,170.487548828125,-1,-1,-1,-1
178,4,631.1814575195312,648.0103149414062,61.338623046875,175.35205078125,-1,-1,-1,-1
179,4,623.815185546875,652.15576171875,62.149169921875,173.60986328125,-1,-1,-1,-1
180,4,621.3970336914062,653.5377197265625,63.58538818359375,174.031982421875,-1,-1,-1,-1
181,4,622.0253295898438,652.2774047851562,66.50494384765625,174.9354248046875,-1,-1,-1,-1
182,4,617.4467163085938,657.9653930664062,67.6939697265625,176.1298828125,-1,-1,-1,-1
183,4,613.7523803710938,655.8532104492188,69.03143310546875,175.85748291015625,-1,-1,-1,-1
184,4,601.9801025390625,663.40673828125,69.856689453125,177.5137939453125,-1,-1,-1,-1
185,4,591.8605346679688,667.5216674804688,72.69927978515625,177.86541748046875,-1,-1,-1,-1
186,4,586.8101806640625,668.6726684570312,68.738037109375,180.84405517578125,-1,-1,-1,-1
187,4,578.7202758789062,668.468994140625,71.395751953125,183.43902587890625,-1,-1,-1,-1
188,4,571.7006225585938,671.1214599609375,68.99029541015625,184.3741455078125,-1,-1,-1,-1
189,4,564.0382690429688,671.8993530273438,70.413818359375,184.75537109375,-1,-1,-1,-1
190,4,558.0851440429688,670.7067260742188,68.28070068359375,185.64495849609375,-1,-1,-1,-1
191,4,550.9871826171875,669.3780517578125,66.421630859375,197.0023193359375,-1,-1,-1,-1
192,4,522.0017700195312,660.2486572265625,88.08868408203125,193.92974853515625,-1,-1,-1,-1
193,4,529.4485473632812,675.2803344726562,68.1370849609375,191.377197265625,-1,-1,-1,-1
194,4,516.148681640625,682.3655395507812,71.17034912109375,188.37664794921875,-1,-1,-1,-1
195,4,502.2601318359375,695.5794677734375,76.39447021484375,189.59686279296875,-1,-1,-1,-1
196,4,487.1673278808594,695.0804443359375,78.07125854492188,190.0218505859375,-1,-1,-1,-1
197,4,466.6590576171875,692.296630859375,83.47894287109375,192.8975830078125,-1,-1,-1,-1
198,4,454.4345397949219,696.533447265625,84.14883422851562,195.05950927734375,-1,-1,-1,-1
199,4,455.93218994140625,690.0589599609375,83.98907470703125,194.59100341796875,-1,-1,-1,-1
200,4,459.0396728515625,672.5127563476562,80.64801025390625,196.633056640625,-1,-1,-1,-1
201,4,456.4781799316406,673.6595458984375,82.39315795898438,198.219482421875,-1,-1,-1,-1
202,4,449.9962463378906,687.892822265625,82.83383178710938,199.9449462890625,-1,-1,-1,-1
203,4,444.560546875,698.4423828125,81.9666748046875,200.8533935546875,-1,-1,-1,-1
204,4,438.755859375,716.62744140625,82.9940185546875,207.2474365234375,-1,-1,-1,-1
205,4,431.9480285644531,736.0842895507812,80.42538452148438,207.18939208984375,-1,-1,-1,-1
206,4,413.5581970214844,750.9418334960938,83.95578002929688,210.06243896484375,-1,-1,-1,-1
207,4,412.1772766113281,766.9041748046875,82.6817626953125,211.0911865234375,-1,-1,-1,-1
208,4,422.7196960449219,772.9464111328125,80.80908203125,209.2198486328125,-1,-1,-1,-1
209,4,427.6838073730469,762.4519653320312,75.37066650390625,207.53619384765625,-1,-1,-1,-1
210,4,433.951416015625,748.1612548828125,72.79849243164062,207.04638671875,-1,-1,-1,-1
211,4,447.51068115234375,736.2664184570312,70.381103515625,204.760986328125,-1,-1,-1,-1
212,4,460.611083984375,722.1707153320312,69.67364501953125,204.38922119140625,-1,-1,-1,-1
213,4,469.9549865722656,716.6796264648438,68.21694946289062,205.2532958984375,-1,-1,-1,-1
214,4,478.305908203125,709.44140625,67.6181640625,202.30792236328125,-1,-1,-1,-1
215,4,491.4859313964844,712.44873046875,68.62887573242188,201.11834716796875,-1,-1,-1,-1
216,4,502.014404296875,721.0401000976562,67.42156982421875,202.2025146484375,-1,-1,-1,-1
217,4,513.9287719726562,729.8265991210938,67.43817138671875,204.9573974609375,-1,-1,-1,-1
218,4,525.517578125,730.3978271484375,67.20135498046875,205.765869140625,-1,-1,-1,-1
219,4,530.069580078125,730.2494506835938,67.2333984375,205.59197998046875,-1,-1,-1,-1
220,4,544.8912353515625,730.5972900390625,66.45611572265625,204.965576171875,-1,-1,-1,-1
221,4,561.0565185546875,738.599853515625,65.677001953125,201.447265625,-1,-1,-1,-1
222,4,576.8463134765625,748.8576049804688,66.2840576171875,202.3018798828125,-1,-1,-1,-1
223,4,588.5743408203125,747.6364135742188,65.2220458984375,201.32720947265625,-1,-1,-1,-1
224,4,593.1744384765625,735.789794921875,66.462890625,201.35101318359375,-1,-1,-1,-1
225,4,598.9324951171875,722.8143310546875,66.80157470703125,198.5604248046875,-1,-1,-1,-1
226,4,601.2090454101562,711.0885620117188,68.4127197265625,196.765625,-1,-1,-1,-1
227,4,603.6132202148438,713.6566772460938,72.40338134765625,195.4376220703125,-1,-1,-1,-1
228,4,598.677001953125,717.9053344726562,76.24468994140625,196.15313720703125,-1,-1,-1,-1
229,4,593.478759765625,724.4678955078125,80.47088623046875,197.13818359375,-1,-1,-1,-1
230,4,589.8822631835938,728.0663452148438,83.29791259765625,197.0037841796875,-1,-1,-1,-1
231,4,588.3092651367188,730.1192016601562,82.85845947265625,198.0452880859375,-1,-1,-1,-1
232,4,586.8052368164062,733.94677734375,80.75946044921875,199.76788330078125,-1,-1,-1,-1
233,4,583.1763916015625,743.1748657226562,79.511962890625,200.65899658203125,-1,-1,-1,-1
234,4,574.6404418945312,755.3311157226562,76.60369873046875,200.74456787109375,-1,-1,-1,-1
235,4,561.4371948242188,772.23193359375,76.97515869140625,208.156494140625,-1,-1,-1,-1
236,4,547.3368530273438,788.4685668945312,80.073974609375,209.4857177734375,-1,-1,-1,-1
237,4,531.0067138671875,801.3148803710938,83.699462890625,213.60296630859375,-1,-1,-1,-1
238,4,528.2830810546875,794.8987426757812,83.5035400390625,211.20367431640625,-1,-1,-1,-1
239,4,531.6590576171875,780.250732421875,88.07574462890625,210.1746826171875,-1,-1,-1,-1
240,4,527.5886840820312,767.4774780273438,83.23748779296875,210.14471435546875,-1,-1,-1,-1
241,4,523.771728515625,757.8810424804688,83.3564453125,206.0159912109375,-1,-1,-1,-1
242,4,516.641357421875,748.2095947265625,79.9298095703125,207.38311767578125,-1,-1,-1,-1
243,4,503.9533386230469,744.5324096679688,82.33663940429688,205.758544921875,-1,-1,-1,-1
244,4,483.6142578125,739.1865844726562,90.1561279296875,207.38946533203125,-1,-1,-1,-1
245,4,477.31396484375,743.0841064453125,86.0606689453125,206.9998779296875,-1,-1,-1,-1
246,4,469.03802490234375,745.1077880859375,88.75384521484375,207.5333251953125,-1,-1,-1,-1
247,4,460.05206298828125,736.2612915039062,88.0770263671875,211.51666259765625,-1,-1,-1,-1
248,4,452.62384033203125,752.5109252929688,89.17156982421875,211.3978271484375,-1,-1,-1,-1
249,4,445.1939392089844,757.909912109375,89.99533081054688,209.2333984375,-1,-1,-1,-1
250,4,426.0152282714844,757.701416015625,96.76162719726562,212.371826171875,-1,-1,-1,-1
251,4,409.3066101074219,763.9157104492188,98.22830200195312,217.7115478515625,-1,-1,-1,-1
252,4,407.1159973144531,771.0427856445312,92.18707275390625,219.986572265625,-1,-1,-1,-1
253,4,392.17156982421875,776.475341796875,105.89785766601562,220.660400390625,-1,-1,-1,-1
254,4,392.9177551269531,773.0161743164062,98.668212890625,221.034912109375,-1,-1,-1,-1
255,4,378.549072265625,767.9445190429688,110.20584106445312,223.95782470703125,-1,-1,-1,-1
256,4,379.3155517578125,770.4078979492188,104.07321166992188,224.300537109375,-1,-1,-1,-1
257,4,381.4249572753906,769.7291259765625,99.94772338867188,226.86810302734375,-1,-1,-1,-1
258,4,382.0685729980469,762.9534912109375,104.28536987304688,229.7708740234375,-1,-1,-1,-1
259,4,381.1181640625,756.8037719726562,106.17483520507812,229.3985595703125,-1,-1,-1,-1
260,4,379.9263000488281,745.12646484375,115.40145874023438,227.85699462890625,-1,-1,-1,-1
261,4,385.7113037109375,736.6077270507812,107.89810180664062,227.13897705078125,-1,-1,-1,-1
262,4,384.1213684082031,734.3805541992188,109.19692993164062,228.81024169921875,-1,-1,-1,-1
263,4,382.7370300292969,732.017333984375,113.03933715820312,231.36102294921875,-1,-1,-1,-1
264,4,381.6643981933594,736.2904052734375,107.28958129882812,228.1319580078125,-1,-1,-1,-1
265,4,383.2254638671875,734.2868041992188,110.91036987304688,231.2122802734375,-1,-1,-1,-1
266,4,392.9043273925781,732.3683471679688,107.22991943359375,232.13427734375,-1,-1,-1,-1
267,4,403.32867431640625,738.2161865234375,105.95870971679688,235.6800537109375,-1,-1,-1,-1
268,4,412.0509338378906,745.3252563476562,118.21664428710938,236.34271240234375,-1,-1,-1,-1
269,4,418.1539611816406,750.6987915039062,106.53585815429688,232.06195068359375,-1,-1,-1,-1
270,4,423.68145751953125,754.765625,106.0823974609375,235.881103515625,-1,-1,-1,-1
271,4,426.5148620605469,760.2384033203125,111.40127563476562,235.09393310546875,-1,-1,-1,-1
272,4,439.686767578125,759.769775390625,114.8126220703125,230.50750732421875,-1,-1,-1,-1
273,4,453.41192626953125,758.8410034179688,115.2628173828125,229.51654052734375,-1,-1,-1,-1
274,4,460.85223388671875,759.0953369140625,124.50445556640625,227.281494140625,-1,-1,-1,-1
275,4,467.9583740234375,761.8047485351562,121.98724365234375,224.46136474609375,-1,-1,-1,-1
276,4,470.96514892578125,761.1595458984375,118.99591064453125,222.67901611328125,-1,-1,-1,-1
277,4,470.61572265625,761.37060546875,123.4896240234375,222.1981201171875,-1,-1,-1,-1
278,4,466.35791015625,763.1842041015625,122.99212646484375,227.04583740234375,-1,-1,-1,-1
279,4,467.3863525390625,755.2145385742188,119.09375,226.27996826171875,-1,-1,-1,-1
280,4,470.5641784667969,748.8009033203125,124.06729125976562,226.75347900390625,-1,-1,-1,-1
281,4,518.8370361328125,751.4749145507812,126.07086181640625,224.10546875,-1,-1,-1,-1
282,4,543.4117431640625,758.8807983398438,126.14654541015625,220.8428955078125,-1,-1,-1,-1
283,4,523.3283081054688,787.845947265625,124.7781982421875,236.99359130859375,-1,-1,-1,-1
284,4,480.19384765625,743.0291748046875,122.80609130859375,237.98040771484375,-1,-1,-1,-1
285,4,467.3590087890625,667.6331787109375,123.81158447265625,229.7318115234375,-1,-1,-1,-1
286,4,466.73651123046875,648.9022827148438,135.42572021484375,231.9014892578125,-1,-1,-1,-1
287,4,511.87548828125,672.0348510742188,144.8953857421875,230.52923583984375,-1,-1,-1,-1
288,4,501.5708312988281,664.9019165039062,137.64657592773438,240.24981689453125,-1,-1,-1,-1
289,4,445.2098083496094,674.4451904296875,142.84622192382812,254.6678466796875,-1,-1,-1,-1
290,4,470.97149658203125,707.3468017578125,145.73773193359375,259.72979736328125,-1,-1,-1,-1
291,4,487.5075378417969,733.6087646484375,135.77432250976562,281.6292724609375,-1,-1,-1,-1
292,4,444.8404235839844,790.300048828125,144.85159301757812,292.38818359375,-1,-1,-1,-1
293,4,534.3186645507812,774.614501953125,139.7906494140625,311.537353515625,-1,-1,-1,-1
294,4,498.370849609375,736.2284545898438,146.6414794921875,317.68524169921875,-1,-1,-1,-1
295,4,522.8228149414062,715.1117553710938,146.80438232421875,322.94879150390625,-1,-1,-1,-1
296,4,540.3797607421875,685.44677734375,146.55963134765625,322.134033203125,-1,-1,-1,-1
297,4,527.7139892578125,654.6004638671875,150.45379638671875,325.53436279296875,-1,-1,-1,-1
298,4,561.4697875976562,674.244384765625,150.16778564453125,326.9085693359375,-1,-1,-1,-1
299,4,580.0880126953125,722.9368286132812,151.426025390625,329.02459716796875,-1,-1,-1,-1
300,4,608.1989135742188,776.91162109375,153.610595703125,337.2640380859375,-1,-1,-1,-1
301,4,640.4750366210938,818.5429077148438,161.21551513671875,343.64898681640625,-1,-1,-1,-1
302,4,656.53466796875,857.9970092773438,168.68572998046875,347.72589111328125,-1,-1,-1,-1
303,4,670.7052001953125,883.1685791015625,170.4798583984375,345.8350830078125,-1,-1,-1,-1
304,4,674.4717407226562,892.69091796875,168.00775146484375,340.5091552734375,-1,-1,-1,-1
305,4,673.3984985351562,900.653564453125,162.344970703125,333.2071533203125,-1,-1,-1,-1
306,4,671.8125610351562,910.7392578125,152.423828125,327.9281005859375,-1,-1,-1,-1
307,4,669.7587280273438,922.8408813476562,151.333740234375,326.94110107421875,-1,-1,-1,-1
308,4,680.6098022460938,923.7125244140625,147.4185791015625,323.425537109375,-1,-1,-1,-1
309,4,695.5769653320312,914.1819458007812,142.83233642578125,314.17266845703125,-1,-1,-1,-1
310,4,715.3802490234375,898.03125,136.72601318359375,307.95458984375,-1,-1,-1,-1
311,4,746.7003173828125,880.7835693359375,134.59088134765625,302.0015869140625,-1,-1,-1,-1
