1,1,1250.623779296875,527.0462036132812,146.4595947265625,368.23138427734375,-1,-1,-1,-1
2,1,1263.572509765625,514.5028076171875,141.25146484375,371.78643798828125,-1,-1,-1,-1
3,1,1275.6893310546875,507.1046447753906,130.9801025390625,375.2132263183594,-1,-1,-1,-1
4,1,1284.048095703125,494.9786376953125,123.758544921875,379.72076416015625,-1,-1,-1,-1
5,1,1294.384521484375,481.89971923828125,113.427978515625,384.434326171875,-1,-1,-1,-1
6,1,1301.6346435546875,470.2177429199219,106.58984375,385.9925842285156,-1,-1,-1,-1
7,1,1307.224853515625,456.6822204589844,101.084716796875,389.8558044433594,-1,-1,-1,-1
8,1,1309.5771484375,444.475341796875,98.788330078125,389.4114990234375,-1,-1,-1,-1
9,1,1313.581787109375,441.5838623046875,94.9039306640625,388.9234619140625,-1,-1,-1,-1
10,1,1317.1591796875,446.0093078613281,91.556396484375,388.0013122558594,-1,-1,-1,-1
11,1,1317.2191162109375,452.14501953125,91.4632568359375,387.58978271484375,-1,-1,-1,-1
12,1,1312.329345703125,462.5648498535156,95.8475341796875,385.9777526855469,-1,-1,-1,-1
13,1,1304.542724609375,471.45611572265625,103.0625,382.24163818359375,-1,-1,-1,-1
14,1,1296.2999267578125,479.77679443359375,110.9168701171875,377.80889892578125,-1,-1,-1,-1
15,1,1286.099853515625,484.3851013183594,121.093017578125,371.2295837402344,-1,-1,-1,-1
16,1,1273.5843505859375,482.2469787597656,132.0474853515625,363.5023498535156,-1,-1,-1,-1
17,1,1258.7784423828125,477.14044189453125,141.0115966796875,359.44732666015625,-1,-1,-1,-1
18,1,1244.646240234375,475.8027648925781,142.82275390625,353.5585021972656,-1,-1,-1,-1
19,1,1231.50341796875,480.1374816894531,141.696533203125,347.4627380371094,-1,-1,-1,-1
20,1,1223.0908203125,483.9505310058594,139.94775390625,343.5950622558594,-1,-1,-1,-1
21,1,1214.3526611328125,493.4839782714844,137.6290283203125,335.9447326660156,-1,-1,-1,-1
22,1,1205.2056884765625,508.5079040527344,138.1671142578125,334.2991638183594,-1,-1,-1,-1
23,1,1200.022216796875,521.2077026367188,137.154296875,329.98394775390625,-1,-1,-1,-1
24,1,1191.6890869140625,527.9111328125,135.501953125,327.53729248046875,-1,-1,-1,-1
25,1,1185.956298828125,535.267822265625,135.1063232421875,326.61004638671875,-1,-1,-1,-1
26,1,1182.5107421875,540.1878051757812,135.0997314453125,324.82275390625,-1,-1,-1,-1
27,1,1179.35693359375,540.39794921875,135.5355224609375,324.8447265625,-1,-1,-1,-1
28,1,1174.9390869140625,537.9912719726562,137.033203125,323.4365234375,-1,-1,-1,-1
29,1,1172.731201171875,533.0259399414062,136.9803466796875,323.861572265625,-1,-1,-1,-1
30,1,1173.9073486328125,526.8314208984375,134.31591796875,324.3702392578125,-1,-1,-1,-1
31,1,1179.03662109375,524.7679443359375,135.884765625,325.5264892578125,-1,-1,-1,-1
32,1,1185.1597900390625,525.23486328125,137.4827880859375,328.51611328125,-1,-1,-1,-1
33,1,1197.78857421875,521.3251953125,139.390625,331.65972900390625,-1,-1,-1,-1
34,1,1211.3785400390625,528.1646728515625,137.4029541015625,338.948974609375,-1,-1,-1,-1
35,1,1214.3970947265625,535.0664672851562,139.543212890625,342.68182373046875,-1,-1,-1,-1
36,1,1218.0694580078125,517.4737548828125,142.330078125,346.367919921875,-1,-1,-1,-1
37,1,1205.5421142578125,491.8993835449219,142.58642578125,344.9287414550781,-1,-1,-1,-1
38,1,1193.3321533203125,494.36785888671875,141.0950927734375,339.18927001953125,-1,-1,-1,-1
39,1,1194.9521484375,497.13104248046875,137.31298828125,336.46441650390625,-1,-1,-1,-1
40,1,1188.107177734375,495.3218994140625,136.181884765625,333.17755126953125,-1,-1,-1,-1
41,1,1170.4498291015625,499.8786926269531,135.264892578125,325.9884338378906,-1,-1,-1,-1
42,1,1158.6080322265625,517.4189453125,132.3946533203125,320.1815185546875,-1,-1,-1,-1
43,1,1145.5185546875,542.6017456054688,134.6195068359375,312.17303466796875,-1,-1,-1,-1
44,1,1137.525390625,562.940185546875,127.542236328125,307.96856689453125,-1,-1,-1,-1
45,1,1137.9300537109375,573.55810546875,128.5987548828125,304.9820556640625,-1,-1,-1,-1
46,1,1135.4625244140625,583.0513305664062,129.8065185546875,303.57989501953125,-1,-1,-1,-1
47,1,1128.7977294921875,586.74951171875,132.4112548828125,298.7545166015625,-1,-1,-1,-1
48,1,1117.8460693359375,584.5613403320312,124.357666015625,297.02166748046875,-1,-1,-1,-1
49,1,1114.09423828125,579.9454345703125,125.8310546875,295.5391845703125,-1,-1,-1,-1
50,1,1110.3192138671875,566.015625,132.8475341796875,295.63055419921875,-1,-1,-1,-1
51,1,1105.2041015625,556.096435546875,134.2705078125,297.2601318359375,-1,-1,-1,-1
52,1,1101.54736328125,551.2135620117188,134.4749755859375,294.73260498046875,-1,-1,-1,-1
53,1,1100.418212890625,550.3921508789062,133.5673828125,294.680908203125,-1,-1,-1,-1
54,1,1102.7122802734375,550.7791748046875,138.1888427734375,298.0399169921875,-1,-1,-1,-1
55,1,1108.5572509765625,555.6778564453125,134.79296875,301.80731201171875,-1,-1,-1,-1
56,1,1121.2528076171875,539.2415161132812,137.59228515625,305.83599853515625,-1,-1,-1,-1
57,1,1129.1068115234375,522.6366577148438,140.1583251953125,308.04364013671875,-1,-1,-1,-1
58,1,1130.1885986328125,508.78228759765625,133.855224609375,310.584228515625,-1,-1,-1,-1
59,1,1129.1932373046875,494.8656005859375,134.0155029296875,312.252197265625,-1,-1,-1,-1
60,1,1124.9632568359375,482.7517395019531,131.66748046875,314.6013488769531,-1,-1,-1,-1
61,1,1120.513916015625,476.395751953125,135.947998046875,313.56005859375,-1,-1,-1,-1
62,1,1117.5274658203125,472.4656982421875,139.0699462890625,314.92230224609375,-1,-1,-1,-1
63,1,1104.3310546875,468.9747009277344,131.991943359375,316.2605895996094,-1,-1,-1,-1
64,1,1089.8743896484375,468.1573486328125,130.574951171875,312.81280517578125,-1,-1,-1,-1
65,1,1080.6507568359375,478.35772705078125,132.7720947265625,308.6715087890625,-1,-1,-1,-1
66,1,1069.5296630859375,490.4230041503906,136.728515625,304.1575622558594,-1,-1,-1,-1
67,1,1040.76953125,505.9622497558594,138.3192138671875,296.5591735839844,-1,-1,-1,-1
68,1,1000.2960815429688,519.3088989257812,131.85076904296875,289.31842041015625,-1,-1,-1,-1
69,1,970.5543212890625,520.808837890625,129.8623046875,280.76416015625,-1,-1,-1,-1
70,1,963.9718017578125,514.336669921875,128.9652099609375,280.37908935546875,-1,-1,-1,-1
71,1,966.819580078125,508.8953552246094,134.7410888671875,277.0146179199219,-1,-1,-1,-1
72,1,971.165283203125,508.0988464355469,127.0380859375,275.9584045410156,-1,-1,-1,-1
73,1,975.9051513671875,506.10589599609375,126.8372802734375,275.23101806640625,-1,-1,-1,-1
74,1,978.7840576171875,504.3620300292969,128.641357421875,273.4700622558594,-1,-1,-1,-1
75,1,988.3714599609375,503.0371398925781,128.880126953125,271.6261901855469,-1,-1,-1,-1
76,1,999.692626953125,498.1231384277344,128.44970703125,273.0917053222656,-1,-1,-1,-1
77,1,1009.5321044921875,491.8672790527344,129.1776123046875,275.1465759277344,-1,-1,-1,-1
78,1,1022.2515258789062,485.838134765625,132.32464599609375,277.111083984375,-1,-1,-1,-1
79,1,1036.4322509765625,489.72564697265625,130.7613525390625,277.2791748046875,-1,-1,-1,-1
80,1,1044.42822265625,494.7386779785156,131.9349365234375,277.5536804199219,-1,-1,-1,-1
81,1,1047.49658203125,498.2587585449219,136.24755859375,278.9708557128906,-1,-1,-1,-1
82,1,1053.6400146484375,495.9560546875,138.5767822265625,281.3470458984375,-1,-1,-1,-1
83,1,1065.2584228515625,490.81512451171875,140.645751953125,283.3817138671875,-1,-1,-1,-1
84,1,1077.41748046875,487.7524719238281,143.6033935546875,286.2569885253906,-1,-1,-1,-1
85,1,1088.94287109375,487.31591796875,143.658935546875,289.95025634765625,-1,-1,-1,-1
86,1,1102.0284423828125,487.4989929199219,144.5841064453125,294.4772033691406,-1,-1,-1,-1
87,1,1118.33349609375,486.44232177734375,149.484619140625,299.2578125,-1,-1,-1,-1
88,1,1137.5740966796875,489.8471984863281,151.0533447265625,304.3372497558594,-1,-1,-1,-1
89,1,1153.7222900390625,492.27178955078125,154.93896484375,308.1607666015625,-1,-1,-1,-1
90,1,1169.50732421875,485.3622131347656,157.543212890625,316.0154113769531,-1,-1,-1,-1
91,1,1188.1552734375,478.54718017578125,158.665283203125,321.63702392578125,-1,-1,-1,-1
92,1,1207.1680908203125,488.98785400390625,159.285888671875,331.8035888671875,-1,-1,-1,-1
93,1,1230.3167724609375,493.27716064453125,159.8443603515625,340.02215576171875,-1,-1,-1,-1
94,1,1277.0582275390625,471.41851806640625,130.1151123046875,358.12158203125,-1,-1,-1,-1
95,1,1330.412109375,440.1632385253906,77.0020751953125,377.9771423339844,-1,-1,-1,-1
96,1,1203.995361328125,412.04119873046875,146.70068359375,428.22943115234375,-1,-1,-1,-1
1,2,701.6234741210938,530.971923828125,165.1514892578125,512.298583984375,-1,-1,-1,-1
2,2,703.8030395507812,521.4461059570312,165.71002197265625,521.2289428710938,-1,-1,-1,-1
3,2,707.9227905273438,513.7695922851562,163.91552734375,529.7587280273438,-1,-1,-1,-1
4,2,711.3193359375,503.9016418457031,163.6904296875,539.1114501953125,-1,-1,-1,-1
5,2,715.4705810546875,490.12353515625,164.42193603515625,545.21533203125,-1,-1,-1,-1
6,2,716.9339599609375,473.7414245605469,167.999755859375,548.769287109375,-1,-1,-1,-1
7,2,719.2488403320312,459.4286804199219,170.7757568359375,551.83203125,-1,-1,-1,-1
8,2,719.37890625,447.4429931640625,175.06744384765625,561.2841186523438,-1,-1,-1,-1
9,2,724.42626953125,442.39599609375,175.76226806640625,577.4578247070312,-1,-1,-1,-1
10,2,729.0530395507812,440.6949462890625,180.3046875,596.2255859375,-1,-1,-1,-1
11,2,731.07421875,447.2498474121094,181.368896484375,604.7177734375,-1,-1,-1,-1
12,2,730.30810546875,464.559814453125,181.988037109375,601.996826171875,-1,-1,-1,-1
13,2,730.086181640625,483.97833251953125,183.03729248046875,595.4832153320312,-1,-1,-1,-1
14,2,729.8773803710938,499.64459228515625,183.78521728515625,587.6253051757812,-1,-1,-1,-1
15,2,730.1224365234375,506.196533203125,182.41912841796875,580.63427734375,-1,-1,-1,-1
16,2,729.0824584960938,503.10211181640625,178.36376953125,575.3049926757812,-1,-1,-1,-1
17,2,727.5170288085938,499.44390869140625,173.5888671875,562.4860229492188,-1,-1,-1,-1
18,2,724.2435302734375,500.08367919921875,169.590576171875,551.1685180664062,-1,-1,-1,-1
19,2,722.1975708007812,506.9796447753906,167.20379638671875,541.932373046875,-1,-1,-1,-1
20,2,720.4864501953125,510.69329833984375,166.0206298828125,533.8399047851562,-1,-1,-1,-1
21,2,718.4015502929688,516.85888671875,165.06829833984375,527.4588623046875,-1,-1,-1,-1
22,2,716.2108764648438,531.3910522460938,167.012451171875,523.3655395507812,-1,-1,-1,-1
23,2,715.4523315429688,541.00537109375,168.16741943359375,519.9215087890625,-1,-1,-1,-1
24,2,714.0617065429688,546.4218139648438,169.89385986328125,514.7918090820312,-1,-1,-1,-1
25,2,712.4832153320312,556.2255859375,172.6065673828125,512.565673828125,-1,-1,-1,-1
26,2,713.7614135742188,561.8331298828125,174.49725341796875,510.690673828125,-1,-1,-1,-1
27,2,713.5978393554688,561.0587158203125,176.41253662109375,510.487060546875,-1,-1,-1,-1
28,2,711.9407348632812,559.4021606445312,176.68792724609375,516.6665649414062,-1,-1,-1,-1
29,2,710.8682861328125,555.1936645507812,176.57244873046875,534.3869018554688,-1,-1,-1,-1
30,2,711.4417114257812,547.3375244140625,175.9119873046875,559.7664794921875,-1,-1,-1,-1
31,2,714.103515625,541.0468139648438,173.19775390625,583.8068237304688,-1,-1,-1,-1
32,2,714.9352416992188,536.9541625976562,173.413330078125,605.3189086914062,-1,-1,-1,-1
33,2,718.3236694335938,520.8162841796875,178.46026611328125,628.38720703125,-1,-1,-1,-1
34,2,723.9251098632812,525.7064208984375,186.23309326171875,659.342529296875,-1,-1,-1,-1
35,2,726.415283203125,528.75634765625,193.662353515625,688.98291015625,-1,-1,-1,-1
36,2,720.8065185546875,487.5018310546875,205.84112548828125,699.872314453125,-1,-1,-1,-1
37,2,713.2047119140625,467.9478759765625,205.030517578125,694.2471923828125,-1,-1,-1,-1
38,2,714.7633056640625,487.52459716796875,202.53033447265625,679.0559692382812,-1,-1,-1,-1
39,2,724.2245483398438,499.8257751464844,203.63592529296875,651.89697265625,-1,-1,-1,-1
40,2,732.3675537109375,507.85748291015625,198.51611328125,622.8903198242188,-1,-1,-1,-1
41,2,734.2762451171875,527.7562255859375,190.81243896484375,595.0611572265625,-1,-1,-1,-1
42,2,738.6900024414062,550.9928588867188,179.92626953125,577.1989135742188,-1,-1,-1,-1
43,2,727.5496826171875,573.6679077148438,182.502197265625,548.5319213867188,-1,-1,-1,-1
44,2,733.019287109375,583.6170043945312,167.731201171875,525.1439819335938,-1,-1,-1,-1
45,2,735.60498046875,585.5093383789062,162.3463134765625,509.54620361328125,-1,-1,-1,-1
46,2,735.6863403320312,594.5950317382812,159.5618896484375,494.89337158203125,-1,-1,-1,-1
47,2,730.9461669921875,598.41796875,156.302001953125,476.97021484375,-1,-1,-1,-1
48,2,721.868408203125,598.2996826171875,155.76806640625,469.1005859375,-1,-1,-1,-1
49,2,719.5073852539062,594.8780517578125,157.37371826171875,467.738525390625,-1,-1,-1,-1
50,2,717.8626098632812,583.6256713867188,160.06341552734375,465.33062744140625,-1,-1,-1,-1
51,2,711.4948120117188,573.8411865234375,162.189208984375,464.7677001953125,-1,-1,-1,-1
52,2,703.7619018554688,567.5303955078125,161.23614501953125,467.252685546875,-1,-1,-1,-1
53,2,699.7867431640625,562.9725952148438,164.73779296875,472.25628662109375,-1,-1,-1,-1
54,2,696.8684692382812,562.1604614257812,160.13214111328125,478.59576416015625,-1,-1,-1,-1
55,2,700.5804443359375,568.50439453125,157.66607666015625,486.91259765625,-1,-1,-1,-1
56,2,705.2239990234375,552.5671997070312,170.0216064453125,491.50189208984375,-1,-1,-1,-1
57,2,707.6163330078125,536.1744384765625,181.21563720703125,496.980224609375,-1,-1,-1,-1
58,2,709.130126953125,524.0912475585938,207.13616943359375,502.49530029296875,-1,-1,-1,-1
59,2,708.470703125,507.2053527832031,238.38592529296875,507.3598937988281,-1,-1,-1,-1
60,2,706.4642944335938,494.19415283203125,262.62298583984375,511.70172119140625,-1,-1,-1,-1
61,2,707.6536865234375,484.96612548828125,269.95111083984375,515.2012939453125,-1,-1,-1,-1
62,2,710.6631469726562,478.74713134765625,265.00030517578125,521.1369018554688,-1,-1,-1,-1
63,2,709.0158081054688,473.7284240722656,261.7379150390625,525.5419921875,-1,-1,-1,-1
64,2,704.9473876953125,476.63275146484375,258.0887451171875,525.8033447265625,-1,-1,-1,-1
65,2,702.8287353515625,483.41192626953125,253.445068359375,525.4996948242188,-1,-1,-1,-1
66,2,693.826416015625,492.806884765625,263.10455322265625,521.9443969726562,-1,-1,-1,-1
67,2,677.4168090820312,504.6900939941406,273.20941162109375,514.5816650390625,-1,-1,-1,-1
68,2,654.7830810546875,511.377685546875,273.90826416015625,504.80963134765625,-1,-1,-1,-1
69,2,642.4990234375,508.46136474609375,280.33428955078125,494.7740478515625,-1,-1,-1,-1
70,2,646.1372680664062,502.0557861328125,284.56103515625,484.4747314453125,-1,-1,-1,-1
71,2,659.5447998046875,498.74365234375,282.54010009765625,477.12255859375,-1,-1,-1,-1
72,2,667.935546875,500.592041015625,278.56768798828125,469.432373046875,-1,-1,-1,-1
73,2,675.7356567382812,501.0168151855469,269.339599609375,464.9711608886719,-1,-1,-1,-1
74,2,671.748046875,503.7038269042969,267.24822998046875,461.1382141113281,-1,-1,-1,-1
75,2,658.156005859375,504.7626037597656,276.0703125,458.0142517089844,-1,-1,-1,-1
76,2,655.6179809570312,502.21368408203125,267.0244140625,455.59027099609375,-1,-1,-1,-1
77,2,653.7044677734375,498.3537902832031,265.051513671875,453.5007019042969,-1,-1,-1,-1
78,2,652.7733154296875,495.0693664550781,265.1448974609375,448.5833435058594,-1,-1,-1,-1
79,2,654.6392211914062,494.7363586425781,257.83966064453125,447.0055847167969,-1,-1,-1,-1
80,2,654.2921142578125,501.83258056640625,257.18353271484375,449.890869140625,-1,-1,-1,-1
81,2,662.884521484375,512.2680358886719,254.9927978515625,451.7478942871094,-1,-1,-1,-1
82,2,673.0303344726562,514.1619873046875,255.7044677734375,458.9146728515625,-1,-1,-1,-1
83,2,679.8875122070312,509.1197509765625,259.1195068359375,462.3836669921875,-1,-1,-1,-1
84,2,686.271240234375,507.3802490234375,252.671142578125,466.97900390625,-1,-1,-1,-1
85,2,690.32275390625,508.6763610839844,232.69049072265625,475.1403503417969,-1,-1,-1,-1
86,2,682.1181640625,507.5471496582031,221.1383056640625,482.3344421386719,-1,-1,-1,-1
87,2,684.2460327148438,502.7535095214844,192.36346435546875,495.2023620605469,-1,-1,-1,-1
88,2,689.3802490234375,499.4409484863281,187.22003173828125,509.1719055175781,-1,-1,-1,-1
89,2,689.5361328125,497.55780029296875,195.64239501953125,524.3064575195312,-1,-1,-1,-1
90,2,689.43115234375,493.5326232910156,202.690673828125,540.4388427734375,-1,-1,-1,-1
91,2,687.5621337890625,486.0706787109375,217.187744140625,553.735595703125,-1,-1,-1,-1
92,2,677.728271484375,496.31402587890625,237.50335693359375,571.9017944335938,-1,-1,-1,-1
93,2,666.5304565429688,500.2636413574219,256.56890869140625,596.953369140625,-1,-1,-1,-1
94,2,642.8505859375,480.72906494140625,305.9608154296875,637.5101928710938,-1,-1,-1,-1
95,2,622.277099609375,453.53558349609375,368.7529296875,694.7598266601562,-1,-1,-1,-1
96,2,609.1318359375,424.4138488769531,453.1748046875,764.4637451171875,-1,-1,-1,-1
97,2,517.5486450195312,394.79217529296875,613.3107299804688,835.4895629882812,-1,-1,-1,-1
98,2,416.3849792480469,337.98284912109375,841.2001953125,855.1611938476562,-1,-1,-1,-1
99,2,359.1488037109375,311.5870361328125,908.7847900390625,850.7142333984375,-1,-1,-1,-1
100,2,387.2101745605469,333.3124694824219,804.8231201171875,823.666748046875,-1,-1,-1,-1
101,2,446.97216796875,422.549072265625,707.013427734375,755.8302001953125,-1,-1,-1,-1
102,2,482.760498046875,522.2874145507812,657.0277099609375,663.5169067382812,-1,-1,-1,-1
103,2,499.90863037109375,567.389892578125,570.5806274414062,611.8258056640625,-1,-1,-1,-1
104,2,516.3123779296875,590.8461303710938,466.782958984375,565.1231079101562,-1,-1,-1,-1
105,2,525.4338989257812,591.2244873046875,431.04400634765625,531.7340087890625,-1,-1,-1,-1
106,2,544.8362426757812,571.4595947265625,405.16741943359375,515.478759765625,-1,-1,-1,-1
107,2,567.2920532226562,576.0858764648438,399.20782470703125,526.8899536132812,-1,-1,-1,-1
108,2,590.1361083984375,589.9564819335938,411.33734130859375,551.1666870117188,-1,-1,-1,-1
109,2,616.4032592773438,589.429931640625,384.17791748046875,570.8211669921875,-1,-1,-1,-1
110,2,639.897216796875,586.23828125,350.4114990234375,560.0052490234375,-1,-1,-1,-1
111,2,641.404296875,582.8311157226562,333.4169921875,541.6174926757812,-1,-1,-1,-1
112,2,637.1798095703125,556.4542846679688,320.07080078125,518.3296508789062,-1,-1,-1,-1
113,2,649.4853515625,532.376708984375,308.32666015625,503.6236572265625,-1,-1,-1,-1
114,2,667.7044067382812,509.9208679199219,284.2894287109375,488.2652893066406,-1,-1,-1,-1
115,2,687.6371459960938,491.2967529296875,259.75128173828125,482.837646484375,-1,-1,-1,-1
116,2,701.4664306640625,469.6487731933594,242.09375,480.4676208496094,-1,-1,-1,-1
117,2,727.9879150390625,461.7908630371094,208.675048828125,481.0438537597656,-1,-1,-1,-1
118,2,725.6036987304688,462.9215393066406,198.896240234375,477.3067321777344,-1,-1,-1,-1
119,2,717.6005859375,468.279296875,194.22491455078125,473.0662841796875,-1,-1,-1,-1
120,2,720.6370239257812,489.9632263183594,179.2177734375,463.1992492675781,-1,-1,-1,-1
121,2,724.6827392578125,522.53515625,166.32525634765625,452.18511962890625,-1,-1,-1,-1
122,2,723.8018798828125,544.3299560546875,164.37286376953125,446.38134765625,-1,-1,-1,-1
123,2,720.156982421875,560.4869384765625,172.43621826171875,442.446533203125,-1,-1,-1,-1
124,2,718.9397583007812,570.44677734375,197.4581298828125,443.37286376953125,-1,-1,-1,-1
125,2,718.4028930664062,572.4521484375,219.89520263671875,448.209716796875,-1,-1,-1,-1
126,2,711.2868041992188,572.5150146484375,235.17364501953125,454.3883056640625,-1,-1,-1,-1
127,2,703.309814453125,578.8162231445312,246.4886474609375,461.89959716796875,-1,-1,-1,-1
128,2,699.0796508789062,590.8695678710938,251.5537109375,467.41668701171875,-1,-1,-1,-1
129,2,696.635009765625,605.1368408203125,251.0189208984375,469.86279296875,-1,-1,-1,-1
130,2,696.2466430664062,626.4078979492188,251.212646484375,472.54461669921875,-1,-1,-1,-1
131,2,694.0698852539062,660.4090576171875,255.35186767578125,471.3656005859375,-1,-1,-1,-1
132,2,694.093017578125,691.6348876953125,262.80419921875,477.0927734375,-1,-1,-1,-1
133,2,695.9466552734375,707.9154052734375,272.555419921875,485.3626708984375,-1,-1,-1,-1
134,2,695.6229858398438,704.5123901367188,286.5828857421875,497.39215087890625,-1,-1,-1,-1
135,2,689.760009765625,690.8491821289062,307.628173828125,516.6539916992188,-1,-1,-1,-1
136,2,709.597412109375,660.1673583984375,296.74383544921875,536.01025390625,-1,-1,-1,-1
137,2,697.0589599609375,638.8659057617188,323.93463134765625,556.9594116210938,-1,-1,-1,-1
138,2,694.852294921875,622.4370727539062,351.5430908203125,578.1704711914062,-1,-1,-1,-1
139,2,692.676513671875,606.1041870117188,369.953369140625,599.7881469726562,-1,-1,-1,-1
140,2,706.07080078125,591.6629638671875,389.587646484375,634.959228515625,-1,-1,-1,-1
141,2,719.0572509765625,576.72216796875,398.2191162109375,685.387939453125,-1,-1,-1,-1
142,2,729.529541015625,556.173828125,389.4298095703125,762.6533203125,-1,-1,-1,-1
143,2,736.261474609375,527.8789672851562,384.629638671875,746.6669311523438,-1,-1,-1,-1
144,2,735.1099853515625,485.5038757324219,414.1636962890625,817.647705078125,-1,-1,-1,-1
145,2,700.060302734375,437.5018310546875,393.360107421875,705.519775390625,-1,-1,-1,-1
146,2,667.68798828125,492.5546569824219,403.5316162109375,801.093017578125,-1,-1,-1,-1
147,2,663.3449096679688,616.8491821289062,400.02362060546875,637.3757934570312,-1,-1,-1,-1
148,2,663.8558959960938,688.9268188476562,368.52362060546875,530.2283325195312,-1,-1,-1,-1
149,2,659.7008666992188,717.5352783203125,332.3892822265625,471.622314453125,-1,-1,-1,-1
150,2,655.1691284179688,760.8775634765625,315.349365234375,400.998779296875,-1,-1,-1,-1
151,2,647.6566772460938,758.9721069335938,292.7694091796875,369.63275146484375,-1,-1,-1,-1
152,2,636.50830078125,764.7244873046875,274.6611328125,346.855224609375,-1,-1,-1,-1
153,2,627.2825317382812,782.7376708984375,263.111083984375,360.2642822265625,-1,-1,-1,-1
154,2,639.7750244140625,774.2861938476562,249.04486083984375,390.00848388671875,-1,-1,-1,-1
155,2,655.1964111328125,765.4036865234375,253.3873291015625,424.9130859375,-1,-1,-1,-1
156,2,678.6520385742188,745.6340942382812,258.91131591796875,428.31158447265625,-1,-1,-1,-1
157,2,687.6705322265625,717.7786865234375,283.40643310546875,421.3162841796875,-1,-1,-1,-1
158,2,685.1812744140625,699.5016479492188,310.061279296875,418.02838134765625,-1,-1,-1,-1
159,2,680.0985107421875,684.0721435546875,323.03265380859375,439.064208984375,-1,-1,-1,-1
160,2,674.2783813476562,667.9768676757812,323.3140869140625,539.9428100585938,-1,-1,-1,-1
161,2,673.7033081054688,667.7822875976562,307.66949462890625,659.1608276367188,-1,-1,-1,-1
162,2,681.8668823242188,674.2819213867188,284.24542236328125,662.9566040039062,-1,-1,-1,-1
163,2,692.6646728515625,653.3235473632812,260.59222412109375,642.8007202148438,-1,-1,-1,-1
164,2,700.38671875,643.7802734375,244.74493408203125,637.3299560546875,-1,-1,-1,-1
165,2,712.8645629882812,612.051513671875,237.88079833984375,697.1988525390625,-1,-1,-1,-1
166,2,693.0455932617188,566.3302001953125,238.71087646484375,764.8724365234375,-1,-1,-1,-1
167,2,702.2862548828125,538.7048950195312,274.11962890625,747.4359741210938,-1,-1,-1,-1
168,2,714.5354614257812,508.486083984375,336.08746337890625,724.7857666015625,-1,-1,-1,-1
169,2,721.7554931640625,465.9377746582031,336.0372314453125,706.1220703125,-1,-1,-1,-1
170,2,731.063232421875,425.179443359375,321.3426513671875,668.38525390625,-1,-1,-1,-1
171,2,742.6292114257812,426.5904541015625,321.41339111328125,617.37255859375,-1,-1,-1,-1
172,2,753.2552490234375,462.45001220703125,354.334716796875,555.7154541015625,-1,-1,-1,-1
173,2,747.110107421875,495.0120849609375,325.6976318359375,475.012451171875,-1,-1,-1,-1
174,2,749.1900024414062,519.4815673828125,296.20574951171875,470.93682861328125,-1,-1,-1,-1
175,2,750.4964599609375,542.6456909179688,292.33447265625,472.73895263671875,-1,-1,-1,-1
176,2,740.1958618164062,558.8060302734375,298.47637939453125,477.31787109375,-1,-1,-1,-1
177,2,727.8775024414062,563.8245849609375,305.54791259765625,480.0347900390625,-1,-1,-1,-1
178,2,700.1802978515625,565.97314453125,285.1214599609375,481.6177978515625,-1,-1,-1,-1
179,2,688.3887329101562,567.0819702148438,250.44317626953125,480.29742431640625,-1,-1,-1,-1
180,2,687.7532348632812,568.9830322265625,234.51348876953125,481.833984375,-1,-1,-1,-1
181,2,674.64208984375,580.8993530273438,242.78009033203125,502.81121826171875,-1,-1,-1,-1
182,2,648.75390625,596.2030029296875,260.798828125,539.2498779296875,-1,-1,-1,-1
183,2,635.9269409179688,616.1339721679688,273.9432373046875,542.6676635742188,-1,-1,-1,-1
184,2,634.654541015625,639.821044921875,284.6966552734375,528.617431640625,-1,-1,-1,-1
185,2,634.96630859375,652.2508544921875,295.56085205078125,517.138916015625,-1,-1,-1,-1
186,2,643.686767578125,636.8572387695312,287.30718994140625,507.93426513671875,-1,-1,-1,-1
187,2,656.216064453125,626.2719116210938,277.72576904296875,510.62200927734375,-1,-1,-1,-1
188,2,667.3084716796875,619.8018798828125,264.66217041015625,521.940673828125,-1,-1,-1,-1
189,2,674.6143798828125,610.3864135742188,248.030029296875,531.3715209960938,-1,-1,-1,-1
190,2,680.6677856445312,603.9808959960938,253.5716552734375,513.8949584960938,-1,-1,-1,-1
191,2,689.8495483398438,606.61328125,256.847900390625,481.333984375,-1,-1,-1,-1
192,2,690.6069946289062,617.0953979492188,260.16766357421875,469.17193603515625,-1,-1,-1,-1
193,2,694.067626953125,638.2590942382812,256.42626953125,466.45196533203125,-1,-1,-1,-1
194,2,705.3271484375,666.8610229492188,243.8388671875,466.50164794921875,-1,-1,-1,-1
195,2,702.863525390625,673.0663452148438,237.0311279296875,472.41180419921875,-1,-1,-1,-1
196,2,701.4842529296875,664.630615234375,229.94342041015625,473.91015625,-1,-1,-1,-1
197,2,703.3369140625,647.3366088867188,220.27569580078125,480.06365966796875,-1,-1,-1,-1
198,2,698.8109130859375,620.3558349609375,214.0833740234375,473.3258056640625,-1,-1,-1,-1
199,2,693.5870361328125,604.4020385742188,216.96612548828125,454.01043701171875,-1,-1,-1,-1
200,2,693.0009155273438,598.712158203125,221.26263427734375,437.73193359375,-1,-1,-1,-1
201,2,695.5809936523438,603.841796875,235.10101318359375,427.3203125,-1,-1,-1,-1
202,2,693.5287475585938,611.7906494140625,231.3316650390625,415.564208984375,-1,-1,-1,-1
203,2,690.8939208984375,618.2339477539062,223.15380859375,401.32470703125,-1,-1,-1,-1
204,2,678.9920654296875,629.686767578125,225.046630859375,394.90478515625,-1,-1,-1,-1
205,2,662.8372802734375,640.8936767578125,235.85540771484375,394.9659423828125,-1,-1,-1,-1
206,2,645.4296875,640.5101928710938,245.306396484375,405.28387451171875,-1,-1,-1,-1
207,2,627.22705078125,635.078369140625,261.55645751953125,408.690673828125,-1,-1,-1,-1
208,2,611.2724609375,625.5511474609375,278.32183837890625,419.25830078125,-1,-1,-1,-1
209,2,595.14599609375,622.472412109375,298.8695068359375,429.727783203125,-1,-1,-1,-1
210,2,588.259521484375,619.021240234375,298.04248046875,446.3214111328125,-1,-1,-1,-1
211,2,583.8123779296875,609.333984375,276.1146240234375,464.193359375,-1,-1,-1,-1
212,2,586.0355834960938,597.3281860351562,252.40277099609375,479.20758056640625,-1,-1,-1,-1
213,2,588.0423583984375,594.4108276367188,224.60272216796875,490.30950927734375,-1,-1,-1,-1
214,2,591.4729614257812,605.199951171875,219.92645263671875,500.3687744140625,-1,-1,-1,-1
215,2,593.1975708007812,610.4734497070312,222.3897705078125,496.74237060546875,-1,-1,-1,-1
216,2,590.2228393554688,613.49169921875,226.40045166015625,485.0635986328125,-1,-1,-1,-1
217,2,595.9172973632812,633.8671875,233.36541748046875,471.8408203125,-1,-1,-1,-1
218,2,598.8421020507812,645.4444580078125,244.71875,460.9417724609375,-1,-1,-1,-1
219,2,594.1050415039062,661.2620239257812,248.01141357421875,461.99285888671875,-1,-1,-1,-1
220,2,587.1637573242188,664.553955078125,253.23626708984375,473.933349609375,-1,-1,-1,-1
221,2,580.6385498046875,664.6162719726562,270.8355712890625,494.31121826171875,-1,-1,-1,-1
222,2,580.1762084960938,654.7333374023438,281.0479736328125,522.4066772460938,-1,-1,-1,-1
223,2,589.7673950195312,641.1255493164062,301.13201904296875,564.9097290039062,-1,-1,-1,-1
224,2,597.3359375,620.5238037109375,342.15673828125,608.8807373046875,-1,-1,-1,-1
225,2,603.7694702148438,623.2845458984375,380.2838134765625,663.3135986328125,-1,-1,-1,-1
226,2,603.0670166015625,636.25634765625,398.18988037109375,657.0284423828125,-1,-1,-1,-1
227,2,596.8655395507812,650.0772705078125,398.0384521484375,643.3004150390625,-1,-1,-1,-1
228,2,591.4100952148438,650.7591552734375,393.10296630859375,626.304443359375,-1,-1,-1,-1
229,2,588.6273193359375,629.3668823242188,385.45086669921875,617.1994018554688,-1,-1,-1,-1
230,2,584.1787719726562,606.0367431640625,386.750244140625,615.7562255859375,-1,-1,-1,-1
231,2,591.46533203125,592.7177734375,373.1810302734375,607.0003662109375,-1,-1,-1,-1
232,2,605.3038330078125,591.1608276367188,349.98345947265625,589.1823120117188,-1,-1,-1,-1
233,2,614.4136352539062,602.9498901367188,327.05511474609375,568.5148315429688,-1,-1,-1,-1
234,2,612.4326171875,612.6563110351562,301.49969482421875,552.1343383789062,-1,-1,-1,-1
235,2,612.7303466796875,637.0820922851562,288.66046142578125,542.8292846679688,-1,-1,-1,-1
236,2,616.0164794921875,688.4976806640625,294.13702392578125,553.7685546875,-1,-1,-1,-1
237,2,619.4639892578125,733.4874267578125,298.2891845703125,568.2952880859375,-1,-1,-1,-1
238,2,624.5770263671875,758.3651733398438,301.649169921875,570.5111694335938,-1,-1,-1,-1
239,2,622.217041015625,740.07763671875,307.6719970703125,555.7216796875,-1,-1,-1,-1
240,2,623.1774291992188,693.6491088867188,315.29107666015625,532.3571166992188,-1,-1,-1,-1
241,2,620.4398193359375,685.7083740234375,320.656494140625,547.115478515625,-1,-1,-1,-1
242,2,610.6912231445312,669.1221923828125,340.02178955078125,579.817626953125,-1,-1,-1,-1
243,2,603.230224609375,657.9942016601562,368.19781494140625,601.8264770507812,-1,-1,-1,-1
244,2,594.02490234375,656.9420166015625,383.61456298828125,639.1734619140625,-1,-1,-1,-1
245,2,588.7037353515625,654.774169921875,385.4422607421875,674.880615234375,-1,-1,-1,-1
246,2,619.1083984375,657.696533203125,353.16766357421875,682.679443359375,-1,-1,-1,-1
247,2,667.4776000976562,660.943359375,296.24566650390625,674.670654296875,-1,-1,-1,-1
248,2,665.7940063476562,672.732421875,281.48162841796875,656.8807373046875,-1,-1,-1,-1
249,2,670.7709350585938,665.0787353515625,290.56219482421875,628.8546142578125,-1,-1,-1,-1
250,2,652.194091796875,624.3381958007812,254.69622802734375,599.4530639648438,-1,-1,-1,-1
251,2,649.4315795898438,577.4215698242188,239.8099365234375,578.9235229492188,-1,-1,-1,-1
252,2,634.3091430664062,559.0984497070312,255.1112060546875,560.6110229492188,-1,-1,-1,-1
253,2,633.1253662109375,570.0811767578125,261.80938720703125,543.5279541015625,-1,-1,-1,-1
254,2,640.8886108398438,587.096923828125,259.894775390625,523.439453125,-1,-1,-1,-1
255,2,646.4208984375,594.6141967773438,255.518310546875,503.37640380859375,-1,-1,-1,-1
256,2,646.3516845703125,607.882568359375,257.15869140625,489.20361328125,-1,-1,-1,-1
257,2,655.7037353515625,620.612060546875,254.9715576171875,488.6226806640625,-1,-1,-1,-1
258,2,667.7747802734375,623.950927734375,251.59478759765625,496.6192626953125,-1,-1,-1,-1
259,2,678.9877319335938,632.18994140625,241.60797119140625,507.4896240234375,-1,-1,-1,-1
260,2,672.5135498046875,646.8939208984375,243.99908447265625,518.3675537109375,-1,-1,-1,-1
261,2,663.4368896484375,659.1356201171875,262.95257568359375,550.419189453125,-1,-1,-1,-1
262,2,666.853515625,673.5133666992188,275.8148193359375,602.2717895507812,-1,-1,-1,-1
263,2,671.8510131835938,678.0692749023438,275.44903564453125,631.0907592773438,-1,-1,-1,-1
264,2,671.9359130859375,669.8732299804688,287.07794189453125,603.4564819335938,-1,-1,-1,-1
265,2,671.1431274414062,685.1510620117188,293.10406494140625,579.0189819335938,-1,-1,-1,-1
266,2,666.4135131835938,700.3340454101562,288.82171630859375,571.3777465820312,-1,-1,-1,-1
267,2,657.9364624023438,682.364501953125,285.62066650390625,564.8350830078125,-1,-1,-1,-1
268,2,650.4063110351562,666.5689086914062,292.17694091796875,566.5818481445312,-1,-1,-1,-1
269,2,642.5770263671875,672.2012329101562,293.35595703125,574.5336303710938,-1,-1,-1,-1
270,2,637.9600830078125,667.9317626953125,288.34832763671875,554.7364501953125,-1,-1,-1,-1
271,2,638.465087890625,653.9423828125,272.2447509765625,519.9256591796875,-1,-1,-1,-1
272,2,637.0302124023438,642.4932861328125,264.313720703125,492.4688720703125,-1,-1,-1,-1
273,2,636.5548095703125,629.5375366210938,272.6475830078125,476.89886474609375,-1,-1,-1,-1
274,2,633.6823120117188,646.861328125,279.83660888671875,474.6304931640625,-1,-1,-1,-1
275,2,632.3463134765625,665.5325927734375,280.6392822265625,485.61767578125,-1,-1,-1,-1
276,2,629.9111938476562,665.1331176757812,280.49658203125,498.75946044921875,-1,-1,-1,-1
277,2,628.797607421875,655.9028930664062,279.488037109375,510.51971435546875,-1,-1,-1,-1
278,2,626.7986450195312,639.6104736328125,286.2525634765625,521.9354248046875,-1,-1,-1,-1
279,2,629.8796997070312,627.1387939453125,294.89306640625,552.7869873046875,-1,-1,-1,-1
280,2,632.4028930664062,622.5194702148438,316.850830078125,600.1734008789062,-1,-1,-1,-1
281,2,646.59033203125,613.536865234375,316.75555419921875,630.78857421875,-1,-1,-1,-1
282,2,656.0877075195312,587.28076171875,323.94757080078125,638.2838134765625,-1,-1,-1,-1
283,2,668.998291015625,527.836669921875,323.56182861328125,658.10546875,-1,-1,-1,-1
284,2,719.2293701171875,481.0266418457031,312.3865966796875,680.8934326171875,-1,-1,-1,-1
285,2,690.5999755859375,481.167724609375,323.6907958984375,560.77490234375,-1,-1,-1,-1
286,2,682.9074096679688,531.4703369140625,393.50848388671875,595.65576171875,-1,-1,-1,-1
287,2,649.6585693359375,561.1890258789062,568.08837890625,641.0972290039062,-1,-1,-1,-1
288,2,681.876708984375,631.6886596679688,614.6063232421875,695.1499633789062,-1,-1,-1,-1
289,2,712.0001220703125,742.4080810546875,494.1988525390625,631.472900390625,-1,-1,-1,-1
290,2,725.550048828125,773.8366088867188,356.537353515625,566.1328735351562,-1,-1,-1,-1
291,2,728.014404296875,774.7435913085938,313.5162353515625,622.7504272460938,-1,-1,-1,-1
292,2,735.8005981445312,778.5286865234375,317.16729736328125,583.4093017578125,-1,-1,-1,-1
293,2,753.781982421875,776.716552734375,321.171875,472.04931640625,-1,-1,-1,-1
294,2,761.0928344726562,736.5235595703125,313.77435302734375,507.103515625,-1,-1,-1,-1
295,2,783.658935546875,697.8609619140625,299.465087890625,387.5361328125,-1,-1,-1,-1
296,2,778.4400634765625,649.9481201171875,291.1697998046875,522.38671875,-1,-1,-1,-1
297,2,784.5350952148438,607.8126831054688,250.44012451171875,593.0231323242188,-1,-1,-1,-1
298,2,791.9680786132812,587.4974975585938,236.75555419921875,630.9213256835938,-1,-1,-1,-1
299,2,806.07861328125,549.3698120117188,226.055908203125,668.1699829101562,-1,-1,-1,-1
300,2,814.174560546875,543.316162109375,220.552978515625,643.4234619140625,-1,-1,-1,-1
301,2,822.4461669921875,563.8101196289062,232.4847412109375,611.7505493164062,-1,-1,-1,-1
302,2,834.8674926757812,597.0721435546875,243.23114013671875,584.222412109375,-1,-1,-1,-1
303,2,840.157958984375,613.2127685546875,254.2130126953125,574.3321533203125,-1,-1,-1,-1
304,2,825.8486938476562,604.1597900390625,254.28839111328125,556.3177490234375,-1,-1,-1,-1
305,2,812.8119506835938,596.7225341796875,246.76141357421875,555.19580078125,-1,-1,-1,-1
306,2,825.26171875,595.1343383789062,234.0673828125,563.4470825195312,-1,-1,-1,-1
307,2,828.9854736328125,573.494140625,222.9591064453125,544.1917724609375,-1,-1,-1,-1
308,2,821.5999145507812,537.5463256835938,206.70477294921875,518.6378784179688,-1,-1,-1,-1
309,2,797.7470703125,498.3665466308594,198.81787109375,485.3128967285156,-1,-1,-1,-1
310,2,775.9420776367188,470.7002258300781,192.825439453125,456.2851867675781,-1,-1,-1,-1
311,2,756.44775390625,454.9052734375,196.5006103515625,436.851806640625,-1,-1,-1,-1
312,2,737.5917358398438,476.0997619628906,210.9771728515625,408.9604797363281,-1,-1,-1,-1
313,2,725.4337158203125,514.0675048828125,215.89801025390625,385.99163818359375,-1,-1,-1,-1
314,2,716.0960083007812,531.9406127929688,216.56060791015625,372.49810791015625,-1,-1,-1,-1
315,2,700.5704956054688,531.7777099609375,224.52734375,372.1783447265625,-1,-1,-1,-1
316,2,681.2481689453125,519.303466796875,235.94677734375,384.041259765625,-1,-1,-1,-1
317,2,664.20166015625,499.37725830078125,240.2369384765625,406.2349853515625,-1,-1,-1,-1
318,2,651.666015625,489.2901611328125,231.545654296875,415.964599609375,-1,-1,-1,-1
319,2,653.6267700195312,500.0189208984375,205.51751708984375,413.3621826171875,-1,-1,-1,-1
320,2,659.0353393554688,508.22479248046875,190.83648681640625,400.1444091796875,-1,-1,-1,-1
321,2,669.617919921875,533.3939208984375,184.72918701171875,380.175048828125,-1,-1,-1,-1
322,2,687.2672729492188,574.21484375,180.15576171875,363.22576904296875,-1,-1,-1,-1
323,2,699.8920288085938,623.7913208007812,177.56304931640625,340.95233154296875,-1,-1,-1,-1
324,2,708.3828735351562,667.8343505859375,177.7054443359375,329.44744873046875,-1,-1,-1,-1
325,2,718.14306640625,702.6648559570312,175.0413818359375,324.96038818359375,-1,-1,-1,-1
326,2,722.8944702148438,718.5790405273438,174.92559814453125,327.24493408203125,-1,-1,-1,-1
327,2,721.6390380859375,712.0213623046875,178.5069580078125,341.8209228515625,-1,-1,-1,-1
328,2,719.35986328125,693.3304443359375,184.56536865234375,358.392578125,-1,-1,-1,-1
329,2,711.8991088867188,668.127685546875,200.14434814453125,376.35400390625,-1,-1,-1,-1
330,2,699.81396484375,642.3987426757812,221.27374267578125,386.19488525390625,-1,-1,-1,-1
331,2,703.1023559570312,628.1367797851562,238.89007568359375,382.93646240234375,-1,-1,-1,-1
332,2,718.9118041992188,620.182861328125,234.656494140625,381.753662109375,-1,-1,-1,-1
333,2,719.701416015625,617.4406127929688,238.08648681640625,374.2198486328125,-1,-1,-1,-1
334,2,705.9527587890625,615.8434448242188,243.17645263671875,367.67132568359375,-1,-1,-1,-1
335,2,693.2601318359375,612.8687133789062,243.09619140625,366.70550537109375,-1,-1,-1,-1
336,2,688.6983642578125,603.9443359375,238.58734130859375,376.7777099609375,-1,-1,-1,-1
337,2,711.706787109375,592.437744140625,204.28515625,393.4935302734375,-1,-1,-1,-1
338,2,723.216064453125,594.96435546875,189.34478759765625,405.56982421875,-1,-1,-1,-1
339,2,729.3666381835938,600.213134765625,190.25537109375,413.808837890625,-1,-1,-1,-1
340,2,726.2513427734375,605.9234619140625,198.96844482421875,414.10626220703125,-1,-1,-1,-1
341,2,720.352294921875,617.2850952148438,203.06201171875,414.96868896484375,-1,-1,-1,-1
342,2,716.9506225585938,623.314453125,202.83966064453125,416.1446533203125,-1,-1,-1,-1
343,2,698.8204345703125,621.2115478515625,217.96630859375,424.348876953125,-1,-1,-1,-1
344,2,681.6288452148438,618.2078857421875,236.55255126953125,445.924560546875,-1,-1,-1,-1
345,2,650.3078002929688,609.1557006835938,269.51641845703125,471.59625244140625,-1,-1,-1,-1
346,2,613.5238037109375,600.4950561523438,313.08642578125,498.92156982421875,-1,-1,-1,-1
347,2,604.1228637695312,595.00439453125,316.64300537109375,534.4844970703125,-1,-1,-1,-1
348,2,600.8062133789062,599.5259399414062,309.95831298828125,539.8645629882812,-1,-1,-1,-1
349,2,607.9197387695312,612.2107543945312,320.136962890625,549.1002807617188,-1,-1,-1,-1
350,2,619.6813354492188,593.4317016601562,323.72454833984375,558.1161499023438,-1,-1,-1,-1
351,2,628.091796875,554.796630859375,322.27911376953125,569.439453125,-1,-1,-1,-1
352,2,644.1982421875,558.8148803710938,318.457763671875,590.3328247070312,-1,-1,-1,-1
353,2,655.4968872070312,576.0997924804688,301.57427978515625,602.1594848632812,-1,-1,-1,-1
354,2,663.7324829101562,583.0883178710938,271.49615478515625,590.8733520507812,-1,-1,-1,-1
355,2,671.0425415039062,575.6246337890625,231.1214599609375,558.2738037109375,-1,-1,-1,-1
356,2,674.3806762695312,567.2197265625,211.34759521484375,531.518310546875,-1,-1,-1,-1
357,2,672.2850952148438,560.0189208984375,210.57904052734375,522.67919921875,-1,-1,-1,-1
358,2,666.4397583007812,551.5797119140625,217.037109375,524.0523681640625,-1,-1,-1,-1
359,2,665.0216674804688,528.5342407226562,220.62933349609375,538.8068237304688,-1,-1,-1,-1
360,2,667.7953491210938,529.9456787109375,223.7464599609375,560.6585693359375,-1,-1,-1,-1
361,2,670.1196899414062,557.7868041992188,233.199951171875,590.9614868164062,-1,-1,-1,-1
362,2,675.0596313476562,584.1983642578125,243.13079833984375,626.680908203125,-1,-1,-1,-1
363,2,685.625732421875,599.0081176757812,248.2529296875,656.6743774414062,-1,-1,-1,-1
364,2,670.7811279296875,598.8582763671875,276.7479248046875,685.3419189453125,-1,-1,-1,-1
365,2,695.8088989257812,619.4910278320312,272.4300537109375,669.8759155273438,-1,-1,-1,-1
366,2,686.3909912109375,607.4513549804688,304.151123046875,668.9949340820312,-1,-1,-1,-1
367,2,673.536865234375,617.4352416992188,320.94317626953125,666.8600463867188,-1,-1,-1,-1
368,2,669.1364135742188,617.7249755859375,324.48211669921875,638.140380859375,-1,-1,-1,-1
369,2,667.8062744140625,601.8550415039062,335.43701171875,606.1943969726562,-1,-1,-1,-1
370,2,664.0926513671875,592.8153076171875,359.9036865234375,611.7503662109375,-1,-1,-1,-1
371,2,645.1082763671875,568.802978515625,354.6109619140625,668.3419189453125,-1,-1,-1,-1
372,2,653.7905883789062,565.6837158203125,334.46441650390625,671.076904296875,-1,-1,-1,-1
373,2,652.4236450195312,549.8477172851562,320.9346923828125,711.5453491210938,-1,-1,-1,-1
374,2,657.869384765625,534.6509399414062,317.855224609375,681.5921020507812,-1,-1,-1,-1
375,2,673.33154296875,519.2471923828125,321.31549072265625,653.97412109375,-1,-1,-1,-1
376,2,645.4913330078125,495.99041748046875,349.88671875,673.2839965820312,-1,-1,-1,-1
377,2,701.7648315429688,517.9953002929688,284.01116943359375,699.8523559570312,-1,-1,-1,-1
378,2,712.6248779296875,526.1878662109375,262.32720947265625,735.886962890625,-1,-1,-1,-1
379,2,724.6353759765625,522.8642578125,254.717529296875,710.876708984375,-1,-1,-1,-1
380,2,736.4385375976562,496.6784362792969,258.33831787109375,699.4176025390625,-1,-1,-1,-1
381,2,746.86279296875,449.93505859375,253.98541259765625,707.42041015625,-1,-1,-1,-1
382,2,755.960693359375,402.9062805175781,244.75750732421875,713.0543212890625,-1,-1,-1,-1
383,2,762.6689453125,378.3929443359375,232.38873291015625,692.207275390625,-1,-1,-1,-1
384,2,769.1568603515625,373.3140563964844,232.436279296875,643.9161376953125,-1,-1,-1,-1
385,2,768.3597412109375,384.0056457519531,219.65472412109375,584.4630126953125,-1,-1,-1,-1
386,2,765.5863037109375,411.53570556640625,205.884033203125,539.756591796875,-1,-1,-1,-1
387,2,760.67626953125,442.2408142089844,203.875244140625,506.6236877441406,-1,-1,-1,-1
388,2,749.80322265625,470.1132507324219,206.63348388671875,481.0448913574219,-1,-1,-1,-1
389,2,744.9425048828125,495.2298889160156,201.89111328125,473.9506530761719,-1,-1,-1,-1
390,2,733.9247436523438,510.8467102050781,194.91717529296875,480.9048767089844,-1,-1,-1,-1
391,2,728.2069091796875,531.2276611328125,181.51739501953125,489.21563720703125,-1,-1,-1,-1
392,2,731.2153930664062,560.2474365234375,171.90380859375,486.4534912109375,-1,-1,-1,-1
393,2,735.5458374023438,582.648681640625,170.31903076171875,478.232421875,-1,-1,-1,-1
394,2,736.9600219726562,590.3974609375,170.82696533203125,469.882080078125,-1,-1,-1,-1
395,2,735.3489990234375,591.610107421875,171.20697021484375,462.649169921875,-1,-1,-1,-1
396,2,728.9228515625,589.7633666992188,175.20269775390625,453.63519287109375,-1,-1,-1,-1
397,2,721.4885864257812,582.8992919921875,178.625244140625,458.5887451171875,-1,-1,-1,-1
398,2,719.31298828125,583.5924682617188,180.24395751953125,477.33465576171875,-1,-1,-1,-1
399,2,717.93017578125,580.25146484375,181.21258544921875,515.3905029296875,-1,-1,-1,-1
400,2,715.5574951171875,577.006103515625,184.28521728515625,561.60302734375,-1,-1,-1,-1
401,2,707.7439575195312,581.5697631835938,194.14788818359375,606.8667602539062,-1,-1,-1,-1
402,2,703.5636596679688,592.9077758789062,202.42706298828125,625.0233764648438,-1,-1,-1,-1
403,2,716.3540649414062,595.8309326171875,199.2554931640625,627.119140625,-1,-1,-1,-1
404,2,728.0162963867188,585.677978515625,205.7598876953125,641.5465087890625,-1,-1,-1,-1
405,2,732.8086547851562,551.7665405273438,222.946044921875,698.3922729492188,-1,-1,-1,-1
406,2,741.9865112304688,472.8134460449219,229.134033203125,756.697998046875,-1,-1,-1,-1
407,2,743.938720703125,425.1624755859375,231.69488525390625,789.2425537109375,-1,-1,-1,-1
408,2,765.424072265625,432.03607177734375,237.27642822265625,759.2620239257812,-1,-1,-1,-1
409,2,778.6039428710938,467.0691833496094,251.72857666015625,691.9775390625,-1,-1,-1,-1
410,2,776.51171875,525.9912719726562,264.018798828125,625.5408325195312,-1,-1,-1,-1
411,2,767.408935546875,589.5599365234375,262.451171875,581.4312744140625,-1,-1,-1,-1
412,2,763.7747802734375,627.1538696289062,259.1275634765625,556.9562377929688,-1,-1,-1,-1
413,2,763.456787109375,623.9553833007812,245.84332275390625,555.0990600585938,-1,-1,-1,-1
414,2,759.4754028320312,610.9279174804688,239.57861328125,566.7155151367188,-1,-1,-1,-1
415,2,757.5444946289062,602.5092163085938,224.18621826171875,570.2493286132812,-1,-1,-1,-1
416,2,748.3644409179688,599.861083984375,222.3516845703125,557.2900390625,-1,-1,-1,-1
417,2,741.09716796875,592.4982299804688,212.74920654296875,539.1631469726562,-1,-1,-1,-1
418,2,738.6695556640625,584.2904663085938,207.7392578125,524.8377075195312,-1,-1,-1,-1
419,2,740.884765625,590.7816772460938,215.1749267578125,508.86895751953125,-1,-1,-1,-1
420,2,734.15478515625,604.9804077148438,219.1666259765625,490.57086181640625,-1,-1,-1,-1
421,2,725.3871459960938,606.07861328125,221.09588623046875,481.939208984375,-1,-1,-1,-1
422,2,718.8880615234375,593.8682861328125,225.86151123046875,489.734619140625,-1,-1,-1,-1
423,2,703.9075927734375,578.9734497070312,247.7901611328125,515.4479370117188,-1,-1,-1,-1
424,2,690.0263671875,574.861572265625,269.1156005859375,545.242431640625,-1,-1,-1,-1
425,2,672.2539672851562,561.9436645507812,291.79888916015625,565.9860229492188,-1,-1,-1,-1
426,2,660.016845703125,543.6678466796875,292.50299072265625,567.302978515625,-1,-1,-1,-1
427,2,646.1854248046875,551.2483520507812,282.18951416015625,542.0248413085938,-1,-1,-1,-1
428,2,641.0940551757812,562.19140625,267.82147216796875,520.4189453125,-1,-1,-1,-1
429,2,639.84814453125,576.0106811523438,263.24615478515625,511.64447021484375,-1,-1,-1,-1
430,2,640.2786865234375,584.912109375,250.3658447265625,512.9130859375,-1,-1,-1,-1
431,2,640.0301513671875,594.4315795898438,226.98675537109375,519.6344604492188,-1,-1,-1,-1
432,2,642.098876953125,611.6282348632812,192.09814453125,521.0153198242188,-1,-1,-1,-1
433,2,645.3992309570312,638.4539794921875,192.6478271484375,511.9161376953125,-1,-1,-1,-1
434,2,646.5116577148438,670.7159423828125,197.98028564453125,499.2042236328125,-1,-1,-1,-1
435,2,654.6221923828125,691.9534301757812,200.4327392578125,471.92547607421875,-1,-1,-1,-1
436,2,655.5762939453125,703.6578369140625,204.30157470703125,447.9190673828125,-1,-1,-1,-1
437,2,657.4426879882812,716.7752685546875,200.65887451171875,434.6248779296875,-1,-1,-1,-1
438,2,657.2286376953125,711.0159912109375,193.8685302734375,433.548583984375,-1,-1,-1,-1
439,2,651.488037109375,675.186767578125,191.88580322265625,440.642578125,-1,-1,-1,-1
440,2,646.4072265625,624.1762084960938,191.9415283203125,448.03594970703125,-1,-1,-1,-1
441,2,639.5870971679688,597.2666015625,198.32269287109375,452.8074951171875,-1,-1,-1,-1
442,2,628.1605224609375,586.4566040039062,211.7752685546875,453.81805419921875,-1,-1,-1,-1
443,2,622.1696166992188,581.7329711914062,220.4681396484375,453.89520263671875,-1,-1,-1,-1
444,2,619.0390625,591.5678100585938,229.35931396484375,461.16033935546875,-1,-1,-1,-1
445,2,613.17041015625,608.9412841796875,242.96929931640625,467.7955322265625,-1,-1,-1,-1
446,2,614.77392578125,619.2147216796875,249.44549560546875,472.5989990234375,-1,-1,-1,-1
447,2,615.9537353515625,605.8735961914062,255.26690673828125,480.50384521484375,-1,-1,-1,-1
448,2,610.749267578125,599.6096801757812,257.88751220703125,515.7328491210938,-1,-1,-1,-1
449,2,613.7046508789062,590.208984375,260.06365966796875,565.6094970703125,-1,-1,-1,-1
450,2,622.6240234375,588.31201171875,256.8349609375,609.3878173828125,-1,-1,-1,-1
451,2,663.4456787109375,602.2200927734375,218.01336669921875,633.1572265625,-1,-1,-1,-1
452,2,692.4824829101562,632.4322509765625,196.7933349609375,619.1207275390625,-1,-1,-1,-1
453,2,691.0648803710938,653.25927734375,211.91259765625,609.47802734375,-1,-1,-1,-1
454,2,691.4364624023438,674.1093139648438,236.5501708984375,593.3275756835938,-1,-1,-1,-1
455,2,684.4737548828125,681.9506225585938,275.8907470703125,564.3483276367188,-1,-1,-1,-1
456,2,675.29931640625,702.7337036132812,269.660400390625,536.7145385742188,-1,-1,-1,-1
457,2,676.1815795898438,731.289794921875,242.64373779296875,526.563232421875,-1,-1,-1,-1
458,2,680.6768188476562,738.059326171875,241.20751953125,529.3419189453125,-1,-1,-1,-1
459,2,647.0374145507812,717.7298583984375,264.36285400390625,427.5418701171875,-1,-1,-1,-1
460,2,617.05126953125,678.96728515625,293.35888671875,425.6407470703125,-1,-1,-1,-1
461,2,615.777587890625,634.150146484375,300.0230712890625,588.583740234375,-1,-1,-1,-1
462,2,625.287109375,600.3973388671875,307.0128173828125,609.6807861328125,-1,-1,-1,-1
463,2,618.955078125,600.2723388671875,314.22808837890625,608.8099365234375,-1,-1,-1,-1
464,2,609.31494140625,615.0128784179688,327.858642578125,595.9541625976562,-1,-1,-1,-1
465,2,609.6015625,603.3175659179688,321.5406494140625,600.4425659179688,-1,-1,-1,-1
466,2,607.0769653320312,630.7045288085938,326.80987548828125,572.3745727539062,-1,-1,-1,-1
467,2,600.8021850585938,580.2528076171875,347.1331787109375,635.44873046875,-1,-1,-1,-1
468,2,603.7764282226562,589.7144775390625,388.11944580078125,654.533447265625,-1,-1,-1,-1
469,2,624.7755126953125,624.4029541015625,439.8939208984375,689.764892578125,-1,-1,-1,-1
470,2,656.43994140625,641.6143188476562,415.881591796875,730.3294067382812,-1,-1,-1,-1
471,2,668.7737426757812,635.5787963867188,379.64593505859375,767.3958129882812,-1,-1,-1,-1
472,2,724.6613159179688,684.4873046875,305.11700439453125,721.125,-1,-1,-1,-1
473,2,725.305908203125,644.3515014648438,298.81793212890625,725.5202026367188,-1,-1,-1,-1
474,2,730.2996826171875,640.6568603515625,307.5350341796875,689.75830078125,-1,-1,-1,-1
475,2,741.28515625,634.8978881835938,235.46826171875,686.8734741210938,-1,-1,-1,-1
476,2,752.9442138671875,620.857177734375,205.35302734375,670.187255859375,-1,-1,-1,-1
477,2,736.322509765625,612.82666015625,224.4503173828125,680.3409423828125,-1,-1,-1,-1
478,2,719.8116455078125,626.4476928710938,244.6435546875,677.8704223632812,-1,-1,-1,-1
479,2,716.5704956054688,615.4771728515625,253.7479248046875,640.9417724609375,-1,-1,-1,-1
480,2,721.2440185546875,632.4539794921875,267.63287353515625,598.0076904296875,-1,-1,-1,-1
481,2,721.4671020507812,665.9801025390625,281.79742431640625,536.644287109375,-1,-1,-1,-1
482,2,705.6432495117188,683.2724609375,299.22882080078125,514.0943603515625,-1,-1,-1,-1
483,2,679.08154296875,669.14501953125,321.2103271484375,505.261962890625,-1,-1,-1,-1
484,2,651.7120971679688,643.6103515625,334.56878662109375,499.75390625,-1,-1,-1,-1
485,2,642.7689819335938,612.445556640625,328.73089599609375,499.599365234375,-1,-1,-1,-1
486,2,647.2920532226562,584.0733642578125,314.2113037109375,487.9200439453125,-1,-1,-1,-1
487,2,644.2947998046875,547.873779296875,304.5294189453125,451.0556640625,-1,-1,-1,-1
488,2,648.1874389648438,512.8392944335938,292.01470947265625,423.4324951171875,-1,-1,-1,-1
489,2,649.1482543945312,487.75689697265625,283.0338134765625,429.925048828125,-1,-1,-1,-1
490,2,664.1316528320312,497.2366027832031,257.67437744140625,420.4804382324219,-1,-1,-1,-1
491,2,678.5240478515625,497.66546630859375,241.5118408203125,424.13494873046875,-1,-1,-1,-1
492,2,690.3848876953125,510.78594970703125,222.952392578125,426.88311767578125,-1,-1,-1,-1
493,2,701.376708984375,538.6283569335938,200.73785400390625,428.64215087890625,-1,-1,-1,-1
494,2,710.2030639648438,554.4625854492188,191.91015625,430.5115966796875,-1,-1,-1,-1
495,2,717.9527587890625,576.8385009765625,188.3858642578125,441.8414306640625,-1,-1,-1,-1
496,2,724.5877075195312,598.87548828125,183.72930908203125,459.11083984375,-1,-1,-1,-1
497,2,731.3075561523438,615.3370971679688,175.321533203125,462.58233642578125,-1,-1,-1,-1
498,2,737.8164672851562,620.3603515625,172.0809326171875,456.1802978515625,-1,-1,-1,-1
499,2,738.5650634765625,619.0302124023438,173.77044677734375,445.19927978515625,-1,-1,-1,-1
500,2,738.61767578125,616.96826171875,175.0546875,432.2823486328125,-1,-1,-1,-1
501,2,737.1171875,623.0169677734375,179.499755859375,422.5458984375,-1,-1,-1,-1
502,2,728.9342651367188,633.7125244140625,188.775634765625,415.64990234375,-1,-1,-1,-1
503,2,723.7817993164062,631.6357421875,198.498779296875,412.1031494140625,-1,-1,-1,-1
504,2,723.8818969726562,620.7631225585938,207.44805908203125,418.20220947265625,-1,-1,-1,-1
505,2,718.9655151367188,615.3609619140625,212.86248779296875,443.7044677734375,-1,-1,-1,-1
506,2,707.8544921875,611.8745727539062,215.723876953125,479.92828369140625,-1,-1,-1,-1
507,2,695.6251220703125,615.0205688476562,226.3653564453125,528.5184936523438,-1,-1,-1,-1
508,2,687.4615478515625,618.0713500976562,246.5565185546875,567.2266235351562,-1,-1,-1,-1
509,2,677.6463012695312,616.1895751953125,272.939208984375,590.8887939453125,-1,-1,-1,-1
510,2,657.7005615234375,629.549072265625,314.10406494140625,593.137939453125,-1,-1,-1,-1
511,2,643.306884765625,661.84814453125,347.6048583984375,600.178955078125,-1,-1,-1,-1
512,2,643.2542724609375,661.9150390625,361.9586181640625,596.6561279296875,-1,-1,-1,-1
513,2,691.6819458007812,624.4926147460938,316.23284912109375,576.7158813476562,-1,-1,-1,-1
514,2,763.2132568359375,625.1993408203125,239.59521484375,569.4312744140625,-1,-1,-1,-1
515,2,772.1727294921875,648.7000122070312,229.6375732421875,565.8230590820312,-1,-1,-1,-1
516,2,775.40234375,668.7030029296875,228.37384033203125,562.6854248046875,-1,-1,-1,-1
517,2,772.8163452148438,688.650146484375,225.97412109375,557.02001953125,-1,-1,-1,-1
518,2,766.1264038085938,704.7376708984375,216.86273193359375,546.7679443359375,-1,-1,-1,-1
519,2,753.4177856445312,675.2286376953125,211.95660400390625,555.413818359375,-1,-1,-1,-1
520,2,753.4852294921875,678.593994140625,213.306396484375,530.1400146484375,-1,-1,-1,-1
521,2,749.9329833984375,662.2527465820312,218.2938232421875,506.38739013671875,-1,-1,-1,-1
522,2,734.922607421875,645.649169921875,207.036865234375,391.7364501953125,-1,-1,-1,-1
523,2,724.919189453125,628.9827270507812,195.43328857421875,409.64447021484375,-1,-1,-1,-1
524,2,718.923583984375,620.3384399414062,191.89501953125,394.09222412109375,-1,-1,-1,-1
525,2,716.3824462890625,627.8161010742188,187.06561279296875,465.02044677734375,-1,-1,-1,-1
526,2,718.5892333984375,639.2496337890625,194.5372314453125,489.2576904296875,-1,-1,-1,-1
527,2,719.976806640625,652.6405639648438,199.91510009765625,489.37591552734375,-1,-1,-1,-1
528,2,717.0792236328125,666.7761840820312,222.0557861328125,496.11663818359375,-1,-1,-1,-1
529,2,712.0028076171875,669.690185546875,244.10491943359375,521.3736572265625,-1,-1,-1,-1
530,2,700.3800659179688,657.830322265625,247.1334228515625,550.1905517578125,-1,-1,-1,-1
531,2,685.3409423828125,680.3307495117188,231.87255859375,573.7095336914062,-1,-1,-1,-1
532,2,684.2109985351562,709.0593872070312,200.99169921875,582.0119018554688,-1,-1,-1,-1
533,2,709.9464111328125,700.9063110351562,157.627197265625,585.2406616210938,-1,-1,-1,-1
534,2,704.3163452148438,679.4400634765625,158.66290283203125,586.05224609375,-1,-1,-1,-1
535,2,696.6300659179688,613.6904296875,183.03143310546875,612.460205078125,-1,-1,-1,-1
536,2,683.671875,557.8618774414062,265.71026611328125,625.3937377929688,-1,-1,-1,-1
537,2,691.6935424804688,482.76336669921875,329.89154052734375,713.2051391601562,-1,-1,-1,-1
538,2,725.7647094726562,481.33856201171875,400.71697998046875,752.3462524414062,-1,-1,-1,-1
539,2,731.9456787109375,574.4620971679688,307.290283203125,744.2687377929688,-1,-1,-1,-1
540,2,749.41943359375,500.36029052734375,449.736328125,874.6209106445312,-1,-1,-1,-1
541,2,748.7410278320312,565.6406860351562,443.59014892578125,842.0966186523438,-1,-1,-1,-1
542,2,753.1356811523438,586.2640991210938,452.22235107421875,822.6012573242188,-1,-1,-1,-1
543,2,756.861572265625,613.9557495117188,456.004638671875,796.2080688476562,-1,-1,-1,-1
544,2,754.5476684570312,630.9515991210938,462.23309326171875,778.9230346679688,-1,-1,-1,-1
545,2,747.3065795898438,624.2877197265625,534.6227416992188,785.0091552734375,-1,-1,-1,-1
546,2,744.4940185546875,627.5866088867188,462.6075439453125,781.5828247070312,-1,-1,-1,-1
547,2,734.6738891601562,629.4072875976562,482.33160400390625,779.4992065429688,-1,-1,-1,-1
548,2,723.4945068359375,627.5811157226562,479.6090087890625,781.4710083007812,-1,-1,-1,-1
549,2,719.5103759765625,597.3058471679688,446.50146484375,805.5818481445312,-1,-1,-1,-1
550,2,715.302734375,560.488525390625,472.7412109375,795.129150390625,-1,-1,-1,-1
551,2,709.2996215820312,494.9852294921875,460.46502685546875,793.9886474609375,-1,-1,-1,-1
114,3,1332.34521484375,477.32958984375,76.547607421875,352.33563232421875,-1,-1,-1,-1
115,3,1315.0521240234375,468.9579772949219,91.99169921875,342.8340148925781,-1,-1,-1,-1
116,3,1301.0584716796875,467.2025451660156,106.1988525390625,334.3830261230469,-1,-1,-1,-1
117,3,1286.9454345703125,472.85296630859375,119.1783447265625,330.14813232421875,-1,-1,-1,-1
118,3,1270.676513671875,481.1615905761719,131.8543701171875,325.8247985839844,-1,-1,-1,-1
119,3,1255.7353515625,481.82952880859375,138.7841796875,321.277099609375,-1,-1,-1,-1
120,3,1243.141357421875,492.9797668457031,137.4766845703125,317.6811828613281,-1,-1,-1,-1
121,3,1231.91748046875,511.48193359375,136.737060546875,314.67755126953125,-1,-1,-1,-1
122,3,1222.1688232421875,524.392578125,137.6571044921875,313.4788818359375,-1,-1,-1,-1
123,3,1210.1943359375,534.9143676757812,136.6844482421875,309.5294189453125,-1,-1,-1,-1
124,3,1201.07568359375,542.2708740234375,134.5155029296875,309.132080078125,-1,-1,-1,-1
125,3,1189.2457275390625,544.7520141601562,136.2899169921875,306.94586181640625,-1,-1,-1,-1
126,3,1172.1214599609375,548.1101684570312,134.2767333984375,303.97467041015625,-1,-1,-1,-1
127,3,1154.227783203125,556.1071166992188,133.9532470703125,301.78240966796875,-1,-1,-1,-1
128,3,1140.266845703125,568.73876953125,133.831787109375,302.00164794921875,-1,-1,-1,-1
129,3,1131.1778564453125,580.888427734375,133.9671630859375,300.8668212890625,-1,-1,-1,-1
130,3,1127.0528564453125,593.90185546875,136.3515625,303.33062744140625,-1,-1,-1,-1
131,3,1124.971435546875,611.6553955078125,137.466796875,306.9967041015625,-1,-1,-1,-1
132,3,1127.4261474609375,627.9710693359375,140.0745849609375,310.61920166015625,-1,-1,-1,-1
133,3,1134.8016357421875,634.5521240234375,148.3238525390625,315.21490478515625,-1,-1,-1,-1
134,3,1148.4110107421875,627.2259521484375,154.238525390625,321.00006103515625,-1,-1,-1,-1
135,3,1160.3128662109375,615.19482421875,154.111328125,325.814697265625,-1,-1,-1,-1
136,3,1181.32373046875,602.1469116210938,144.8642578125,331.3885498046875,-1,-1,-1,-1
137,3,1204.09619140625,596.5110473632812,143.177490234375,338.72650146484375,-1,-1,-1,-1
138,3,1239.7020263671875,586.8768310546875,143.83349609375,349.8902587890625,-1,-1,-1,-1
139,3,1282.4176025390625,571.9576416015625,125.17578125,358.9971923828125,-1,-1,-1,-1
140,3,1344.639404296875,544.507080078125,62.304931640625,375.113037109375,-1,-1,-1,-1
169,4,1340.2479248046875,420.0379638671875,67.5650634765625,324.6053466796875,-1,-1,-1,-1
170,4,1325.322509765625,388.1139831542969,80.990966796875,316.3871765136719,-1,-1,-1,-1
171,4,1297.513916015625,388.08349609375,106.358642578125,310.45947265625,-1,-1,-1,-1
172,4,1252.82080078125,399.40045166015625,117.746337890625,299.5994873046875,-1,-1,-1,-1
173,4,1209.456298828125,419.65985107421875,119.9473876953125,288.37738037109375,-1,-1,-1,-1
174,4,1188.2978515625,447.7981262207031,118.2484130859375,279.9928894042969,-1,-1,-1,-1
175,4,1172.59765625,480.3326110839844,116.067626953125,273.7712707519531,-1,-1,-1,-1
176,4,1161.974365234375,515.891845703125,114.41064453125,267.281005859375,-1,-1,-1,-1
177,4,1160.234375,531.8801879882812,111.3243408203125,265.46868896484375,-1,-1,-1,-1
178,4,1141.1719970703125,529.6511840820312,109.71435546875,259.53094482421875,-1,-1,-1,-1
179,4,1131.203125,530.0050659179688,106.9754638671875,255.1968994140625,-1,-1,-1,-1
180,4,1142.812744140625,530.7687377929688,106.4879150390625,254.7332763671875,-1,-1,-1,-1
181,4,1145.5194091796875,533.9998779296875,105.250732421875,254.539306640625,-1,-1,-1,-1
182,4,1144.1270751953125,544.072021484375,105.4893798828125,254.21478271484375,-1,-1,-1,-1
183,4,1149.3531494140625,557.7156982421875,106.850830078125,253.1209716796875,-1,-1,-1,-1
184,4,1164.071044921875,576.4862060546875,110.1727294921875,254.064697265625,-1,-1,-1,-1
185,4,1175.22705078125,575.53369140625,108.9483642578125,257.28033447265625,-1,-1,-1,-1
186,4,1186.6990966796875,560.4561157226562,107.599365234375,258.07183837890625,-1,-1,-1,-1
187,4,1188.9542236328125,551.2626953125,107.884521484375,258.03302001953125,-1,-1,-1,-1
188,4,1183.796630859375,548.4252319335938,108.2510986328125,254.4422607421875,-1,-1,-1,-1
189,4,1176.239501953125,548.06982421875,108.88134765625,255.7235107421875,-1,-1,-1,-1
190,4,1171.2462158203125,549.53662109375,108.5728759765625,252.145751953125,-1,-1,-1,-1
191,4,1162.2239990234375,553.6090087890625,108.6748046875,262.13165283203125,-1,-1,-1,-1
192,4,1147.7227783203125,555.4169921875,108.685546875,252.6483154296875,-1,-1,-1,-1
193,4,1134.86669921875,564.0093994140625,107.22998046875,252.88262939453125,-1,-1,-1,-1
194,4,1132.4210205078125,585.5247192382812,108.283935546875,255.22662353515625,-1,-1,-1,-1
195,4,1118.415771484375,586.013671875,107.20849609375,252.9849853515625,-1,-1,-1,-1
196,4,1101.287353515625,579.6524658203125,107.845458984375,249.4027099609375,-1,-1,-1,-1
197,4,1088.32421875,571.3409423828125,109.19140625,249.650634765625,-1,-1,-1,-1
198,4,1076.481201171875,560.5570678710938,106.790771484375,249.64996337890625,-1,-1,-1,-1
199,4,1063.878173828125,558.5711669921875,105.968017578125,246.81805419921875,-1,-1,-1,-1
200,4,1053.580810546875,559.4756469726562,108.0787353515625,245.57318115234375,-1,-1,-1,-1
201,4,1043.75634765625,562.072265625,105.494873046875,245.3109130859375,-1,-1,-1,-1
202,4,1028.970703125,560.4580078125,104.58642578125,240.489013671875,-1,-1,-1,-1
203,4,1008.8922729492188,555.7735595703125,103.16510009765625,241.0606689453125,-1,-1,-1,-1
204,4,985.0908203125,559.8659057617188,104.984375,235.90948486328125,-1,-1,-1,-1
205,4,961.1013793945312,565.7550048828125,104.70758056640625,235.3111572265625,-1,-1,-1,-1
206,4,945.9052734375,571.3134155273438,103.3292236328125,230.19696044921875,-1,-1,-1,-1
207,4,937.9102783203125,573.0476684570312,104.5931396484375,229.44061279296875,-1,-1,-1,-1
208,4,936.857177734375,570.84912109375,104.2933349609375,230.209228515625,-1,-1,-1,-1
209,4,936.827880859375,574.9038696289062,104.9879150390625,228.77313232421875,-1,-1,-1,-1
210,4,941.72021484375,581.337646484375,105.597412109375,229.68890380859375,-1,-1,-1,-1
211,4,950.8670043945312,580.662841796875,102.61175537109375,231.673828125,-1,-1,-1,-1
212,4,964.0718383789062,578.8640747070312,105.62371826171875,234.5291748046875,-1,-1,-1,-1
213,4,982.2972412109375,580.69140625,104.5950927734375,234.95074462890625,-1,-1,-1,-1
214,4,996.45166015625,588.004638671875,103.6793212890625,239.29010009765625,-1,-1,-1,-1
215,4,1006.433837890625,577.1656494140625,108.304443359375,240.7296142578125,-1,-1,-1,-1
216,4,1015.85302734375,558.7153930664062,110.093017578125,243.70611572265625,-1,-1,-1,-1
217,4,1023.60986328125,555.5390625,106.68701171875,245.84442138671875,-1,-1,-1,-1
218,4,1034.634033203125,551.1849365234375,105.46728515625,248.3468017578125,-1,-1,-1,-1
219,4,1044.99951171875,573.0054321289062,106.1910400390625,251.03466796875,-1,-1,-1,-1
220,4,1050.079833984375,590.6124877929688,102.35302734375,252.42120361328125,-1,-1,-1,-1
221,4,1049.284912109375,595.0764770507812,103.6461181640625,256.5809326171875,-1,-1,-1,-1
222,4,1054.28369140625,599.9523315429688,111.98828125,258.18023681640625,-1,-1,-1,-1
223,4,1076.9688720703125,606.6329345703125,110.437255859375,262.7740478515625,-1,-1,-1,-1
224,4,1087.65478515625,586.9771118164062,106.1710205078125,267.43389892578125,-1,-1,-1,-1
225,4,1085.525634765625,578.7435302734375,107.8582763671875,267.86322021484375,-1,-1,-1,-1
226,4,1074.9578857421875,578.4330444335938,112.03076171875,266.74505615234375,-1,-1,-1,-1
227,4,1064.0050048828125,575.9838256835938,111.01513671875,266.14068603515625,-1,-1,-1,-1
228,4,1050.6593017578125,566.8667602539062,111.9102783203125,262.14910888671875,-1,-1,-1,-1
229,4,1038.639404296875,548.8462524414062,110.3106689453125,259.6636962890625,-1,-1,-1,-1
230,4,1033.522216796875,534.1748046875,103.449951171875,257.04852294921875,-1,-1,-1,-1
231,4,1040.149658203125,531.1043701171875,107.2659912109375,257.5626220703125,-1,-1,-1,-1
232,4,1058.332763671875,538.8402099609375,106.1676025390625,260.0989990234375,-1,-1,-1,-1
233,4,1065.568359375,551.0841064453125,106.78125,260.1781005859375,-1,-1,-1,-1
234,4,1066.2030029296875,559.4558715820312,105.8260498046875,258.2603759765625,-1,-1,-1,-1
235,4,1069.116455078125,580.07470703125,106.571044921875,259.52166748046875,-1,-1,-1,-1
236,4,1077.9722900390625,626.9290771484375,107.5225830078125,262.06719970703125,-1,-1,-1,-1
237,4,1090.626708984375,671.2549438476562,107.5616455078125,266.94549560546875,-1,-1,-1,-1
238,4,1099.2352294921875,692.3856811523438,109.246826171875,272.1351318359375,-1,-1,-1,-1
239,4,1099.322509765625,662.6985473632812,110.48779296875,271.62469482421875,-1,-1,-1,-1
240,4,1088.1435546875,596.0757446289062,107.309326171875,266.7152099609375,-1,-1,-1,-1
241,4,1078.61474609375,587.3379516601562,107.774169921875,266.6627197265625,-1,-1,-1,-1
242,4,1071.4100341796875,573.796875,107.6981201171875,265.85943603515625,-1,-1,-1,-1
243,4,1056.8070068359375,560.2943115234375,114.4730224609375,263.2413330078125,-1,-1,-1,-1
244,4,1041.5582275390625,562.9937133789062,119.2841796875,260.21075439453125,-1,-1,-1,-1
245,4,1032.767333984375,565.390380859375,117.9427490234375,259.8094482421875,-1,-1,-1,-1
246,4,1030.6365966796875,571.372314453125,112.48291015625,258.86236572265625,-1,-1,-1,-1
247,4,1018.6679077148438,577.0717163085938,109.93341064453125,255.41912841796875,-1,-1,-1,-1
248,4,1002.8737182617188,587.581787109375,103.36444091796875,251.8507080078125,-1,-1,-1,-1
249,4,979.4688720703125,577.828857421875,100.6614990234375,241.6953125,-1,-1,-1,-1
250,4,962.7833251953125,541.0675659179688,96.8448486328125,237.97100830078125,-1,-1,-1,-1
251,4,958.7090454101562,508.5267333984375,93.10443115234375,234.3568115234375,-1,-1,-1,-1
252,4,955.575927734375,495.1556396484375,93.045654296875,231.74151611328125,-1,-1,-1,-1
253,4,957.4304809570312,507.9570617675781,91.66656494140625,230.40597534179688,-1,-1,-1,-1
254,4,961.6595458984375,522.48388671875,87.830322265625,228.581787109375,-1,-1,-1,-1
255,4,962.7115478515625,522.9856567382812,88.1678466796875,228.82916259765625,-1,-1,-1,-1
256,4,961.4884643554688,525.1533203125,87.75775146484375,227.914306640625,-1,-1,-1,-1
257,4,950.9354248046875,533.5807495117188,98.9417724609375,226.62158203125,-1,-1,-1,-1
258,4,937.2652587890625,541.1682739257812,115.31298828125,226.10418701171875,-1,-1,-1,-1
259,4,936.8106079101562,560.6307373046875,115.74102783203125,225.34814453125,-1,-1,-1,-1
260,4,944.8577880859375,591.7332153320312,96.4376220703125,220.20819091796875,-1,-1,-1,-1
261,4,941.2984008789062,612.862548828125,92.11993408203125,217.5445556640625,-1,-1,-1,-1
262,4,939.0499267578125,631.865478515625,95.900390625,219.36285400390625,-1,-1,-1,-1
263,4,937.3331298828125,636.0401611328125,95.9342041015625,219.5845947265625,-1,-1,-1,-1
264,4,934.912109375,615.470703125,87.933837890625,218.27178955078125,-1,-1,-1,-1
265,4,928.5827026367188,609.765625,86.145751953125,217.310546875,-1,-1,-1,-1
266,4,925.0379638671875,615.5171508789062,82.80157470703125,216.357177734375,-1,-1,-1,-1
267,4,917.4464111328125,595.1141357421875,81.901611328125,218.6456298828125,-1,-1,-1,-1
268,4,913.6307373046875,584.0441284179688,82.498779296875,223.296142578125,-1,-1,-1,-1
269,4,907.2284545898438,589.0712890625,82.97418212890625,232.6865234375,-1,-1,-1,-1
270,4,901.4443969726562,596.537109375,87.78009033203125,225.95751953125,-1,-1,-1,-1
271,4,894.1511840820312,596.5748901367188,96.77264404296875,216.68414306640625,-1,-1,-1,-1
272,4,890.3203735351562,589.8316650390625,103.46722412109375,208.33917236328125,-1,-1,-1,-1
273,4,885.3208618164062,570.5656127929688,109.13739013671875,204.40283203125,-1,-1,-1,-1
274,4,882.7919921875,578.3052368164062,108.05010986328125,202.8992919921875,-1,-1,-1,-1
275,4,883.6817016601562,604.4661865234375,107.29071044921875,201.3841552734375,-1,-1,-1,-1
276,4,883.7050170898438,617.9844360351562,105.2274169921875,201.556640625,-1,-1,-1,-1
277,4,882.226318359375,622.6827392578125,100.22637939453125,199.1458740234375,-1,-1,-1,-1
278,4,881.216552734375,623.1505737304688,93.08770751953125,198.65240478515625,-1,-1,-1,-1
279,4,881.9386596679688,621.2660522460938,88.1141357421875,198.075439453125,-1,-1,-1,-1
280,4,885.0953979492188,620.0297241210938,80.4962158203125,198.52667236328125,-1,-1,-1,-1
281,4,896.363037109375,617.3076782226562,76.22412109375,196.12457275390625,-1,-1,-1,-1
282,4,903.572509765625,594.9490966796875,75.64111328125,196.82666015625,-1,-1,-1,-1
283,4,907.3681030273438,547.8096923828125,76.06341552734375,197.64080810546875,-1,-1,-1,-1
284,4,908.7220458984375,518.13330078125,80.563232421875,206.3564453125,-1,-1,-1,-1
285,4,894.8861083984375,526.0238037109375,88.69537353515625,192.8233642578125,-1,-1,-1,-1
286,4,869.6192626953125,536.2797241210938,175.6097412109375,249.3248291015625,-1,-1,-1,-1
287,4,897.5631713867188,538.9969482421875,97.48565673828125,203.7996826171875,-1,-1,-1,-1
288,4,920.1368408203125,560.8544311523438,77.208251953125,193.59735107421875,-1,-1,-1,-1
289,4,915.4904174804688,539.7517700195312,78.48284912109375,195.676513671875,-1,-1,-1,-1
290,4,907.3295288085938,508.6065368652344,71.83868408203125,195.04739379882812,-1,-1,-1,-1
291,4,893.8782958984375,544.8233032226562,69.8770751953125,193.0057373046875,-1,-1,-1,-1
292,4,906.9680786132812,540.1375732421875,71.20068359375,192.0921630859375,-1,-1,-1,-1
293,4,924.2833862304688,509.66888427734375,73.4193115234375,191.87091064453125,-1,-1,-1,-1
294,4,927.960205078125,482.9144287109375,74.40911865234375,191.84765625,-1,-1,-1,-1
295,4,936.7988891601562,474.6666564941406,79.05218505859375,190.88912963867188,-1,-1,-1,-1
296,4,926.9410400390625,470.33306884765625,85.90826416015625,193.34832763671875,-1,-1,-1,-1
297,4,914.42626953125,473.34539794921875,78.803466796875,187.54510498046875,-1,-1,-1,-1
298,4,914.0288696289062,496.88134765625,78.57440185546875,186.68756103515625,-1,-1,-1,-1
299,4,899.390869140625,518.681640625,83.70697021484375,185.0189208984375,-1,-1,-1,-1
300,4,893.2183227539062,537.0748291015625,86.1407470703125,175.68743896484375,-1,-1,-1,-1
305,4,894.03466796875,593.4550170898438,60.7857666015625,128.2059326171875,-1,-1,-1,-1
321,5,724.1568603515625,544.5459594726562,84.05755615234375,180.71142578125,-1,-1,-1,-1
322,5,755.1338500976562,574.3126831054688,72.21417236328125,163.78729248046875,-1,-1,-1,-1
323,5,779.863037109375,602.3812866210938,67.58612060546875,159.7774658203125,-1,-1,-1,-1
324,5,799.0603637695312,629.4345703125,69.31121826171875,166.6690673828125,-1,-1,-1,-1
325,5,814.2230224609375,651.3722534179688,75.1134033203125,169.85577392578125,-1,-1,-1,-1
326,5,822.1661376953125,665.3548583984375,68.57623291015625,171.1646728515625,-1,-1,-1,-1
327,5,823.16064453125,667.1597900390625,71.5516357421875,173.3359375,-1,-1,-1,-1
328,5,814.9715576171875,664.275390625,75.91217041015625,176.126220703125,-1,-1,-1,-1
329,5,815.7290649414062,656.8683471679688,68.2264404296875,155.4310302734375,-1,-1,-1,-1
330,5,761.1146850585938,640.4155883789062,125.02056884765625,198.9661865234375,-1,-1,-1,-1
332,5,768.12939453125,617.5015869140625,96.45526123046875,192.87548828125,-1,-1,-1,-1
333,5,753.6993408203125,608.2205810546875,67.35101318359375,170.99945068359375,-1,-1,-1,-1
334,5,732.7166137695312,599.2285766601562,68.93646240234375,169.8929443359375,-1,-1,-1,-1
335,5,714.491455078125,592.7540283203125,67.496337890625,170.19281005859375,-1,-1,-1,-1
336,5,699.6888427734375,589.3239135742188,66.1229248046875,168.86492919921875,-1,-1,-1,-1
337,5,682.1731567382812,588.5873413085938,66.0478515625,171.32080078125,-1,-1,-1,-1
338,5,661.2135009765625,600.5401000976562,68.3233642578125,173.51947021484375,-1,-1,-1,-1
339,5,645.2799682617188,608.3911743164062,68.58099365234375,174.385986328125,-1,-1,-1,-1
340,5,635.5076293945312,611.3138427734375,69.4033203125,176.73345947265625,-1,-1,-1,-1
341,5,625.61572265625,616.6611328125,69.6944580078125,178.447509765625,-1,-1,-1,-1
342,5,614.8998413085938,615.95263671875,69.383544921875,179.46331787109375,-1,-1,-1,-1
343,5,604.2623901367188,610.52880859375,72.63787841796875,178.73663330078125,-1,-1,-1,-1
344,5,599.0855712890625,609.0460815429688,71.91412353515625,177.98187255859375,-1,-1,-1,-1
345,5,597.5632934570312,602.92724609375,74.02764892578125,180.1756591796875,-1,-1,-1,-1
346,5,602.0718994140625,595.9801025390625,76.128173828125,181.48187255859375,-1,-1,-1,-1
347,5,608.396240234375,589.9625854492188,75.254638671875,181.93804931640625,-1,-1,-1,-1
348,5,617.1740112304688,594.1218872070312,74.0791015625,182.59161376953125,-1,-1,-1,-1
349,5,628.484375,609.1896362304688,73.55078125,188.39532470703125,-1,-1,-1,-1
350,5,631.316162109375,598.01123046875,74.473388671875,200.47503662109375,-1,-1,-1,-1
351,5,636.4074096679688,573.515625,76.7464599609375,195.41522216796875,-1,-1,-1,-1
352,5,631.302490234375,587.763916015625,77.99200439453125,194.73211669921875,-1,-1,-1,-1
353,5,625.0433959960938,606.8706665039062,74.59271240234375,186.5640869140625,-1,-1,-1,-1
354,5,617.0546875,614.1649780273438,76.6531982421875,183.74981689453125,-1,-1,-1,-1
355,5,610.3258056640625,600.8634643554688,79.07025146484375,184.55926513671875,-1,-1,-1,-1
356,5,602.580810546875,588.8865966796875,83.822021484375,186.8712158203125,-1,-1,-1,-1
357,5,594.072509765625,582.2302856445312,80.70281982421875,186.56005859375,-1,-1,-1,-1
358,5,585.5216674804688,581.4428100585938,76.75433349609375,188.44866943359375,-1,-1,-1,-1
359,5,580.2261352539062,571.8276977539062,77.24462890625,190.0115966796875,-1,-1,-1,-1
360,5,577.7003173828125,582.1184692382812,77.19586181640625,187.1856689453125,-1,-1,-1,-1
361,5,579.119384765625,606.4517822265625,77.92877197265625,187.51727294921875,-1,-1,-1,-1
362,5,581.4134521484375,622.7001342773438,78.1932373046875,186.3720703125,-1,-1,-1,-1
363,5,584.2539672851562,622.93212890625,78.11083984375,186.36920166015625,-1,-1,-1,-1
364,5,582.7620239257812,616.7693481445312,78.3232421875,186.7652587890625,-1,-1,-1,-1
365,5,581.856201171875,617.950439453125,76.68536376953125,188.2493896484375,-1,-1,-1,-1
366,5,589.6580810546875,615.009765625,75.59039306640625,185.54608154296875,-1,-1,-1,-1
367,5,590.9780883789062,635.5015869140625,75.95562744140625,184.87091064453125,-1,-1,-1,-1
368,5,589.9800415039062,625.2313842773438,76.80218505859375,181.6107177734375,-1,-1,-1,-1
369,5,595.4207153320312,588.2703857421875,73.545166015625,179.7999267578125,-1,-1,-1,-1
370,5,606.8215942382812,570.5908203125,74.81781005859375,178.73101806640625,-1,-1,-1,-1
371,5,612.0626220703125,579.5082397460938,72.0155029296875,177.42279052734375,-1,-1,-1,-1
372,5,617.4415893554688,570.4336547851562,71.34735107421875,174.261962890625,-1,-1,-1,-1
373,5,620.5963134765625,569.0414428710938,70.923828125,171.97119140625,-1,-1,-1,-1
374,5,633.1671752929688,548.5684814453125,69.48907470703125,171.7813720703125,-1,-1,-1,-1
375,5,655.6124877929688,527.4434814453125,68.19866943359375,171.22406005859375,-1,-1,-1,-1
376,5,682.5736694335938,541.68017578125,123.72900390625,185.51275634765625,-1,-1,-1,-1
377,5,687.1073608398438,501.618408203125,65.90899658203125,167.17779541015625,-1,-1,-1,-1
378,5,694.9324340820312,493.8455505371094,66.98193359375,168.19351196289062,-1,-1,-1,-1
379,5,714.7711181640625,477.6992492675781,66.66461181640625,168.47689819335938,-1,-1,-1,-1
380,5,729.49169921875,459.80352783203125,67.37982177734375,170.49151611328125,-1,-1,-1,-1
381,5,742.033935546875,441.42364501953125,66.89794921875,173.87982177734375,-1,-1,-1,-1
382,5,750.5827026367188,423.9565124511719,66.6571044921875,169.84426879882812,-1,-1,-1,-1
383,5,756.462646484375,412.72283935546875,66.0098876953125,173.71563720703125,-1,-1,-1,-1
384,5,757.9522094726562,414.4928894042969,69.50360107421875,173.17288208007812,-1,-1,-1,-1
385,5,757.6947021484375,422.64404296875,68.0908203125,169.57623291015625,-1,-1,-1,-1
386,5,754.3339233398438,441.77947998046875,62.7066650390625,164.52423095703125,-1,-1,-1,-1
387,5,743.377197265625,457.5306396484375,63.60614013671875,159.75250244140625,-1,-1,-1,-1
388,5,729.4680786132812,474.63409423828125,62.5938720703125,150.53485107421875,-1,-1,-1,-1
389,5,727.4579467773438,493.66180419921875,61.48040771484375,149.3236083984375,-1,-1,-1,-1
390,5,727.6495361328125,513.6024169921875,60.4176025390625,147.11407470703125,-1,-1,-1,-1
391,5,724.0953369140625,543.5903930664062,57.77178955078125,143.224365234375,-1,-1,-1,-1
392,5,726.9496459960938,579.126220703125,60.34368896484375,151.156005859375,-1,-1,-1,-1
393,5,730.6680297851562,605.9478759765625,61.7744140625,149.1337890625,-1,-1,-1,-1
394,5,732.021484375,615.6112670898438,61.63916015625,148.72528076171875,-1,-1,-1,-1
395,5,731.248779296875,616.6585693359375,63.44232177734375,149.2159423828125,-1,-1,-1,-1
396,5,728.600830078125,609.1473999023438,61.95855712890625,159.67864990234375,-1,-1,-1,-1
397,5,725.4570922851562,599.1353759765625,78.91357421875,169.50787353515625,-1,-1,-1,-1
398,5,726.143798828125,595.9113159179688,90.651611328125,197.39410400390625,-1,-1,-1,-1
399,5,726.6033935546875,584.6422729492188,108.3399658203125,251.72900390625,-1,-1,-1,-1
400,5,725.5889282226562,580.4671020507812,124.36614990234375,270.58642578125,-1,-1,-1,-1
401,5,723.712646484375,583.5076904296875,126.6177978515625,261.61932373046875,-1,-1,-1,-1
402,5,731.29248046875,595.7462158203125,86.31298828125,181.0096435546875,-1,-1,-1,-1
404,5,760.3549194335938,585.2603149414062,82.4656982421875,179.83294677734375,-1,-1,-1,-1
406,5,746.0114135742188,561.63671875,129.48712158203125,315.3177490234375,-1,-1,-1,-1
409,5,789.0056762695312,565.326904296875,100.45654296875,310.871826171875,-1,-1,-1,-1
410,5,797.4259643554688,586.3887939453125,76.1993408203125,185.74420166015625,-1,-1,-1,-1
411,5,788.7476806640625,602.9378662109375,60.3541259765625,153.06256103515625,-1,-1,-1,-1
412,5,776.7050170898438,610.7587280273438,67.647216796875,156.3524169921875,-1,-1,-1,-1
413,5,771.64404296875,610.3404541015625,65.01739501953125,156.83154296875,-1,-1,-1,-1
414,5,764.1594848632812,617.5030517578125,59.74078369140625,148.93316650390625,-1,-1,-1,-1
415,5,757.4214477539062,631.205078125,67.80718994140625,156.3699951171875,-1,-1,-1,-1
416,5,745.5428466796875,644.6512451171875,67.73602294921875,147.56781005859375,-1,-1,-1,-1
417,5,738.8642578125,642.5490112304688,63.6707763671875,152.86669921875,-1,-1,-1,-1
418,5,731.2235107421875,626.0859375,64.72235107421875,158.69415283203125,-1,-1,-1,-1
419,5,727.9092407226562,616.9036865234375,60.08416748046875,155.77197265625,-1,-1,-1,-1
420,5,720.7404174804688,610.4261474609375,61.07598876953125,155.55377197265625,-1,-1,-1,-1
421,5,712.7240600585938,600.9464721679688,61.52734375,155.42938232421875,-1,-1,-1,-1
422,5,716.4314575195312,597.307373046875,58.452392578125,154.9739990234375,-1,-1,-1,-1
423,5,720.2994995117188,604.6520385742188,69.8798828125,160.4046630859375,-1,-1,-1,-1
424,5,723.9757080078125,592.298828125,104.95751953125,242.74420166015625,-1,-1,-1,-1
435,6,767.9986572265625,701.5894775390625,74.5606689453125,168.27056884765625,-1,-1,-1,-1
436,6,778.972900390625,706.146240234375,67.89697265625,154.43719482421875,-1,-1,-1,-1
437,6,779.8558349609375,715.4776000976562,66.50469970703125,155.212158203125,-1,-1,-1,-1
438,6,778.0994262695312,712.0669555664062,67.4833984375,161.66900634765625,-1,-1,-1,-1
439,6,770.7603759765625,687.1950073242188,70.29840087890625,160.482177734375,-1,-1,-1,-1
440,6,767.7386474609375,650.2052612304688,70.81951904296875,157.80609130859375,-1,-1,-1,-1
441,6,766.6359252929688,629.9678344726562,71.0982666015625,157.47235107421875,-1,-1,-1,-1
442,6,768.1099243164062,621.9691772460938,68.963134765625,153.75946044921875,-1,-1,-1,-1
443,6,769.2835693359375,618.0211181640625,68.61053466796875,155.9200439453125,-1,-1,-1,-1
444,6,768.2549438476562,626.1831665039062,71.88165283203125,157.74102783203125,-1,-1,-1,-1
445,6,772.6289672851562,642.3605346679688,68.99200439453125,155.39849853515625,-1,-1,-1,-1
446,6,773.0927124023438,649.4486083984375,72.73565673828125,168.64495849609375,-1,-1,-1,-1
447,6,774.2227172851562,631.9423217773438,73.25634765625,169.96435546875,-1,-1,-1,-1
448,6,767.0635986328125,621.0572509765625,75.7603759765625,167.3326416015625,-1,-1,-1,-1
449,6,752.826904296875,601.4354858398438,93.16412353515625,190.072998046875,-1,-1,-1,-1
450,6,775.3947143554688,591.1182250976562,73.46124267578125,166.8345947265625,-1,-1,-1,-1
451,6,769.0230102539062,588.9306030273438,71.916259765625,174.7064208984375,-1,-1,-1,-1
452,6,767.6050415039062,591.0685424804688,73.35150146484375,172.19439697265625,-1,-1,-1,-1
453,6,769.2723388671875,598.8477783203125,70.05029296875,170.55218505859375,-1,-1,-1,-1
454,6,770.6857299804688,602.712158203125,74.36407470703125,182.4261474609375,-1,-1,-1,-1
455,6,762.8457641601562,585.50439453125,86.39990234375,180.7359619140625,-1,-1,-1,-1
456,6,747.918212890625,580.3095703125,92.832275390625,174.87799072265625,-1,-1,-1,-1
457,6,745.8088989257812,595.3228759765625,86.62548828125,171.979248046875,-1,-1,-1,-1
458,6,744.90234375,604.3421630859375,81.025146484375,167.9476318359375,-1,-1,-1,-1
459,6,740.1095581054688,601.8148193359375,69.73590087890625,172.899658203125,-1,-1,-1,-1
460,6,738.683837890625,596.1520385742188,66.369873046875,181.85382080078125,-1,-1,-1,-1
461,6,738.1822509765625,588.8751831054688,69.19696044921875,183.16668701171875,-1,-1,-1,-1
462,6,741.6490478515625,587.6572875976562,70.6348876953125,162.13330078125,-1,-1,-1,-1
463,6,737.8731079101562,598.2474975585938,69.210205078125,145.83892822265625,-1,-1,-1,-1
464,6,730.3974609375,610.2173461914062,68.4010009765625,136.427490234375,-1,-1,-1,-1
465,6,726.19189453125,607.0742797851562,93.37457275390625,162.94354248046875,-1,-1,-1,-1
466,6,698.2136840820312,568.169677734375,99.51556396484375,176.1470947265625,-1,-1,-1,-1
467,6,700.5722045898438,575.0410766601562,98.5560302734375,193.94793701171875,-1,-1,-1,-1
469,6,726.4830322265625,624.953857421875,87.576171875,166.605712890625,-1,-1,-1,-1
470,6,729.3355712890625,634.5380249023438,86.04339599609375,159.9024658203125,-1,-1,-1,-1
471,6,734.3336181640625,638.964111328125,74.5902099609375,173.68701171875,-1,-1,-1,-1
472,6,744.81787109375,615.1411743164062,71.86114501953125,181.0780029296875,-1,-1,-1,-1
473,6,753.2123413085938,578.1972045898438,72.45166015625,190.55322265625,-1,-1,-1,-1
474,6,744.21875,567.743408203125,76.1461181640625,179.904541015625,-1,-1,-1,-1
475,6,747.0127563476562,573.6183471679688,75.5010986328125,175.55743408203125,-1,-1,-1,-1
476,6,746.3473510742188,582.5758056640625,75.456787109375,174.336181640625,-1,-1,-1,-1
477,6,733.9686279296875,597.1301879882812,75.17901611328125,172.06402587890625,-1,-1,-1,-1
478,6,713.6970825195312,615.0840454101562,74.70782470703125,168.92742919921875,-1,-1,-1,-1
479,6,705.5477905273438,607.935546875,71.982666015625,169.7947998046875,-1,-1,-1,-1
480,6,700.7395629882812,624.4757080078125,75.2030029296875,169.7442626953125,-1,-1,-1,-1
481,6,693.4910278320312,658.8312377929688,74.36724853515625,169.07427978515625,-1,-1,-1,-1
482,6,679.771484375,673.1677856445312,78.16064453125,167.53314208984375,-1,-1,-1,-1
483,6,663.1001586914062,659.2877807617188,81.44122314453125,166.8580322265625,-1,-1,-1,-1
484,6,645.5157470703125,635.7885131835938,83.6075439453125,169.6483154296875,-1,-1,-1,-1
485,6,632.27734375,609.4025268554688,82.8231201171875,168.96710205078125,-1,-1,-1,-1
486,6,623.95751953125,588.459228515625,77.0650634765625,167.531982421875,-1,-1,-1,-1
487,6,614.48291015625,558.537841796875,70.53717041015625,168.0689697265625,-1,-1,-1,-1
488,6,603.3263549804688,530.812255859375,79.16845703125,173.72998046875,-1,-1,-1,-1
489,6,591.4862670898438,526.923828125,82.43035888671875,170.64581298828125,-1,-1,-1,-1
490,6,586.3369750976562,528.28466796875,77.03118896484375,172.97662353515625,-1,-1,-1,-1
491,6,589.0240478515625,529.478759765625,73.822021484375,175.5325927734375,-1,-1,-1,-1
492,6,588.062744140625,540.1045532226562,71.196044921875,173.890380859375,-1,-1,-1,-1
493,6,582.5960693359375,560.85888671875,72.06146240234375,179.1011962890625,-1,-1,-1,-1
494,6,582.9971313476562,567.7698364257812,73.19677734375,182.6068115234375,-1,-1,-1,-1
495,6,582.4047241210938,589.2670288085938,74.57696533203125,184.155029296875,-1,-1,-1,-1
496,6,585.9508056640625,620.8238525390625,74.2872314453125,185.54998779296875,-1,-1,-1,-1
497,6,588.8715209960938,646.5067138671875,76.263427734375,187.375244140625,-1,-1,-1,-1
498,6,594.1483154296875,655.54052734375,75.335205078125,187.0028076171875,-1,-1,-1,-1
499,6,593.2761840820312,653.5037841796875,75.30914306640625,186.562255859375,-1,-1,-1,-1
500,6,590.41650390625,648.660400390625,75.9521484375,187.49127197265625,-1,-1,-1,-1
501,6,585.740966796875,647.2492065429688,76.2509765625,189.05963134765625,-1,-1,-1,-1
502,6,564.0560913085938,649.5478515625,87.3043212890625,189.79205322265625,-1,-1,-1,-1
503,6,558.2459716796875,642.900146484375,85.028564453125,193.746826171875,-1,-1,-1,-1
504,6,558.447509765625,633.0811157226562,83.93798828125,192.30413818359375,-1,-1,-1,-1
505,6,552.5916748046875,637.252685546875,84.43707275390625,198.379638671875,-1,-1,-1,-1
506,6,537.9509887695312,640.1485595703125,88.3372802734375,200.97943115234375,-1,-1,-1,-1
507,6,524.328857421875,644.76806640625,91.655029296875,203.5689697265625,-1,-1,-1,-1
508,6,522.259765625,641.4479370117188,91.34332275390625,206.0172119140625,-1,-1,-1,-1
509,6,522.4092407226562,627.6193237304688,96.62664794921875,205.3902587890625,-1,-1,-1,-1
510,6,528.19189453125,627.6158447265625,94.20855712890625,207.0106201171875,-1,-1,-1,-1
511,6,532.7167358398438,649.2094116210938,91.83148193359375,210.15191650390625,-1,-1,-1,-1
512,6,536.9324340820312,645.0042114257812,90.37213134765625,211.13836669921875,-1,-1,-1,-1
513,6,536.2171630859375,604.668701171875,94.12017822265625,210.72479248046875,-1,-1,-1,-1
514,6,527.9141845703125,606.2652587890625,96.55731201171875,210.532958984375,-1,-1,-1,-1
515,6,522.6984252929688,625.0353393554688,101.54852294921875,210.41302490234375,-1,-1,-1,-1
516,6,523.6514282226562,642.0560302734375,98.466064453125,209.04937744140625,-1,-1,-1,-1
517,6,515.8350830078125,660.763427734375,100.6888427734375,208.64666748046875,-1,-1,-1,-1
518,6,501.6097412109375,681.4450073242188,104.91375732421875,210.57818603515625,-1,-1,-1,-1
519,6,485.9538269042969,684.9356079101562,108.33584594726562,212.46234130859375,-1,-1,-1,-1
520,6,480.2508544921875,678.8717651367188,107.48590087890625,212.7877197265625,-1,-1,-1,-1
521,6,485.42547607421875,668.4644775390625,105.30218505859375,209.9808349609375,-1,-1,-1,-1
522,6,474.7298889160156,657.75537109375,105.15353393554688,212.16009521484375,-1,-1,-1,-1
523,6,468.17724609375,648.0576171875,96.6207275390625,211.21466064453125,-1,-1,-1,-1
524,6,464.1937255859375,645.197265625,96.522216796875,212.05963134765625,-1,-1,-1,-1
525,6,460.9434509277344,654.5531616210938,96.08248901367188,216.50628662109375,-1,-1,-1,-1
526,6,459.40032958984375,661.8571166992188,93.9881591796875,220.2933349609375,-1,-1,-1,-1
527,6,461.4151611328125,669.8394775390625,93.710205078125,223.66424560546875,-1,-1,-1,-1
528,6,459.4092102050781,678.281005859375,93.90682983398438,226.74505615234375,-1,-1,-1,-1
529,6,456.2098083496094,675.516357421875,93.78012084960938,228.0902099609375,-1,-1,-1,-1
530,6,448.9705810546875,653.0972290039062,95.77008056640625,227.77398681640625,-1,-1,-1,-1
531,6,438.7328186035156,654.322021484375,97.14108276367188,227.7965087890625,-1,-1,-1,-1
532,6,431.38385009765625,654.8427734375,94.140625,228.34149169921875,-1,-1,-1,-1
533,6,432.75872802734375,626.5062866210938,93.35162353515625,228.02056884765625,-1,-1,-1,-1
534,6,427.5092468261719,600.5040893554688,92.19326782226562,228.95220947265625,-1,-1,-1,-1
535,6,431.22930908203125,566.7975463867188,94.0821533203125,229.99090576171875,-1,-1,-1,-1
536,6,446.4194030761719,530.6699829101562,96.99887084960938,231.7115478515625,-1,-1,-1,-1
537,6,468.0592041015625,533.9063720703125,95.3927001953125,232.23016357421875,-1,-1,-1,-1
538,6,504.1973876953125,546.3858642578125,94.1627197265625,230.51751708984375,-1,-1,-1,-1
539,6,515.0422973632812,558.7825317382812,91.11065673828125,230.167236328125,-1,-1,-1,-1
540,6,515.79345703125,541.1905517578125,91.98590087890625,233.2296142578125,-1,-1,-1,-1
541,6,505.6900939941406,530.9107055664062,95.47726440429688,233.8857421875,-1,-1,-1,-1
542,6,501.741455078125,533.3321533203125,94.982666015625,235.15655517578125,-1,-1,-1,-1
543,6,501.809326171875,536.2926635742188,97.9749755859375,237.27838134765625,-1,-1,-1,-1
544,6,502.7990417480469,520.873779296875,97.84567260742188,238.22711181640625,-1,-1,-1,-1
545,6,511.6072998046875,485.3863525390625,96.91363525390625,240.707275390625,-1,-1,-1,-1
546,6,509.6844177246094,484.2738952636719,96.62753295898438,241.92471313476562,-1,-1,-1,-1
547,6,501.86456298828125,486.3346252441406,99.47589111328125,242.66940307617188,-1,-1,-1,-1
548,6,495.0968933105469,489.04095458984375,102.73464965820312,239.62933349609375,-1,-1,-1,-1
549,6,490.3136901855469,472.8773193359375,105.72348022460938,237.9306640625,-1,-1,-1,-1
550,6,484.5542297363281,442.52716064453125,110.56954956054688,237.56072998046875,-1,-1,-1,-1
551,6,472.7216796875,396.6290588378906,116.66510009765625,244.35739135742188,-1,-1,-1,-1
