1,1,589.8052978515625,337.142578125,314.4820556640625,458.723876953125,-1,-1,-1,-1
2,1,576.2384033203125,332.7178039550781,324.57232666015625,472.4536437988281,-1,-1,-1,-1
3,1,558.9017333984375,348.3370361328125,308.3648681640625,478.05718994140625,-1,-1,-1,-1
4,1,540.5985107421875,363.96527099609375,282.258544921875,480.11029052734375,-1,-1,-1,-1
5,1,523.2806396484375,360.6579284667969,265.4849853515625,494.4418640136719,-1,-1,-1,-1
6,1,502.9487609863281,327.43646240234375,259.8335876464844,531.4962158203125,-1,-1,-1,-1
7,1,484.97027587890625,297.50634765625,250.50006103515625,554.0444946289062,-1,-1,-1,-1
8,1,461.9185791015625,254.1522216796875,246.7244873046875,585.1917114257812,-1,-1,-1,-1
9,1,442.7569885253906,223.0185089111328,240.39926147460938,601.1859130859375,-1,-1,-1,-1
10,1,416.5499267578125,193.13046264648438,239.5616455078125,617.6883544921875,-1,-1,-1,-1
11,1,384.2909851074219,170.82904052734375,241.11404418945312,631.2752075195312,-1,-1,-1,-1
12,1,361.0703125,145.1177978515625,246.1324462890625,648.7882690429688,-1,-1,-1,-1
13,1,349.5491943359375,133.7268829345703,249.58154296875,650.577392578125,-1,-1,-1,-1
14,1,340.2374267578125,128.55724334716797,258.82904052734375,651.1766357421875,-1,-1,-1,-1
15,1,329.1361389160156,122.96612548828125,263.8157043457031,652.1734619140625,-1,-1,-1,-1
16,1,313.81787109375,107.02629089355469,270.94195556640625,656.8142700195312,-1,-1,-1,-1
17,1,302.3511047363281,98.90451049804688,274.6530456542969,658.566162109375,-1,-1,-1,-1
18,1,290.2926025390625,103.72602844238281,284.2183837890625,660.870361328125,-1,-1,-1,-1
19,1,282.6625671386719,105.81334686279297,296.9620666503906,666.2898559570312,-1,-1,-1,-1
20,1,273.9851989746094,105.84403991699219,304.6976623535156,675.2940063476562,-1,-1,-1,-1
21,1,262.0263977050781,102.5841064453125,319.7624816894531,679.4378662109375,-1,-1,-1,-1
22,1,250.598876953125,96.53692626953125,329.25982666015625,681.8360595703125,-1,-1,-1,-1
23,1,230.11647033691406,97.47850036621094,347.309326171875,680.25732421875,-1,-1,-1,-1
24,1,208.48159790039062,109.45188903808594,370.3637390136719,674.873779296875,-1,-1,-1,-1
25,1,197.7425079345703,118.91344451904297,383.53826904296875,670.5782470703125,-1,-1,-1,-1
26,1,183.95556640625,107.6248550415039,403.07421875,667.3189697265625,-1,-1,-1,-1
27,1,168.4789276123047,110.90902709960938,413.13116455078125,660.6837158203125,-1,-1,-1,-1
28,1,145.15298461914062,122.83531188964844,410.1577453613281,660.19921875,-1,-1,-1,-1
29,1,116.85006713867188,131.4469757080078,430.9518127441406,642.659912109375,-1,-1,-1,-1
30,1,89.5673828125,145.51231384277344,415.4289245605469,546.6193237304688,-1,-1,-1,-1
31,1,72.70974731445312,153.52542114257812,359.0672912597656,530.4254150390625,-1,-1,-1,-1
32,1,53.4500732421875,167.584716796875,392.3506774902344,643.5321044921875,-1,-1,-1,-1
33,1,47.10341262817383,207.88870239257812,412.803466796875,572.8475341796875,-1,-1,-1,-1
34,1,32.69050216674805,254.9994659423828,400.6492004394531,668.8035278320312,-1,-1,-1,-1
35,1,25.499048233032227,291.66009521484375,398.8078918457031,722.5530395507812,-1,-1,-1,-1
36,1,11.232542037963867,292.26885986328125,412.44775390625,786.4050903320312,-1,-1,-1,-1
37,1,4.647623062133789,285.11865234375,421.0421447753906,716.889404296875,-1,-1,-1,-1
38,1,2.847362518310547,285.6182861328125,420.90545654296875,665.9427490234375,-1,-1,-1,-1
39,1,1.582113265991211,285.2793273925781,429.87274169921875,642.1849365234375,-1,-1,-1,-1
40,1,-1.6035747528076172,285.11126708984375,443.8337707519531,641.9285278320312,-1,-1,-1,-1
41,1,-0.3808746337890625,282.7722473144531,465.7861328125,642.788330078125,-1,-1,-1,-1
42,1,1.6645889282226562,276.025146484375,478.4662780761719,641.1129150390625,-1,-1,-1,-1
43,1,0.35548973083496094,292.5061340332031,475.74859619140625,636.6876220703125,-1,-1,-1,-1
44,1,-1.5330162048339844,306.4280700683594,464.4587707519531,646.3701171875,-1,-1,-1,-1
45,1,-2.8045806884765625,313.1739196777344,462.92529296875,667.1192626953125,-1,-1,-1,-1
46,1,-2.212921142578125,317.1976623535156,459.1850891113281,700.33349609375,-1,-1,-1,-1
47,1,-1.0803546905517578,331.93572998046875,434.3673400878906,727.4367065429688,-1,-1,-1,-1
48,1,-3.007549285888672,348.9100341796875,414.8072509765625,768.5494384765625,-1,-1,-1,-1
49,1,-3.303966522216797,368.27349853515625,403.17120361328125,801.4386596679688,-1,-1,-1,-1
50,1,1.5570831298828125,388.0692138671875,380.87921142578125,802.6429443359375,-1,-1,-1,-1
51,1,-1.604330062866211,402.89324951171875,381.9056701660156,781.3244018554688,-1,-1,-1,-1
52,1,-3.4071922302246094,405.7843017578125,391.4407958984375,778.6761474609375,-1,-1,-1,-1
53,1,-5.031948089599609,403.43707275390625,554.2301025390625,808.1837768554688,-1,-1,-1,-1
54,1,-1.7503776550292969,401.0911865234375,559.1322631835938,761.2156982421875,-1,-1,-1,-1
55,1,-0.5075359344482422,397.48187255859375,409.3039245605469,679.8165893554688,-1,-1,-1,-1
56,1,6.951276779174805,389.6477355957031,403.24188232421875,692.5877685546875,-1,-1,-1,-1
57,1,3.630472183227539,389.2817077636719,445.81243896484375,715.2342529296875,-1,-1,-1,-1
58,1,59.819915771484375,399.8609619140625,427.9012756347656,641.335693359375,-1,-1,-1,-1
59,1,86.1910400390625,410.9348449707031,432.54986572265625,538.9195556640625,-1,-1,-1,-1
60,1,142.55047607421875,404.3701477050781,474.87921142578125,659.7064208984375,-1,-1,-1,-1
61,1,250.6043701171875,433.313720703125,391.1280517578125,627.55419921875,-1,-1,-1,-1
62,1,283.1109619140625,440.5097961425781,358.15625,620.880859375,-1,-1,-1,-1
63,1,295.4825134277344,438.7168273925781,344.9554138183594,620.4029541015625,-1,-1,-1,-1
64,1,300.6009216308594,434.28857421875,355.7575378417969,624.1158447265625,-1,-1,-1,-1
65,1,301.58477783203125,434.4915771484375,352.88629150390625,625.7086181640625,-1,-1,-1,-1
66,1,303.0794677734375,427.4678649902344,350.1639404296875,627.4952392578125,-1,-1,-1,-1
67,1,304.6458740234375,416.3746337890625,347.12237548828125,630.587646484375,-1,-1,-1,-1
68,1,308.11676025390625,402.3287048339844,346.560791015625,632.9625244140625,-1,-1,-1,-1
69,1,318.604248046875,384.2258605957031,344.297607421875,633.77490234375,-1,-1,-1,-1
70,1,331.0646667480469,374.8210754394531,342.5522155761719,630.920654296875,-1,-1,-1,-1
71,1,337.19122314453125,361.62127685546875,346.80218505859375,644.4727172851562,-1,-1,-1,-1
72,1,340.05352783203125,351.58441162109375,345.76580810546875,656.5023803710938,-1,-1,-1,-1
73,1,344.1795654296875,346.3478698730469,346.533447265625,677.43359375,-1,-1,-1,-1
74,1,355.2623291015625,345.53997802734375,342.82177734375,689.7949829101562,-1,-1,-1,-1
75,1,367.66668701171875,346.76959228515625,331.615478515625,682.3193969726562,-1,-1,-1,-1
76,1,378.41888427734375,357.068115234375,318.66973876953125,662.76806640625,-1,-1,-1,-1
77,1,387.542724609375,362.9339294433594,318.23541259765625,653.066162109375,-1,-1,-1,-1
78,1,393.79901123046875,381.853271484375,301.1864013671875,629.7723388671875,-1,-1,-1,-1
79,1,401.02447509765625,403.92926025390625,323.18988037109375,594.9041137695312,-1,-1,-1,-1
80,1,410.9583740234375,407.3567199707031,394.11163330078125,581.36669921875,-1,-1,-1,-1
81,1,426.31024169921875,431.1678771972656,424.3154296875,553.296875,-1,-1,-1,-1
82,1,438.54559326171875,446.7978820800781,345.571533203125,535.622314453125,-1,-1,-1,-1
83,1,452.33233642578125,453.0868835449219,397.525634765625,525.2598876953125,-1,-1,-1,-1
84,1,453.68902587890625,461.5931091308594,348.793212890625,513.369140625,-1,-1,-1,-1
85,1,444.6546936035156,463.64910888671875,381.6109924316406,509.7388916015625,-1,-1,-1,-1
86,1,431.7197570800781,472.3514099121094,318.1952209472656,498.0791320800781,-1,-1,-1,-1
87,1,413.09088134765625,463.91156005859375,301.4256591796875,502.683349609375,-1,-1,-1,-1
88,1,388.0066833496094,457.6733093261719,348.5425720214844,504.2721252441406,-1,-1,-1,-1
89,1,369.0480651855469,455.807861328125,336.4714050292969,501.872802734375,-1,-1,-1,-1
90,1,354.2174072265625,449.5281982421875,330.67022705078125,505.433837890625,-1,-1,-1,-1
91,1,343.740478515625,444.15283203125,339.23944091796875,504.2252197265625,-1,-1,-1,-1
92,1,330.1114501953125,434.14556884765625,337.64837646484375,510.63604736328125,-1,-1,-1,-1
93,1,328.2262268066406,432.0020751953125,346.6126403808594,512.4555053710938,-1,-1,-1,-1
94,1,331.53326416015625,434.8212585449219,319.27203369140625,516.837646484375,-1,-1,-1,-1
95,1,328.50341796875,435.43084716796875,339.20599365234375,527.6066284179688,-1,-1,-1,-1
96,1,337.5599365234375,446.2799987792969,320.8623046875,533.2093505859375,-1,-1,-1,-1
97,1,345.9066467285156,443.4922790527344,385.1257019042969,552.1329345703125,-1,-1,-1,-1
98,1,345.8127746582031,450.8427734375,333.1257019042969,557.8276977539062,-1,-1,-1,-1
99,1,344.08111572265625,443.4454040527344,339.249267578125,585.4691162109375,-1,-1,-1,-1
100,1,341.4383544921875,490.17193603515625,346.500244140625,559.2976684570312,-1,-1,-1,-1
101,1,338.7210388183594,517.0272216796875,361.5128479003906,551.470947265625,-1,-1,-1,-1
102,1,326.7752685546875,506.8882141113281,366.554443359375,572.921630859375,-1,-1,-1,-1
103,1,311.9407043457031,528.1417846679688,378.4260559082031,559.5075073242188,-1,-1,-1,-1
104,1,279.0732421875,546.8851318359375,389.5352783203125,555.4334716796875,-1,-1,-1,-1
105,1,226.12364196777344,464.045166015625,416.81158447265625,665.43603515625,-1,-1,-1,-1
106,1,159.8883514404297,488.3227844238281,457.37640380859375,667.56689453125,-1,-1,-1,-1
107,1,107.50291442871094,507.552978515625,503.04058837890625,676.1402587890625,-1,-1,-1,-1
108,1,63.202491760253906,528.857177734375,535.97265625,669.9000244140625,-1,-1,-1,-1
109,1,31.475082397460938,545.1707153320312,598.3831176757812,815.3619995117188,-1,-1,-1,-1
110,1,20.334259033203125,561.546875,626.26513671875,688.56201171875,-1,-1,-1,-1
111,1,14.869485855102539,589.345947265625,586.4264526367188,622.5269775390625,-1,-1,-1,-1
112,1,11.940393447875977,656.9268798828125,583.818115234375,550.1934814453125,-1,-1,-1,-1
113,1,15.647098541259766,678.263671875,570.8695068359375,577.9658203125,-1,-1,-1,-1
114,1,1.5161285400390625,672.4711303710938,626.1329956054688,727.7445678710938,-1,-1,-1,-1
115,1,1.7197685241699219,670.811767578125,661.0612182617188,740.33447265625,-1,-1,-1,-1
116,1,1.9008121490478516,669.5103149414062,654.290283203125,742.6696166992188,-1,-1,-1,-1
117,1,21.391294479370117,668.2008056640625,686.9470825195312,742.8292236328125,-1,-1,-1,-1
118,1,18.06106948852539,671.9147338867188,739.3724975585938,739.1743774414062,-1,-1,-1,-1
119,1,97.10282135009766,663.9808959960938,663.1778564453125,700.8456420898438,-1,-1,-1,-1
120,1,103.60736083984375,669.9176025390625,665.8602294921875,684.581298828125,-1,-1,-1,-1
121,1,114.01461029052734,667.6065063476562,661.9671630859375,735.1303100585938,-1,-1,-1,-1
122,1,101.39159393310547,669.1596069335938,679.8822631835938,736.5828247070312,-1,-1,-1,-1
123,1,119.38601684570312,657.5287475585938,653.6407470703125,753.0527954101562,-1,-1,-1,-1
124,1,103.26151275634766,656.8496704101562,687.1996459960938,753.1646118164062,-1,-1,-1,-1
125,1,95.12682342529297,658.9166259765625,704.7572021484375,747.0943603515625,-1,-1,-1,-1
126,1,90.21456146240234,674.1754760742188,700.3818969726562,569.5474243164062,-1,-1,-1,-1
127,1,142.8819122314453,674.529296875,646.761474609375,498.920166015625,-1,-1,-1,-1
128,1,150.7480010986328,672.5137939453125,633.4388427734375,527.2037353515625,-1,-1,-1,-1
129,1,152.3155517578125,670.3711547851562,641.0327758789062,485.26177978515625,-1,-1,-1,-1
130,1,149.16925048828125,666.862060546875,638.4817504882812,443.6416015625,-1,-1,-1,-1
131,1,149.31430053710938,657.135009765625,629.4371337890625,430.367919921875,-1,-1,-1,-1
132,1,133.3813934326172,638.5169677734375,646.3880615234375,435.3726806640625,-1,-1,-1,-1
133,1,98.86424255371094,630.6798095703125,656.7669067382812,431.7928466796875,-1,-1,-1,-1
134,1,61.0148811340332,635.0673828125,657.7743530273438,442.9609375,-1,-1,-1,-1
135,1,25.698135375976562,642.8629150390625,665.1039428710938,479.0081787109375,-1,-1,-1,-1
136,1,20.028547286987305,650.1715087890625,666.4924926757812,591.4163818359375,-1,-1,-1,-1
137,1,9.024959564208984,643.3125,707.2955932617188,766.195556640625,-1,-1,-1,-1
138,1,12.204059600830078,641.2076416015625,713.6926879882812,766.8311767578125,-1,-1,-1,-1
139,1,26.85065460205078,653.388916015625,710.4348754882812,755.3922119140625,-1,-1,-1,-1
140,1,24.564918518066406,668.7050170898438,687.56298828125,742.0094604492188,-1,-1,-1,-1
141,1,24.02520751953125,679.8471069335938,696.5501708984375,731.0142211914062,-1,-1,-1,-1
142,1,28.63608169555664,682.9703979492188,693.7992553710938,727.1387329101562,-1,-1,-1,-1
143,1,42.34992980957031,682.621826171875,693.3330688476562,727.28271484375,-1,-1,-1,-1
144,1,27.076072692871094,686.5302734375,718.730712890625,722.3092041015625,-1,-1,-1,-1
145,1,7.481819152832031,682.907958984375,745.111083984375,726.4697265625,-1,-1,-1,-1
146,1,42.28977966308594,685.042236328125,749.4812622070312,723.3310546875,-1,-1,-1,-1
147,1,75.72785949707031,690.9292602539062,776.2190551757812,716.9299926757812,-1,-1,-1,-1
148,1,73.9232177734375,694.544677734375,850.1959228515625,711.548828125,-1,-1,-1,-1
149,1,92.2057876586914,705.4583740234375,816.567138671875,695.31494140625,-1,-1,-1,-1
150,1,93.78475952148438,728.3772583007812,730.13525390625,622.3302612304688,-1,-1,-1,-1
151,1,99.82569122314453,736.1845703125,692.7730712890625,567.2333984375,-1,-1,-1,-1
152,1,129.25802612304688,740.3836059570312,667.170654296875,539.6466674804688,-1,-1,-1,-1
153,1,130.0032501220703,743.0869140625,632.2117919921875,497.689208984375,-1,-1,-1,-1
154,1,120.98639678955078,747.187744140625,483.95782470703125,506.802734375,-1,-1,-1,-1
155,1,100.32537078857422,735.5604248046875,484.4603271484375,642.2724609375,-1,-1,-1,-1
156,1,118.32545471191406,711.5208740234375,519.9050903320312,574.8603515625,-1,-1,-1,-1
157,1,117.88926696777344,689.5828857421875,469.44366455078125,568.5087890625,-1,-1,-1,-1
158,1,112.637451171875,659.848876953125,479.05853271484375,613.37841796875,-1,-1,-1,-1
159,1,99.92192840576172,628.5069580078125,555.4589233398438,773.648193359375,-1,-1,-1,-1
160,1,97.04436492919922,607.2607421875,562.493408203125,795.927978515625,-1,-1,-1,-1
161,1,97.546875,593.6277465820312,576.33447265625,788.8856811523438,-1,-1,-1,-1
162,1,89.15548706054688,581.5755615234375,563.869384765625,809.79931640625,-1,-1,-1,-1
163,1,83.18165588378906,567.6083374023438,557.4217529296875,825.9486694335938,-1,-1,-1,-1
164,1,59.1451530456543,562.8915405273438,541.515869140625,781.5471801757812,-1,-1,-1,-1
165,1,37.656288146972656,561.0761108398438,524.078857421875,723.8452758789062,-1,-1,-1,-1
166,1,13.893436431884766,557.4921264648438,604.7111206054688,848.5636596679688,-1,-1,-1,-1
167,1,2.9659042358398438,551.9490356445312,577.5824584960938,846.1122436523438,-1,-1,-1,-1
168,1,-2.6965084075927734,547.439453125,602.8264770507812,861.3319091796875,-1,-1,-1,-1
169,1,-2.439115524291992,550.3421630859375,584.2171020507812,857.603515625,-1,-1,-1,-1
170,1,-0.40770912170410156,561.8206176757812,565.375732421875,844.6554565429688,-1,-1,-1,-1
171,1,-0.7389335632324219,562.1409912109375,514.5473022460938,841.92041015625,-1,-1,-1,-1
172,1,-1.0339241027832031,547.2784423828125,551.5302124023438,859.155517578125,-1,-1,-1,-1
173,1,-1.5638790130615234,552.964111328125,508.0812072753906,851.5548095703125,-1,-1,-1,-1
174,1,-1.0961112976074219,550.5808715820312,649.053466796875,853.9843139648438,-1,-1,-1,-1
175,1,-56.77861785888672,549.849853515625,795.7889404296875,856.218017578125,-1,-1,-1,-1
176,1,12.698997497558594,545.4315185546875,418.0530090332031,790.275146484375,-1,-1,-1,-1
177,1,5.702203750610352,538.3878173828125,412.1499328613281,774.9447021484375,-1,-1,-1,-1
178,1,9.933849334716797,522.6672973632812,430.54827880859375,759.3305053710938,-1,-1,-1,-1
179,1,29.554664611816406,511.0616455078125,433.9512939453125,743.8868408203125,-1,-1,-1,-1
180,1,56.386070251464844,504.9190673828125,425.3829345703125,729.816650390625,-1,-1,-1,-1
181,1,80.26072692871094,492.1712951660156,420.052001953125,718.4169921875,-1,-1,-1,-1
182,1,95.00970458984375,473.5373229980469,416.38995361328125,710.734130859375,-1,-1,-1,-1
183,1,108.24076843261719,454.4308776855469,412.62860107421875,698.6943359375,-1,-1,-1,-1
184,1,129.1832275390625,436.9211120605469,416.6397705078125,687.660888671875,-1,-1,-1,-1
185,1,149.2680206298828,408.0168762207031,409.6146240234375,675.3326416015625,-1,-1,-1,-1
186,1,173.64642333984375,389.72015380859375,399.65509033203125,665.2640991210938,-1,-1,-1,-1
187,1,193.95269775390625,372.4544372558594,399.1375732421875,655.9996337890625,-1,-1,-1,-1
188,1,203.69483947753906,345.6353759765625,396.84259033203125,654.9384765625,-1,-1,-1,-1
189,1,210.66995239257812,326.69720458984375,395.5243225097656,653.7173461914062,-1,-1,-1,-1
190,1,220.30902099609375,317.2040710449219,385.81689453125,648.6588134765625,-1,-1,-1,-1
191,1,225.3169708251953,311.8583984375,376.44158935546875,645.9012451171875,-1,-1,-1,-1
192,1,223.64268493652344,307.5898132324219,370.4189453125,645.3314208984375,-1,-1,-1,-1
193,1,211.12130737304688,311.4345397949219,357.7814636230469,649.434814453125,-1,-1,-1,-1
194,1,191.92308044433594,317.722900390625,348.6038818359375,653.3475341796875,-1,-1,-1,-1
195,1,187.51356506347656,334.152587890625,337.476806640625,657.3233642578125,-1,-1,-1,-1
196,1,173.11746215820312,350.3775939941406,331.0205993652344,658.44384765625,-1,-1,-1,-1
197,1,159.62905883789062,365.9811706542969,330.4223937988281,666.2423095703125,-1,-1,-1,-1
198,1,160.90805053710938,370.26898193359375,315.170654296875,670.0106811523438,-1,-1,-1,-1
199,1,146.553466796875,368.97857666015625,318.29559326171875,677.2733764648438,-1,-1,-1,-1
200,1,148.02198791503906,374.74322509765625,305.19061279296875,682.5234985351562,-1,-1,-1,-1
201,1,136.24620056152344,371.8258972167969,302.6383056640625,693.421875,-1,-1,-1,-1
202,1,118.1103286743164,370.72076416015625,305.6019592285156,699.1774291992188,-1,-1,-1,-1
203,1,110.51117706298828,367.8125915527344,304.088623046875,707.095458984375,-1,-1,-1,-1
204,1,106.9314193725586,370.5657043457031,305.8310241699219,711.1448974609375,-1,-1,-1,-1
205,1,114.72689056396484,383.34991455078125,305.8642578125,710.4502563476562,-1,-1,-1,-1
206,1,119.86360168457031,389.0436096191406,311.9222412109375,707.8045654296875,-1,-1,-1,-1
207,1,115.75377655029297,379.8328552246094,310.074951171875,714.456787109375,-1,-1,-1,-1
208,1,113.65553283691406,370.6064453125,305.0645751953125,717.9627685546875,-1,-1,-1,-1
209,1,124.79302978515625,365.0493469238281,291.9013977050781,713.95361328125,-1,-1,-1,-1
210,1,125.2158203125,359.9162902832031,291.1470947265625,700.308349609375,-1,-1,-1,-1
211,1,106.32532501220703,364.76470947265625,309.5439758300781,687.5026245117188,-1,-1,-1,-1
212,1,94.73182678222656,376.65606689453125,324.81201171875,673.7857055664062,-1,-1,-1,-1
213,1,80.46440887451172,384.5513916015625,338.8570251464844,660.4813232421875,-1,-1,-1,-1
214,1,72.74617004394531,388.440673828125,359.83544921875,639.2259521484375,-1,-1,-1,-1
215,1,59.546119689941406,392.63641357421875,383.4747314453125,633.8195190429688,-1,-1,-1,-1
216,1,53.59064483642578,396.5216369628906,388.937744140625,636.0106201171875,-1,-1,-1,-1
217,1,54.40283203125,396.49041748046875,389.64111328125,642.6664428710938,-1,-1,-1,-1
218,1,60.10548782348633,399.5951232910156,380.4674987792969,645.3316650390625,-1,-1,-1,-1
219,1,59.43030548095703,405.1878967285156,380.63031005859375,647.0220947265625,-1,-1,-1,-1
220,1,75.51564025878906,420.9561767578125,358.6336669921875,646.400146484375,-1,-1,-1,-1
221,1,81.57007598876953,429.2439270019531,361.1457214355469,647.273681640625,-1,-1,-1,-1
222,1,93.26274108886719,433.24371337890625,347.54437255859375,645.4848022460938,-1,-1,-1,-1
223,1,112.1639404296875,436.21142578125,336.93634033203125,628.1253662109375,-1,-1,-1,-1
224,1,125.90705871582031,442.89453125,329.09918212890625,586.8404541015625,-1,-1,-1,-1
225,1,130.1277313232422,448.5538635253906,318.17156982421875,570.4058837890625,-1,-1,-1,-1
226,1,123.08782196044922,464.028564453125,324.7605285644531,567.7769775390625,-1,-1,-1,-1
227,1,116.11607360839844,471.4449157714844,311.33428955078125,572.6546630859375,-1,-1,-1,-1
228,1,96.3401107788086,475.0320129394531,321.587646484375,575.9393310546875,-1,-1,-1,-1
229,1,59.348487854003906,472.52093505859375,324.28045654296875,585.5071411132812,-1,-1,-1,-1
230,1,13.899038314819336,457.9350280761719,326.9193115234375,602.1453857421875,-1,-1,-1,-1
231,1,1.6549901962280273,450.0616149902344,303.58709716796875,609.4622802734375,-1,-1,-1,-1
232,1,0.46968841552734375,447.73248291015625,280.697265625,616.2293090820312,-1,-1,-1,-1
233,1,-0.9069795608520508,454.32568359375,279.1875305175781,614.456298828125,-1,-1,-1,-1
234,1,-0.8519678115844727,474.686279296875,273.1754150390625,582.3924560546875,-1,-1,-1,-1
235,1,3.045421600341797,505.1858825683594,245.9152069091797,566.132080078125,-1,-1,-1,-1
236,1,1.922999382019043,532.2987060546875,257.25177001953125,621.0499267578125,-1,-1,-1,-1
237,1,3.406491279602051,542.4840698242188,271.0837707519531,624.4633178710938,-1,-1,-1,-1
238,1,15.180233001708984,546.8297119140625,279.03216552734375,614.510498046875,-1,-1,-1,-1
239,1,37.649322509765625,546.2029418945312,279.49554443359375,596.0493774414062,-1,-1,-1,-1
240,1,107.13919067382812,544.9966430664062,248.43017578125,567.9724731445312,-1,-1,-1,-1
241,1,193.2615509033203,550.0860595703125,225.59498596191406,529.528564453125,-1,-1,-1,-1
9,2,3.727781295776367,616.4657592773438,552.81005859375,785.2217407226562,-1,-1,-1,-1
10,2,-1.4513797760009766,582.9083862304688,549.202392578125,822.6887817382812,-1,-1,-1,-1
11,2,1.4523887634277344,609.7211303710938,496.2982482910156,796.1807250976562,-1,-1,-1,-1
12,2,0.6497879028320312,540.447021484375,509.72882080078125,861.95703125,-1,-1,-1,-1
13,2,-3.7152328491210938,495.29412841796875,514.34033203125,908.2324829101562,-1,-1,-1,-1
14,2,-1.6121768951416016,517.3609008789062,550.864501953125,890.9668579101562,-1,-1,-1,-1
15,2,-2.5699520111083984,556.87939453125,645.93408203125,852.2515869140625,-1,-1,-1,-1
16,2,0.7994232177734375,552.689697265625,673.0255737304688,856.8780517578125,-1,-1,-1,-1
17,2,0.9594650268554688,558.747314453125,832.6697998046875,850.20654296875,-1,-1,-1,-1
18,2,-1.7037582397460938,574.224853515625,881.358154296875,835.25,-1,-1,-1,-1
19,2,2.334674835205078,573.6832885742188,763.8775024414062,702.2409057617188,-1,-1,-1,-1
20,2,-7.524995803833008,533.932861328125,562.2925415039062,656.9830322265625,-1,-1,-1,-1
21,2,7.162385940551758,416.37823486328125,502.3703918457031,750.2468872070312,-1,-1,-1,-1
22,2,7.096736907958984,396.3292541503906,519.6146240234375,776.796630859375,-1,-1,-1,-1
23,2,8.311485290527344,391.89862060546875,528.776123046875,763.6802368164062,-1,-1,-1,-1
24,2,3.341188430786133,392.8128967285156,561.4658203125,796.1646728515625,-1,-1,-1,-1
25,2,6.752777099609375,387.2957763671875,586.1416015625,765.33203125,-1,-1,-1,-1
26,2,11.337362289428711,354.35333251953125,602.6332397460938,795.2096557617188,-1,-1,-1,-1
27,2,1.8317642211914062,343.1646728515625,727.29931640625,1062.2952880859375,-1,-1,-1,-1
28,2,12.724678039550781,339.5738220214844,943.0606689453125,1073.435302734375,-1,-1,-1,-1
29,2,25.399158477783203,467.0931396484375,788.9478759765625,663.210205078125,-1,-1,-1,-1
30,2,53.16699981689453,335.089599609375,823.5984497070312,881.954345703125,-1,-1,-1,-1
31,2,30.40766143798828,327.85552978515625,844.3944702148438,1007.8200073242188,-1,-1,-1,-1
32,2,18.631454467773438,361.41009521484375,811.8570556640625,1048.9619140625,-1,-1,-1,-1
33,2,30.29952621459961,418.60821533203125,852.5298461914062,989.1904907226562,-1,-1,-1,-1
34,2,127.36790466308594,496.2102355957031,779.9830322265625,909.31640625,-1,-1,-1,-1
35,2,240.766845703125,555.7161254882812,737.9007568359375,854.2504272460938,-1,-1,-1,-1
36,2,276.1601257324219,564.6702880859375,720.4183349609375,845.0965576171875,-1,-1,-1,-1
37,2,211.89695739746094,559.898193359375,843.5616455078125,848.66357421875,-1,-1,-1,-1
38,2,348.21209716796875,553.4605102539062,700.0846557617188,852.1310424804688,-1,-1,-1,-1
39,2,357.64300537109375,559.141845703125,810.2997436523438,850.7127685546875,-1,-1,-1,-1
40,2,356.34197998046875,688.6038818359375,825.7687377929688,693.780517578125,-1,-1,-1,-1
41,2,409.4900207519531,708.9989624023438,793.2091064453125,698.6349487304688,-1,-1,-1,-1
42,2,376.57220458984375,674.5516357421875,695.0036010742188,734.4573974609375,-1,-1,-1,-1
43,2,369.14398193359375,685.6707763671875,770.1309204101562,723.666748046875,-1,-1,-1,-1
44,2,341.287353515625,713.2314453125,809.6790771484375,694.0772705078125,-1,-1,-1,-1
45,2,373.65826416015625,724.595947265625,782.5910034179688,684.1212158203125,-1,-1,-1,-1
46,2,401.04107666015625,726.7655029296875,765.0316772460938,681.671142578125,-1,-1,-1,-1
47,2,412.2013244628906,745.0086059570312,751.5648193359375,663.9404907226562,-1,-1,-1,-1
48,2,407.3158874511719,749.3530883789062,785.077392578125,663.3455200195312,-1,-1,-1,-1
49,2,339.326416015625,725.2574462890625,732.142822265625,685.359375,-1,-1,-1,-1
50,2,317.21392822265625,671.3436279296875,623.0486450195312,733.2769775390625,-1,-1,-1,-1
51,2,268.0634460449219,678.1089477539062,622.7266845703125,733.7587280273438,-1,-1,-1,-1
52,2,248.2742462158203,658.4769897460938,561.2594604492188,711.7946166992188,-1,-1,-1,-1
53,2,229.8711395263672,648.3335571289062,491.7401123046875,595.1015014648438,-1,-1,-1,-1
54,2,275.7254638671875,627.4205932617188,434.46014404296875,591.6585083007812,-1,-1,-1,-1
55,2,277.5606689453125,611.0420532226562,433.7540283203125,590.9907836914062,-1,-1,-1,-1
56,2,303.58734130859375,594.419189453125,426.583740234375,645.3255615234375,-1,-1,-1,-1
57,2,344.0609130859375,575.45166015625,407.25408935546875,681.3590087890625,-1,-1,-1,-1
58,2,386.768310546875,581.2744140625,428.55694580078125,753.2081298828125,-1,-1,-1,-1
59,2,444.7254943847656,581.5308227539062,437.9380187988281,831.4102172851562,-1,-1,-1,-1
60,2,506.5668640136719,583.6322021484375,417.4679260253906,827.3929443359375,-1,-1,-1,-1
61,2,543.8353271484375,578.9653930664062,412.61273193359375,832.3810424804688,-1,-1,-1,-1
62,2,555.2897338867188,588.3448486328125,423.46185302734375,823.6842041015625,-1,-1,-1,-1
63,2,580.6337280273438,576.3404541015625,432.34149169921875,833.2276611328125,-1,-1,-1,-1
64,2,616.4810180664062,569.8405151367188,436.60125732421875,838.2157592773438,-1,-1,-1,-1
65,2,583.7222290039062,574.2664794921875,506.18121337890625,834.09228515625,-1,-1,-1,-1
66,2,578.3692626953125,567.511474609375,547.4078369140625,841.1702880859375,-1,-1,-1,-1
67,2,609.7044677734375,555.6527099609375,584.7874755859375,850.976806640625,-1,-1,-1,-1
68,2,610.6184692382812,547.6503295898438,677.8483276367188,858.2256469726562,-1,-1,-1,-1
69,2,609.2067260742188,531.3426513671875,736.2739868164062,877.1986083984375,-1,-1,-1,-1
70,2,588.6494140625,518.970703125,809.516845703125,890.87744140625,-1,-1,-1,-1
71,2,678.913330078125,505.1859130859375,721.9112548828125,882.011962890625,-1,-1,-1,-1
72,2,720.6162109375,487.2090759277344,684.544189453125,921.98974609375,-1,-1,-1,-1
73,2,737.0997314453125,483.6367492675781,672.3319091796875,925.187744140625,-1,-1,-1,-1
74,2,649.98583984375,491.5087890625,748.65869140625,918.44140625,-1,-1,-1,-1
75,2,758.8794555664062,496.24346923828125,650.1947631835938,912.9475708007812,-1,-1,-1,-1
76,2,774.2164306640625,498.2923278808594,636.8031005859375,910.942626953125,-1,-1,-1,-1
77,2,768.3941040039062,514.330810546875,640.9948120117188,895.4486083984375,-1,-1,-1,-1
78,2,735.301025390625,516.3961791992188,672.629638671875,893.1741333007812,-1,-1,-1,-1
79,2,755.2451782226562,524.5369873046875,655.7037963867188,883.5933837890625,-1,-1,-1,-1
80,2,782.9439086914062,515.065673828125,626.5457153320312,893.9461669921875,-1,-1,-1,-1
81,2,565.2542724609375,473.6562194824219,843.4202880859375,936.294189453125,-1,-1,-1,-1
82,2,530.92724609375,421.8249816894531,885.5166015625,947.8587646484375,-1,-1,-1,-1
83,2,578.7532958984375,458.7177734375,942.7164306640625,946.567138671875,-1,-1,-1,-1
84,2,555.8754272460938,482.36627197265625,904.8792114257812,929.9929809570312,-1,-1,-1,-1
85,2,650.0496826171875,484.85650634765625,798.7286376953125,870.0740356445312,-1,-1,-1,-1
86,2,657.7962036132812,474.1446838378906,853.3338012695312,940.9798583984375,-1,-1,-1,-1
87,2,795.99755859375,460.6501770019531,697.35986328125,951.0457763671875,-1,-1,-1,-1
88,2,885.7618408203125,459.56756591796875,523.6597900390625,947.8444213867188,-1,-1,-1,-1
89,2,871.9523315429688,477.5885925292969,536.0288696289062,934.9661865234375,-1,-1,-1,-1
90,2,916.2802734375,434.24462890625,514.69384765625,976.242919921875,-1,-1,-1,-1
91,2,929.8742065429688,436.7933044433594,483.51837158203125,866.97314453125,-1,-1,-1,-1
92,2,933.3640747070312,469.14520263671875,481.58843994140625,803.5066528320312,-1,-1,-1,-1
93,2,943.8223876953125,508.0909118652344,473.3033447265625,748.3184814453125,-1,-1,-1,-1
94,2,963.4814453125,513.1474609375,451.624755859375,731.475341796875,-1,-1,-1,-1
95,2,981.7951049804688,529.3229370117188,434.11566162109375,703.7058715820312,-1,-1,-1,-1
98,2,931.2317504882812,600.91943359375,488.56109619140625,654.201416015625,-1,-1,-1,-1
58,3,3.013174057006836,525.5020141601562,536.753662109375,884.6383666992188,-1,-1,-1,-1
59,3,-9.267475128173828,459.4591369628906,648.3916015625,951.6519775390625,-1,-1,-1,-1
60,3,-4.966823577880859,322.0018615722656,600.4562377929688,1090.10986328125,-1,-1,-1,-1
61,3,0.6769790649414062,271.1387939453125,511.277587890625,1139.567626953125,-1,-1,-1,-1
62,3,2.125978469848633,283.9434814453125,525.7816162109375,1128.4781494140625,-1,-1,-1,-1
63,3,-3.1059494018554688,337.04473876953125,560.76513671875,1077.98095703125,-1,-1,-1,-1
64,3,1.9568939208984375,484.20306396484375,572.3787231445312,927.4634399414062,-1,-1,-1,-1
65,3,4.493896484375,504.4185485839844,551.1158447265625,906.1700439453125,-1,-1,-1,-1
66,3,0.7265148162841797,512.5755004882812,579.5836181640625,897.8115844726562,-1,-1,-1,-1
67,3,-1.9575214385986328,536.3724365234375,591.4406127929688,873.3094482421875,-1,-1,-1,-1
68,3,-0.40993309020996094,519.0194702148438,589.2755737304688,891.6228637695312,-1,-1,-1,-1
69,3,-2.1684207916259766,508.677978515625,593.63232421875,903.25830078125,-1,-1,-1,-1
70,3,-0.9106616973876953,518.7964477539062,647.35888671875,892.8452758789062,-1,-1,-1,-1
71,3,-2.3353652954101562,452.79608154296875,651.2011108398438,955.3101196289062,-1,-1,-1,-1
72,3,-2.778627395629883,437.5653991699219,624.4771118164062,972.711181640625,-1,-1,-1,-1
73,3,-1.8009204864501953,425.55914306640625,667.4793701171875,985.8695678710938,-1,-1,-1,-1
77,3,-1.1781044006347656,407.3252258300781,819.258056640625,1008.4688720703125,-1,-1,-1,-1
107,4,935.53466796875,475.06646728515625,471.737548828125,717.3447875976562,-1,-1,-1,-1
108,4,937.9627685546875,457.2745056152344,470.875244140625,705.1885986328125,-1,-1,-1,-1
109,4,957.5501708984375,454.65557861328125,453.9127197265625,678.4053344726562,-1,-1,-1,-1
110,4,894.3889770507812,456.8658752441406,512.4066772460938,670.5994873046875,-1,-1,-1,-1
111,4,872.783203125,451.5064392089844,520.812255859375,652.14990234375,-1,-1,-1,-1
112,4,867.5704345703125,493.5274963378906,510.05517578125,590.3116455078125,-1,-1,-1,-1
113,4,858.1383056640625,484.61248779296875,514.791259765625,602.0565795898438,-1,-1,-1,-1
114,4,867.162353515625,490.6646728515625,509.0987548828125,579.952392578125,-1,-1,-1,-1
115,4,892.1971435546875,454.47515869140625,507.9677734375,622.7579956054688,-1,-1,-1,-1
116,4,917.8072509765625,461.48040771484375,489.9207763671875,614.9789428710938,-1,-1,-1,-1
117,4,940.1343383789062,448.73553466796875,467.15557861328125,637.7128295898438,-1,-1,-1,-1
118,4,958.99267578125,440.5740051269531,450.089599609375,652.6531982421875,-1,-1,-1,-1
119,4,996.1907958984375,425.94097900390625,412.9278564453125,644.4689331054688,-1,-1,-1,-1
120,4,1000.1351318359375,427.9301452636719,407.9542236328125,682.710205078125,-1,-1,-1,-1
121,4,1042.015869140625,419.55224609375,363.3741455078125,685.45703125,-1,-1,-1,-1
122,4,1046.2406005859375,479.72308349609375,361.1234130859375,605.0718383789062,-1,-1,-1,-1
123,4,1061.3375244140625,547.7362060546875,346.4383544921875,531.7508544921875,-1,-1,-1,-1
124,4,1064.8345947265625,499.7702941894531,341.6170654296875,577.25,-1,-1,-1,-1
125,4,1056.4007568359375,536.9659423828125,349.9512939453125,536.7813720703125,-1,-1,-1,-1
126,4,1073.12890625,508.6033630371094,333.67138671875,580.5665283203125,-1,-1,-1,-1
127,4,1070.23583984375,482.2933044433594,337.726806640625,623.4937744140625,-1,-1,-1,-1
128,4,1064.3818359375,531.2820434570312,342.7176513671875,561.7872924804688,-1,-1,-1,-1
129,4,1056.73486328125,546.7813110351562,350.076416015625,524.8931274414062,-1,-1,-1,-1
130,4,1071.520263671875,543.5466918945312,334.3175048828125,491.16363525390625,-1,-1,-1,-1
131,4,1055.937255859375,543.8372802734375,351.591796875,544.90673828125,-1,-1,-1,-1
132,4,1040.573486328125,516.63330078125,367.011474609375,549.467529296875,-1,-1,-1,-1
133,4,1024.315185546875,498.0346374511719,383.857177734375,491.4042053222656,-1,-1,-1,-1
134,4,972.0628662109375,456.431640625,437.0528564453125,525.2855834960938,-1,-1,-1,-1
135,4,944.7908935546875,457.7536926269531,452.809326171875,522.3472900390625,-1,-1,-1,-1
136,4,926.7437744140625,467.40191650390625,464.23095703125,511.9189453125,-1,-1,-1,-1
137,4,924.1053466796875,462.17193603515625,467.8665771484375,580.7781372070312,-1,-1,-1,-1
138,4,929.52880859375,441.5479431152344,467.1871337890625,557.3885498046875,-1,-1,-1,-1
139,4,941.835205078125,432.4392395019531,463.65478515625,618.6982421875,-1,-1,-1,-1
140,4,968.850341796875,437.6599426269531,436.8414306640625,566.8446044921875,-1,-1,-1,-1
141,4,977.9376831054688,456.47332763671875,428.06854248046875,577.3491821289062,-1,-1,-1,-1
142,4,970.208251953125,441.25836181640625,437.410400390625,628.3878784179688,-1,-1,-1,-1
143,4,989.7454833984375,436.04840087890625,418.6055908203125,636.8778686523438,-1,-1,-1,-1
144,4,994.547119140625,391.6024169921875,411.578369140625,695.74609375,-1,-1,-1,-1
145,4,1010.0825805664062,376.0516357421875,396.53070068359375,685.090087890625,-1,-1,-1,-1
146,4,976.2092895507812,394.4178771972656,431.19036865234375,704.7891845703125,-1,-1,-1,-1
147,4,1003.1160888671875,395.55584716796875,404.211181640625,710.3818969726562,-1,-1,-1,-1
148,4,1019.59521484375,412.84002685546875,386.963134765625,715.3963012695312,-1,-1,-1,-1
149,4,1025.510498046875,465.7644348144531,381.5892333984375,662.3660888671875,-1,-1,-1,-1
150,4,1030.1575927734375,455.38043212890625,375.7659912109375,649.3052368164062,-1,-1,-1,-1
151,4,1019.0364379882812,421.94903564453125,388.21392822265625,734.2681274414062,-1,-1,-1,-1
152,4,1020.107666015625,440.504638671875,386.098388671875,725.5087890625,-1,-1,-1,-1
153,4,1027.9593505859375,428.6227722167969,376.527587890625,739.250244140625,-1,-1,-1,-1
154,4,1026.34619140625,434.1896667480469,377.375732421875,739.660888671875,-1,-1,-1,-1
155,4,1041.3543701171875,445.1788024902344,362.884033203125,614.4954833984375,-1,-1,-1,-1
156,4,1035.0013427734375,446.99456787109375,370.6112060546875,625.2626342773438,-1,-1,-1,-1
157,4,1029.9503173828125,464.69708251953125,376.989013671875,609.5036010742188,-1,-1,-1,-1
158,4,1023.158447265625,479.355224609375,383.9141845703125,620.0833740234375,-1,-1,-1,-1
159,4,1023.5250244140625,465.4971923828125,383.9349365234375,660.4588623046875,-1,-1,-1,-1
160,4,1026.2852783203125,477.9461669921875,379.7130126953125,644.756591796875,-1,-1,-1,-1
161,4,1024.0732421875,482.026123046875,380.431884765625,620.36279296875,-1,-1,-1,-1
162,4,1033.549072265625,494.277587890625,374.2841796875,597.934326171875,-1,-1,-1,-1
163,4,1040.8587646484375,538.12890625,364.2264404296875,548.789794921875,-1,-1,-1,-1
164,4,1038.199951171875,495.4750671386719,366.905517578125,587.68115234375,-1,-1,-1,-1
165,4,1039.9593505859375,488.187744140625,363.678466796875,606.5318603515625,-1,-1,-1,-1
166,4,1028.4876708984375,493.0941467285156,374.3447265625,730.466064453125,-1,-1,-1,-1
167,4,1000.9380493164062,500.3998107910156,396.46221923828125,718.86181640625,-1,-1,-1,-1
168,4,993.8840942382812,505.8350524902344,382.94366455078125,705.8115234375,-1,-1,-1,-1
169,4,981.2552490234375,513.3972778320312,369.6590576171875,712.2614135742188,-1,-1,-1,-1
170,4,955.1201782226562,523.5398559570312,365.75396728515625,714.5194702148438,-1,-1,-1,-1
171,4,948.1049194335938,540.6591186523438,364.61883544921875,699.3515014648438,-1,-1,-1,-1
172,4,954.3565673828125,554.3218994140625,354.5687255859375,703.735595703125,-1,-1,-1,-1
173,4,952.1094970703125,561.0479125976562,365.0003662109375,709.5623168945312,-1,-1,-1,-1
174,4,971.1969604492188,564.315673828125,365.97320556640625,710.763427734375,-1,-1,-1,-1
175,4,984.865966796875,569.2788696289062,378.667724609375,714.4769897460938,-1,-1,-1,-1
176,4,1016.5283813476562,573.0914916992188,366.59454345703125,692.9143676757812,-1,-1,-1,-1
177,4,1025.1002197265625,575.783935546875,373.338134765625,718.7464599609375,-1,-1,-1,-1
178,4,1025.132080078125,585.4020385742188,380.46630859375,720.9923706054688,-1,-1,-1,-1
179,4,1049.835205078125,585.7227172851562,357.7774658203125,721.5335083007812,-1,-1,-1,-1
180,4,1093.10546875,593.3853759765625,314.854736328125,623.18212890625,-1,-1,-1,-1
181,4,1060.2200927734375,609.8990478515625,350.476318359375,696.5714111328125,-1,-1,-1,-1
182,4,1065.2052001953125,594.866943359375,345.58251953125,654.14794921875,-1,-1,-1,-1
183,4,1071.2178955078125,581.33056640625,337.47314453125,703.1201171875,-1,-1,-1,-1
184,4,1083.8265380859375,630.2849731445312,321.8695068359375,632.5794067382812,-1,-1,-1,-1
185,4,1073.162841796875,683.5256958007812,333.87109375,590.1675415039062,-1,-1,-1,-1
186,4,1084.922607421875,754.9224853515625,321.6558837890625,507.4671630859375,-1,-1,-1,-1
188,4,1094.6024169921875,790.6337890625,312.6656494140625,466.43798828125,-1,-1,-1,-1
189,4,1095.73974609375,860.9304809570312,309.07275390625,380.63128662109375,-1,-1,-1,-1
190,4,1097.5384521484375,836.1820678710938,306.8748779296875,395.60699462890625,-1,-1,-1,-1
191,4,1095.8387451171875,708.4517822265625,304.7349853515625,514.6195068359375,-1,-1,-1,-1
192,4,1096.425048828125,683.7052612304688,300.9952392578125,539.3931274414062,-1,-1,-1,-1
193,4,1085.8551025390625,689.0791625976562,312.68017578125,538.4636840820312,-1,-1,-1,-1
194,4,1087.732666015625,659.5029907226562,322.9034423828125,572.3079223632812,-1,-1,-1,-1
195,4,1072.89892578125,663.8531494140625,334.129638671875,577.2008056640625,-1,-1,-1,-1
196,4,1071.334228515625,758.4797973632812,321.1175537109375,485.24627685546875,-1,-1,-1,-1
197,4,1070.2119140625,770.974853515625,340.182861328125,487.4263916015625,-1,-1,-1,-1
198,4,1071.0675048828125,769.046875,340.220703125,483.011962890625,-1,-1,-1,-1
199,4,1064.6690673828125,728.822509765625,346.2613525390625,518.6572265625,-1,-1,-1,-1
200,4,1056.197509765625,732.128662109375,354.0765380859375,530.1119384765625,-1,-1,-1,-1
201,4,1040.2447509765625,688.0436401367188,368.24365234375,582.7583618164062,-1,-1,-1,-1
202,4,1034.95166015625,761.8273315429688,364.5711669921875,493.37066650390625,-1,-1,-1,-1
203,4,1005.6177978515625,760.008544921875,396.0711669921875,492.8382568359375,-1,-1,-1,-1
204,4,1018.3632202148438,727.4625244140625,379.93145751953125,515.8529052734375,-1,-1,-1,-1
205,4,1033.0081787109375,693.132568359375,365.4775390625,553.4300537109375,-1,-1,-1,-1
206,4,1051.1650390625,656.5322265625,350.8602294921875,576.468017578125,-1,-1,-1,-1
207,4,1071.0166015625,612.7402954101562,334.0570068359375,599.9457397460938,-1,-1,-1,-1
208,4,1056.1737060546875,566.8366088867188,351.010498046875,647.7583618164062,-1,-1,-1,-1
209,4,1041.6251220703125,657.3875122070312,363.0511474609375,566.1725463867188,-1,-1,-1,-1
210,4,1034.1903076171875,679.1392822265625,368.572509765625,543.7652587890625,-1,-1,-1,-1
211,4,1037.6024169921875,665.357177734375,367.150146484375,545.472900390625,-1,-1,-1,-1
212,4,1035.1365966796875,677.716064453125,368.088134765625,551.8642578125,-1,-1,-1,-1
213,4,1030.0672607421875,599.0128173828125,374.1573486328125,623.6700439453125,-1,-1,-1,-1
214,4,1015.9295654296875,579.8648681640625,390.2135009765625,645.9014892578125,-1,-1,-1,-1
215,4,1028.7794189453125,617.5482788085938,375.2972412109375,585.8331909179688,-1,-1,-1,-1
216,4,1029.203125,552.162353515625,373.370361328125,634.6673583984375,-1,-1,-1,-1
217,4,1013.19970703125,562.9672241210938,387.961181640625,631.8660278320312,-1,-1,-1,-1
218,4,1020.5467529296875,546.3562622070312,377.679443359375,616.6641235351562,-1,-1,-1,-1
219,4,1014.93994140625,525.9285888671875,379.7939453125,620.74853515625,-1,-1,-1,-1
220,4,993.9285888671875,555.2831420898438,388.2813720703125,599.8135375976562,-1,-1,-1,-1
221,4,997.553466796875,538.6751708984375,384.02294921875,620.5006103515625,-1,-1,-1,-1
222,4,1017.7017211914062,529.9498291015625,358.46356201171875,616.729736328125,-1,-1,-1,-1
223,4,1019.4656372070312,530.8431396484375,360.54022216796875,636.8905029296875,-1,-1,-1,-1
224,4,1009.8016967773438,533.8451538085938,368.05865478515625,652.1962280273438,-1,-1,-1,-1
225,4,985.5711059570312,556.9393920898438,384.68133544921875,640.9623413085938,-1,-1,-1,-1
226,4,976.0350341796875,565.0682373046875,375.3790283203125,646.2774658203125,-1,-1,-1,-1
227,4,986.5174560546875,561.62890625,343.7935791015625,646.6439208984375,-1,-1,-1,-1
228,4,958.4363403320312,558.2264404296875,342.12420654296875,629.1883544921875,-1,-1,-1,-1
229,4,923.923583984375,548.541748046875,330.4459228515625,613.6915283203125,-1,-1,-1,-1
230,4,905.67431640625,531.7383422851562,301.738037109375,595.8027954101562,-1,-1,-1,-1
231,4,870.4851684570312,518.3443603515625,300.42034912109375,583.9520263671875,-1,-1,-1,-1
232,4,859.95263671875,524.8114624023438,292.7640380859375,565.7880249023438,-1,-1,-1,-1
233,4,861.4962768554688,518.4547729492188,280.18707275390625,574.1000366210938,-1,-1,-1,-1
234,4,858.6768188476562,522.770263671875,271.86456298828125,576.5526123046875,-1,-1,-1,-1
235,4,854.580078125,540.6613159179688,264.3670654296875,577.6080932617188,-1,-1,-1,-1
236,4,866.9342041015625,563.9212646484375,255.8037109375,578.1837158203125,-1,-1,-1,-1
237,4,887.0654907226562,572.2695922851562,256.52166748046875,592.6840209960938,-1,-1,-1,-1
238,4,900.48046875,579.11962890625,270.900146484375,601.2279052734375,-1,-1,-1,-1
239,4,922.3985595703125,580.270751953125,286.2332763671875,604.2542724609375,-1,-1,-1,-1
240,4,953.6030883789062,577.9503173828125,307.06939697265625,616.5015869140625,-1,-1,-1,-1
241,4,1003.5411376953125,585.9657592773438,332.3961181640625,623.5816040039062,-1,-1,-1,-1
