1,1,764.7807006835938,577.3062744140625,121.39605712890625,238.4393310546875,-1,-1,-1,-1
2,1,754.1007080078125,571.6328125,108.9388427734375,242.89501953125,-1,-1,-1,-1
3,1,753.8380126953125,564.939697265625,98.47882080078125,248.58404541015625,-1,-1,-1,-1
4,1,755.2440795898438,544.0455932617188,96.25616455078125,256.19000244140625,-1,-1,-1,-1
5,1,762.9435424804688,532.0728149414062,102.49822998046875,264.11090087890625,-1,-1,-1,-1
6,1,773.7998657226562,534.8331909179688,114.82672119140625,270.57501220703125,-1,-1,-1,-1
7,1,813.3445434570312,544.2660522460938,126.3389892578125,273.57440185546875,-1,-1,-1,-1
8,1,896.6014404296875,546.8623046875,138.572021484375,281.2767333984375,-1,-1,-1,-1
9,1,1011.195068359375,543.3604736328125,150.9420166015625,295.3511962890625,-1,-1,-1,-1
10,1,1111.48828125,538.2835083007812,158.4798583984375,317.9569091796875,-1,-1,-1,-1
11,1,1173.252685546875,537.483154296875,156.744140625,332.0572509765625,-1,-1,-1,-1
12,1,1191.8709716796875,540.169677734375,153.30224609375,335.53204345703125,-1,-1,-1,-1
13,1,1166.0269775390625,530.7887573242188,150.870849609375,334.064697265625,-1,-1,-1,-1
14,1,1103.7777099609375,530.4827270507812,145.6094970703125,321.64324951171875,-1,-1,-1,-1
15,1,1021.2949829101562,532.636474609375,139.75946044921875,317.35980224609375,-1,-1,-1,-1
16,1,940.2252197265625,542.0009765625,138.2342529296875,316.460205078125,-1,-1,-1,-1
17,1,880.1751708984375,551.8029174804688,139.47100830078125,320.59063720703125,-1,-1,-1,-1
18,1,843.3425903320312,566.3128662109375,139.74676513671875,321.60272216796875,-1,-1,-1,-1
19,1,814.94287109375,582.97021484375,139.0286865234375,318.13470458984375,-1,-1,-1,-1
20,1,801.3848876953125,590.5279541015625,134.3585205078125,316.7279052734375,-1,-1,-1,-1
21,1,796.1553344726562,600.2429809570312,126.6473388671875,313.8612060546875,-1,-1,-1,-1
22,1,808.0074462890625,604.9678955078125,118.211669921875,316.23974609375,-1,-1,-1,-1
23,1,836.223876953125,601.2443237304688,126.32757568359375,322.88323974609375,-1,-1,-1,-1
24,1,912.08251953125,587.5969848632812,144.0555419921875,340.93646240234375,-1,-1,-1,-1
25,1,1002.220458984375,571.22900390625,188.13232421875,367.5452880859375,-1,-1,-1,-1
26,1,1064.6982421875,568.7089233398438,244.5380859375,391.830322265625,-1,-1,-1,-1
27,1,1098.2254638671875,563.5098876953125,265.156494140625,408.22186279296875,-1,-1,-1,-1
28,1,1096.4111328125,558.2342529296875,264.558837890625,408.7410888671875,-1,-1,-1,-1
29,1,1054.0303955078125,544.7755126953125,247.1336669921875,397.41986083984375,-1,-1,-1,-1
30,1,973.6988525390625,532.59228515625,227.711181640625,380.52716064453125,-1,-1,-1,-1
31,1,897.662841796875,530.14990234375,210.750732421875,356.42291259765625,-1,-1,-1,-1
32,1,845.1243896484375,520.8778076171875,193.679443359375,348.315185546875,-1,-1,-1,-1
33,1,811.69921875,517.6846923828125,177.552734375,343.9447021484375,-1,-1,-1,-1
34,1,788.5203247070312,509.8597717285156,155.1302490234375,343.4867858886719,-1,-1,-1,-1
35,1,764.604736328125,504.008544921875,138.2557373046875,349.898681640625,-1,-1,-1,-1
36,1,739.7193603515625,493.279541015625,136.43328857421875,358.33306884765625,-1,-1,-1,-1
37,1,733.7299194335938,503.03436279296875,139.68011474609375,368.0726318359375,-1,-1,-1,-1
38,1,732.5492553710938,506.535888671875,141.8314208984375,380.41888427734375,-1,-1,-1,-1
39,1,727.6944580078125,529.5390014648438,144.44482421875,382.26702880859375,-1,-1,-1,-1
40,1,717.5509033203125,558.1671142578125,147.5364990234375,383.305419921875,-1,-1,-1,-1
41,1,707.370361328125,573.4334716796875,152.0369873046875,382.42401123046875,-1,-1,-1,-1
42,1,695.2278442382812,569.7940063476562,154.19244384765625,381.49664306640625,-1,-1,-1,-1
43,1,690.930908203125,574.8629760742188,151.1116943359375,385.14581298828125,-1,-1,-1,-1
44,1,691.2272338867188,587.8551025390625,151.70709228515625,388.0181884765625,-1,-1,-1,-1
45,1,697.2171020507812,584.8148193359375,154.5921630859375,393.0101318359375,-1,-1,-1,-1
46,1,709.0892333984375,568.6989135742188,156.54034423828125,402.15557861328125,-1,-1,-1,-1
47,1,732.1220092773438,520.1242065429688,159.07366943359375,408.64215087890625,-1,-1,-1,-1
48,1,751.8701782226562,489.656494140625,171.38671875,415.47607421875,-1,-1,-1,-1
49,1,781.814697265625,500.3826904296875,211.75433349609375,415.1646728515625,-1,-1,-1,-1
50,1,808.1841430664062,497.1900329589844,300.94305419921875,433.4353332519531,-1,-1,-1,-1
51,1,839.4832763671875,487.3728942871094,372.3355712890625,470.7101745605469,-1,-1,-1,-1
52,1,863.304931640625,486.8843994140625,378.506103515625,487.6197509765625,-1,-1,-1,-1
53,1,842.9161987304688,483.2998046875,328.60833740234375,470.23516845703125,-1,-1,-1,-1
54,1,752.7598266601562,493.11285400390625,247.2099609375,434.49224853515625,-1,-1,-1,-1
55,1,693.46533203125,515.3253784179688,244.42498779296875,421.3946533203125,-1,-1,-1,-1
56,1,662.4322509765625,495.6531066894531,287.40771484375,430.6950378417969,-1,-1,-1,-1
57,1,609.7362060546875,505.58624267578125,340.17095947265625,455.51068115234375,-1,-1,-1,-1
58,1,581.2605590820312,481.8940734863281,359.807373046875,487.2897644042969,-1,-1,-1,-1
59,1,581.2501220703125,488.14361572265625,361.381103515625,483.68304443359375,-1,-1,-1,-1
60,1,605.7225341796875,479.0767822265625,373.454345703125,507.19232177734375,-1,-1,-1,-1
61,1,605.053955078125,465.8790283203125,409.59149169921875,584.6121826171875,-1,-1,-1,-1
62,1,579.7201538085938,455.8846435546875,423.71917724609375,638.12548828125,-1,-1,-1,-1
63,1,571.1805419921875,449.94287109375,429.12384033203125,640.806396484375,-1,-1,-1,-1
64,1,560.3074951171875,429.6678466796875,424.96783447265625,650.4283447265625,-1,-1,-1,-1
65,1,571.078125,422.4662780761719,423.62066650390625,663.314697265625,-1,-1,-1,-1
66,1,592.5673828125,440.9677734375,414.85992431640625,683.171142578125,-1,-1,-1,-1
67,1,601.0443115234375,462.0411376953125,386.7877197265625,714.1048583984375,-1,-1,-1,-1
68,1,601.975341796875,463.1532897949219,382.49957275390625,764.6798095703125,-1,-1,-1,-1
69,1,599.7999877929688,424.5860595703125,416.53936767578125,784.9793701171875,-1,-1,-1,-1
70,1,593.499755859375,378.7518310546875,422.62030029296875,800.0517578125,-1,-1,-1,-1
71,1,641.1788940429688,331.850341796875,402.93267822265625,824.0364990234375,-1,-1,-1,-1
72,1,706.2483520507812,297.6280822753906,365.86090087890625,837.017578125,-1,-1,-1,-1
73,1,705.0775146484375,305.7673034667969,399.9888916015625,829.373046875,-1,-1,-1,-1
74,1,712.54150390625,355.3404846191406,417.996337890625,806.6363525390625,-1,-1,-1,-1
75,1,781.03564453125,364.9660339355469,380.60595703125,775.6602783203125,-1,-1,-1,-1
76,1,860.6636962890625,385.1867370605469,352.1842041015625,735.3245849609375,-1,-1,-1,-1
77,1,892.9255981445312,406.93585205078125,353.97296142578125,693.2262573242188,-1,-1,-1,-1
78,1,893.708740234375,441.2159423828125,376.38134765625,652.850830078125,-1,-1,-1,-1
79,1,834.7380981445312,483.0027160644531,376.25616455078125,610.781005859375,-1,-1,-1,-1
80,1,739.4471435546875,518.84765625,363.6082763671875,581.2576904296875,-1,-1,-1,-1
81,1,653.35400390625,523.5678100585938,401.027587890625,576.7286987304688,-1,-1,-1,-1
82,1,626.04296875,511.0472106933594,417.4515380859375,572.4107666015625,-1,-1,-1,-1
83,1,617.7400512695312,502.7393798828125,418.96221923828125,559.4383544921875,-1,-1,-1,-1
84,1,634.206298828125,496.66546630859375,380.47027587890625,553.5227661132812,-1,-1,-1,-1
85,1,624.6731567382812,490.71868896484375,370.0050048828125,562.7853393554688,-1,-1,-1,-1
86,1,571.1919555664062,490.54296875,401.648193359375,586.40283203125,-1,-1,-1,-1
87,1,526.2817993164062,485.9552917480469,463.4166259765625,622.2086181640625,-1,-1,-1,-1
88,1,505.2611999511719,446.762939453125,529.23876953125,714.95751953125,-1,-1,-1,-1
89,1,510.3261413574219,354.00146484375,559.3770751953125,813.3026123046875,-1,-1,-1,-1
90,1,505.49993896484375,251.53659057617188,586.2207641601562,933.1644287109375,-1,-1,-1,-1
91,1,524.0482788085938,186.991455078125,616.8591918945312,1053.33984375,-1,-1,-1,-1
92,1,558.7259521484375,170.1036376953125,678.9036865234375,1154.389892578125,-1,-1,-1,-1
93,1,572.5156860351562,157.11050415039062,777.9083862304688,1237.9896240234375,-1,-1,-1,-1
94,1,577.423828125,155.27157592773438,822.682861328125,1258.168701171875,-1,-1,-1,-1
95,1,573.1076049804688,188.8406982421875,754.0526733398438,1224.4693603515625,-1,-1,-1,-1
96,1,386.6864929199219,271.1997985839844,786.0167236328125,1142.267578125,-1,-1,-1,-1
97,1,270.1883544921875,319.72314453125,576.7598876953125,1093.238037109375,-1,-1,-1,-1
98,1,30.252445220947266,388.23321533203125,750.322998046875,1026.3916015625,-1,-1,-1,-1
99,1,-48.83709716796875,341.1402893066406,792.1760864257812,1085.989990234375,-1,-1,-1,-1
100,1,-47.717750549316406,362.969970703125,753.2437133789062,878.7943115234375,-1,-1,-1,-1
101,1,-38.56526184082031,384.06866455078125,701.6019287109375,676.4244995117188,-1,-1,-1,-1
102,1,-44.958038330078125,408.2930603027344,687.2769775390625,651.5433349609375,-1,-1,-1,-1
103,1,-16.657072067260742,418.85675048828125,621.1165161132812,681.9848022460938,-1,-1,-1,-1
104,1,-62.079444885253906,365.87335205078125,599.3516845703125,659.693359375,-1,-1,-1,-1
105,1,-95.24368286132812,328.7604675292969,555.1312255859375,625.5146484375,-1,-1,-1,-1
106,1,-81.39655303955078,352.8726806640625,476.17169189453125,592.6283569335938,-1,-1,-1,-1
107,1,-6.541078567504883,331.6305847167969,418.86285400390625,582.132080078125,-1,-1,-1,-1
108,1,1.8359603881835938,361.277099609375,450.7015686035156,562.3988037109375,-1,-1,-1,-1
109,1,80.15462493896484,389.9272766113281,404.96954345703125,537.107177734375,-1,-1,-1,-1
110,1,202.27769470214844,428.27813720703125,323.63775634765625,506.25592041015625,-1,-1,-1,-1
111,1,318.9878234863281,460.60784912109375,272.4750061035156,454.0029296875,-1,-1,-1,-1
112,1,434.27850341796875,493.62799072265625,227.6300048828125,387.80224609375,-1,-1,-1,-1
113,1,535.3773193359375,518.1870727539062,201.28472900390625,352.53179931640625,-1,-1,-1,-1
114,1,610.0303955078125,548.4446411132812,182.7576904296875,339.66973876953125,-1,-1,-1,-1
115,1,654.5259399414062,579.2438354492188,193.75335693359375,328.9541015625,-1,-1,-1,-1
116,1,698.7266235351562,602.9706420898438,203.43939208984375,325.56744384765625,-1,-1,-1,-1
117,1,737.1466064453125,617.6580810546875,207.280517578125,324.80291748046875,-1,-1,-1,-1
118,1,761.5121459960938,624.1790161132812,203.16107177734375,331.15216064453125,-1,-1,-1,-1
119,1,755.2931518554688,619.9136352539062,210.1910400390625,344.75250244140625,-1,-1,-1,-1
120,1,728.1384887695312,610.1465454101562,228.99053955078125,365.38092041015625,-1,-1,-1,-1
121,1,703.6123046875,595.205810546875,245.89453125,387.566162109375,-1,-1,-1,-1
122,1,690.0629272460938,572.5848999023438,263.14666748046875,416.73931884765625,-1,-1,-1,-1
123,1,678.284423828125,550.2635498046875,288.72918701171875,455.332275390625,-1,-1,-1,-1
124,1,695.9845581054688,547.0718383789062,287.006103515625,473.3956298828125,-1,-1,-1,-1
125,1,718.7614135742188,546.3226928710938,271.63446044921875,477.267822265625,-1,-1,-1,-1
126,1,726.4754028320312,544.4987182617188,233.130615234375,478.75360107421875,-1,-1,-1,-1
127,1,693.755126953125,542.9832763671875,215.18048095703125,473.24456787109375,-1,-1,-1,-1
128,1,647.51708984375,547.0318603515625,227.411865234375,463.40484619140625,-1,-1,-1,-1
129,1,582.6838989257812,553.2568359375,251.34918212890625,447.21221923828125,-1,-1,-1,-1
130,1,540.4171142578125,552.8267211914062,254.37152099609375,442.17889404296875,-1,-1,-1,-1
131,1,533.8623657226562,556.3543090820312,247.5487060546875,445.45599365234375,-1,-1,-1,-1
132,1,548.7882080078125,563.6753540039062,244.1982421875,461.3756103515625,-1,-1,-1,-1
133,1,557.8819580078125,565.0833740234375,246.4007568359375,484.7694091796875,-1,-1,-1,-1
134,1,557.5872192382812,545.3362426757812,258.88543701171875,507.92938232421875,-1,-1,-1,-1
135,1,538.2694091796875,531.4853515625,288.6416015625,522.919921875,-1,-1,-1,-1
136,1,494.82550048828125,512.4808654785156,313.09173583984375,524.1776123046875,-1,-1,-1,-1
137,1,417.52044677734375,509.44183349609375,341.93048095703125,526.3107299804688,-1,-1,-1,-1
138,1,302.502685546875,525.546875,363.07904052734375,536.354248046875,-1,-1,-1,-1
139,1,176.90304565429688,523.394287109375,370.9764099121094,581.239013671875,-1,-1,-1,-1
140,1,90.50768280029297,516.1248168945312,376.31683349609375,642.9142456054688,-1,-1,-1,-1
141,1,52.51732635498047,509.9450378417969,355.13702392578125,691.439697265625,-1,-1,-1,-1
142,1,54.58895492553711,499.06976318359375,358.0583190917969,695.5131225585938,-1,-1,-1,-1
143,1,90.60553741455078,561.3658447265625,414.99481201171875,646.3768310546875,-1,-1,-1,-1
144,1,100.75929260253906,534.2266845703125,457.44036865234375,682.94287109375,-1,-1,-1,-1
145,1,119.45169067382812,533.5465698242188,471.9723205566406,686.2575073242188,-1,-1,-1,-1
146,1,139.18963623046875,517.9466552734375,464.90557861328125,689.865234375,-1,-1,-1,-1
147,1,179.2371826171875,525.02783203125,419.98529052734375,655.4830322265625,-1,-1,-1,-1
148,1,232.87875366210938,540.7262573242188,356.4458312988281,622.4678344726562,-1,-1,-1,-1
149,1,274.72064208984375,554.6168212890625,321.337646484375,594.08251953125,-1,-1,-1,-1
150,1,305.65997314453125,565.928955078125,316.97222900390625,566.397216796875,-1,-1,-1,-1
151,1,333.89202880859375,612.9922485351562,326.54144287109375,516.1016235351562,-1,-1,-1,-1
152,1,397.6137390136719,584.9674682617188,373.4104919433594,529.5507202148438,-1,-1,-1,-1
153,1,456.8528137207031,594.3492431640625,401.5583190917969,511.627685546875,-1,-1,-1,-1
154,1,486.2700500488281,599.8223266601562,411.0659484863281,506.14398193359375,-1,-1,-1,-1
155,1,492.7066345214844,600.6339111328125,413.7402648925781,503.5692138671875,-1,-1,-1,-1
156,1,496.2005615234375,587.4193725585938,406.513671875,509.18402099609375,-1,-1,-1,-1
157,1,507.56884765625,561.1224365234375,392.62933349609375,523.9412841796875,-1,-1,-1,-1
158,1,548.2276611328125,525.5406494140625,369.01123046875,541.8438720703125,-1,-1,-1,-1
159,1,624.7618408203125,479.70745849609375,333.4805908203125,556.9221801757812,-1,-1,-1,-1
160,1,771.073486328125,433.03887939453125,309.340087890625,565.8745727539062,-1,-1,-1,-1
161,1,989.9307861328125,412.8448181152344,328.5496826171875,590.7845458984375,-1,-1,-1,-1
162,1,1168.323974609375,467.93023681640625,337.91943359375,602.1309204101562,-1,-1,-1,-1
163,1,1172.11279296875,491.95654296875,349.0997314453125,668.84765625,-1,-1,-1,-1
1,2,106.06854248046875,584.3706665039062,119.74220275878906,307.03887939453125,-1,-1,-1,-1
2,2,90.22335052490234,575.8516845703125,122.6270980834961,317.16864013671875,-1,-1,-1,-1
3,2,81.93223571777344,570.9589233398438,125.64369201660156,316.72869873046875,-1,-1,-1,-1
4,2,74.4594497680664,559.4246215820312,134.19119262695312,319.1043701171875,-1,-1,-1,-1
5,2,86.0605239868164,550.1823120117188,144.1822509765625,311.95599365234375,-1,-1,-1,-1
6,2,110.96276092529297,557.7352294921875,153.285400390625,300.96221923828125,-1,-1,-1,-1
7,2,172.65850830078125,559.2338256835938,155.40692138671875,294.7362060546875,-1,-1,-1,-1
8,2,279.9609680175781,552.531494140625,150.36407470703125,283.622802734375,-1,-1,-1,-1
9,2,400.357421875,547.8673706054688,144.09613037109375,267.65240478515625,-1,-1,-1,-1
10,2,489.008056640625,548.4475708007812,146.58843994140625,258.57427978515625,-1,-1,-1,-1
11,2,541.6552124023438,552.417724609375,142.6397705078125,254.237060546875,-1,-1,-1,-1
12,2,556.8896484375,551.0875854492188,137.5054931640625,253.53912353515625,-1,-1,-1,-1
13,2,530.6160888671875,544.6578369140625,122.8590087890625,252.232666015625,-1,-1,-1,-1
14,2,468.89324951171875,536.54736328125,111.6776123046875,262.895263671875,-1,-1,-1,-1
15,2,384.23388671875,536.8733520507812,100.91510009765625,273.85821533203125,-1,-1,-1,-1
16,2,299.5871276855469,542.7802734375,106.09237670898438,287.76129150390625,-1,-1,-1,-1
17,2,236.40782165527344,545.5333251953125,112.09757995605469,298.57244873046875,-1,-1,-1,-1
18,2,192.48031616210938,549.955322265625,122.03256225585938,308.3172607421875,-1,-1,-1,-1
19,2,161.76268005371094,557.6094970703125,125.47328186035156,311.1981201171875,-1,-1,-1,-1
20,2,143.2682342529297,567.6774291992188,126.96989440917969,310.6883544921875,-1,-1,-1,-1
21,2,132.63629150390625,574.652099609375,130.1142578125,310.24700927734375,-1,-1,-1,-1
22,2,145.7348175048828,578.4083251953125,132.02452087402344,306.3304443359375,-1,-1,-1,-1
23,2,191.4117431640625,575.0451049804688,132.40951538085938,295.04876708984375,-1,-1,-1,-1
24,2,300.33746337890625,562.9864501953125,116.13168334960938,278.08001708984375,-1,-1,-1,-1
25,2,428.87713623046875,556.039306640625,109.167724609375,260.8299560546875,-1,-1,-1,-1
26,2,533.8502807617188,554.0952758789062,98.7069091796875,250.72808837890625,-1,-1,-1,-1
27,2,583.200439453125,552.5084228515625,95.49737548828125,247.0430908203125,-1,-1,-1,-1
28,2,587.313232421875,546.474609375,93.82391357421875,246.09259033203125,-1,-1,-1,-1
29,2,548.4776611328125,533.5540161132812,91.3524169921875,246.99871826171875,-1,-1,-1,-1
30,2,475.391357421875,526.7943115234375,92.2718505859375,249.61871337890625,-1,-1,-1,-1
31,2,383.6483154296875,519.4777221679688,108.6380615234375,256.801513671875,-1,-1,-1,-1
32,2,318.3706359863281,511.2317199707031,111.7430419921875,267.9601135253906,-1,-1,-1,-1
33,2,275.5369873046875,518.0790405273438,115.82748413085938,270.58038330078125,-1,-1,-1,-1
34,2,243.61666870117188,522.7846069335938,119.76806640625,275.62738037109375,-1,-1,-1,-1
35,2,212.86163330078125,533.8501586914062,124.89111328125,278.1517333984375,-1,-1,-1,-1
36,2,186.771240234375,533.0218505859375,130.90911865234375,279.29559326171875,-1,-1,-1,-1
37,2,188.19482421875,539.0603637695312,135.6114501953125,285.72357177734375,-1,-1,-1,-1
38,2,190.20399475097656,546.81494140625,141.1099395751953,282.3096923828125,-1,-1,-1,-1
39,2,185.5404815673828,562.1387329101562,146.57630920410156,281.04937744140625,-1,-1,-1,-1
40,2,173.51239013671875,586.4336547851562,153.81723022460938,281.12384033203125,-1,-1,-1,-1
41,2,167.5021209716797,592.2791137695312,154.8986358642578,282.6136474609375,-1,-1,-1,-1
42,2,157.8815460205078,590.0301513671875,158.5321807861328,281.4981689453125,-1,-1,-1,-1
43,2,151.08241271972656,596.908447265625,152.9788360595703,281.72857666015625,-1,-1,-1,-1
44,2,151.8140869140625,603.56884765625,151.31500244140625,278.37677001953125,-1,-1,-1,-1
45,2,156.55075073242188,589.3704833984375,152.36962890625,280.3304443359375,-1,-1,-1,-1
46,2,170.5973358154297,574.98095703125,138.9445343017578,277.244384765625,-1,-1,-1,-1
47,2,196.13710021972656,527.8627319335938,124.99632263183594,278.54718017578125,-1,-1,-1,-1
48,2,216.54556274414062,506.58929443359375,115.862060546875,273.71435546875,-1,-1,-1,-1
49,2,267.1636657714844,514.697265625,109.45526123046875,269.2408447265625,-1,-1,-1,-1
50,2,337.8119812011719,519.780517578125,115.08749389648438,263.66400146484375,-1,-1,-1,-1
51,2,394.93414306640625,515.4656372070312,116.0506591796875,260.93292236328125,-1,-1,-1,-1
52,2,413.7845764160156,511.2448425292969,113.97628784179688,261.6097717285156,-1,-1,-1,-1
53,2,360.2705383300781,506.7997131347656,124.27532958984375,273.0215759277344,-1,-1,-1,-1
54,2,730.553955078125,546.062255859375,68.34783935546875,145.27252197265625,-1,-1,-1,-1
55,2,642.3816528320312,563.6648559570312,58.19696044921875,110.77496337890625,-1,-1,-1,-1
9,3,-152.4701690673828,592.956787109375,307.96575927734375,548.3201904296875,-1,-1,-1,-1
10,3,-44.95845031738281,534.3252563476562,213.01651000976562,576.8839721679688,-1,-1,-1,-1
11,3,27.81234359741211,532.7582397460938,204.00088500976562,563.8338012695312,-1,-1,-1,-1
12,3,51.655487060546875,527.45751953125,209.38980102539062,559.4241943359375,-1,-1,-1,-1
13,3,24.948028564453125,514.370849609375,228.4782257080078,573.7467041015625,-1,-1,-1,-1
14,3,-39.24275588989258,514.0902099609375,248.47000122070312,589.8643798828125,-1,-1,-1,-1
15,3,-116.92171478271484,521.0606079101562,279.0814514160156,608.9668579101562,-1,-1,-1,-1
16,3,-138.72137451171875,554.4822998046875,281.38916015625,555.337646484375,-1,-1,-1,-1
17,3,-133.08241271972656,546.4547729492188,269.18804931640625,532.9524536132812,-1,-1,-1,-1
18,3,-117.6612777709961,537.7885131835938,238.346435546875,529.5686645507812,-1,-1,-1,-1
19,3,-79.2688980102539,558.96435546875,161.56011962890625,410.19140625,-1,-1,-1,-1
20,3,-67.7850570678711,580.629638671875,138.59495544433594,346.16412353515625,-1,-1,-1,-1
21,3,-66.13629913330078,588.5755615234375,135.2972869873047,335.3125,-1,-1,-1,-1
22,3,-65.85940551757812,594.9939575195312,134.74191284179688,307.7037353515625,-1,-1,-1,-1
23,3,-97.17156219482422,615.5230102539062,197.628662109375,413.84332275390625,-1,-1,-1,-1
24,3,-47.5057373046875,536.8657836914062,196.73428344726562,489.37725830078125,-1,-1,-1,-1
25,3,108.85604095458984,521.8526000976562,180.03781127929688,538.8168334960938,-1,-1,-1,-1
26,3,238.35585021972656,515.957275390625,159.77476501464844,494.859375,-1,-1,-1,-1
27,3,300.98736572265625,509.2607727050781,151.95040893554688,475.8648986816406,-1,-1,-1,-1
28,3,307.41107177734375,501.1744079589844,152.12738037109375,467.6921081542969,-1,-1,-1,-1
29,3,258.2247314453125,489.8951110839844,158.6864013671875,473.7687072753906,-1,-1,-1,-1
30,3,161.73751831054688,484.43853759765625,171.19830322265625,472.8922119140625,-1,-1,-1,-1
31,4,51.85988235473633,484.8434753417969,190.8583984375,522.662109375,-1,-1,-1,-1
32,4,-14.206483840942383,487.1471862792969,186.82835388183594,522.91650390625,-1,-1,-1,-1
33,4,-63.119346618652344,494.2162170410156,190.71292114257812,502.7952575683594,-1,-1,-1,-1
34,4,-105.23838806152344,501.3193054199219,216.12167358398438,517.9525146484375,-1,-1,-1,-1
35,4,-116.27422332763672,541.4786376953125,235.6075897216797,512.804931640625,-1,-1,-1,-1
36,4,-120.18680572509766,566.7315063476562,243.39654541015625,527.3881225585938,-1,-1,-1,-1
37,4,-117.22899627685547,557.08251953125,237.48143005371094,484.09619140625,-1,-1,-1,-1
38,4,-97.58149719238281,567.9744873046875,198.18939208984375,458.817626953125,-1,-1,-1,-1
39,4,-104.40153503417969,580.1878662109375,211.82785034179688,459.4287109375,-1,-1,-1,-1
40,4,-108.317138671875,592.990478515625,219.65826416015625,476.9522705078125,-1,-1,-1,-1
41,4,-105.07398223876953,595.7002563476562,213.17288208007812,462.49481201171875,-1,-1,-1,-1
42,4,-102.31344604492188,590.3946533203125,207.65122985839844,467.1375732421875,-1,-1,-1,-1
43,4,-93.06102752685547,604.0364990234375,189.1465606689453,451.4122314453125,-1,-1,-1,-1
44,4,-88.86238098144531,598.8468627929688,180.74850463867188,433.53387451171875,-1,-1,-1,-1
45,4,-87.1541748046875,593.158447265625,177.33251953125,409.96710205078125,-1,-1,-1,-1
46,4,-82.51270294189453,581.4813232421875,168.06179809570312,415.03289794921875,-1,-1,-1,-1
47,4,-89.53717041015625,527.2877807617188,182.0996856689453,428.33282470703125,-1,-1,-1,-1
48,4,-81.4822006225586,581.411865234375,166.02728271484375,341.8515625,-1,-1,-1,-1
49,4,-105.8473129272461,499.8041687011719,255.65533447265625,501.1376037597656,-1,-1,-1,-1
50,4,-6.515460968017578,488.0232849121094,231.16014099121094,500.2380676269531,-1,-1,-1,-1
51,4,47.375335693359375,486.70013427734375,243.06658935546875,481.20965576171875,-1,-1,-1,-1
52,4,74.05277252197266,482.86767578125,241.07632446289062,477.48968505859375,-1,-1,-1,-1
53,4,12.051308631896973,488.06536865234375,256.1764373779297,489.05938720703125,-1,-1,-1,-1
54,4,200.36094665527344,508.3572082519531,131.4034881591797,300.2002868652344,-1,-1,-1,-1
55,4,129.9534149169922,527.4609375,131.3426055908203,313.50616455078125,-1,-1,-1,-1
56,4,132.03639221191406,515.4675903320312,131.48448181152344,314.4569091796875,-1,-1,-1,-1
57,4,118.63265991210938,518.013671875,132.79443359375,323.58087158203125,-1,-1,-1,-1
58,4,86.10150909423828,505.05914306640625,129.57620239257812,327.7696533203125,-1,-1,-1,-1
59,4,71.73731231689453,498.78472900390625,122.72061920166016,333.21954345703125,-1,-1,-1,-1
60,4,83.16068267822266,479.8760070800781,121.78548431396484,339.2311706542969,-1,-1,-1,-1
61,4,72.57111358642578,447.6739501953125,129.47674560546875,343.677734375,-1,-1,-1,-1
62,4,22.541946411132812,400.4578857421875,157.9026641845703,354.3475341796875,-1,-1,-1,-1
63,4,2.1960229873657227,415.7869567871094,155.4287567138672,362.6880798339844,-1,-1,-1,-1
64,4,-2.3630599975585938,409.6774597167969,145.97463989257812,358.0702209472656,-1,-1,-1,-1
65,4,3.5492396354675293,425.9017639160156,156.7307586669922,356.2989196777344,-1,-1,-1,-1
66,4,26.06195831298828,449.1244812011719,165.85302734375,349.2803039550781,-1,-1,-1,-1
67,4,39.064727783203125,470.5024108886719,163.09275817871094,351.0382385253906,-1,-1,-1,-1
68,4,2.556295394897461,487.79608154296875,188.1060028076172,340.9278564453125,-1,-1,-1,-1
69,4,4.296477317810059,481.69158935546875,179.35458374023438,382.146240234375,-1,-1,-1,-1
54,5,-115.82894897460938,574.0574340820312,234.68576049804688,450.6854248046875,-1,-1,-1,-1
55,5,-93.52061462402344,525.9453125,190.28634643554688,437.8184814453125,-1,-1,-1,-1
56,5,-82.0339126586914,526.0419311523438,167.09478759765625,424.5159912109375,-1,-1,-1,-1
57,5,-91.79118347167969,545.4952392578125,186.6078338623047,418.74432373046875,-1,-1,-1,-1
58,5,-88.65142059326172,514.38037109375,180.36904907226562,440.807861328125,-1,-1,-1,-1
59,5,-89.4873275756836,529.7868041992188,181.99920654296875,414.72607421875,-1,-1,-1,-1
60,5,-83.0284423828125,556.184326171875,169.0826416015625,364.63055419921875,-1,-1,-1,-1
61,5,-76.77507019042969,559.490234375,156.57366943359375,316.5830078125,-1,-1,-1,-1
62,5,28.388765335083008,480.4107360839844,150.22219848632812,265.9781799316406,-1,-1,-1,-1
66,6,-100.30294799804688,454.9637451171875,203.894287109375,417.3350830078125,-1,-1,-1,-1
67,6,-56.670135498046875,470.9801330566406,176.63221740722656,422.5064392089844,-1,-1,-1,-1
68,6,-1.1743698120117188,485.4808349609375,181.3814697265625,429.17138671875,-1,-1,-1,-1
69,6,-1.225961685180664,471.76513671875,193.37225341796875,447.5355224609375,-1,-1,-1,-1
70,6,-4.393380641937256,442.08050537109375,186.04006958007812,437.98077392578125,-1,-1,-1,-1
71,6,-2.8722124099731445,420.5299987792969,221.72755432128906,436.9999084472656,-1,-1,-1,-1
72,6,28.15467643737793,410.06817626953125,213.9713897705078,427.6531982421875,-1,-1,-1,-1
73,6,92.67584991455078,414.45782470703125,196.62161254882812,410.06256103515625,-1,-1,-1,-1
74,6,194.96414184570312,436.1579895019531,173.06918334960938,403.3664245605469,-1,-1,-1,-1
75,6,253.82720947265625,409.72161865234375,186.00323486328125,405.36334228515625,-1,-1,-1,-1
76,6,293.9825744628906,384.90509033203125,198.12713623046875,400.51141357421875,-1,-1,-1,-1
77,6,321.66729736328125,365.3690490722656,203.30987548828125,396.9612121582031,-1,-1,-1,-1
78,6,348.3741149902344,361.2578125,189.09353637695312,390.525634765625,-1,-1,-1,-1
79,6,338.856689453125,357.2178955078125,169.81942749023438,368.49176025390625,-1,-1,-1,-1
80,6,306.4163818359375,370.647216796875,136.76235961914062,354.39593505859375,-1,-1,-1,-1
81,6,265.6560363769531,397.03466796875,118.64456176757812,343.65069580078125,-1,-1,-1,-1
82,6,231.36753845214844,413.1502990722656,126.34419250488281,344.4227600097656,-1,-1,-1,-1
83,6,218.51943969726562,418.294921875,136.26327514648438,351.9061279296875,-1,-1,-1,-1
84,6,221.29766845703125,422.68743896484375,147.5770263671875,350.88323974609375,-1,-1,-1,-1
85,6,222.36756896972656,432.3334045410156,153.8074493408203,353.3508605957031,-1,-1,-1,-1
86,6,216.46487426757812,460.3594665527344,156.44052124023438,335.9916687011719,-1,-1,-1,-1
87,6,194.20172119140625,488.4195861816406,145.18505859375,319.7284851074219,-1,-1,-1,-1
88,6,185.52008056640625,433.0177917480469,125.81808471679688,320.2837219238281,-1,-1,-1,-1
89,6,174.6968231201172,381.6567687988281,106.79585266113281,329.2618103027344,-1,-1,-1,-1
90,6,146.05332946777344,315.18914794921875,108.02970886230469,345.04046630859375,-1,-1,-1,-1
91,6,143.93258666992188,277.92431640625,120.74166870117188,343.3310546875,-1,-1,-1,-1
92,6,177.93267822265625,326.02197265625,112.14260864257812,306.482177734375,-1,-1,-1,-1
93,6,207.60621643066406,326.4939880371094,105.09648132324219,312.4663391113281,-1,-1,-1,-1
94,6,225.8611602783203,373.5576477050781,108.97428894042969,303.7010803222656,-1,-1,-1,-1
95,6,285.512451171875,351.4489440917969,126.87298583984375,297.3636169433594,-1,-1,-1,-1
96,6,334.9456481933594,304.07208251953125,139.83346557617188,288.68072509765625,-1,-1,-1,-1
97,6,298.3279113769531,233.1251983642578,114.588623046875,266.7059326171875,-1,-1,-1,-1
98,6,220.7461700439453,189.67510986328125,178.39540100097656,298.05535888671875,-1,-1,-1,-1
99,6,184.6588592529297,153.17079162597656,178.98973083496094,292.52886962890625,-1,-1,-1,-1
100,6,167.7583465576172,146.37637329101562,182.0067596435547,280.75677490234375,-1,-1,-1,-1
101,6,161.18331909179688,140.90682983398438,170.25875854492188,269.5516357421875,-1,-1,-1,-1
102,6,168.16714477539062,156.88739013671875,162.41656494140625,264.200927734375,-1,-1,-1,-1
103,6,192.03956604003906,192.49703979492188,162.4281463623047,276.9468688964844,-1,-1,-1,-1
104,6,221.1761474609375,184.1919403076172,179.58651733398438,280.7203369140625,-1,-1,-1,-1
105,6,248.5216522216797,143.28170776367188,198.45143127441406,280.7129211425781,-1,-1,-1,-1
106,6,286.4981689453125,147.42076110839844,215.0091552734375,285.3909912109375,-1,-1,-1,-1
107,6,355.104248046875,186.55471801757812,209.55621337890625,272.7911376953125,-1,-1,-1,-1
108,6,419.1517028808594,245.7633056640625,194.32467651367188,255.40127563476562,-1,-1,-1,-1
109,6,483.412841796875,292.8814697265625,184.629638671875,244.01910400390625,-1,-1,-1,-1
110,6,554.5518798828125,352.3085632324219,167.12542724609375,232.92910766601562,-1,-1,-1,-1
111,6,643.87890625,396.7630310058594,152.586181640625,223.53683471679688,-1,-1,-1,-1
112,6,717.62744140625,419.58917236328125,175.6201171875,226.62738037109375,-1,-1,-1,-1
113,6,777.059326171875,445.734619140625,207.0457763671875,221.9840087890625,-1,-1,-1,-1
114,6,846.1710815429688,469.0176086425781,220.23529052734375,226.49874877929688,-1,-1,-1,-1
115,6,916.7651977539062,501.7006530761719,222.09295654296875,222.26065063476562,-1,-1,-1,-1
116,6,980.9009399414062,527.8388671875,235.23089599609375,225.761474609375,-1,-1,-1,-1
117,6,1054.909423828125,546.6976318359375,242.172607421875,237.1573486328125,-1,-1,-1,-1
118,6,1111.61669921875,548.6998291015625,242.43505859375,259.1680908203125,-1,-1,-1,-1
119,6,1142.9791259765625,549.6657104492188,241.3355712890625,268.93157958984375,-1,-1,-1,-1
120,6,1159.7818603515625,551.8539428710938,229.587158203125,265.0283203125,-1,-1,-1,-1
121,6,1174.6197509765625,548.6212158203125,225.248046875,262.5147705078125,-1,-1,-1,-1
122,6,1200.607177734375,539.544189453125,207.5074462890625,265.63726806640625,-1,-1,-1,-1
123,6,1251.857177734375,533.3447265625,161.99658203125,269.6923828125,-1,-1,-1,-1
124,6,1288.57958984375,530.515380859375,153.144287109375,301.7789306640625,-1,-1,-1,-1
125,6,1325.9119873046875,510.450927734375,149.2877197265625,336.97308349609375,-1,-1,-1,-1
126,6,1321.796142578125,509.74212646484375,175.270263671875,350.50115966796875,-1,-1,-1,-1
128,6,1314.964111328125,502.1357116699219,189.0452880859375,384.4305725097656,-1,-1,-1,-1
129,6,1335.61669921875,513.4969482421875,115.76025390625,321.02777099609375,-1,-1,-1,-1
130,6,1313.906494140625,531.4844970703125,120.555419921875,315.08685302734375,-1,-1,-1,-1
131,6,1329.8057861328125,528.2297973632812,103.0635986328125,287.52020263671875,-1,-1,-1,-1
132,6,1340.4320068359375,531.928955078125,122.225830078125,330.2218017578125,-1,-1,-1,-1
137,6,1290.277099609375,457.27685546875,132.1807861328125,405.714599609375,-1,-1,-1,-1
138,6,1111.542236328125,441.2188415527344,186.329833984375,378.5894470214844,-1,-1,-1,-1
139,6,939.1859130859375,453.75653076171875,178.320556640625,377.85430908203125,-1,-1,-1,-1
140,6,821.6085205078125,469.83026123046875,176.43621826171875,378.09075927734375,-1,-1,-1,-1
141,6,744.706298828125,484.29595947265625,173.45477294921875,361.7645263671875,-1,-1,-1,-1
142,6,706.3598022460938,493.90753173828125,174.66729736328125,351.29803466796875,-1,-1,-1,-1
143,6,711.5308837890625,505.5498046875,167.2760009765625,348.757568359375,-1,-1,-1,-1
144,6,730.1297607421875,518.6578369140625,174.94451904296875,344.09210205078125,-1,-1,-1,-1
145,6,743.3333129882812,529.3768920898438,186.77789306640625,340.39141845703125,-1,-1,-1,-1
146,6,747.2346801757812,534.8974609375,192.34991455078125,344.2374267578125,-1,-1,-1,-1
147,6,742.4723510742188,541.6629028320312,194.3798828125,343.27325439453125,-1,-1,-1,-1
148,6,734.9251098632812,552.8673706054688,193.77813720703125,344.34197998046875,-1,-1,-1,-1
149,6,722.4583740234375,559.9384765625,195.7652587890625,344.7347412109375,-1,-1,-1,-1
150,6,733.8660888671875,560.3646850585938,184.11334228515625,349.7730712890625,-1,-1,-1,-1
151,6,768.987548828125,559.06103515625,173.995361328125,358.616455078125,-1,-1,-1,-1
152,6,838.2722778320312,554.9793090820312,168.23870849609375,371.2281494140625,-1,-1,-1,-1
153,6,908.6541748046875,556.1488037109375,167.03125,381.0816650390625,-1,-1,-1,-1
154,6,942.0240478515625,554.2285766601562,170.26953125,394.495361328125,-1,-1,-1,-1
155,6,957.1482543945312,558.0425415039062,168.27581787109375,397.72003173828125,-1,-1,-1,-1
156,6,955.2869262695312,555.1563720703125,167.87335205078125,393.377685546875,-1,-1,-1,-1
157,6,942.0257568359375,544.8753662109375,172.1632080078125,386.2139892578125,-1,-1,-1,-1
158,6,936.8076782226562,528.18115234375,179.42071533203125,372.56268310546875,-1,-1,-1,-1
159,6,962.0946044921875,503.2200012207031,188.018798828125,357.7440490722656,-1,-1,-1,-1
160,6,1073.4593505859375,467.5505676269531,205.96484375,359.5512390136719,-1,-1,-1,-1
161,6,993.39990234375,429.6490478515625,315.53857421875,541.8257446289062,-1,-1,-1,-1
71,7,2.6023221015930176,435.7345275878906,145.16329956054688,363.5065002441406,-1,-1,-1,-1
72,7,1.8319950103759766,425.7173156738281,152.0849609375,364.4573059082031,-1,-1,-1,-1
73,7,16.839890480041504,425.67108154296875,141.05284118652344,358.76361083984375,-1,-1,-1,-1
74,7,39.40966033935547,439.5869140625,145.18450927734375,358.43585205078125,-1,-1,-1,-1
75,7,59.84822082519531,419.3380432128906,149.1058807373047,360.3059387207031,-1,-1,-1,-1
76,7,95.17135620117188,392.7887268066406,146.18753051757812,357.8464050292969,-1,-1,-1,-1
77,7,113.90548706054688,374.712158203125,143.25643920898438,360.5482177734375,-1,-1,-1,-1
78,7,110.06278991699219,364.5333251953125,147.13906860351562,369.20947265625,-1,-1,-1,-1
79,7,65.0390625,349.4089050292969,144.93017578125,381.9109191894531,-1,-1,-1,-1
80,8,-4.7642903327941895,369.6914367675781,129.69302368164062,394.8091125488281,-1,-1,-1,-1
81,8,-37.2586669921875,379.8688049316406,126.15379333496094,419.6127624511719,-1,-1,-1,-1
81,9,-63.48359680175781,389.0673828125,129.998291015625,411.01690673828125,-1,-1,-1,-1
109,10,21.920095443725586,547.6544799804688,200.0310821533203,281.76849365234375,-1,-1,-1,-1
110,10,81.64138793945312,582.5457153320312,157.77294921875,265.47052001953125,-1,-1,-1,-1
111,10,170.64306640625,596.4537353515625,184.32608032226562,249.59332275390625,-1,-1,-1,-1
112,10,245.4237518310547,592.4945068359375,191.9435577392578,245.23492431640625,-1,-1,-1,-1
113,10,303.17138671875,584.7128295898438,189.2171630859375,244.37603759765625,-1,-1,-1,-1
114,10,345.6153259277344,576.9178466796875,195.70193481445312,248.499267578125,-1,-1,-1,-1
115,10,386.2769470214844,587.6983032226562,199.32882690429688,241.5103759765625,-1,-1,-1,-1
116,10,431.8603820800781,601.136962890625,181.69161987304688,231.169677734375,-1,-1,-1,-1
117,10,471.2071533203125,602.9771728515625,158.7178955078125,232.24017333984375,-1,-1,-1,-1
118,10,491.38421630859375,596.9508056640625,138.40570068359375,242.10369873046875,-1,-1,-1,-1
119,10,482.0010986328125,591.1774291992188,130.8914794921875,269.69805908203125,-1,-1,-1,-1
120,10,447.7878112792969,586.4390869140625,149.03018188476562,298.95751953125,-1,-1,-1,-1
121,10,433.2032775878906,583.3250732421875,144.88369750976562,311.6551513671875,-1,-1,-1,-1
122,10,415.46148681640625,580.8436279296875,148.53790283203125,304.87890625,-1,-1,-1,-1
123,10,408.70965576171875,572.9161987304688,145.79144287109375,297.96868896484375,-1,-1,-1,-1
124,10,406.27703857421875,570.1292724609375,155.86798095703125,292.36474609375,-1,-1,-1,-1
125,10,403.3533020019531,579.201416015625,166.04806518554688,295.63421630859375,-1,-1,-1,-1
126,10,397.21234130859375,578.4364624023438,176.3714599609375,301.5946044921875,-1,-1,-1,-1
127,10,374.742431640625,584.6409301757812,181.850830078125,288.5035400390625,-1,-1,-1,-1
128,10,348.9830627441406,590.943115234375,178.76766967773438,280.8509521484375,-1,-1,-1,-1
129,10,304.7077331542969,585.135009765625,192.09939575195312,289.3424072265625,-1,-1,-1,-1
130,10,279.55462646484375,577.3167724609375,194.53140258789062,295.7451171875,-1,-1,-1,-1
131,10,281.2070617675781,567.9843139648438,195.13961791992188,302.392578125,-1,-1,-1,-1
132,10,301.78448486328125,556.4500122070312,200.47537231445312,303.81365966796875,-1,-1,-1,-1
133,10,319.8739013671875,544.6954956054688,211.89691162109375,310.01226806640625,-1,-1,-1,-1
134,10,325.6395568847656,515.4707641601562,221.81643676757812,332.24737548828125,-1,-1,-1,-1
135,10,328.3131408691406,497.0220947265625,213.89797973632812,334.616455078125,-1,-1,-1,-1
136,10,305.1988220214844,481.48358154296875,191.5758056640625,341.26385498046875,-1,-1,-1,-1
137,10,236.0122528076172,474.01263427734375,167.12315368652344,358.0006103515625,-1,-1,-1,-1
138,10,314.2647705078125,569.636474609375,352.46319580078125,419.71539306640625,-1,-1,-1,-1
138,11,64.0713119506836,475.13580322265625,176.52481079101562,391.13433837890625,-1,-1,-1,-1
139,11,-42.54665756225586,541.9979248046875,179.8307342529297,370.73095703125,-1,-1,-1,-1
153,12,-74.34529113769531,707.6898193359375,151.71624755859375,220.68292236328125,-1,-1,-1,-1
154,12,1.0107107162475586,664.2601928710938,77.39285278320312,273.21612548828125,-1,-1,-1,-1
155,12,-46.984989166259766,663.2662353515625,132.92840576171875,336.078369140625,-1,-1,-1,-1
156,12,-66.5874252319336,672.1363525390625,141.214111328125,341.4376220703125,-1,-1,-1,-1
157,12,-48.74106979370117,559.3572387695312,190.32530212402344,475.64764404296875,-1,-1,-1,-1
159,12,-151.76168823242188,476.34344482421875,313.28582763671875,630.0304565429688,-1,-1,-1,-1
160,12,-40.50433349609375,546.433837890625,192.96929931640625,521.667724609375,-1,-1,-1,-1
161,12,121.31622314453125,504.4974060058594,238.37252807617188,508.3299865722656,-1,-1,-1,-1
162,12,312.4014587402344,493.42816162109375,215.00277709960938,466.80474853515625,-1,-1,-1,-1
163,12,394.2660827636719,492.44317626953125,218.95712280273438,453.98797607421875,-1,-1,-1,-1
164,12,406.75433349609375,481.30450439453125,247.24346923828125,535.1912231445312,-1,-1,-1,-1
165,12,382.86041259765625,468.37890625,282.92926025390625,621.483154296875,-1,-1,-1,-1
166,12,319.855224609375,462.81390380859375,324.9462890625,675.5861206054688,-1,-1,-1,-1
167,12,204.39340209960938,465.8074035644531,363.1085510253906,689.7459716796875,-1,-1,-1,-1
168,12,20.110645294189453,461.7272644042969,415.6577453613281,721.27099609375,-1,-1,-1,-1
169,12,-50.79030990600586,455.4629821777344,380.5673828125,785.34619140625,-1,-1,-1,-1
170,12,-161.01937866210938,515.4599609375,484.652587890625,898.91650390625,-1,-1,-1,-1
171,12,-218.62721252441406,522.4730224609375,457.89813232421875,901.13232421875,-1,-1,-1,-1
172,12,-285.50811767578125,461.09820556640625,574.129638671875,959.0084838867188,-1,-1,-1,-1
161,13,1296.58447265625,423.24114990234375,183.055419921875,413.1895751953125,-1,-1,-1,-1
162,13,1181.9656982421875,463.6202697753906,292.83935546875,393.7331848144531,-1,-1,-1,-1
163,13,1115.2501220703125,460.224853515625,318.855712890625,407.0390625,-1,-1,-1,-1
168,13,1125.6536865234375,418.2826232910156,402.8353271484375,544.4215087890625,-1,-1,-1,-1
162,14,1152.810546875,418.02227783203125,403.5467529296875,648.1369018554688,-1,-1,-1,-1
163,14,1207.4521484375,471.57611083984375,311.8272705078125,583.7836303710938,-1,-1,-1,-1
168,14,1149.2501220703125,445.00732421875,381.9835205078125,608.52392578125,-1,-1,-1,-1
169,14,1004.2733154296875,475.80792236328125,466.240966796875,516.6150512695312,-1,-1,-1,-1
170,14,919.6320190429688,467.0955505371094,413.67620849609375,500.5652770996094,-1,-1,-1,-1
171,14,868.368896484375,462.3132019042969,404.9263916015625,493.4030456542969,-1,-1,-1,-1
172,14,804.5980224609375,445.1026611328125,385.969970703125,503.93597412109375,-1,-1,-1,-1
173,14,742.083740234375,440.76007080078125,340.1685791015625,512.712158203125,-1,-1,-1,-1
174,14,717.2606201171875,453.9343566894531,302.65032958984375,517.3643798828125,-1,-1,-1,-1
175,14,726.902587890625,455.0531005859375,282.793212890625,532.7740478515625,-1,-1,-1,-1
176,14,743.5072021484375,436.0945129394531,269.21466064453125,567.219482421875,-1,-1,-1,-1
177,14,748.591552734375,447.2096252441406,248.79052734375,607.13232421875,-1,-1,-1,-1
178,14,717.7140502929688,447.26470947265625,293.0849609375,656.0405883789062,-1,-1,-1,-1
179,14,641.0902099609375,444.1534729003906,422.7957763671875,735.1614990234375,-1,-1,-1,-1
180,14,499.2679748535156,407.41253662109375,645.34326171875,847.3549194335938,-1,-1,-1,-1
181,14,390.95062255859375,365.9150390625,819.3391723632812,999.27099609375,-1,-1,-1,-1
182,14,350.626953125,343.77447509765625,923.4078369140625,1074.455810546875,-1,-1,-1,-1
183,14,338.6202087402344,406.31304931640625,1035.501708984375,1008.2614135742188,-1,-1,-1,-1
184,14,214.63223266601562,507.0799865722656,966.118408203125,911.8189697265625,-1,-1,-1,-1
185,14,13.638729095458984,594.83984375,772.9635620117188,819.541015625,-1,-1,-1,-1
186,14,-9.402570724487305,641.6767578125,684.3250122070312,772.286376953125,-1,-1,-1,-1
187,14,14.236955642700195,621.5233154296875,548.828369140625,784.1649169921875,-1,-1,-1,-1
188,14,-126.78205871582031,604.00830078125,604.6778564453125,725.3720703125,-1,-1,-1,-1
189,14,-231.66404724121094,580.860107421875,652.5402221679688,732.927978515625,-1,-1,-1,-1
190,14,-266.68450927734375,650.8856811523438,608.3101806640625,763.6148071289062,-1,-1,-1,-1
191,14,-213.8450469970703,727.9605102539062,509.89630126953125,690.3539428710938,-1,-1,-1,-1
165,15,27.260326385498047,723.0355224609375,53.46065139770508,85.7427978515625,-1,-1,-1,-1
166,15,22.813453674316406,717.8529663085938,47.37183380126953,70.118408203125,-1,-1,-1,-1
167,15,95.48324584960938,762.2615966796875,145.40530395507812,129.53778076171875,-1,-1,-1,-1
169,15,-118.78318786621094,457.6148376464844,456.70111083984375,781.9561767578125,-1,-1,-1,-1
170,16,1330.131591796875,454.1441650390625,158.6932373046875,367.4278564453125,-1,-1,-1,-1
171,16,1276.4522705078125,444.7073669433594,141.2874755859375,352.0106506347656,-1,-1,-1,-1
172,16,1189.1666259765625,428.662353515625,154.6712646484375,346.433837890625,-1,-1,-1,-1
173,16,1095.8924560546875,431.8817138671875,147.7218017578125,330.5841064453125,-1,-1,-1,-1
174,16,1063.1207275390625,457.545654296875,139.356201171875,317.39007568359375,-1,-1,-1,-1
175,16,1078.0906982421875,481.9290466308594,143.9920654296875,320.3043518066406,-1,-1,-1,-1
176,16,1079.08740234375,461.9329528808594,142.262451171875,325.2726135253906,-1,-1,-1,-1
177,16,1067.0687255859375,471.252197265625,143.3084716796875,319.388671875,-1,-1,-1,-1
178,16,1056.8790283203125,475.8785705566406,139.472900390625,315.1067199707031,-1,-1,-1,-1
179,16,1040.522216796875,475.2011413574219,141.3466796875,314.9587097167969,-1,-1,-1,-1
180,16,1007.6043701171875,457.43597412109375,141.1505126953125,313.699462890625,-1,-1,-1,-1
181,16,976.1904907226562,439.6457214355469,137.78155517578125,317.8281555175781,-1,-1,-1,-1
182,16,963.000244140625,415.8891296386719,131.962646484375,318.8770446777344,-1,-1,-1,-1
183,16,990.9044189453125,405.8945007324219,134.601806640625,332.0520935058594,-1,-1,-1,-1
184,16,772.7053833007812,520.7351684570312,55.19921875,160.02691650390625,-1,-1,-1,-1
185,16,548.1798095703125,523.7479858398438,87.07122802734375,97.6552734375,-1,-1,-1,-1
184,17,1134.3004150390625,379.07867431640625,148.7960205078125,369.66925048828125,-1,-1,-1,-1
185,17,974.3602905273438,453.9462585449219,167.53363037109375,333.5102233886719,-1,-1,-1,-1
185,18,1231.984375,393.377685546875,147.501220703125,389.268798828125,-1,-1,-1,-1
186,18,1269.86962890625,374.0823974609375,136.740234375,398.33837890625,-1,-1,-1,-1
187,18,1294.394287109375,294.8359375,132.03662109375,432.12298583984375,-1,-1,-1,-1
188,18,1209.4342041015625,260.44427490234375,165.8675537109375,381.91021728515625,-1,-1,-1,-1
189,18,1098.0718994140625,181.4814453125,180.25439453125,396.169921875,-1,-1,-1,-1
190,18,966.70068359375,120.22648620605469,172.480224609375,409.0997314453125,-1,-1,-1,-1
191,18,883.9719848632812,93.25247955322266,166.18743896484375,423.2536315917969,-1,-1,-1,-1
192,18,820.0250854492188,89.06132507324219,162.5458984375,432.65435791015625,-1,-1,-1,-1
193,18,770.34521484375,78.06151580810547,154.99261474609375,443.17620849609375,-1,-1,-1,-1
194,18,766.42578125,49.33497619628906,157.88238525390625,460.11627197265625,-1,-1,-1,-1
195,18,774.374755859375,22.72607421875,163.58935546875,470.0846862792969,-1,-1,-1,-1
196,18,743.384033203125,-45.522064208984375,175.0784912109375,442.0418395996094,-1,-1,-1,-1
197,18,673.8776245117188,-54.519222259521484,190.28167724609375,366.25762939453125,-1,-1,-1,-1
198,18,604.8626098632812,-36.0860710144043,201.73388671875,319.22430419921875,-1,-1,-1,-1
199,18,573.9895629882812,-3.281590461730957,186.02349853515625,232.03799438476562,-1,-1,-1,-1
200,18,566.95263671875,-56.19615936279297,190.3699951171875,247.56695556640625,-1,-1,-1,-1
201,18,565.4320678710938,-91.31449890136719,220.05718994140625,258.45538330078125,-1,-1,-1,-1
202,18,602.0328369140625,-90.83649444580078,211.40850830078125,258.4159851074219,-1,-1,-1,-1
203,18,649.9611206054688,-88.58060455322266,198.40142822265625,274.9201354980469,-1,-1,-1,-1
204,18,711.4965209960938,3.254915237426758,186.79083251953125,224.0248260498047,-1,-1,-1,-1
205,18,811.8445434570312,4.235391616821289,206.510986328125,273.1535339355469,-1,-1,-1,-1
206,18,983.1236572265625,-9.716716766357422,238.7265625,353.63909912109375,-1,-1,-1,-1
206,19,-37.16302490234375,788.9889526367188,304.0626220703125,218.15216064453125,-1,-1,-1,-1
207,19,90.54179382324219,791.8214111328125,222.4423065185547,189.40234375,-1,-1,-1,-1
208,19,261.3587646484375,760.4927978515625,195.330810546875,188.3460693359375,-1,-1,-1,-1
209,19,359.7801208496094,752.0794677734375,163.67367553710938,182.24072265625,-1,-1,-1,-1
210,19,403.1600646972656,746.0025634765625,156.73068237304688,185.030517578125,-1,-1,-1,-1
211,19,420.1198425292969,739.2313232421875,144.10202026367188,197.67938232421875,-1,-1,-1,-1
212,19,425.9808349609375,733.315673828125,132.59521484375,208.10601806640625,-1,-1,-1,-1
213,19,421.50787353515625,734.2896728515625,128.4725341796875,211.4578857421875,-1,-1,-1,-1
214,19,403.4442138671875,732.306396484375,124.22088623046875,225.51336669921875,-1,-1,-1,-1
215,19,381.8045959472656,739.78759765625,114.93817138671875,227.9998779296875,-1,-1,-1,-1
216,19,348.35968017578125,732.8260498046875,116.76162719726562,231.50384521484375,-1,-1,-1,-1
217,19,306.9583435058594,718.7815551757812,119.70025634765625,239.43475341796875,-1,-1,-1,-1
218,19,245.7239227294922,711.184814453125,123.92698669433594,246.230712890625,-1,-1,-1,-1
208,20,373.9857177734375,719.842529296875,231.22900390625,220.84454345703125,-1,-1,-1,-1
209,20,485.34149169921875,704.5321044921875,204.8582763671875,249.2952880859375,-1,-1,-1,-1
210,20,535.6759033203125,682.7169799804688,206.0743408203125,276.9564208984375,-1,-1,-1,-1
211,20,561.7866821289062,681.361083984375,185.55712890625,292.26715087890625,-1,-1,-1,-1
212,20,577.3477172851562,685.126708984375,168.740966796875,299.024169921875,-1,-1,-1,-1
213,20,567.845703125,694.4724731445312,183.0762939453125,297.55609130859375,-1,-1,-1,-1
214,20,542.6963500976562,714.7341918945312,208.35577392578125,292.61749267578125,-1,-1,-1,-1
215,20,526.7627563476562,712.4081420898438,221.20697021484375,316.15460205078125,-1,-1,-1,-1
216,20,518.7548217773438,704.0239868164062,230.74798583984375,327.62677001953125,-1,-1,-1,-1
217,20,495.37811279296875,693.8135375976562,241.0618896484375,329.64727783203125,-1,-1,-1,-1
218,20,478.265869140625,689.717041015625,229.64605712890625,329.9114990234375,-1,-1,-1,-1
219,20,443.7703857421875,653.4506225585938,223.6434326171875,386.25421142578125,-1,-1,-1,-1
220,20,351.9565124511719,632.9843139648438,210.84603881835938,416.20477294921875,-1,-1,-1,-1
221,20,259.37432861328125,621.7551879882812,178.4385986328125,449.29498291015625,-1,-1,-1,-1
222,20,199.85641479492188,606.332275390625,157.16033935546875,484.5872802734375,-1,-1,-1,-1
223,20,195.5343475341797,585.8729248046875,173.55967712402344,511.8685302734375,-1,-1,-1,-1
224,20,235.17897033691406,577.6829833984375,188.56837463378906,508.6234130859375,-1,-1,-1,-1
225,20,285.3363037109375,573.1944580078125,187.2520751953125,482.7293701171875,-1,-1,-1,-1
226,20,319.5935974121094,570.6378173828125,175.55426025390625,459.73095703125,-1,-1,-1,-1
227,20,335.4862365722656,610.3344116210938,171.32687377929688,397.2744140625,-1,-1,-1,-1
228,20,349.6459655761719,607.4050903320312,211.56710815429688,371.83001708984375,-1,-1,-1,-1
229,20,368.6119384765625,603.1681518554688,213.0477294921875,363.01910400390625,-1,-1,-1,-1
230,20,398.40435791015625,601.4172973632812,192.15472412109375,368.94390869140625,-1,-1,-1,-1
231,20,430.2463684082031,589.24853515625,166.51559448242188,390.073974609375,-1,-1,-1,-1
232,20,449.094482421875,601.5477294921875,156.1793212890625,388.5321044921875,-1,-1,-1,-1
233,20,466.2173767089844,607.7216186523438,166.90243530273438,387.141845703125,-1,-1,-1,-1
234,20,478.36883544921875,620.9630126953125,176.6014404296875,381.57977294921875,-1,-1,-1,-1
235,20,490.9023742675781,631.4937133789062,177.32461547851562,376.19158935546875,-1,-1,-1,-1
236,20,503.50390625,638.7506713867188,170.34625244140625,372.31475830078125,-1,-1,-1,-1
237,20,511.3194580078125,644.1578369140625,157.49896240234375,358.6893310546875,-1,-1,-1,-1
238,20,519.619873046875,656.4722290039062,157.3311767578125,337.80419921875,-1,-1,-1,-1
239,20,498.9395751953125,661.8595581054688,177.2626953125,325.93804931640625,-1,-1,-1,-1
240,20,478.34320068359375,670.7647705078125,200.65460205078125,306.36151123046875,-1,-1,-1,-1
241,20,448.5958251953125,670.0138549804688,241.067138671875,296.656005859375,-1,-1,-1,-1
242,20,417.3427734375,675.1834716796875,261.1656494140625,289.57659912109375,-1,-1,-1,-1
243,20,400.80633544921875,693.8386840820312,258.8829345703125,279.81329345703125,-1,-1,-1,-1
244,20,397.8010559082031,697.2578735351562,241.16000366210938,290.909423828125,-1,-1,-1,-1
245,20,410.3693542480469,695.0429077148438,224.39999389648438,305.0576171875,-1,-1,-1,-1
246,20,427.4004821777344,704.93896484375,200.65133666992188,305.64361572265625,-1,-1,-1,-1
247,20,448.1849670410156,731.6643676757812,174.58554077148438,285.82623291015625,-1,-1,-1,-1
248,20,470.43585205078125,732.2710571289062,150.783203125,289.9049072265625,-1,-1,-1,-1
249,20,455.45269775390625,720.5892333984375,155.913330078125,301.18878173828125,-1,-1,-1,-1
250,20,442.3336181640625,709.6856689453125,186.44232177734375,312.15789794921875,-1,-1,-1,-1
251,20,430.5318298339844,698.6891479492188,229.03274536132812,322.09686279296875,-1,-1,-1,-1
252,20,429.03271484375,706.751953125,232.7506103515625,307.52752685546875,-1,-1,-1,-1
253,20,440.3463134765625,708.614990234375,226.05780029296875,296.305419921875,-1,-1,-1,-1
254,20,462.3941650390625,715.0217895507812,169.72393798828125,276.82244873046875,-1,-1,-1,-1
255,20,492.2450256347656,699.8226318359375,131.97073364257812,276.92041015625,-1,-1,-1,-1
256,20,513.8048095703125,669.8599853515625,109.8187255859375,294.27410888671875,-1,-1,-1,-1
257,20,521.2594604492188,678.4552612304688,105.38482666015625,271.74462890625,-1,-1,-1,-1
258,20,526.6185913085938,666.9039306640625,128.4742431640625,276.9739990234375,-1,-1,-1,-1
259,20,537.225341796875,651.9990234375,127.072509765625,291.2977294921875,-1,-1,-1,-1
260,20,540.7117309570312,633.9468994140625,128.93646240234375,305.16485595703125,-1,-1,-1,-1
261,20,543.5198974609375,637.4216918945312,126.80908203125,299.96478271484375,-1,-1,-1,-1
262,20,543.0538330078125,666.5765380859375,121.2659912109375,268.20501708984375,-1,-1,-1,-1
263,20,546.6434326171875,652.4632568359375,115.57733154296875,282.1441650390625,-1,-1,-1,-1
264,20,549.2062377929688,650.7357177734375,116.76605224609375,283.3985595703125,-1,-1,-1,-1
265,20,555.2307739257812,653.5155029296875,117.501220703125,282.33502197265625,-1,-1,-1,-1
266,20,560.1200561523438,650.2095336914062,124.57525634765625,294.57781982421875,-1,-1,-1,-1
267,20,563.0298461914062,658.4714965820312,120.8197021484375,288.9085693359375,-1,-1,-1,-1
268,20,558.8594970703125,654.5576782226562,127.034423828125,293.07794189453125,-1,-1,-1,-1
269,20,556.7666015625,675.5492553710938,129.1142578125,270.2109375,-1,-1,-1,-1
270,20,556.0107421875,678.6087036132812,131.054443359375,266.21453857421875,-1,-1,-1,-1
271,20,559.8762817382812,679.1268310546875,130.1153564453125,265.62786865234375,-1,-1,-1,-1
272,20,564.8433837890625,679.8026733398438,127.99664306640625,265.37249755859375,-1,-1,-1,-1
273,20,563.1560668945312,665.7119140625,132.7803955078125,280.33392333984375,-1,-1,-1,-1
274,20,560.4421997070312,662.4016723632812,136.02532958984375,287.70111083984375,-1,-1,-1,-1
275,20,554.8592529296875,682.6034545898438,136.20989990234375,272.4873046875,-1,-1,-1,-1
276,20,548.4561157226562,681.7462158203125,134.62542724609375,278.7818603515625,-1,-1,-1,-1
277,20,543.37060546875,684.4325561523438,118.7752685546875,283.90069580078125,-1,-1,-1,-1
278,20,545.637939453125,686.9141845703125,98.04443359375,287.0362548828125,-1,-1,-1,-1
279,20,549.1509399414062,697.1617431640625,80.98480224609375,274.2652587890625,-1,-1,-1,-1
280,20,540.3433227539062,693.9290161132812,101.62567138671875,273.47625732421875,-1,-1,-1,-1
281,20,514.1724243164062,665.7345581054688,129.44134521484375,301.31695556640625,-1,-1,-1,-1
282,20,492.22027587890625,668.694580078125,150.70220947265625,301.192626953125,-1,-1,-1,-1
283,20,462.17718505859375,675.5633544921875,163.83697509765625,301.65020751953125,-1,-1,-1,-1
284,20,425.9538879394531,688.4683227539062,168.06393432617188,307.64349365234375,-1,-1,-1,-1
285,20,381.54791259765625,714.49365234375,179.2098388671875,311.960205078125,-1,-1,-1,-1
286,20,339.93988037109375,710.270751953125,184.68017578125,315.64404296875,-1,-1,-1,-1
287,20,319.9849548339844,675.1792602539062,186.42001342773438,318.0189208984375,-1,-1,-1,-1
288,20,343.41070556640625,644.760986328125,178.73223876953125,312.750732421875,-1,-1,-1,-1
289,20,409.9538269042969,630.9573974609375,161.52407836914062,303.9373779296875,-1,-1,-1,-1
290,20,500.2647399902344,627.3352661132812,134.32235717773438,294.7908935546875,-1,-1,-1,-1
291,20,566.1572265625,631.1848754882812,116.8956298828125,291.3863525390625,-1,-1,-1,-1
292,20,570.8887329101562,630.0714721679688,126.933349609375,295.31011962890625,-1,-1,-1,-1
293,20,549.4774780273438,635.73779296875,148.977294921875,296.42022705078125,-1,-1,-1,-1
294,20,555.9898071289062,646.089111328125,155.58905029296875,292.82501220703125,-1,-1,-1,-1
295,20,602.330078125,651.0013427734375,150.7991943359375,293.2962646484375,-1,-1,-1,-1
296,20,690.2748413085938,656.5516967773438,146.41192626953125,290.52349853515625,-1,-1,-1,-1
297,20,816.5639038085938,649.9678344726562,153.343017578125,302.7225341796875,-1,-1,-1,-1
219,21,146.180908203125,700.109375,131.70687866210938,263.01690673828125,-1,-1,-1,-1
219,22,1265.9716796875,478.7651672363281,155.58642578125,389.0723571777344,-1,-1,-1,-1
220,22,1107.123046875,484.99249267578125,238.0826416015625,424.79736328125,-1,-1,-1,-1
221,22,957.5545654296875,488.5421447753906,172.63916015625,380.1419372558594,-1,-1,-1,-1
222,22,858.5997924804688,507.4156799316406,138.77490234375,345.7569885253906,-1,-1,-1,-1
223,22,814.3558959960938,518.1971435546875,139.70428466796875,328.493896484375,-1,-1,-1,-1
224,22,799.4293823242188,525.4575805664062,144.75946044921875,323.88055419921875,-1,-1,-1,-1
225,22,798.9880981445312,542.4573364257812,145.839599609375,307.0347900390625,-1,-1,-1,-1
226,22,777.6812744140625,550.893798828125,159.56964111328125,301.580810546875,-1,-1,-1,-1
227,22,763.0496215820312,563.75341796875,152.85101318359375,293.1549072265625,-1,-1,-1,-1
228,22,747.1806030273438,569.1245727539062,146.3416748046875,285.74920654296875,-1,-1,-1,-1
229,22,737.78271484375,571.7207641601562,140.327880859375,276.42315673828125,-1,-1,-1,-1
230,22,736.2623901367188,575.8157958984375,141.27081298828125,279.314453125,-1,-1,-1,-1
231,22,744.8452758789062,587.3681640625,143.4906005859375,279.3040771484375,-1,-1,-1,-1
232,22,749.653076171875,601.015380859375,148.9351806640625,275.6146240234375,-1,-1,-1,-1
233,22,752.654052734375,610.38525390625,155.504150390625,268.75872802734375,-1,-1,-1,-1
234,22,753.2198486328125,617.8687133789062,165.45550537109375,266.910400390625,-1,-1,-1,-1
235,22,749.952880859375,625.1218872070312,179.629638671875,265.57025146484375,-1,-1,-1,-1
236,22,745.759521484375,630.3137817382812,193.74322509765625,263.96136474609375,-1,-1,-1,-1
237,22,736.1930541992188,629.025390625,209.10589599609375,265.19384765625,-1,-1,-1,-1
238,22,722.3660278320312,628.5675048828125,220.16357421875,265.0577392578125,-1,-1,-1,-1
239,22,703.4264526367188,634.720947265625,236.2991943359375,263.54608154296875,-1,-1,-1,-1
240,22,688.54638671875,639.7438354492188,243.0814208984375,257.91400146484375,-1,-1,-1,-1
241,22,675.5482177734375,643.7557983398438,240.4661865234375,256.485107421875,-1,-1,-1,-1
242,22,668.3016357421875,649.310302734375,222.0723876953125,257.66009521484375,-1,-1,-1,-1
243,22,666.8982543945312,663.175048828125,199.7337646484375,252.68389892578125,-1,-1,-1,-1
244,22,672.0045166015625,663.7216796875,176.4190673828125,260.9996337890625,-1,-1,-1,-1
245,22,672.0908203125,672.4400024414062,175.92315673828125,262.759765625,-1,-1,-1,-1
246,22,648.9385986328125,677.85400390625,192.43939208984375,264.832275390625,-1,-1,-1,-1
247,22,632.6910400390625,679.07421875,196.03045654296875,267.48748779296875,-1,-1,-1,-1
248,22,628.2769165039062,677.4237670898438,181.845703125,269.671875,-1,-1,-1,-1
249,22,624.022216796875,682.2177124023438,162.6021728515625,264.27813720703125,-1,-1,-1,-1
250,22,606.77587890625,679.8944702148438,164.44287109375,262.2237548828125,-1,-1,-1,-1
251,22,591.1193237304688,678.0331420898438,167.7783203125,255.91986083984375,-1,-1,-1,-1
252,22,572.809814453125,676.5931396484375,200.93450927734375,247.8712158203125,-1,-1,-1,-1
253,22,562.8660888671875,673.6300659179688,201.99609375,241.69598388671875,-1,-1,-1,-1
254,22,576.7738647460938,685.436767578125,182.06805419921875,231.375,-1,-1,-1,-1
255,22,575.6865234375,660.2635498046875,193.9283447265625,256.56463623046875,-1,-1,-1,-1
256,22,599.3009643554688,650.6129150390625,155.99609375,260.6221923828125,-1,-1,-1,-1
257,22,612.4815063476562,640.6079711914062,133.56109619140625,266.30548095703125,-1,-1,-1,-1
258,22,619.7496337890625,631.0657348632812,118.188232421875,263.76495361328125,-1,-1,-1,-1
259,22,625.255126953125,622.7921752929688,109.9844970703125,265.50189208984375,-1,-1,-1,-1
260,22,626.810546875,615.0072631835938,109.82147216796875,272.380859375,-1,-1,-1,-1
261,22,630.0786743164062,615.3726196289062,111.94927978515625,274.4169921875,-1,-1,-1,-1
262,22,632.8745727539062,623.788818359375,113.54742431640625,274.77032470703125,-1,-1,-1,-1
263,22,629.4741821289062,628.6925048828125,114.93341064453125,269.498291015625,-1,-1,-1,-1
264,22,628.2757568359375,632.5708618164062,118.7943115234375,266.8131103515625,-1,-1,-1,-1
265,22,632.5562133789062,638.303466796875,120.37396240234375,263.46197509765625,-1,-1,-1,-1
266,22,639.52587890625,642.7406005859375,119.31671142578125,269.62237548828125,-1,-1,-1,-1
267,22,647.7022705078125,643.134765625,114.87811279296875,274.4688720703125,-1,-1,-1,-1
268,22,653.8511962890625,643.7957763671875,112.28753662109375,275.0953369140625,-1,-1,-1,-1
269,22,660.8717041015625,644.6723022460938,111.309814453125,273.50262451171875,-1,-1,-1,-1
270,22,667.3606567382812,644.7364501953125,108.80328369140625,274.11468505859375,-1,-1,-1,-1
271,22,672.258544921875,644.3782348632812,107.895263671875,278.409912109375,-1,-1,-1,-1
272,22,677.1394653320312,643.7117309570312,106.2613525390625,279.61346435546875,-1,-1,-1,-1
273,22,680.2626342773438,643.9536743164062,103.75299072265625,280.03936767578125,-1,-1,-1,-1
274,22,679.7988891601562,647.5337524414062,102.63787841796875,280.72540283203125,-1,-1,-1,-1
275,22,672.7420654296875,653.1527709960938,103.40478515625,280.42681884765625,-1,-1,-1,-1
276,22,660.1525268554688,657.6953735351562,108.1890869140625,280.08306884765625,-1,-1,-1,-1
277,22,652.9608764648438,663.9109497070312,113.45294189453125,280.26708984375,-1,-1,-1,-1
278,22,651.0347900390625,669.14599609375,119.3458251953125,279.4268798828125,-1,-1,-1,-1
279,22,649.818359375,668.3228149414062,126.2291259765625,278.89117431640625,-1,-1,-1,-1
280,22,648.5811157226562,665.4024047851562,130.0858154296875,277.3753662109375,-1,-1,-1,-1
281,22,645.9027709960938,663.8630981445312,131.8814697265625,277.45526123046875,-1,-1,-1,-1
282,22,641.0470581054688,666.60009765625,131.2095947265625,277.50848388671875,-1,-1,-1,-1
283,22,632.6053466796875,671.52392578125,127.83966064453125,280.09893798828125,-1,-1,-1,-1
284,22,614.1333618164062,684.4929809570312,126.0726318359375,283.945556640625,-1,-1,-1,-1
285,22,586.06982421875,707.7922973632812,123.94769287109375,285.010498046875,-1,-1,-1,-1
286,22,550.1834106445312,701.223388671875,122.74896240234375,289.19329833984375,-1,-1,-1,-1
287,22,530.2527465820312,673.92822265625,121.3165283203125,283.6234130859375,-1,-1,-1,-1
288,22,549.4720458984375,644.9839477539062,115.5947265625,279.45892333984375,-1,-1,-1,-1
289,22,603.1016235351562,627.3674926757812,112.35858154296875,277.62677001953125,-1,-1,-1,-1
290,22,690.0551147460938,617.082763671875,104.2955322265625,279.09942626953125,-1,-1,-1,-1
291,22,761.856201171875,635.7423706054688,98.2548828125,265.97796630859375,-1,-1,-1,-1
292,22,780.6183471679688,627.1411743164062,101.5482177734375,288.47943115234375,-1,-1,-1,-1
293,22,783.9893188476562,632.1679077148438,104.58892822265625,301.47491455078125,-1,-1,-1,-1
294,22,803.58837890625,645.0147705078125,105.06707763671875,307.43316650390625,-1,-1,-1,-1
295,22,850.40625,651.6041870117188,110.4423828125,319.43890380859375,-1,-1,-1,-1
296,22,945.7066650390625,655.1405029296875,116.673095703125,327.88153076171875,-1,-1,-1,-1
297,22,1082.6656494140625,658.1105346679688,144.2586669921875,347.06280517578125,-1,-1,-1,-1
298,22,965.5692138671875,651.741455078125,177.634765625,322.80316162109375,-1,-1,-1,-1
220,23,5.057006359100342,696.6682739257812,134.2327880859375,281.57586669921875,-1,-1,-1,-1
298,24,1241.56396484375,671.1280517578125,174.52587890625,380.6307373046875,-1,-1,-1,-1
299,24,1082.4580078125,653.7089233398438,183.1859130859375,344.673095703125,-1,-1,-1,-1
300,24,1107.5120849609375,658.3895263671875,179.049072265625,341.7125244140625,-1,-1,-1,-1
301,24,1088.7269287109375,654.09033203125,173.0399169921875,333.65716552734375,-1,-1,-1,-1
302,24,1080.253173828125,643.3878173828125,163.3609619140625,327.112548828125,-1,-1,-1,-1
303,24,1065.3841552734375,625.3677368164062,153.978271484375,327.4134521484375,-1,-1,-1,-1
304,24,1009.2679443359375,615.3905639648438,144.7601318359375,315.68206787109375,-1,-1,-1,-1
305,24,909.1492919921875,601.8428955078125,131.2315673828125,296.991943359375,-1,-1,-1,-1
306,24,792.4163818359375,581.0909423828125,118.499755859375,277.40777587890625,-1,-1,-1,-1
307,24,690.7911376953125,560.100341796875,109.77117919921875,271.49481201171875,-1,-1,-1,-1
308,24,608.9943237304688,543.0250244140625,121.05230712890625,276.046142578125,-1,-1,-1,-1
309,24,554.6038208007812,542.9381713867188,127.35650634765625,271.73443603515625,-1,-1,-1,-1
310,24,511.1912841796875,541.9472045898438,138.66259765625,271.43670654296875,-1,-1,-1,-1
311,24,484.8522033691406,537.8035278320312,145.61746215820312,277.78375244140625,-1,-1,-1,-1
298,25,-9.483583450317383,574.3038940429688,123.59521484375,310.60479736328125,-1,-1,-1,-1
299,25,121.16443634033203,562.0108642578125,125.3237075805664,292.7073974609375,-1,-1,-1,-1
300,25,144.94873046875,556.421630859375,125.27304077148438,287.927490234375,-1,-1,-1,-1
301,25,123.1600112915039,546.0763549804688,126.86905670166016,294.30859375,-1,-1,-1,-1
302,25,108.06526184082031,535.8541259765625,128.70774841308594,299.2938232421875,-1,-1,-1,-1
303,25,83.50921630859375,534.1527099609375,132.8447723388672,304.5721435546875,-1,-1,-1,-1
304,25,128.43417358398438,533.0180053710938,206.68310546875,299.50323486328125,-1,-1,-1,-1
304,26,1288.3343505859375,619.6837158203125,171.93115234375,423.7191162109375,-1,-1,-1,-1
305,26,1177.421142578125,620.2632446289062,198.47705078125,384.1038818359375,-1,-1,-1,-1
306,26,1035.01171875,585.3040161132812,198.2684326171875,366.55560302734375,-1,-1,-1,-1
307,26,912.7814331054688,563.9268188476562,190.52423095703125,351.79351806640625,-1,-1,-1,-1
308,26,832.740234375,555.89501953125,186.251220703125,346.0118408203125,-1,-1,-1,-1
309,26,783.0614624023438,551.0128173828125,185.9437255859375,347.19598388671875,-1,-1,-1,-1
310,26,751.18505859375,550.2728881835938,184.5411376953125,349.43426513671875,-1,-1,-1,-1
311,26,734.97119140625,550.4071044921875,179.53179931640625,355.9127197265625,-1,-1,-1,-1
304,27,13.704917907714844,532.2120361328125,132.1668701171875,315.56854248046875,-1,-1,-1,-1
305,27,229.4630126953125,568.9288940429688,107.56942749023438,220.922119140625,-1,-1,-1,-1
