1,1,589.4078369140625,538.3929443359375,79.7244873046875,186.40966796875,-1,-1,-1,-1
2,1,603.43701171875,518.7554931640625,83.94329833984375,188.088134765625,-1,-1,-1,-1
3,1,626.4675903320312,512.55908203125,80.22174072265625,185.50146484375,-1,-1,-1,-1
4,1,660.81787109375,524.2520751953125,80.46820068359375,183.21490478515625,-1,-1,-1,-1
5,1,709.6582641601562,522.98095703125,76.65350341796875,184.7991943359375,-1,-1,-1,-1
6,1,769.4408569335938,513.3096923828125,75.09222412109375,184.4476318359375,-1,-1,-1,-1
7,1,826.4256591796875,513.3383178710938,74.13348388671875,186.4903564453125,-1,-1,-1,-1
8,1,889.9393310546875,511.4277038574219,76.928955078125,193.17398071289062,-1,-1,-1,-1
9,1,959.2333374023438,510.8262023925781,80.25372314453125,197.12924194335938,-1,-1,-1,-1
10,1,1023.3148193359375,510.4574279785156,81.8692626953125,196.67971801757812,-1,-1,-1,-1
11,1,1043.3223876953125,488.04833984375,81.584228515625,204.939453125,-1,-1,-1,-1
12,1,1041.3006591796875,507.0415344238281,81.1990966796875,193.73446655273438,-1,-1,-1,-1
13,1,1039.338623046875,525.4953002929688,79.9014892578125,190.83819580078125,-1,-1,-1,-1
14,1,1017.8244018554688,518.4466552734375,79.03887939453125,196.94720458984375,-1,-1,-1,-1
15,1,970.28076171875,507.767822265625,78.5858154296875,193.666259765625,-1,-1,-1,-1
16,1,898.5777587890625,517.6349487304688,74.888916015625,182.3138427734375,-1,-1,-1,-1
17,1,817.4580078125,525.9021606445312,70.954345703125,176.9769287109375,-1,-1,-1,-1
18,1,758.8134765625,539.8514404296875,69.42120361328125,167.56744384765625,-1,-1,-1,-1
19,1,725.7293090820312,560.68994140625,73.78033447265625,164.369873046875,-1,-1,-1,-1
20,1,703.613037109375,583.6817016601562,70.5858154296875,160.80950927734375,-1,-1,-1,-1
21,1,688.7242431640625,596.6640625,68.8038330078125,161.46624755859375,-1,-1,-1,-1
22,1,674.3251342773438,600.9827270507812,69.94549560546875,162.710693359375,-1,-1,-1,-1
23,1,659.6903686523438,599.8554077148438,71.559814453125,165.0360107421875,-1,-1,-1,-1
24,1,641.31982421875,594.0653686523438,70.658935546875,165.6019287109375,-1,-1,-1,-1
25,1,605.4271240234375,579.63720703125,69.664306640625,165.90081787109375,-1,-1,-1,-1
26,1,494.0220642089844,558.3818359375,81.30245971679688,157.08026123046875,-1,-1,-1,-1
27,1,541.159912109375,430.2665100097656,110.6544189453125,141.97476196289062,-1,-1,-1,-1
33,1,540.0218505859375,508.72039794921875,116.16522216796875,91.6878662109375,-1,-1,-1,-1
34,1,626.8240966796875,553.51025390625,116.739990234375,74.61376953125,-1,-1,-1,-1
1,2,648.7637939453125,473.6031188964844,148.81512451171875,359.6369934082031,-1,-1,-1,-1
2,2,671.10498046875,452.8017272949219,145.73956298828125,363.0354309082031,-1,-1,-1,-1
3,2,697.417724609375,457.91064453125,145.6297607421875,366.14605712890625,-1,-1,-1,-1
4,2,737.3281860351562,486.5704040527344,142.6473388671875,367.7494812011719,-1,-1,-1,-1
5,2,786.8268432617188,505.509765625,144.1593017578125,352.330322265625,-1,-1,-1,-1
6,2,848.7528686523438,504.4424743652344,147.65032958984375,345.7449035644531,-1,-1,-1,-1
7,2,903.5734252929688,509.5574035644531,154.66229248046875,344.9529724121094,-1,-1,-1,-1
8,2,971.2315063476562,510.7510070800781,157.14520263671875,347.9230651855469,-1,-1,-1,-1
9,2,1045.7525634765625,498.60540771484375,163.769775390625,366.26239013671875,-1,-1,-1,-1
10,2,1112.4986572265625,477.8975830078125,174.63232421875,387.07464599609375,-1,-1,-1,-1
11,2,1133.328125,446.30126953125,176.7108154296875,400.128662109375,-1,-1,-1,-1
12,2,1130.9715576171875,447.5870666503906,174.3519287109375,402.2393493652344,-1,-1,-1,-1
13,2,1128.4371337890625,467.65167236328125,168.6756591796875,392.0960693359375,-1,-1,-1,-1
14,2,1107.9793701171875,472.32855224609375,156.1246337890625,373.63372802734375,-1,-1,-1,-1
15,2,1048.3519287109375,469.9285888671875,152.4351806640625,354.53778076171875,-1,-1,-1,-1
16,2,971.6502685546875,486.1218566894531,137.2425537109375,332.9014587402344,-1,-1,-1,-1
17,2,881.4109497070312,505.3339538574219,127.23870849609375,310.8437194824219,-1,-1,-1,-1
18,2,811.1323852539062,524.2381591796875,125.5865478515625,295.89349365234375,-1,-1,-1,-1
19,2,776.9122924804688,548.0499877929688,117.06585693359375,287.00701904296875,-1,-1,-1,-1
20,2,753.83203125,571.2843017578125,111.3634033203125,283.3328857421875,-1,-1,-1,-1
21,2,743.40869140625,587.5669555664062,98.0086669921875,281.727783203125,-1,-1,-1,-1
22,2,727.1716918945312,588.8361206054688,96.51837158203125,287.30621337890625,-1,-1,-1,-1
23,2,710.6773071289062,586.0360107421875,97.1036376953125,288.65997314453125,-1,-1,-1,-1
24,2,694.7317504882812,575.9466552734375,90.61279296875,290.3748779296875,-1,-1,-1,-1
25,2,656.753662109375,561.83251953125,90.2530517578125,292.38775634765625,-1,-1,-1,-1
26,2,535.9542846679688,536.99658203125,112.961669921875,298.34075927734375,-1,-1,-1,-1
27,2,310.0332336425781,494.2911376953125,169.90036010742188,312.379638671875,-1,-1,-1,-1
28,2,104.0522689819336,448.19122314453125,212.51693725585938,341.677001953125,-1,-1,-1,-1
29,2,0.6874904632568359,414.23272705078125,201.41665649414062,361.98199462890625,-1,-1,-1,-1
30,2,-10.101259231567383,398.40673828125,167.21591186523438,367.25848388671875,-1,-1,-1,-1
31,2,-26.029504776000977,398.1100158691406,172.72015380859375,373.7190856933594,-1,-1,-1,-1
32,2,-18.519908905029297,379.5230407714844,179.10409545898438,378.9711608886719,-1,-1,-1,-1
33,2,-9.570658683776855,386.19781494140625,221.6652374267578,366.82098388671875,-1,-1,-1,-1
34,2,90.59683990478516,419.70269775390625,218.319091796875,349.03009033203125,-1,-1,-1,-1
35,2,254.43853759765625,482.5270690917969,178.25057983398438,316.8685607910156,-1,-1,-1,-1
36,2,394.6782531738281,518.1580810546875,151.09170532226562,318.0430908203125,-1,-1,-1,-1
37,2,494.5249328613281,557.9302978515625,122.18362426757812,305.55157470703125,-1,-1,-1,-1
38,2,548.146484375,591.70703125,117.743408203125,292.76837158203125,-1,-1,-1,-1
39,2,569.4415893554688,604.1195068359375,124.95758056640625,300.20135498046875,-1,-1,-1,-1
40,2,585.3748168945312,615.4110107421875,128.65850830078125,310.4619140625,-1,-1,-1,-1
41,2,606.70751953125,630.0609130859375,118.157470703125,317.74847412109375,-1,-1,-1,-1
42,2,608.2818603515625,635.3812255859375,138.03692626953125,331.9368896484375,-1,-1,-1,-1
43,2,606.883056640625,629.54345703125,153.27191162109375,342.865478515625,-1,-1,-1,-1
44,2,614.5291137695312,621.6905517578125,157.0902099609375,349.67913818359375,-1,-1,-1,-1
45,2,621.4148559570312,613.0210571289062,155.14752197265625,347.288818359375,-1,-1,-1,-1
46,2,625.5361938476562,601.8677978515625,149.44671630859375,347.58203125,-1,-1,-1,-1
47,2,614.9717407226562,577.52783203125,158.1324462890625,347.190185546875,-1,-1,-1,-1
48,2,603.2991943359375,548.5972900390625,168.9808349609375,343.820556640625,-1,-1,-1,-1
49,2,592.747314453125,530.109619140625,183.00885009765625,344.4296875,-1,-1,-1,-1
50,2,589.90576171875,528.5305786132812,186.31103515625,347.756103515625,-1,-1,-1,-1
51,2,598.1653442382812,527.379150390625,179.51641845703125,360.8011474609375,-1,-1,-1,-1
52,2,615.5034790039062,532.983642578125,169.48895263671875,371.731689453125,-1,-1,-1,-1
53,2,628.539794921875,544.6323852539062,166.5889892578125,375.2998046875,-1,-1,-1,-1
54,2,632.5288696289062,557.6026000976562,168.59857177734375,371.40789794921875,-1,-1,-1,-1
55,2,630.528076171875,563.9520263671875,168.940185546875,372.98065185546875,-1,-1,-1,-1
56,2,619.870849609375,570.4636840820312,176.927978515625,365.53863525390625,-1,-1,-1,-1
57,2,597.3275146484375,568.846435546875,194.95355224609375,356.35980224609375,-1,-1,-1,-1
58,2,591.443603515625,572.2493896484375,197.42950439453125,344.57342529296875,-1,-1,-1,-1
59,2,599.09326171875,577.6314697265625,182.62506103515625,342.46124267578125,-1,-1,-1,-1
60,2,607.898681640625,588.0052490234375,160.939697265625,335.4669189453125,-1,-1,-1,-1
61,2,623.1311645507812,586.4605712890625,142.84991455078125,332.937255859375,-1,-1,-1,-1
62,2,640.117919921875,582.8486938476562,132.7325439453125,332.98406982421875,-1,-1,-1,-1
63,2,648.5126953125,585.52197265625,129.94964599609375,334.7548828125,-1,-1,-1,-1
64,2,644.8854370117188,588.1289672851562,140.08905029296875,341.39410400390625,-1,-1,-1,-1
65,2,645.9989013671875,588.8131103515625,144.85162353515625,345.66552734375,-1,-1,-1,-1
66,2,646.2816772460938,578.8325805664062,150.72296142578125,352.76348876953125,-1,-1,-1,-1
67,2,650.0771484375,565.33447265625,153.58673095703125,360.16485595703125,-1,-1,-1,-1
68,2,648.20654296875,564.6572875976562,153.8380126953125,357.401611328125,-1,-1,-1,-1
69,2,646.60986328125,546.3949584960938,155.0662841796875,360.03900146484375,-1,-1,-1,-1
70,2,648.6741333007812,547.3714599609375,157.01068115234375,357.497802734375,-1,-1,-1,-1
71,2,648.6676635742188,550.60205078125,157.13580322265625,358.318359375,-1,-1,-1,-1
72,2,646.1468505859375,545.7742919921875,157.18182373046875,361.376708984375,-1,-1,-1,-1
73,2,634.3790283203125,526.5459594726562,165.23822021484375,370.67938232421875,-1,-1,-1,-1
74,2,612.91748046875,506.917236328125,182.9613037109375,378.604248046875,-1,-1,-1,-1
75,2,590.0751953125,491.69427490234375,210.29510498046875,384.23052978515625,-1,-1,-1,-1
76,2,576.344482421875,475.0872802734375,250.8680419921875,385.65106201171875,-1,-1,-1,-1
77,2,557.891357421875,460.9832458496094,297.66448974609375,383.7557678222656,-1,-1,-1,-1
78,2,536.3709716796875,445.8936462402344,347.44915771484375,382.9457702636719,-1,-1,-1,-1
79,2,526.9962768554688,455.8174743652344,375.9149169921875,382.7659606933594,-1,-1,-1,-1
80,2,532.0015869140625,473.1961669921875,367.97076416015625,390.7296142578125,-1,-1,-1,-1
81,2,547.0724487304688,479.75982666015625,333.9796142578125,404.44451904296875,-1,-1,-1,-1
82,2,560.107177734375,474.54632568359375,288.9324951171875,417.31695556640625,-1,-1,-1,-1
83,2,575.4432983398438,467.3846435546875,249.24688720703125,427.21368408203125,-1,-1,-1,-1
84,2,591.284423828125,446.48486328125,216.36199951171875,455.77069091796875,-1,-1,-1,-1
85,2,595.31689453125,429.92169189453125,206.9849853515625,482.56158447265625,-1,-1,-1,-1
86,2,577.374755859375,408.9655456542969,199.05633544921875,493.0696105957031,-1,-1,-1,-1
87,2,563.0635986328125,402.3568115234375,191.19451904296875,484.30859375,-1,-1,-1,-1
88,2,542.5516357421875,400.4014587402344,192.826416015625,483.2510070800781,-1,-1,-1,-1
89,2,482.8122863769531,400.3409118652344,231.79989624023438,486.9301452636719,-1,-1,-1,-1
90,2,431.7406921386719,380.5413818359375,264.8273620605469,505.16070556640625,-1,-1,-1,-1
91,2,385.38409423828125,339.8165283203125,287.8900146484375,521.8870849609375,-1,-1,-1,-1
92,2,272.5791931152344,342.2322692871094,326.1677551269531,525.70947265625,-1,-1,-1,-1
93,2,133.08944702148438,381.06182861328125,388.2300109863281,537.6024169921875,-1,-1,-1,-1
94,2,77.03007507324219,402.441162109375,418.56695556640625,551.90478515625,-1,-1,-1,-1
95,2,61.88191223144531,425.4708251953125,425.7982177734375,523.7631225585938,-1,-1,-1,-1
96,2,6.244159698486328,442.46923828125,457.7319641113281,511.46246337890625,-1,-1,-1,-1
97,2,-9.356077194213867,469.34246826171875,453.68756103515625,499.4752197265625,-1,-1,-1,-1
98,2,-14.736255645751953,507.3134460449219,447.21478271484375,484.6883239746094,-1,-1,-1,-1
99,2,-16.481441497802734,510.6881103515625,464.18902587890625,472.76934814453125,-1,-1,-1,-1
100,2,38.999481201171875,544.3827514648438,491.0044860839844,475.8067626953125,-1,-1,-1,-1
101,2,221.28770446777344,499.30120849609375,371.903564453125,482.19158935546875,-1,-1,-1,-1
102,2,284.60845947265625,432.0836486816406,367.2789306640625,538.2728271484375,-1,-1,-1,-1
103,2,269.08221435546875,438.44647216796875,413.31671142578125,534.7338256835938,-1,-1,-1,-1
104,2,230.81857299804688,443.7149963378906,473.8928527832031,542.74267578125,-1,-1,-1,-1
105,2,260.37371826171875,434.34576416015625,488.5634765625,568.4255981445312,-1,-1,-1,-1
106,2,297.2467346191406,458.4100646972656,480.9761657714844,578.437255859375,-1,-1,-1,-1
107,2,289.06915283203125,443.7560729980469,456.45904541015625,632.8780517578125,-1,-1,-1,-1
108,2,238.86610412597656,419.16900634765625,453.72998046875,661.3646850585938,-1,-1,-1,-1
109,2,169.0814208984375,409.43316650390625,477.2650146484375,646.6011352539062,-1,-1,-1,-1
110,2,93.75782775878906,408.0538024902344,489.7117919921875,646.2215576171875,-1,-1,-1,-1
111,2,47.19975662231445,414.68951416015625,516.8914794921875,643.0379028320312,-1,-1,-1,-1
112,2,22.9709415435791,409.8099670410156,561.6370239257812,651.6859130859375,-1,-1,-1,-1
113,2,41.22261047363281,381.09527587890625,632.489990234375,650.0775756835938,-1,-1,-1,-1
114,2,96.63311767578125,351.78424072265625,661.9122924804688,659.6856079101562,-1,-1,-1,-1
115,2,191.4890899658203,341.60821533203125,652.2154541015625,675.325927734375,-1,-1,-1,-1
116,2,268.6793518066406,374.1303405761719,632.885498046875,673.9898681640625,-1,-1,-1,-1
117,2,331.7043151855469,425.78009033203125,598.2686767578125,656.7963256835938,-1,-1,-1,-1
118,2,404.8565673828125,447.06854248046875,541.6235961914062,664.1625366210938,-1,-1,-1,-1
119,2,492.6789855957031,471.8693542480469,454.9151306152344,654.2540283203125,-1,-1,-1,-1
120,2,558.3673706054688,507.27239990234375,380.47418212890625,625.2971801757812,-1,-1,-1,-1
121,2,585.657470703125,533.7630004882812,335.7982177734375,607.2157592773438,-1,-1,-1,-1
122,2,598.5272827148438,545.486328125,296.92962646484375,591.6802978515625,-1,-1,-1,-1
123,2,606.1981201171875,546.0484619140625,271.11468505859375,579.9036865234375,-1,-1,-1,-1
124,2,602.798583984375,543.910400390625,272.9384765625,570.5010986328125,-1,-1,-1,-1
125,2,587.0230712890625,536.5468139648438,303.2322998046875,565.1820678710938,-1,-1,-1,-1
126,2,570.0878295898438,531.5330810546875,330.6668701171875,570.12451171875,-1,-1,-1,-1
127,2,533.868408203125,519.3489990234375,343.716064453125,575.124267578125,-1,-1,-1,-1
128,2,446.0061950683594,494.3392333984375,369.6240539550781,570.462158203125,-1,-1,-1,-1
129,2,318.4048156738281,465.01776123046875,407.2063293457031,567.0831909179688,-1,-1,-1,-1
130,2,192.22337341308594,417.7224426269531,435.9981689453125,577.2679443359375,-1,-1,-1,-1
131,2,56.352813720703125,408.3753967285156,465.6172180175781,602.708984375,-1,-1,-1,-1
132,2,-55.793800354003906,414.79620361328125,437.07257080078125,672.5494995117188,-1,-1,-1,-1
133,2,-171.63082885742188,405.4397888183594,453.67913818359375,733.1219482421875,-1,-1,-1,-1
134,2,-197.94976806640625,475.39312744140625,410.52740478515625,700.6891479492188,-1,-1,-1,-1
135,2,-183.51174926757812,473.3701171875,436.5664978027344,703.2626953125,-1,-1,-1,-1
136,2,-2.430828094482422,512.1412353515625,399.3583068847656,632.3555908203125,-1,-1,-1,-1
137,2,214.3497314453125,560.0128784179688,395.3475341796875,550.3319702148438,-1,-1,-1,-1
138,2,382.1749267578125,584.2374877929688,365.07122802734375,504.67095947265625,-1,-1,-1,-1
139,2,435.646484375,565.5995483398438,307.10162353515625,494.45770263671875,-1,-1,-1,-1
140,2,423.8348693847656,533.6294555664062,285.4889831542969,480.51092529296875,-1,-1,-1,-1
141,2,293.34906005859375,479.6282043457031,299.41925048828125,495.8885803222656,-1,-1,-1,-1
142,2,30.189733505249023,426.29046630859375,363.7676086425781,524.3883666992188,-1,-1,-1,-1
143,2,-134.5999755859375,459.7904357910156,350.16015625,559.8717041015625,-1,-1,-1,-1
144,2,44.90737533569336,400.27398681640625,157.16632080078125,346.5313720703125,-1,-1,-1,-1
5,3,-81.59845733642578,611.9781494140625,204.86660766601562,498.79736328125,-1,-1,-1,-1
6,3,15.820064544677734,577.3760986328125,223.041259765625,458.9713134765625,-1,-1,-1,-1
7,3,100.07466125488281,543.994384765625,237.4398956298828,414.629150390625,-1,-1,-1,-1
8,3,212.17120361328125,531.8895874023438,223.62954711914062,386.9010009765625,-1,-1,-1,-1
9,3,314.8465270996094,515.226806640625,211.61758422851562,372.66033935546875,-1,-1,-1,-1
10,3,395.3309326171875,517.502197265625,203.53094482421875,352.21124267578125,-1,-1,-1,-1
11,3,437.244384765625,527.2711181640625,186.00244140625,345.10723876953125,-1,-1,-1,-1
12,3,469.3126220703125,546.4949340820312,155.905029296875,325.54766845703125,-1,-1,-1,-1
13,3,501.41168212890625,555.8648071289062,132.0294189453125,309.2958984375,-1,-1,-1,-1
14,3,518.5167846679688,551.2227172851562,106.9642333984375,308.85113525390625,-1,-1,-1,-1
15,3,493.6977233886719,535.0171508789062,126.75662231445312,317.58990478515625,-1,-1,-1,-1
16,3,426.61993408203125,531.1153564453125,148.58807373046875,331.48016357421875,-1,-1,-1,-1
17,3,336.482177734375,527.51220703125,176.849853515625,345.2342529296875,-1,-1,-1,-1
18,3,273.5414123535156,539.70361328125,194.38607788085938,345.9696044921875,-1,-1,-1,-1
19,3,247.21714782714844,569.5675048828125,192.72837829589844,338.22650146484375,-1,-1,-1,-1
20,3,235.714111328125,597.6089477539062,184.77685546875,333.2366943359375,-1,-1,-1,-1
21,3,247.08702087402344,609.2861328125,157.1511993408203,336.90716552734375,-1,-1,-1,-1
22,3,244.2126922607422,611.207763671875,139.27012634277344,340.28863525390625,-1,-1,-1,-1
23,3,235.41421508789062,603.2656860351562,131.91574096679688,340.029296875,-1,-1,-1,-1
24,3,224.04771423339844,593.8394775390625,128.9057159423828,338.3560791015625,-1,-1,-1,-1
25,3,172.75184631347656,587.4674682617188,156.64707946777344,343.74945068359375,-1,-1,-1,-1
26,4,13.206450462341309,589.3223266601562,200.802490234375,360.0821533203125,-1,-1,-1,-1
27,4,304.4297790527344,489.74310302734375,183.43984985351562,321.67218017578125,-1,-1,-1,-1
36,6,-111.46670532226562,653.852783203125,245.98757934570312,395.4080810546875,-1,-1,-1,-1
37,6,19.3060302734375,664.77685546875,186.27403259277344,375.9666748046875,-1,-1,-1,-1
38,6,80.36312103271484,669.122802734375,172.7613525390625,366.36962890625,-1,-1,-1,-1
39,6,107.87248229980469,679.326171875,167.90443420410156,360.6163330078125,-1,-1,-1,-1
40,6,130.37396240234375,685.6136474609375,163.72213745117188,361.52880859375,-1,-1,-1,-1
41,6,152.20022583007812,685.39208984375,169.75469970703125,363.4647216796875,-1,-1,-1,-1
42,6,170.79580688476562,682.189697265625,175.97894287109375,365.0244140625,-1,-1,-1,-1
43,6,183.90061950683594,673.6622314453125,175.4980010986328,368.32421875,-1,-1,-1,-1
44,6,190.71978759765625,658.7725830078125,166.71694946289062,369.77734375,-1,-1,-1,-1
45,6,198.21170043945312,638.2063598632812,160.97744750976562,371.63165283203125,-1,-1,-1,-1
46,6,201.52560424804688,617.9493408203125,163.21835327148438,369.39306640625,-1,-1,-1,-1
47,6,197.971435546875,584.9969482421875,173.36407470703125,369.074462890625,-1,-1,-1,-1
48,6,206.66819763183594,550.260498046875,182.3360137939453,362.23101806640625,-1,-1,-1,-1
49,6,214.78128051757812,531.1469116210938,198.17758178710938,354.65411376953125,-1,-1,-1,-1
50,6,216.1097412109375,531.4384765625,195.06088256835938,351.8421630859375,-1,-1,-1,-1
51,6,219.63893127441406,547.6860961914062,174.0121612548828,348.689697265625,-1,-1,-1,-1
52,6,232.88136291503906,572.0250854492188,143.0276336669922,339.83734130859375,-1,-1,-1,-1
53,6,242.46673583984375,591.7745971679688,125.16552734375,333.52069091796875,-1,-1,-1,-1
54,6,242.17681884765625,615.20068359375,123.97653198242188,318.0640869140625,-1,-1,-1,-1
55,6,232.64234924316406,630.062744140625,129.8915557861328,303.47650146484375,-1,-1,-1,-1
56,6,223.9259490966797,637.5543823242188,138.29933166503906,299.7489013671875,-1,-1,-1,-1
57,6,213.29913330078125,634.7633056640625,155.00668334960938,305.645263671875,-1,-1,-1,-1
58,6,210.3797149658203,631.1099243164062,170.24143981933594,310.53424072265625,-1,-1,-1,-1
59,6,213.05764770507812,627.3952026367188,173.55419921875,312.193603515625,-1,-1,-1,-1
60,6,209.72079467773438,627.1424560546875,177.17425537109375,308.084228515625,-1,-1,-1,-1
61,6,214.587158203125,622.2222900390625,171.38113403320312,304.684326171875,-1,-1,-1,-1
62,6,226.75668334960938,615.2639770507812,159.84909057617188,307.21478271484375,-1,-1,-1,-1
63,6,236.01040649414062,616.5436401367188,141.47372436523438,307.55877685546875,-1,-1,-1,-1
64,6,236.50299072265625,617.4161987304688,122.52334594726562,312.35638427734375,-1,-1,-1,-1
65,6,233.1353302001953,616.0152587890625,119.61390686035156,320.589111328125,-1,-1,-1,-1
66,6,229.8409881591797,614.8173828125,119.32032775878906,325.7890625,-1,-1,-1,-1
67,6,215.34304809570312,607.22119140625,134.89627075195312,335.04534912109375,-1,-1,-1,-1
68,6,183.52967834472656,598.568359375,161.9421844482422,351.00665283203125,-1,-1,-1,-1
69,6,164.79840087890625,575.5293579101562,179.9940185546875,360.63250732421875,-1,-1,-1,-1
70,6,166.75003051757812,567.14404296875,177.73141479492188,361.83404541015625,-1,-1,-1,-1
71,6,160.28839111328125,564.436279296875,183.1876220703125,362.352294921875,-1,-1,-1,-1
72,6,138.47227478027344,562.5106811523438,192.37159729003906,365.20867919921875,-1,-1,-1,-1
73,6,102.10896301269531,550.7965698242188,191.17161560058594,375.13677978515625,-1,-1,-1,-1
74,6,65.84101867675781,542.2386474609375,178.678466796875,378.9427490234375,-1,-1,-1,-1
75,6,35.16920471191406,527.9403686523438,158.74725341796875,386.769775390625,-1,-1,-1,-1
76,6,25.21680450439453,508.34527587890625,151.45846557617188,388.93878173828125,-1,-1,-1,-1
77,6,21.685394287109375,479.62066650390625,158.8006591796875,402.1683349609375,-1,-1,-1,-1
78,6,16.138442993164062,473.8711242675781,165.5791473388672,410.1158142089844,-1,-1,-1,-1
79,6,16.292353630065918,488.792236328125,171.8833465576172,417.52069091796875,-1,-1,-1,-1
80,6,13.466130256652832,513.9215698242188,177.43682861328125,413.760009765625,-1,-1,-1,-1
81,6,3.3049440383911133,535.5496826171875,182.5399169921875,414.7894287109375,-1,-1,-1,-1
82,6,0.26111793518066406,544.3010864257812,178.64627075195312,418.33013916015625,-1,-1,-1,-1
83,6,0.49857378005981445,545.640380859375,173.26171875,420.21826171875,-1,-1,-1,-1
84,6,-0.14025592803955078,531.404052734375,167.5725555419922,424.2962646484375,-1,-1,-1,-1
85,6,0.9861159324645996,516.6563720703125,134.03038024902344,423.5662841796875,-1,-1,-1,-1
86,6,-4.705126762390137,502.99066162109375,98.57176208496094,426.3973388671875,-1,-1,-1,-1
87,6,-0.9065520763397217,487.7796325683594,70.91119384765625,428.0352478027344,-1,-1,-1,-1
88,6,-1.1053481101989746,499.5693359375,64.39387512207031,429.16046142578125,-1,-1,-1,-1
89,6,-14.053420066833496,614.882080078125,69.39330291748047,341.79107666015625,-1,-1,-1,-1
90,6,-45.92980194091797,588.7191772460938,126.7696304321289,366.57525634765625,-1,-1,-1,-1
91,6,-107.3449478149414,479.983642578125,217.82974243164062,443.85321044921875,-1,-1,-1,-1
39,7,614.075439453125,612.9297485351562,77.32196044921875,167.72357177734375,-1,-1,-1,-1
40,7,640.2854614257812,635.8255004882812,78.213134765625,164.56036376953125,-1,-1,-1,-1
41,7,665.8513793945312,644.4298095703125,77.04632568359375,168.72735595703125,-1,-1,-1,-1
42,7,688.1815795898438,648.4630126953125,77.76214599609375,169.94635009765625,-1,-1,-1,-1
43,7,709.5362548828125,648.9296875,76.1474609375,169.37005615234375,-1,-1,-1,-1
44,7,727.6935424804688,642.6707763671875,73.22943115234375,171.7860107421875,-1,-1,-1,-1
45,7,746.204345703125,639.5339965820312,70.06219482421875,166.96697998046875,-1,-1,-1,-1
46,7,761.6558227539062,626.55615234375,67.32708740234375,172.22149658203125,-1,-1,-1,-1
47,7,771.7606201171875,603.5439453125,68.1705322265625,171.666259765625,-1,-1,-1,-1
48,7,789.1665649414062,576.5225830078125,70.95745849609375,172.39764404296875,-1,-1,-1,-1
49,7,807.414306640625,554.425537109375,71.462890625,182.2572021484375,-1,-1,-1,-1
50,7,821.46044921875,553.71875,71.4495849609375,183.8709716796875,-1,-1,-1,-1
51,7,836.0518188476562,568.3269653320312,71.42913818359375,180.1651611328125,-1,-1,-1,-1
52,7,855.4141235351562,576.1712036132812,74.45928955078125,185.9254150390625,-1,-1,-1,-1
53,7,873.4070434570312,586.5969848632812,74.84765625,189.83245849609375,-1,-1,-1,-1
54,7,882.9517211914062,593.1236572265625,75.20233154296875,188.87109375,-1,-1,-1,-1
55,7,886.1652221679688,593.3497924804688,75.7109375,190.64178466796875,-1,-1,-1,-1
56,7,889.9100341796875,589.4631958007812,75.133544921875,187.9775390625,-1,-1,-1,-1
57,7,892.29296875,576.4857788085938,73.666015625,185.704345703125,-1,-1,-1,-1
58,7,900.779541015625,567.9363403320312,75.99609375,191.0501708984375,-1,-1,-1,-1
59,7,913.3341674804688,580.5274658203125,76.28106689453125,188.31854248046875,-1,-1,-1,-1
60,7,920.4274291992188,584.86181640625,75.226318359375,191.475341796875,-1,-1,-1,-1
61,7,934.1483764648438,583.0213623046875,76.85113525390625,193.4146728515625,-1,-1,-1,-1
62,7,956.9334106445312,577.6596069335938,77.39691162109375,194.53106689453125,-1,-1,-1,-1
63,7,977.3175659179688,576.1715087890625,77.41448974609375,200.85577392578125,-1,-1,-1,-1
64,7,989.2642211914062,584.751708984375,77.61004638671875,202.0521240234375,-1,-1,-1,-1
65,7,1002.8117065429688,592.8023681640625,76.89654541015625,205.08892822265625,-1,-1,-1,-1
66,7,1010.1834716796875,593.1799926757812,78.8245849609375,205.55126953125,-1,-1,-1,-1
67,7,1017.8291015625,586.9755249023438,79.1201171875,204.40252685546875,-1,-1,-1,-1
68,7,1017.853271484375,579.9547119140625,79.55029296875,206.40576171875,-1,-1,-1,-1
69,7,1021.8192749023438,567.9073486328125,79.92315673828125,210.26739501953125,-1,-1,-1,-1
70,7,1030.500732421875,571.0617065429688,81.33056640625,213.14300537109375,-1,-1,-1,-1
71,7,1034.960693359375,576.7959594726562,81.9068603515625,214.39996337890625,-1,-1,-1,-1
72,7,1033.75244140625,574.54638671875,80.9393310546875,212.50592041015625,-1,-1,-1,-1
73,7,1019.1838989257812,558.8430786132812,83.69940185546875,214.21453857421875,-1,-1,-1,-1
74,7,1002.3372192382812,543.0680541992188,83.23077392578125,215.37286376953125,-1,-1,-1,-1
75,7,987.3279418945312,533.47314453125,83.11798095703125,214.4842529296875,-1,-1,-1,-1
76,7,995.593994140625,520.891845703125,85.062744140625,218.17791748046875,-1,-1,-1,-1
77,7,1008.2907104492188,510.08416748046875,88.53729248046875,221.11907958984375,-1,-1,-1,-1
78,7,1013.3388061523438,493.9622497558594,87.77374267578125,223.23916625976562,-1,-1,-1,-1
79,7,1019.1660766601562,504.7742614746094,86.28118896484375,219.70809936523438,-1,-1,-1,-1
80,7,1020.3135986328125,531.6835327148438,84.1512451171875,218.11566162109375,-1,-1,-1,-1
81,7,1015.3051147460938,548.1398315429688,83.94879150390625,217.7037353515625,-1,-1,-1,-1
82,7,1009.6779174804688,554.2239379882812,81.72125244140625,217.6690673828125,-1,-1,-1,-1
83,7,1007.6705932617188,551.6280517578125,80.29302978515625,218.06640625,-1,-1,-1,-1
84,7,1013.2927856445312,541.3335571289062,80.19696044921875,215.77716064453125,-1,-1,-1,-1
85,7,1009.5714111328125,520.1293334960938,80.5469970703125,217.09234619140625,-1,-1,-1,-1
86,7,988.5789794921875,489.696044921875,79.387451171875,216.69720458984375,-1,-1,-1,-1
87,7,975.4988403320312,475.96148681640625,79.74005126953125,216.52935791015625,-1,-1,-1,-1
88,7,965.7916259765625,474.9254150390625,76.3348388671875,208.20294189453125,-1,-1,-1,-1
89,7,935.0910034179688,461.2950134277344,76.60205078125,208.56784057617188,-1,-1,-1,-1
90,7,921.6138916015625,439.498291015625,77.31549072265625,214.402587890625,-1,-1,-1,-1
91,7,921.3900146484375,404.1046142578125,78.93914794921875,222.24737548828125,-1,-1,-1,-1
92,7,872.7345581054688,368.28277587890625,81.76495361328125,233.40289306640625,-1,-1,-1,-1
93,7,810.0782470703125,359.5143737792969,84.05487060546875,223.13577270507812,-1,-1,-1,-1
94,7,794.025146484375,340.6845397949219,88.97314453125,228.62429809570312,-1,-1,-1,-1
95,7,797.9702758789062,314.786865234375,87.9276123046875,240.36175537109375,-1,-1,-1,-1
96,7,793.4928588867188,280.2106018066406,87.91943359375,253.69577026367188,-1,-1,-1,-1
97,7,796.1378784179688,270.83349609375,92.10284423828125,259.56488037109375,-1,-1,-1,-1
98,7,812.8162231445312,279.38079833984375,92.90594482421875,266.52099609375,-1,-1,-1,-1
99,7,835.961669921875,250.98770141601562,98.8232421875,277.1861877441406,-1,-1,-1,-1
100,7,927.0189208984375,306.8955078125,99.9295654296875,278.50360107421875,-1,-1,-1,-1
101,7,1073.122314453125,305.808837890625,112.2646484375,300.83447265625,-1,-1,-1,-1
102,7,1197.2919921875,316.1660461425781,116.871826171875,326.2677307128906,-1,-1,-1,-1
103,7,1266.4542236328125,349.7541809082031,108.2789306640625,316.6655578613281,-1,-1,-1,-1
104,7,1319.157470703125,374.64471435546875,85.406005859375,323.32049560546875,-1,-1,-1,-1
105,7,1301.7711181640625,423.76336669921875,117.5491943359375,303.10955810546875,-1,-1,-1,-1
110,7,1324.5679931640625,387.6715087890625,91.326416015625,383.939453125,-1,-1,-1,-1
111,7,1317.2322998046875,372.26556396484375,98.3470458984375,394.51873779296875,-1,-1,-1,-1
112,7,1327.79248046875,375.5495300292969,91.573486328125,394.8546447753906,-1,-1,-1,-1
113,7,1333.22119140625,406.1504211425781,139.0540771484375,388.3536071777344,-1,-1,-1,-1
101,8,1.407106876373291,599.095458984375,165.7007598876953,321.724609375,-1,-1,-1,-1
102,8,101.43970489501953,575.8056640625,186.27105712890625,307.026123046875,-1,-1,-1,-1
103,8,161.3532257080078,576.4226684570312,164.7670135498047,294.1888427734375,-1,-1,-1,-1
104,8,210.49212646484375,582.6630859375,155.81649780273438,286.42755126953125,-1,-1,-1,-1
105,8,252.46726989746094,565.501220703125,142.5734405517578,286.29571533203125,-1,-1,-1,-1
106,8,260.83941650390625,563.2255249023438,139.63818359375,291.21734619140625,-1,-1,-1,-1
107,8,256.39186096191406,558.567138671875,134.5090789794922,290.1298828125,-1,-1,-1,-1
108,8,226.03326416015625,565.3313598632812,133.404541015625,279.76806640625,-1,-1,-1,-1
109,8,186.80723571777344,548.78076171875,146.84202575683594,279.46624755859375,-1,-1,-1,-1
110,8,142.29971313476562,541.151611328125,153.94290161132812,280.73016357421875,-1,-1,-1,-1
111,8,130.317138671875,554.7515258789062,144.53573608398438,279.15460205078125,-1,-1,-1,-1
112,8,145.42959594726562,560.5030517578125,149.99502563476562,281.57916259765625,-1,-1,-1,-1
113,8,185.94949340820312,546.0531616210938,145.08349609375,263.4576416015625,-1,-1,-1,-1
114,8,205.33364868164062,533.8555297851562,161.33724975585938,195.67828369140625,-1,-1,-1,-1
115,8,266.10174560546875,550.1319580078125,153.417236328125,192.19024658203125,-1,-1,-1,-1
116,8,321.1516418457031,579.0975952148438,136.19546508789062,183.06280517578125,-1,-1,-1,-1
117,8,356.02691650390625,614.3038940429688,110.320556640625,173.58599853515625,-1,-1,-1,-1
118,8,425.94903564453125,624.8798217773438,86.93362426757812,176.22589111328125,-1,-1,-1,-1
119,8,447.492431640625,620.3468017578125,96.86260986328125,186.47393798828125,-1,-1,-1,-1
118,9,423.6152038574219,618.3153686523438,108.77267456054688,251.4371337890625,-1,-1,-1,-1
119,9,442.59283447265625,613.4983520507812,116.31365966796875,252.03070068359375,-1,-1,-1,-1
120,9,443.5444641113281,611.3778076171875,117.12411499023438,258.27154541015625,-1,-1,-1,-1
121,9,436.720947265625,609.1812133789062,114.49896240234375,269.32421875,-1,-1,-1,-1
122,9,430.980712890625,595.3179931640625,108.71661376953125,278.05474853515625,-1,-1,-1,-1
123,9,433.8779296875,582.0545654296875,101.16888427734375,280.04443359375,-1,-1,-1,-1
124,9,440.0333251953125,572.6238403320312,98.06549072265625,280.63983154296875,-1,-1,-1,-1
125,9,442.6289978027344,568.9628295898438,95.79183959960938,279.409423828125,-1,-1,-1,-1
126,9,443.5710754394531,574.2008056640625,93.80593872070312,283.9022216796875,-1,-1,-1,-1
127,9,418.0706787109375,572.0684814453125,92.44613647460938,292.50213623046875,-1,-1,-1,-1
128,9,347.2945861816406,557.122314453125,99.60195922851562,299.37774658203125,-1,-1,-1,-1
129,9,260.58538818359375,527.7990112304688,151.40292358398438,311.37371826171875,-1,-1,-1,-1
130,9,178.91517639160156,462.4404296875,179.31263732910156,291.14697265625,-1,-1,-1,-1
131,9,69.55353546142578,472.6770324707031,169.25839233398438,290.5824890136719,-1,-1,-1,-1
132,9,-21.554397583007812,537.7560424804688,308.4747314453125,350.51519775390625,-1,-1,-1,-1
130,10,1259.7510986328125,449.7803649902344,151.850830078125,428.5985412597656,-1,-1,-1,-1
131,10,1166.623291015625,448.67578125,172.7950439453125,422.98846435546875,-1,-1,-1,-1
132,10,1069.1614990234375,469.2972717285156,174.00439453125,394.2915344238281,-1,-1,-1,-1
133,10,1020.9546508789062,466.136474609375,168.75567626953125,403.32989501953125,-1,-1,-1,-1
134,10,993.9075927734375,450.57623291015625,180.7086181640625,404.3157958984375,-1,-1,-1,-1
135,10,1017.4639892578125,460.8744201660156,213.4881591796875,413.4036560058594,-1,-1,-1,-1
136,10,1131.372802734375,482.93499755859375,272.5697021484375,449.99554443359375,-1,-1,-1,-1
137,10,1070.3265380859375,529.0226440429688,338.3370361328125,430.0487060546875,-1,-1,-1,-1
143,10,1018.2445068359375,523.7562866210938,428.728271484375,543.5877075195312,-1,-1,-1,-1
144,10,891.4884643554688,502.5188293457031,384.87213134765625,527.93994140625,-1,-1,-1,-1
145,10,840.5252685546875,507.3160400390625,368.4556884765625,536.9918212890625,-1,-1,-1,-1
146,10,820.6793212890625,515.3431396484375,376.184326171875,548.5284423828125,-1,-1,-1,-1
147,10,834.2815551757812,517.7955322265625,389.39739990234375,584.323486328125,-1,-1,-1,-1
148,10,902.3638916015625,497.3075256347656,437.4337158203125,634.290771484375,-1,-1,-1,-1
149,10,999.7706298828125,485.7196044921875,516.6436767578125,744.326904296875,-1,-1,-1,-1
135,11,-27.62811851501465,477.61236572265625,249.92559814453125,293.86981201171875,-1,-1,-1,-1
136,11,111.27660369873047,515.8818359375,286.18865966796875,240.428466796875,-1,-1,-1,-1
137,11,408.42254638671875,537.0972900390625,202.2218017578125,231.4222412109375,-1,-1,-1,-1
138,11,600.17041015625,577.0762939453125,122.649169921875,208.6533203125,-1,-1,-1,-1
139,11,664.5858764648438,541.1203002929688,167.64068603515625,245.11016845703125,-1,-1,-1,-1
140,11,670.866455078125,512.9196166992188,164.61224365234375,252.00018310546875,-1,-1,-1,-1
141,11,579.7911376953125,474.34002685546875,166.5615234375,257.471435546875,-1,-1,-1,-1
142,11,400.1983642578125,433.26873779296875,164.87030029296875,274.01031494140625,-1,-1,-1,-1
143,11,188.14117431640625,404.2620849609375,165.14013671875,310.0421142578125,-1,-1,-1,-1
144,11,571.3119506835938,478.47222900390625,82.8905029296875,180.03997802734375,-1,-1,-1,-1
147,11,561.049072265625,527.5740356445312,31.7867431640625,81.5616455078125,-1,-1,-1,-1
151,11,703.6842041015625,514.404296875,123.73382568359375,184.14794921875,-1,-1,-1,-1
152,11,814.0099487304688,540.6978759765625,101.2039794921875,225.2591552734375,-1,-1,-1,-1
153,11,868.75048828125,578.67529296875,94.83770751953125,259.080078125,-1,-1,-1,-1
135,12,165.42442321777344,497.17401123046875,58.12858581542969,107.94744873046875,-1,-1,-1,-1
136,12,358.96954345703125,532.1712646484375,113.98751831054688,103.1221923828125,-1,-1,-1,-1
142,13,29.363601684570312,417.9438171386719,343.86077880859375,558.66552734375,-1,-1,-1,-1
143,13,-175.24830627441406,464.7765197753906,399.75244140625,573.4365234375,-1,-1,-1,-1
144,13,35.6623420715332,408.6904296875,163.7059783935547,334.537353515625,-1,-1,-1,-1
145,13,-0.40874242782592773,421.0957336425781,148.0662078857422,349.7009582519531,-1,-1,-1,-1
146,13,-5.620166778564453,431.5293273925781,144.9581756591797,353.2101745605469,-1,-1,-1,-1
147,13,-0.834721565246582,443.2293395996094,167.43545532226562,353.3280334472656,-1,-1,-1,-1
148,13,88.17880249023438,466.71392822265625,184.32266235351562,334.62628173828125,-1,-1,-1,-1
149,13,305.9089050292969,489.79327392578125,159.47671508789062,295.98590087890625,-1,-1,-1,-1
150,13,539.5165405273438,493.1741027832031,140.44622802734375,274.0567321777344,-1,-1,-1,-1
151,13,700.97509765625,509.40850830078125,135.0899658203125,273.9876708984375,-1,-1,-1,-1
152,13,804.1167602539062,529.717529296875,119.71978759765625,283.500732421875,-1,-1,-1,-1
153,13,859.3970336914062,571.4541015625,107.91143798828125,291.6051025390625,-1,-1,-1,-1
154,13,893.3093872070312,586.5051879882812,103.48834228515625,288.12408447265625,-1,-1,-1,-1
155,13,928.3168334960938,566.036865234375,97.51702880859375,291.37744140625,-1,-1,-1,-1
156,13,947.497802734375,564.3077392578125,107.6053466796875,289.63946533203125,-1,-1,-1,-1
157,13,965.413818359375,572.2404174804688,119.2357177734375,284.2818603515625,-1,-1,-1,-1
158,13,970.9150390625,592.9303588867188,133.3731689453125,289.623779296875,-1,-1,-1,-1
159,13,982.2479858398438,630.0444946289062,144.36065673828125,294.49273681640625,-1,-1,-1,-1
160,13,970.33740234375,597.2132568359375,147.64111328125,289.1033935546875,-1,-1,-1,-1
161,13,966.5753784179688,547.4801025390625,145.36175537109375,287.76953125,-1,-1,-1,-1
162,13,972.0708618164062,529.5831298828125,147.61358642578125,283.7332763671875,-1,-1,-1,-1
163,13,962.7669067382812,518.16015625,150.61785888671875,283.76806640625,-1,-1,-1,-1
164,13,951.8932495117188,498.9188537597656,150.26446533203125,285.3466491699219,-1,-1,-1,-1
165,13,966.8270263671875,487.57757568359375,154.2850341796875,293.48431396484375,-1,-1,-1,-1
166,13,988.0084838867188,482.60797119140625,158.04718017578125,297.40435791015625,-1,-1,-1,-1
167,13,999.6397705078125,479.4553527832031,179.0589599609375,294.1055603027344,-1,-1,-1,-1
168,13,993.2180786132812,458.5220947265625,210.62554931640625,317.67181396484375,-1,-1,-1,-1
143,14,-69.18702697753906,477.3899230957031,217.53199768066406,109.53915405273438,-1,-1,-1,-1
144,14,201.12136840820312,456.6448974609375,66.15316772460938,110.01953125,-1,-1,-1,-1
145,14,141.72067260742188,468.31573486328125,67.93156433105469,104.62554931640625,-1,-1,-1,-1
147,14,170.5321502685547,493.13409423828125,53.621612548828125,95.9163818359375,-1,-1,-1,-1
148,14,263.4184265136719,517.3809814453125,56.844696044921875,107.59674072265625,-1,-1,-1,-1
149,14,353.2288513183594,530.3999633789062,109.8787841796875,120.178466796875,-1,-1,-1,-1
150,14,554.2169799804688,505.8353271484375,121.16973876953125,188.3583984375,-1,-1,-1,-1
151,14,709.0401611328125,516.984130859375,123.07171630859375,252.0594482421875,-1,-1,-1,-1
149,15,-146.57525634765625,447.792236328125,342.0494384765625,583.8250732421875,-1,-1,-1,-1
150,15,137.8788299560547,443.11669921875,308.80712890625,500.2198486328125,-1,-1,-1,-1
151,15,348.00311279296875,449.62310791015625,273.523193359375,454.51580810546875,-1,-1,-1,-1
152,15,456.3385009765625,480.9233703613281,253.5562744140625,439.7776794433594,-1,-1,-1,-1
153,15,503.7960205078125,530.5330200195312,229.61920166015625,451.95635986328125,-1,-1,-1,-1
154,15,528.0403442382812,543.9652709960938,214.66796875,471.79351806640625,-1,-1,-1,-1
155,15,550.01220703125,529.3326416015625,228.2977294921875,489.09716796875,-1,-1,-1,-1
156,15,565.7349853515625,529.3986206054688,253.431640625,486.8189697265625,-1,-1,-1,-1
157,15,574.2078857421875,543.210205078125,305.2774658203125,484.3275146484375,-1,-1,-1,-1
158,15,571.5873413085938,561.812744140625,367.02154541015625,486.6102294921875,-1,-1,-1,-1
159,15,582.45556640625,566.8076171875,401.04290771484375,493.6826171875,-1,-1,-1,-1
160,15,574.27099609375,516.3130493164062,387.75,503.51129150390625,-1,-1,-1,-1
161,15,567.850341796875,453.50201416015625,342.481201171875,523.4901733398438,-1,-1,-1,-1
162,15,566.3958740234375,396.7392578125,411.3756103515625,566.09228515625,-1,-1,-1,-1
163,15,546.0157470703125,376.292236328125,460.44842529296875,581.3226928710938,-1,-1,-1,-1
164,15,526.6630859375,317.1754150390625,509.1614990234375,646.4887084960938,-1,-1,-1,-1
165,15,535.565673828125,270.3258056640625,552.8575439453125,742.4086303710938,-1,-1,-1,-1
166,15,555.8405151367188,221.6080322265625,604.0285034179688,844.956298828125,-1,-1,-1,-1
167,15,592.0983276367188,200.08059692382812,622.3285522460938,917.2056884765625,-1,-1,-1,-1
168,15,632.331787109375,216.1945037841797,504.50439453125,912.6409301757812,-1,-1,-1,-1
