1,1,435.23846435546875,547.9662475585938,102.0301513671875,209.240478515625,-1,-1,-1,-1
2,1,432.52740478515625,536.4738159179688,106.46319580078125,217.15228271484375,-1,-1,-1,-1
3,1,440.2547912597656,530.2386474609375,109.15530395507812,219.220458984375,-1,-1,-1,-1
4,1,455.43109130859375,510.7734069824219,107.8524169921875,232.96786499023438,-1,-1,-1,-1
5,1,481.0539245605469,512.758056640625,107.94345092773438,232.50238037109375,-1,-1,-1,-1
6,1,513.132080078125,514.993896484375,106.27490234375,228.670654296875,-1,-1,-1,-1
7,1,532.6988525390625,498.0321960449219,114.0799560546875,223.80068969726562,-1,-1,-1,-1
8,1,542.9652709960938,494.88897705078125,109.12200927734375,201.4984130859375,-1,-1,-1,-1
9,1,537.75439453125,465.0582580566406,112.5323486328125,216.69851684570312,-1,-1,-1,-1
10,1,508.5517578125,466.5647277832031,116.4530029296875,214.53939819335938,-1,-1,-1,-1
11,1,395.8218078613281,444.7812805175781,141.71963500976562,247.17123413085938,-1,-1,-1,-1
12,1,206.6445770263672,444.54449462890625,178.42723083496094,271.85186767578125,-1,-1,-1,-1
13,1,587.3629150390625,478.4339294433594,269.0091552734375,257.0215148925781,-1,-1,-1,-1
18,1,507.4726867675781,582.731689453125,46.316741943359375,111.80303955078125,-1,-1,-1,-1
19,1,619.310791015625,584.3209838867188,58.66986083984375,114.8428955078125,-1,-1,-1,-1
20,1,685.5234375,568.9769897460938,44.8707275390625,117.3011474609375,-1,-1,-1,-1
21,1,725.1143798828125,580.4257202148438,44.409912109375,116.29052734375,-1,-1,-1,-1
22,1,746.5673217773438,584.2428588867188,50.12164306640625,113.623291015625,-1,-1,-1,-1
23,1,769.2986450195312,588.6036376953125,54.4410400390625,109.47528076171875,-1,-1,-1,-1
24,1,784.34912109375,581.0546875,59.6900634765625,109.70501708984375,-1,-1,-1,-1
25,1,780.6802978515625,557.4597778320312,66.6517333984375,123.5738525390625,-1,-1,-1,-1
26,1,791.4510498046875,539.0078735351562,47.872314453125,121.16864013671875,-1,-1,-1,-1
27,1,819.53076171875,519.6773071289062,39.99365234375,118.62451171875,-1,-1,-1,-1
13,2,23.23291778564453,467.6568603515625,204.12872314453125,292.0621337890625,-1,-1,-1,-1
14,2,-34.48780059814453,475.0987548828125,294.63055419921875,294.6947021484375,-1,-1,-1,-1
16,2,-25.331928253173828,526.8591918945312,178.5296173095703,288.3607177734375,-1,-1,-1,-1
13,3,1098.140380859375,302.7222900390625,362.5205078125,721.8516845703125,-1,-1,-1,-1
14,3,1017.2538452148438,290.5400695800781,364.72845458984375,692.276123046875,-1,-1,-1,-1
15,3,1008.875732421875,274.5647277832031,351.0870361328125,687.9595947265625,-1,-1,-1,-1
16,3,1075.141845703125,277.5232849121094,321.646728515625,684.2384033203125,-1,-1,-1,-1
17,3,1185.2198486328125,318.9762268066406,241.80078125,739.4346923828125,-1,-1,-1,-1
18,3,905.981689453125,463.51861572265625,381.0125732421875,700.7937622070312,-1,-1,-1,-1
14,4,-61.2983512878418,489.13104248046875,182.27749633789062,321.17138671875,-1,-1,-1,-1
15,4,-51.90876770019531,509.37322998046875,155.382080078125,335.13604736328125,-1,-1,-1,-1
16,4,-32.015716552734375,526.18798828125,185.5864715576172,322.99346923828125,-1,-1,-1,-1
17,4,99.59576416015625,541.7183227539062,172.31463623046875,294.759033203125,-1,-1,-1,-1
18,4,285.0169677734375,555.208740234375,139.76702880859375,272.4295654296875,-1,-1,-1,-1
19,4,430.1861572265625,549.2770385742188,115.0255126953125,261.0206298828125,-1,-1,-1,-1
20,4,511.8879089355469,547.655029296875,101.37777709960938,259.87835693359375,-1,-1,-1,-1
21,4,551.7909545898438,545.2833251953125,98.70452880859375,266.2015380859375,-1,-1,-1,-1
22,4,569.1292114257812,539.1321411132812,99.63385009765625,274.02093505859375,-1,-1,-1,-1
23,4,581.150390625,534.5198364257812,101.65679931640625,284.84649658203125,-1,-1,-1,-1
24,4,591.1184692382812,531.7802124023438,100.68060302734375,294.89569091796875,-1,-1,-1,-1
25,4,598.0625,524.3909301757812,102.155029296875,300.8128662109375,-1,-1,-1,-1
26,4,608.0934448242188,506.93603515625,101.9608154296875,298.0404052734375,-1,-1,-1,-1
27,4,625.1815795898438,490.54339599609375,107.7781982421875,289.96441650390625,-1,-1,-1,-1
28,4,678.6202392578125,458.49884033203125,117.05572509765625,296.48236083984375,-1,-1,-1,-1
29,4,786.471923828125,433.3779602050781,124.812255859375,305.9206237792969,-1,-1,-1,-1
30,4,905.3201293945312,416.9593200683594,141.54925537109375,329.7235412597656,-1,-1,-1,-1
31,4,1001.000732421875,402.4316101074219,147.3695068359375,356.5296936035156,-1,-1,-1,-1
32,4,1045.4730224609375,396.3501892089844,152.0413818359375,376.3055725097656,-1,-1,-1,-1
33,4,1041.62158203125,392.4929504394531,148.390869140625,393.9628601074219,-1,-1,-1,-1
34,4,1003.1514892578125,402.1240234375,141.7945556640625,394.2396240234375,-1,-1,-1,-1
35,4,936.1434326171875,407.532470703125,143.12841796875,386.5218505859375,-1,-1,-1,-1
36,4,826.72021484375,413.787353515625,152.199462890625,360.54083251953125,-1,-1,-1,-1
37,4,679.45166015625,412.95635986328125,165.90631103515625,346.3099365234375,-1,-1,-1,-1
38,4,567.3948974609375,428.0648193359375,162.88641357421875,331.9786376953125,-1,-1,-1,-1
39,4,494.5882568359375,428.7056579589844,170.85125732421875,340.5794982910156,-1,-1,-1,-1
40,4,458.39093017578125,416.7500915527344,187.73834228515625,370.0393981933594,-1,-1,-1,-1
41,4,444.5500793457031,416.1404724121094,185.98031616210938,380.4040832519531,-1,-1,-1,-1
42,4,410.23529052734375,411.8384094238281,214.375244140625,404.1714172363281,-1,-1,-1,-1
43,4,395.9412536621094,427.9220886230469,228.30044555664062,405.8201599121094,-1,-1,-1,-1
44,4,400.82757568359375,432.0359802246094,222.12103271484375,410.9712219238281,-1,-1,-1,-1
45,4,402.9967956542969,444.9309997558594,215.48666381835938,388.4671325683594,-1,-1,-1,-1
46,4,408.56988525390625,440.4346923828125,197.07513427734375,373.3209228515625,-1,-1,-1,-1
47,4,398.0126953125,429.2257080078125,175.07293701171875,372.95849609375,-1,-1,-1,-1
48,4,352.1978454589844,407.7877502441406,186.91885375976562,381.9757385253906,-1,-1,-1,-1
49,4,285.50897216796875,386.75128173828125,220.6470947265625,401.99066162109375,-1,-1,-1,-1
50,4,228.10646057128906,380.3653869628906,241.17576599121094,413.8306579589844,-1,-1,-1,-1
51,4,158.4404296875,396.4056091308594,285.5479736328125,422.4393615722656,-1,-1,-1,-1
52,4,67.53752899169922,448.977783203125,358.0759582519531,400.80084228515625,-1,-1,-1,-1
53,4,33.964813232421875,475.94012451171875,364.83740234375,433.74053955078125,-1,-1,-1,-1
54,4,27.670249938964844,444.7794494628906,337.5623779296875,463.0224304199219,-1,-1,-1,-1
55,4,83.42184448242188,448.32049560546875,289.3987121582031,432.72412109375,-1,-1,-1,-1
56,4,195.09884643554688,449.39410400390625,250.65512084960938,433.8260498046875,-1,-1,-1,-1
57,4,310.4466552734375,435.204345703125,233.57421875,434.31634521484375,-1,-1,-1,-1
58,4,363.9552307128906,435.7460632324219,232.45211791992188,416.9492492675781,-1,-1,-1,-1
59,4,346.4844970703125,429.1727600097656,276.03778076171875,417.3599548339844,-1,-1,-1,-1
60,4,328.83843994140625,436.24267578125,313.00872802734375,428.50421142578125,-1,-1,-1,-1
61,4,297.2789306640625,455.06689453125,360.80963134765625,437.099609375,-1,-1,-1,-1
62,4,341.12896728515625,472.2976989746094,337.2349853515625,422.5927429199219,-1,-1,-1,-1
63,4,376.6112365722656,515.4476318359375,326.1397399902344,379.7052001953125,-1,-1,-1,-1
64,4,390.09356689453125,551.5025634765625,328.02142333984375,358.1226806640625,-1,-1,-1,-1
65,4,411.8628234863281,563.6748657226562,316.1465759277344,356.1090087890625,-1,-1,-1,-1
66,4,484.422119140625,583.6529541015625,240.156005859375,331.888671875,-1,-1,-1,-1
67,4,523.7559814453125,569.686767578125,199.5587158203125,338.36712646484375,-1,-1,-1,-1
68,4,467.95635986328125,482.1567077636719,274.91845703125,423.7533874511719,-1,-1,-1,-1
29,5,-57.68109130859375,461.9993896484375,224.4280242919922,548.3634643554688,-1,-1,-1,-1
30,5,79.96519470214844,440.2091979980469,221.72886657714844,502.9044494628906,-1,-1,-1,-1
31,5,190.5564727783203,434.0633544921875,201.9069061279297,465.54998779296875,-1,-1,-1,-1
32,5,245.4108428955078,433.27587890625,189.7046661376953,442.27484130859375,-1,-1,-1,-1
33,5,248.8695526123047,437.9320068359375,191.4452667236328,429.5947265625,-1,-1,-1,-1
34,5,220.15048217773438,448.26129150390625,199.40560913085938,427.18505859375,-1,-1,-1,-1
35,5,159.27542114257812,464.6280212402344,219.765380859375,427.8762512207031,-1,-1,-1,-1
36,5,37.789703369140625,494.2007751464844,253.8043212890625,439.0173645019531,-1,-1,-1,-1
37,5,-25.367443084716797,498.6205139160156,394.44561767578125,457.3512878417969,-1,-1,-1,-1
37,6,-97.39781188964844,535.9005126953125,262.1144714355469,455.4742431640625,-1,-1,-1,-1
38,6,-100.9057846069336,554.894775390625,317.9742126464844,503.66552734375,-1,-1,-1,-1
47,7,-83.38249969482422,604.9884643554688,169.79443359375,293.84259033203125,-1,-1,-1,-1
48,7,-105.28005981445312,579.747802734375,213.5823974609375,325.08319091796875,-1,-1,-1,-1
49,7,-130.7666015625,452.14544677734375,264.5565490722656,490.4500732421875,-1,-1,-1,-1
50,7,-141.7557830810547,395.0761413574219,286.5355529785156,622.23193359375,-1,-1,-1,-1
56,7,-152.48211669921875,459.46685791015625,308.48004150390625,591.2543334960938,-1,-1,-1,-1
57,7,-101.86915588378906,576.19384765625,276.24383544921875,384.77337646484375,-1,-1,-1,-1
58,7,-66.88949584960938,605.001953125,323.93780517578125,458.3609619140625,-1,-1,-1,-1
59,7,-4.0446319580078125,595.714599609375,336.19622802734375,440.6279296875,-1,-1,-1,-1
60,7,81.64795684814453,603.8631591796875,291.094970703125,417.47021484375,-1,-1,-1,-1
61,7,138.39451599121094,586.798095703125,267.5927734375,394.55145263671875,-1,-1,-1,-1
62,7,199.873046875,559.8554077148438,239.15899658203125,382.76580810546875,-1,-1,-1,-1
63,7,279.8258056640625,547.4703369140625,214.841796875,379.2650146484375,-1,-1,-1,-1
64,7,355.1083679199219,541.4823608398438,202.57125854492188,385.73760986328125,-1,-1,-1,-1
65,7,398.87164306640625,539.77734375,210.15924072265625,386.00518798828125,-1,-1,-1,-1
66,7,403.22998046875,536.613525390625,223.9713134765625,365.4896240234375,-1,-1,-1,-1
67,7,424.84271240234375,531.8871459960938,217.4403076171875,321.2747802734375,-1,-1,-1,-1
68,7,472.2641296386719,486.73419189453125,276.3111267089844,336.69561767578125,-1,-1,-1,-1
69,7,504.5023498535156,478.3355712890625,258.0499572753906,358.9725341796875,-1,-1,-1,-1
70,7,531.0332641601562,483.4681396484375,231.41204833984375,374.33111572265625,-1,-1,-1,-1
71,7,536.909912109375,500.53900146484375,211.0809326171875,324.81427001953125,-1,-1,-1,-1
72,7,543.6268310546875,516.977294921875,201.1236572265625,295.7095947265625,-1,-1,-1,-1
73,7,542.9619750976562,525.614013671875,211.21038818359375,267.5728759765625,-1,-1,-1,-1
74,7,548.1839599609375,517.8967895507812,219.49139404296875,247.02728271484375,-1,-1,-1,-1
75,7,563.5930786132812,521.0836181640625,179.1890869140625,233.729736328125,-1,-1,-1,-1
76,7,594.6469116210938,516.2182006835938,158.21002197265625,230.95306396484375,-1,-1,-1,-1
77,7,635.2183837890625,516.7479858398438,130.8935546875,233.18707275390625,-1,-1,-1,-1
78,7,653.4983520507812,505.7718200683594,122.8065185546875,232.45474243164062,-1,-1,-1,-1
79,7,660.0814819335938,482.66748046875,118.51849365234375,238.9163818359375,-1,-1,-1,-1
80,7,682.0704345703125,477.94036865234375,125.0748291015625,244.95794677734375,-1,-1,-1,-1
81,7,730.906982421875,494.8988037109375,141.52288818359375,245.0029296875,-1,-1,-1,-1
82,7,765.073486328125,510.1051940917969,157.50848388671875,248.40225219726562,-1,-1,-1,-1
83,7,804.0223999023438,483.50048828125,154.95819091796875,256.18212890625,-1,-1,-1,-1
84,7,837.675048828125,481.0151062011719,156.629638671875,257.2945251464844,-1,-1,-1,-1
85,7,873.6048583984375,460.0141296386719,165.17724609375,268.0214538574219,-1,-1,-1,-1
86,7,905.1122436523438,452.1614990234375,169.34356689453125,272.34881591796875,-1,-1,-1,-1
87,7,928.4737548828125,451.7991638183594,169.907958984375,279.2639465332031,-1,-1,-1,-1
88,7,942.39990234375,466.493408203125,169.3670654296875,284.20489501953125,-1,-1,-1,-1
89,7,944.6978759765625,465.2256774902344,168.13232421875,286.5390930175781,-1,-1,-1,-1
90,7,963.7366943359375,464.6373291015625,172.73193359375,300.6651611328125,-1,-1,-1,-1
91,7,1003.7951049804688,466.3119812011719,186.61859130859375,321.0473327636719,-1,-1,-1,-1
92,7,1047.7138671875,480.13055419921875,208.2025146484375,328.55108642578125,-1,-1,-1,-1
93,7,1076.69140625,463.6850280761719,229.442138671875,336.0992736816406,-1,-1,-1,-1
94,7,1094.4652099609375,471.29486083984375,236.0123291015625,332.4158935546875,-1,-1,-1,-1
95,7,1073.5626220703125,438.3898620605469,233.6163330078125,340.2550964355469,-1,-1,-1,-1
96,7,1084.656494140625,414.27056884765625,239.72119140625,342.09820556640625,-1,-1,-1,-1
97,7,1126.274169921875,420.8372497558594,240.3748779296875,336.4490661621094,-1,-1,-1,-1
98,7,1161.5709228515625,427.6006774902344,241.9952392578125,336.1480407714844,-1,-1,-1,-1
99,7,1184.0240478515625,416.66864013671875,224.6505126953125,339.3546142578125,-1,-1,-1,-1
100,7,1192.3836669921875,407.4856262207031,215.8165283203125,342.0457458496094,-1,-1,-1,-1
101,7,1203.16796875,412.82379150390625,205.4063720703125,337.038330078125,-1,-1,-1,-1
102,7,1235.7301025390625,449.9077453613281,172.7200927734375,296.0318908691406,-1,-1,-1,-1
103,7,1274.10205078125,410.0320739746094,141.914306640625,407.3521423339844,-1,-1,-1,-1
104,7,1298.621826171875,354.906494140625,193.523681640625,437.967529296875,-1,-1,-1,-1
71,8,465.62628173828125,597.017578125,239.02984619140625,355.18536376953125,-1,-1,-1,-1
72,8,440.97149658203125,605.5258178710938,263.97991943359375,373.69586181640625,-1,-1,-1,-1
73,8,411.5933532714844,606.8746337890625,278.2118225097656,354.62713623046875,-1,-1,-1,-1
74,8,402.47784423828125,574.9873657226562,252.05999755859375,357.67620849609375,-1,-1,-1,-1
75,8,363.4669189453125,551.25146484375,250.8909912109375,366.5894775390625,-1,-1,-1,-1
76,8,352.8702392578125,534.2247924804688,249.52899169921875,369.0823974609375,-1,-1,-1,-1
77,8,349.2045593261719,511.3739013671875,275.9225158691406,386.0999755859375,-1,-1,-1,-1
78,8,363.81683349609375,461.732421875,271.42498779296875,415.1717529296875,-1,-1,-1,-1
79,8,367.7064208984375,411.6273193359375,256.82623291015625,430.926513671875,-1,-1,-1,-1
80,8,401.0042724609375,377.0233154296875,212.87738037109375,453.18682861328125,-1,-1,-1,-1
81,8,447.3643798828125,374.92724609375,180.7139892578125,456.22100830078125,-1,-1,-1,-1
82,8,467.4320373535156,403.16156005859375,175.78543090820312,435.7421875,-1,-1,-1,-1
83,8,460.90582275390625,415.62530517578125,201.4476318359375,411.1976318359375,-1,-1,-1,-1
84,8,444.7291259765625,433.2400207519531,246.1220703125,384.2518615722656,-1,-1,-1,-1
85,8,469.3218994140625,412.4338073730469,264.388427734375,377.5838928222656,-1,-1,-1,-1
86,8,532.73583984375,390.253662109375,239.21270751953125,381.83026123046875,-1,-1,-1,-1
87,8,581.6152954101562,379.14532470703125,199.97216796875,394.298828125,-1,-1,-1,-1
88,8,600.4122314453125,385.5317077636719,183.6751708984375,417.0573425292969,-1,-1,-1,-1
89,8,593.4178466796875,378.316162109375,182.88836669921875,453.2122802734375,-1,-1,-1,-1
90,8,602.6463623046875,378.89471435546875,189.813720703125,479.690185546875,-1,-1,-1,-1
91,8,615.7157592773438,384.100830078125,215.99700927734375,480.27618408203125,-1,-1,-1,-1
92,8,638.0878295898438,381.6454772949219,241.547119140625,455.5208435058594,-1,-1,-1,-1
93,8,637.8917236328125,349.4271240234375,276.9453125,448.39959716796875,-1,-1,-1,-1
94,8,627.10888671875,336.3924560546875,309.5653076171875,454.15325927734375,-1,-1,-1,-1
95,8,596.633056640625,298.86572265625,323.91754150390625,471.22882080078125,-1,-1,-1,-1
96,8,623.7278442382812,255.0188446044922,308.09625244140625,488.2816162109375,-1,-1,-1,-1
97,8,674.181884765625,238.31082153320312,292.1787109375,503.3194885253906,-1,-1,-1,-1
98,8,719.2832641601562,235.5734100341797,273.16961669921875,528.3046264648438,-1,-1,-1,-1
99,8,747.9752807617188,228.96925354003906,256.1004638671875,542.4620971679688,-1,-1,-1,-1
100,8,767.7376708984375,235.11534118652344,235.3154296875,552.20947265625,-1,-1,-1,-1
101,8,781.212158203125,251.4334716796875,224.7706298828125,528.266845703125,-1,-1,-1,-1
102,8,811.6239013671875,284.8984680175781,217.9979248046875,508.0491638183594,-1,-1,-1,-1
103,8,845.5152587890625,279.0094909667969,224.358154296875,505.2283630371094,-1,-1,-1,-1
104,8,892.4271850585938,281.9384460449219,229.48394775390625,515.6717529296875,-1,-1,-1,-1
105,8,950.6028442382812,295.8117370605469,249.04058837890625,527.7391357421875,-1,-1,-1,-1
106,8,1036.5341796875,315.21124267578125,263.4156494140625,548.0269165039062,-1,-1,-1,-1
107,8,1138.958251953125,333.6978759765625,268.7921142578125,606.6943969726562,-1,-1,-1,-1
108,8,1225.764404296875,329.51190185546875,234.658203125,636.1069946289062,-1,-1,-1,-1
109,8,1248.21337890625,346.5697021484375,215.0897216796875,644.9319458007812,-1,-1,-1,-1
110,8,1210.7177734375,370.31146240234375,211.119140625,615.7991333007812,-1,-1,-1,-1
111,8,1168.5989990234375,356.0918273925781,246.2635498046875,611.4718017578125,-1,-1,-1,-1
112,8,1160.2779541015625,320.8192443847656,259.0162353515625,612.977783203125,-1,-1,-1,-1
113,8,1186.79345703125,270.31939697265625,256.6917724609375,631.1383666992188,-1,-1,-1,-1
114,8,1222.9766845703125,223.79393005371094,199.8428955078125,635.9571533203125,-1,-1,-1,-1
115,8,1193.5926513671875,154.39703369140625,230.1483154296875,657.1800537109375,-1,-1,-1,-1
116,8,1145.798095703125,109.23649597167969,250.93115234375,697.6567993164062,-1,-1,-1,-1
117,8,1090.52734375,81.29835510253906,268.0936279296875,727.9200439453125,-1,-1,-1,-1
118,8,1079.1871337890625,104.08308410644531,312.51611328125,759.0006103515625,-1,-1,-1,-1
119,8,1100.644775390625,191.20263671875,317.1768798828125,745.547607421875,-1,-1,-1,-1
120,8,1118.81201171875,268.8834533691406,354.9361572265625,695.1064453125,-1,-1,-1,-1
121,8,1148.5880126953125,256.4273986816406,386.000244140625,709.5601806640625,-1,-1,-1,-1
122,8,1190.8143310546875,243.73037719726562,355.65576171875,721.293701171875,-1,-1,-1,-1
123,8,1236.98388671875,241.5148468017578,344.0416259765625,697.567626953125,-1,-1,-1,-1
98,9,-12.632699012756348,340.52801513671875,93.6850814819336,444.98260498046875,-1,-1,-1,-1
99,9,-10.206419944763184,329.7908935546875,128.6942596435547,432.19537353515625,-1,-1,-1,-1
100,9,-1.3542542457580566,329.6865539550781,140.1270294189453,418.5190124511719,-1,-1,-1,-1
101,9,2.200261116027832,322.0835876464844,153.73443603515625,394.9701843261719,-1,-1,-1,-1
102,9,51.49079895019531,282.5173645019531,141.15122985839844,406.5279235839844,-1,-1,-1,-1
103,9,103.58674621582031,262.3946228027344,144.30197143554688,398.8257141113281,-1,-1,-1,-1
104,9,174.9499969482422,278.7787780761719,139.95167541503906,381.9836120605469,-1,-1,-1,-1
105,9,268.78094482421875,308.3396301269531,127.99923706054688,358.9150695800781,-1,-1,-1,-1
106,9,375.7610168457031,346.4612731933594,119.28323364257812,335.7226257324219,-1,-1,-1,-1
107,9,486.5259704589844,384.6606750488281,104.11544799804688,315.8769836425781,-1,-1,-1,-1
108,9,571.9347534179688,371.9307556152344,98.03369140625,308.4450988769531,-1,-1,-1,-1
109,9,617.413818359375,383.8042297363281,93.27911376953125,300.6622009277344,-1,-1,-1,-1
110,9,618.9114990234375,419.5169372558594,92.8619384765625,289.0884094238281,-1,-1,-1,-1
111,9,609.5919799804688,420.28704833984375,91.16265869140625,287.95843505859375,-1,-1,-1,-1
112,9,608.6566772460938,393.6937255859375,88.95123291015625,287.9691162109375,-1,-1,-1,-1
113,9,615.287109375,373.42169189453125,97.05859375,286.684814453125,-1,-1,-1,-1
114,9,627.2188720703125,358.04571533203125,98.64093017578125,277.50164794921875,-1,-1,-1,-1
115,9,598.7921752929688,349.5472412109375,99.388916015625,283.2886962890625,-1,-1,-1,-1
116,9,558.4971923828125,370.2537536621094,106.09442138671875,279.7625427246094,-1,-1,-1,-1
117,9,508.9135437011719,364.8782958984375,111.08950805664062,284.9541015625,-1,-1,-1,-1
118,9,492.1787109375,331.49884033203125,105.97308349609375,288.51751708984375,-1,-1,-1,-1
119,9,515.5961303710938,305.5432434082031,96.082275390625,289.6717834472656,-1,-1,-1,-1
120,9,551.5845336914062,279.5003356933594,87.5623779296875,292.1933898925781,-1,-1,-1,-1
121,9,565.5040283203125,253.9234619140625,95.2408447265625,299.702880859375,-1,-1,-1,-1
122,9,563.79345703125,261.3701171875,93.8690185546875,299.7841796875,-1,-1,-1,-1
123,9,587.654541015625,288.0262145996094,109.0098876953125,300.1022033691406,-1,-1,-1,-1
124,9,629.2261352539062,306.4151306152344,125.86431884765625,301.8227233886719,-1,-1,-1,-1
125,9,590.5628662109375,267.8857116699219,134.877197265625,313.4183044433594,-1,-1,-1,-1
126,9,565.0643920898438,240.0875244140625,138.59149169921875,322.546142578125,-1,-1,-1,-1
127,9,528.16650390625,224.41429138183594,142.7462158203125,334.3514404296875,-1,-1,-1,-1
128,9,480.0761413574219,225.4110107421875,137.62423706054688,341.9049072265625,-1,-1,-1,-1
129,9,434.906005859375,223.89691162109375,136.8509521484375,345.76373291015625,-1,-1,-1,-1
130,9,366.0757141113281,248.39710998535156,140.0745849609375,347.6370849609375,-1,-1,-1,-1
131,9,258.35223388671875,266.38995361328125,151.32696533203125,369.37591552734375,-1,-1,-1,-1
132,9,427.96051025390625,435.87493896484375,91.73004150390625,107.69171142578125,-1,-1,-1,-1
130,10,1274.9398193359375,286.56329345703125,269.0950927734375,685.5614624023438,-1,-1,-1,-1
131,10,1224.5576171875,371.2005310058594,215.360107421875,556.9874267578125,-1,-1,-1,-1
132,10,1100.960693359375,362.3841552734375,242.6397705078125,494.1966552734375,-1,-1,-1,-1
133,10,1012.3888549804688,384.2735290527344,240.56524658203125,416.6659851074219,-1,-1,-1,-1
134,10,965.4375610351562,402.0557556152344,210.51373291015625,371.0540466308594,-1,-1,-1,-1
135,10,971.4561157226562,464.57489013671875,158.71478271484375,319.23321533203125,-1,-1,-1,-1
136,10,960.4647216796875,441.2513122558594,143.878662109375,339.7504577636719,-1,-1,-1,-1
137,10,913.4120483398438,433.23577880859375,135.17999267578125,340.47760009765625,-1,-1,-1,-1
138,10,875.2173461914062,442.4911804199219,130.918212890625,333.1056213378906,-1,-1,-1,-1
139,10,874.7174072265625,467.8240051269531,154.86181640625,326.8710632324219,-1,-1,-1,-1
140,10,873.3470458984375,490.6883239746094,171.70361328125,308.5174255371094,-1,-1,-1,-1
141,10,888.331787109375,504.54522705078125,186.4344482421875,276.49774169921875,-1,-1,-1,-1
142,10,863.5687255859375,521.9067993164062,162.4063720703125,266.85809326171875,-1,-1,-1,-1
143,10,838.9403076171875,510.76287841796875,161.7313232421875,276.29522705078125,-1,-1,-1,-1
144,10,808.9288940429688,489.9107360839844,172.8310546875,274.6248474121094,-1,-1,-1,-1
145,10,815.662841796875,453.6956787109375,164.2244873046875,277.35125732421875,-1,-1,-1,-1
146,10,780.2341918945312,475.509765625,159.20367431640625,243.69580078125,-1,-1,-1,-1
147,10,762.5469970703125,474.70697021484375,149.6768798828125,233.1614990234375,-1,-1,-1,-1
148,10,759.8333129882812,473.09393310546875,135.18792724609375,248.41802978515625,-1,-1,-1,-1
149,10,757.2474975585938,480.2815856933594,120.4581298828125,251.04983520507812,-1,-1,-1,-1
150,10,761.0883178710938,480.2216491699219,103.182373046875,249.85629272460938,-1,-1,-1,-1
151,10,761.4911499023438,500.0427551269531,96.66485595703125,245.11325073242188,-1,-1,-1,-1
152,10,759.315185546875,533.6786499023438,96.4053955078125,239.64703369140625,-1,-1,-1,-1
153,10,748.1627807617188,547.375244140625,108.15362548828125,231.85955810546875,-1,-1,-1,-1
154,10,733.4683227539062,574.5662231445312,109.6666259765625,217.10321044921875,-1,-1,-1,-1
155,10,719.5507202148438,591.0586547851562,109.765625,220.19512939453125,-1,-1,-1,-1
156,10,712.18310546875,608.7506713867188,106.43756103515625,220.7493896484375,-1,-1,-1,-1
157,10,708.9876708984375,611.0969848632812,106.14422607421875,217.37835693359375,-1,-1,-1,-1
158,10,703.4784545898438,603.1444702148438,111.05975341796875,221.5592041015625,-1,-1,-1,-1
159,10,697.89501953125,600.9722900390625,117.45904541015625,218.4647216796875,-1,-1,-1,-1
160,10,695.5222778320312,599.3724975585938,121.83868408203125,222.141357421875,-1,-1,-1,-1
161,10,684.5797119140625,589.9214477539062,133.92822265625,231.11981201171875,-1,-1,-1,-1
162,10,664.8268432617188,588.5875854492188,148.0250244140625,231.8111572265625,-1,-1,-1,-1
163,10,651.2857055664062,587.08056640625,154.1455078125,231.28802490234375,-1,-1,-1,-1
164,10,640.8071899414062,587.733642578125,135.69891357421875,234.13922119140625,-1,-1,-1,-1
165,10,625.32421875,589.1906127929688,110.287353515625,236.55426025390625,-1,-1,-1,-1
166,10,616.3524169921875,595.2160034179688,98.8543701171875,235.55853271484375,-1,-1,-1,-1
167,10,610.685546875,582.4735717773438,90.33685302734375,253.71588134765625,-1,-1,-1,-1
168,10,602.9205932617188,577.5264892578125,89.923095703125,261.11785888671875,-1,-1,-1,-1
169,10,594.33984375,576.4931640625,91.92547607421875,269.59814453125,-1,-1,-1,-1
170,10,592.88720703125,578.0933837890625,93.32293701171875,278.3377685546875,-1,-1,-1,-1
171,10,599.9837646484375,573.6909790039062,97.70556640625,274.20391845703125,-1,-1,-1,-1
172,10,610.3802490234375,569.1431274414062,106.86639404296875,272.95208740234375,-1,-1,-1,-1
173,10,611.5090942382812,548.4329833984375,127.611083984375,275.376220703125,-1,-1,-1,-1
174,10,626.0101928710938,532.7308349609375,139.06695556640625,279.2630615234375,-1,-1,-1,-1
175,10,640.3487548828125,523.3861694335938,138.637451171875,285.26837158203125,-1,-1,-1,-1
176,10,645.995361328125,519.1920776367188,138.10711669921875,289.78289794921875,-1,-1,-1,-1
177,10,643.645263671875,519.3400268554688,145.26513671875,292.9696044921875,-1,-1,-1,-1
178,10,650.0147094726562,525.2755126953125,149.06524658203125,291.02508544921875,-1,-1,-1,-1
179,10,659.229248046875,532.1185913085938,145.4847412109375,288.06439208984375,-1,-1,-1,-1
180,10,665.825439453125,534.6503295898438,149.76971435546875,286.90740966796875,-1,-1,-1,-1
181,10,677.1416015625,528.7665405273438,158.32257080078125,291.55047607421875,-1,-1,-1,-1
182,10,697.7909545898438,505.5581970214844,165.25665283203125,305.0439147949219,-1,-1,-1,-1
183,10,730.0171508789062,486.6715393066406,167.7752685546875,319.5031433105469,-1,-1,-1,-1
184,10,767.9265747070312,482.4604797363281,167.7872314453125,331.2160339355469,-1,-1,-1,-1
185,10,793.2115478515625,477.87548828125,171.0313720703125,327.92547607421875,-1,-1,-1,-1
186,10,804.7062377929688,460.7861022949219,164.43060302734375,323.2492370605469,-1,-1,-1,-1
187,10,803.0654296875,456.83990478515625,163.43798828125,317.20013427734375,-1,-1,-1,-1
188,10,803.1249389648438,465.5621032714844,160.5174560546875,313.4672546386719,-1,-1,-1,-1
189,10,804.8050537109375,466.7751770019531,151.34417724609375,313.6208190917969,-1,-1,-1,-1
190,10,798.1435546875,465.30804443359375,139.42620849609375,315.466064453125,-1,-1,-1,-1
191,10,802.7305908203125,436.5298156738281,141.29864501953125,324.2284240722656,-1,-1,-1,-1
192,10,803.1820678710938,425.93096923828125,151.53045654296875,329.05926513671875,-1,-1,-1,-1
193,10,790.9462280273438,418.0816345214844,156.38153076171875,333.5691223144531,-1,-1,-1,-1
194,10,775.4890747070312,413.8507080078125,152.23052978515625,330.6080322265625,-1,-1,-1,-1
195,10,762.798095703125,407.98419189453125,141.873046875,322.982177734375,-1,-1,-1,-1
196,10,749.8970336914062,412.0260009765625,114.248046875,315.8065185546875,-1,-1,-1,-1
197,10,732.3875732421875,399.1453857421875,109.11187744140625,314.69793701171875,-1,-1,-1,-1
198,10,732.8153686523438,381.1224670410156,115.1585693359375,320.2051696777344,-1,-1,-1,-1
199,10,739.4732666015625,384.92462158203125,115.39404296875,318.1240234375,-1,-1,-1,-1
200,10,737.065673828125,401.3244934082031,116.74017333984375,315.0036315917969,-1,-1,-1,-1
201,10,733.4244995117188,412.40875244140625,120.7557373046875,312.6451416015625,-1,-1,-1,-1
202,10,733.8883666992188,419.0220642089844,123.8306884765625,312.2168884277344,-1,-1,-1,-1
203,10,726.5416259765625,425.2970275878906,141.74176025390625,308.0543518066406,-1,-1,-1,-1
204,10,739.8096313476562,432.3587951660156,149.32025146484375,305.1588439941406,-1,-1,-1,-1
205,10,769.2579345703125,438.6875,153.741455078125,305.89056396484375,-1,-1,-1,-1
206,10,811.251953125,448.7515869140625,162.0321044921875,308.34295654296875,-1,-1,-1,-1
207,10,895.0234375,470.0487060546875,164.13671875,314.14654541015625,-1,-1,-1,-1
208,10,1013.811767578125,503.8448486328125,186.836181640625,330.97320556640625,-1,-1,-1,-1
209,10,1165.3359375,546.6664428710938,186.158935546875,358.23248291015625,-1,-1,-1,-1
210,10,1310.642333984375,585.7399291992188,115.652587890625,380.8197021484375,-1,-1,-1,-1
211,10,1250.968994140625,546.3471069335938,226.4056396484375,406.19097900390625,-1,-1,-1,-1
215,10,1315.064453125,440.5443115234375,186.2843017578125,460.8985595703125,-1,-1,-1,-1
216,10,1262.8739013671875,470.73760986328125,158.4583740234375,372.6561279296875,-1,-1,-1,-1
217,10,1094.483154296875,446.6422424316406,196.1898193359375,349.9817810058594,-1,-1,-1,-1
218,10,932.5281982421875,440.17742919921875,175.1976318359375,332.12237548828125,-1,-1,-1,-1
219,10,817.9848022460938,444.07135009765625,154.83050537109375,327.91278076171875,-1,-1,-1,-1
220,10,750.9747924804688,458.431640625,133.84375,332.965087890625,-1,-1,-1,-1
221,10,711.5885620117188,474.990966796875,122.9117431640625,341.88433837890625,-1,-1,-1,-1
222,10,687.6680297851562,488.3435974121094,124.93511962890625,337.3856506347656,-1,-1,-1,-1
223,10,664.2196044921875,490.5934143066406,131.0040283203125,331.4239196777344,-1,-1,-1,-1
224,10,651.5338134765625,466.5011901855469,129.724609375,332.9538879394531,-1,-1,-1,-1
225,10,652.6148681640625,452.96826171875,129.88629150390625,336.84368896484375,-1,-1,-1,-1
226,10,664.4241333007812,446.10675048828125,132.3272705078125,345.5635986328125,-1,-1,-1,-1
227,10,669.7265014648438,432.27789306640625,146.5595703125,358.16510009765625,-1,-1,-1,-1
228,10,679.8987426757812,416.1106872558594,154.20880126953125,372.9922790527344,-1,-1,-1,-1
229,10,696.5516967773438,405.5571594238281,157.68048095703125,382.7718200683594,-1,-1,-1,-1
230,10,724.4705810546875,385.1451416015625,162.69287109375,400.9888916015625,-1,-1,-1,-1
231,10,775.94775390625,344.1517028808594,171.34979248046875,418.5957336425781,-1,-1,-1,-1
232,10,812.383544921875,320.5709228515625,181.2822265625,429.03680419921875,-1,-1,-1,-1
233,10,828.9125366210938,324.47930908203125,180.31817626953125,423.4366455078125,-1,-1,-1,-1
234,10,823.5839233398438,344.7025451660156,180.38262939453125,412.6162414550781,-1,-1,-1,-1
235,10,798.54248046875,370.7278747558594,187.99462890625,408.8449401855469,-1,-1,-1,-1
236,10,754.9031982421875,421.54071044921875,188.90667724609375,401.2615966796875,-1,-1,-1,-1
237,10,722.1112060546875,454.1290588378906,184.72747802734375,405.6495666503906,-1,-1,-1,-1
238,10,706.8021850585938,457.9261474609375,179.82501220703125,415.641845703125,-1,-1,-1,-1
239,10,698.2053833007812,456.0439453125,178.1524658203125,420.95068359375,-1,-1,-1,-1
240,10,699.662109375,454.7364807128906,175.62353515625,434.6116027832031,-1,-1,-1,-1
241,10,706.72412109375,463.62213134765625,177.0281982421875,442.302734375,-1,-1,-1,-1
242,10,733.3519287109375,457.5496826171875,173.1024169921875,448.11492919921875,-1,-1,-1,-1
243,10,791.1400756835938,438.6524963378906,177.4757080078125,441.9979553222656,-1,-1,-1,-1
244,10,876.996826171875,418.5403137207031,174.519775390625,447.2170104980469,-1,-1,-1,-1
245,10,953.1171875,395.43817138671875,179.1529541015625,470.163818359375,-1,-1,-1,-1
246,10,1001.9727783203125,386.8694763183594,198.3590087890625,490.4057922363281,-1,-1,-1,-1
247,10,1040.1512451171875,361.5547790527344,214.3260498046875,522.0693359375,-1,-1,-1,-1
248,10,1077.1044921875,360.87652587890625,239.05859375,533.126708984375,-1,-1,-1,-1
249,10,1114.6263427734375,358.18414306640625,255.7259521484375,544.6575317382812,-1,-1,-1,-1
250,10,1133.3271484375,332.4333801269531,252.20068359375,549.6580810546875,-1,-1,-1,-1
251,10,1114.73974609375,344.05194091796875,250.74658203125,535.64794921875,-1,-1,-1,-1
252,10,1058.58251953125,375.9695739746094,248.99462890625,507.2991638183594,-1,-1,-1,-1
253,10,988.2807006835938,417.95513916015625,226.33697509765625,475.64239501953125,-1,-1,-1,-1
254,10,911.4952392578125,449.67852783203125,206.6739501953125,441.19024658203125,-1,-1,-1,-1
255,10,844.857421875,459.6040344238281,203.4239501953125,427.1643371582031,-1,-1,-1,-1
256,10,794.2144775390625,456.0899963378906,215.13812255859375,430.3478088378906,-1,-1,-1,-1
257,10,762.263671875,441.951904296875,225.20452880859375,437.9600830078125,-1,-1,-1,-1
258,10,741.2157592773438,419.9219970703125,219.94781494140625,452.083740234375,-1,-1,-1,-1
259,10,715.7158203125,411.6744079589844,202.12060546875,454.0930480957031,-1,-1,-1,-1
260,10,692.5082397460938,398.75213623046875,195.52508544921875,453.83636474609375,-1,-1,-1,-1
261,10,681.5797119140625,401.0362854003906,181.26153564453125,444.6265563964844,-1,-1,-1,-1
262,10,675.605712890625,409.83917236328125,172.1109619140625,428.10272216796875,-1,-1,-1,-1
263,10,670.9879760742188,416.19281005859375,162.53546142578125,410.58447265625,-1,-1,-1,-1
264,10,668.4866333007812,395.5698547363281,153.35125732421875,402.2820739746094,-1,-1,-1,-1
265,10,668.5087280273438,372.9821472167969,149.7274169921875,402.7218322753906,-1,-1,-1,-1
266,10,664.5233154296875,358.4577941894531,147.24249267578125,404.6884460449219,-1,-1,-1,-1
267,10,668.2404174804688,362.2300109863281,142.73175048828125,405.0835266113281,-1,-1,-1,-1
268,10,673.6911010742188,375.86505126953125,145.642822265625,404.05914306640625,-1,-1,-1,-1
269,10,684.0910034179688,400.65948486328125,153.27838134765625,400.20538330078125,-1,-1,-1,-1
270,10,690.057373046875,430.40533447265625,155.5792236328125,391.9996337890625,-1,-1,-1,-1
271,10,687.6176147460938,427.2728271484375,156.38531494140625,391.30419921875,-1,-1,-1,-1
272,10,675.0833740234375,423.5799560546875,159.06146240234375,392.51904296875,-1,-1,-1,-1
273,10,654.1387329101562,449.2124938964844,163.96380615234375,383.5383605957031,-1,-1,-1,-1
274,10,644.7362670898438,476.1517028808594,180.1868896484375,379.7676696777344,-1,-1,-1,-1
275,10,645.40185546875,489.5331726074219,203.134033203125,385.3899230957031,-1,-1,-1,-1
276,10,633.219970703125,494.168212890625,228.9896240234375,389.8980712890625,-1,-1,-1,-1
277,10,639.751220703125,499.7535400390625,232.5604248046875,401.2081298828125,-1,-1,-1,-1
278,10,651.2931518554688,499.55548095703125,224.43548583984375,413.50994873046875,-1,-1,-1,-1
279,10,664.1376342773438,500.766845703125,212.2777099609375,442.002685546875,-1,-1,-1,-1
280,10,680.8536376953125,507.97796630859375,195.93902587890625,472.789794921875,-1,-1,-1,-1
281,10,697.8430786132812,515.0811767578125,177.42431640625,475.03961181640625,-1,-1,-1,-1
282,10,706.5006103515625,505.7275390625,168.4383544921875,470.752685546875,-1,-1,-1,-1
283,10,717.1697387695312,485.6152038574219,171.58978271484375,477.3222961425781,-1,-1,-1,-1
284,10,722.4735107421875,477.4679260253906,184.28857421875,494.2776794433594,-1,-1,-1,-1
285,10,720.7645263671875,478.7193603515625,188.59161376953125,505.62451171875,-1,-1,-1,-1
286,10,711.8204345703125,471.83544921875,194.05120849609375,511.36083984375,-1,-1,-1,-1
287,10,703.51416015625,475.5368957519531,205.18243408203125,519.030029296875,-1,-1,-1,-1
288,10,696.3168334960938,501.57440185546875,213.989013671875,524.9724731445312,-1,-1,-1,-1
289,10,700.40234375,548.6739501953125,238.13360595703125,517.37060546875,-1,-1,-1,-1
290,10,695.7664794921875,570.5760498046875,258.28277587890625,490.4783935546875,-1,-1,-1,-1
291,10,688.1502685546875,574.2454833984375,271.01397705078125,472.064697265625,-1,-1,-1,-1
292,10,681.0804443359375,571.8472900390625,274.4398193359375,461.9149169921875,-1,-1,-1,-1
293,10,685.1160278320312,559.1005859375,258.23931884765625,464.10614013671875,-1,-1,-1,-1
294,10,678.9412231445312,545.5689697265625,253.48992919921875,478.7001953125,-1,-1,-1,-1
295,10,709.1552734375,554.6697387695312,221.70965576171875,464.85906982421875,-1,-1,-1,-1
296,10,736.2164306640625,544.4291381835938,197.00347900390625,460.34515380859375,-1,-1,-1,-1
297,10,741.8193359375,534.3155517578125,197.5543212890625,436.28045654296875,-1,-1,-1,-1
298,10,724.5521850585938,540.951416015625,228.78057861328125,407.019775390625,-1,-1,-1,-1
299,10,713.747314453125,548.8246459960938,244.2447509765625,391.51824951171875,-1,-1,-1,-1
300,10,703.4326171875,566.6845703125,247.6124267578125,389.54644775390625,-1,-1,-1,-1
301,10,699.1336669921875,567.0184326171875,238.851318359375,380.86962890625,-1,-1,-1,-1
302,10,699.6820068359375,545.380126953125,219.28680419921875,384.35345458984375,-1,-1,-1,-1
303,10,692.9660034179688,539.9144897460938,206.077880859375,371.8060302734375,-1,-1,-1,-1
304,10,677.3632202148438,530.194091796875,195.65667724609375,358.1849365234375,-1,-1,-1,-1
305,10,658.6796264648438,516.220703125,197.85406494140625,369.46875,-1,-1,-1,-1
306,10,675.7442626953125,506.02593994140625,170.0596923828125,368.76220703125,-1,-1,-1,-1
307,10,665.6817626953125,484.13470458984375,183.8624267578125,395.64752197265625,-1,-1,-1,-1
308,10,679.318359375,514.0474243164062,172.208984375,377.05023193359375,-1,-1,-1,-1
309,10,682.2958984375,524.767333984375,174.32928466796875,376.24542236328125,-1,-1,-1,-1
310,10,676.6449584960938,507.64288330078125,185.4410400390625,394.8963623046875,-1,-1,-1,-1
311,10,674.031494140625,494.53143310546875,185.0865478515625,404.38116455078125,-1,-1,-1,-1
312,10,685.6594848632812,473.9439392089844,166.511474609375,408.4259338378906,-1,-1,-1,-1
313,10,687.58154296875,474.05731201171875,152.4576416015625,407.6473388671875,-1,-1,-1,-1
314,10,677.47412109375,473.9220275878906,153.46807861328125,417.7990417480469,-1,-1,-1,-1
315,10,669.2848510742188,485.158935546875,158.0711669921875,419.71826171875,-1,-1,-1,-1
316,10,662.1680297851562,489.141357421875,167.54620361328125,418.67010498046875,-1,-1,-1,-1
317,10,648.1572265625,489.2691650390625,191.94024658203125,414.70892333984375,-1,-1,-1,-1
318,10,639.4375610351562,479.0794982910156,229.38177490234375,417.3768005371094,-1,-1,-1,-1
319,10,620.5330810546875,472.8843994140625,265.4296875,420.60711669921875,-1,-1,-1,-1
320,10,634.4118041992188,459.2647399902344,263.9932861328125,432.4587097167969,-1,-1,-1,-1
321,10,654.427978515625,466.382568359375,247.288818359375,434.7769775390625,-1,-1,-1,-1
322,10,675.6941528320312,464.3802795410156,232.89056396484375,446.5364074707031,-1,-1,-1,-1
323,10,727.4824829101562,453.5910949707031,210.7113037109375,457.8452453613281,-1,-1,-1,-1
324,10,768.7298583984375,470.143798828125,194.0814208984375,450.24249267578125,-1,-1,-1,-1
325,10,771.3551025390625,495.2405700683594,197.080810546875,428.5788269042969,-1,-1,-1,-1
326,10,777.091796875,502.5072021484375,188.63165283203125,416.90966796875,-1,-1,-1,-1
327,10,787.813232421875,484.4555969238281,174.4005126953125,420.2775573730469,-1,-1,-1,-1
328,10,783.698974609375,474.95758056640625,169.10748291015625,425.51202392578125,-1,-1,-1,-1
329,10,764.6325073242188,461.4463195800781,170.5108642578125,434.9070739746094,-1,-1,-1,-1
330,10,745.3158569335938,439.5839538574219,174.39971923828125,447.3054504394531,-1,-1,-1,-1
331,10,737.339111328125,435.6676330566406,179.85491943359375,449.7734069824219,-1,-1,-1,-1
332,10,725.35546875,431.35443115234375,190.11163330078125,446.502197265625,-1,-1,-1,-1
333,10,701.3741455078125,432.77435302734375,204.211181640625,442.94683837890625,-1,-1,-1,-1
334,10,680.527099609375,455.76849365234375,214.36181640625,431.1270751953125,-1,-1,-1,-1
335,10,685.874755859375,474.703857421875,211.2613525390625,406.6966552734375,-1,-1,-1,-1
336,10,695.3400268554688,486.3248596191406,190.77630615234375,381.5710144042969,-1,-1,-1,-1
337,10,663.4620361328125,478.9360656738281,185.20001220703125,377.7904357910156,-1,-1,-1,-1
338,10,638.5756225585938,489.35711669921875,184.52581787109375,379.7777099609375,-1,-1,-1,-1
339,10,634.961669921875,496.9476623535156,188.917724609375,384.4128112792969,-1,-1,-1,-1
340,10,645.7955322265625,494.46563720703125,173.260009765625,383.81109619140625,-1,-1,-1,-1
341,10,666.2879638671875,499.9271240234375,144.3199462890625,357.15863037109375,-1,-1,-1,-1
342,10,685.9982299804688,506.91094970703125,118.13922119140625,341.944091796875,-1,-1,-1,-1
343,10,692.6365966796875,519.3995361328125,112.56982421875,330.63671875,-1,-1,-1,-1
344,10,686.782470703125,530.017333984375,119.673095703125,322.29644775390625,-1,-1,-1,-1
345,10,686.1958618164062,537.9711303710938,121.7130126953125,308.94525146484375,-1,-1,-1,-1
346,10,668.5958251953125,528.6541137695312,138.31890869140625,298.98974609375,-1,-1,-1,-1
347,10,658.3750610351562,515.49365234375,142.36358642578125,302.87640380859375,-1,-1,-1,-1
348,10,653.0570678710938,507.7091979980469,152.5274658203125,313.7046813964844,-1,-1,-1,-1
349,10,645.5797119140625,501.45098876953125,165.6551513671875,317.14385986328125,-1,-1,-1,-1
350,10,636.7061767578125,480.26519775390625,173.3416748046875,321.11920166015625,-1,-1,-1,-1
351,10,633.3176879882812,473.9909362792969,177.26739501953125,306.2533264160156,-1,-1,-1,-1
352,10,626.0780029296875,476.3775939941406,188.44140625,283.9901428222656,-1,-1,-1,-1
353,10,626.7618408203125,502.71270751953125,183.90325927734375,268.499755859375,-1,-1,-1,-1
354,10,544.9080810546875,517.82763671875,266.592529296875,260.427001953125,-1,-1,-1,-1
355,10,560.78662109375,532.718505859375,258.658935546875,256.05743408203125,-1,-1,-1,-1
356,10,554.3268432617188,533.11328125,255.02606201171875,255.59796142578125,-1,-1,-1,-1
357,10,559.6520385742188,530.9514770507812,240.59588623046875,259.06207275390625,-1,-1,-1,-1
358,10,533.58447265625,535.1624755859375,238.5599365234375,272.895751953125,-1,-1,-1,-1
359,10,485.0885314941406,536.7869262695312,263.8860778808594,276.736083984375,-1,-1,-1,-1
360,10,458.92169189453125,549.2830810546875,279.98382568359375,260.58697509765625,-1,-1,-1,-1
361,10,553.2314453125,543.6209716796875,215.14398193359375,253.2220458984375,-1,-1,-1,-1
362,10,554.8656616210938,554.1484375,245.1444091796875,252.5914306640625,-1,-1,-1,-1
363,10,526.5037841796875,600.8128662109375,263.46728515625,241.0546875,-1,-1,-1,-1
364,10,414.4559326171875,630.4456176757812,310.55633544921875,220.97430419921875,-1,-1,-1,-1
365,10,449.8241271972656,622.029541015625,249.96536254882812,216.7908935546875,-1,-1,-1,-1
366,10,523.4015502929688,592.5496826171875,188.39849853515625,228.28924560546875,-1,-1,-1,-1
367,10,496.51043701171875,559.0997924804688,161.74017333984375,261.24005126953125,-1,-1,-1,-1
368,10,451.401611328125,541.7310791015625,150.59381103515625,267.3408203125,-1,-1,-1,-1
369,10,431.92523193359375,535.1946411132812,142.8564453125,275.48724365234375,-1,-1,-1,-1
370,10,387.92791748046875,502.4116516113281,142.5162353515625,288.1524353027344,-1,-1,-1,-1
371,10,371.02886962890625,526.451416015625,151.1923828125,288.0711669921875,-1,-1,-1,-1
132,11,133.8240203857422,240.88233947753906,159.16139221191406,392.32843017578125,-1,-1,-1,-1
133,11,39.580039978027344,276.587890625,153.16574096679688,412.95458984375,-1,-1,-1,-1
134,11,-1.159604549407959,315.805908203125,171.70973205566406,427.77984619140625,-1,-1,-1,-1
135,11,-36.42428207397461,343.18359375,202.231201171875,443.58673095703125,-1,-1,-1,-1
136,11,-59.616146087646484,371.10076904296875,217.01683044433594,458.1092529296875,-1,-1,-1,-1
137,11,-99.17669677734375,414.03106689453125,210.51666259765625,459.64154052734375,-1,-1,-1,-1
138,11,-107.10404968261719,459.8723449707031,217.27479553222656,468.8635559082031,-1,-1,-1,-1
139,11,-114.2418441772461,487.49932861328125,231.51025390625,466.06488037109375,-1,-1,-1,-1
140,11,-107.62866973876953,468.2990417480469,218.28453063964844,501.8139343261719,-1,-1,-1,-1
141,11,-118.0982666015625,504.8118591308594,239.22006225585938,506.7458801269531,-1,-1,-1,-1
142,11,-104.9178466796875,620.7658081054688,213.13223266601562,447.80999755859375,-1,-1,-1,-1
143,11,-123.20101165771484,632.4674072265625,249.4260711669922,486.3138427734375,-1,-1,-1,-1
144,11,-128.22384643554688,625.6552734375,259.4723815917969,485.6793212890625,-1,-1,-1,-1
145,11,-105.70935821533203,673.6151733398438,214.4463653564453,445.46575927734375,-1,-1,-1,-1
146,11,-89.28314208984375,726.8977661132812,181.60403442382812,354.66937255859375,-1,-1,-1,-1
147,11,-116.36713409423828,638.2041015625,235.75924682617188,469.8291015625,-1,-1,-1,-1
148,11,-126.21461486816406,631.0875854492188,255.45468139648438,492.49810791015625,-1,-1,-1,-1
149,11,-139.61782836914062,608.0054931640625,282.26129150390625,529.35400390625,-1,-1,-1,-1
150,11,-140.20242309570312,604.3766479492188,283.4333801269531,535.2833862304688,-1,-1,-1,-1
151,11,-141.92384338378906,586.9552001953125,286.873779296875,571.7161865234375,-1,-1,-1,-1
152,11,-143.27769470214844,566.455810546875,289.5800476074219,605.1961669921875,-1,-1,-1,-1
135,13,929.5054931640625,475.95928955078125,116.1387939453125,169.59539794921875,-1,-1,-1,-1
136,13,914.6572265625,435.863037109375,144.2672119140625,211.6956787109375,-1,-1,-1,-1
137,13,873.4876708984375,436.320556640625,131.271728515625,208.36651611328125,-1,-1,-1,-1
138,13,845.704345703125,445.9173278808594,122.8763427734375,208.80813598632812,-1,-1,-1,-1
139,13,865.81103515625,473.48681640625,114.4853515625,206.9757080078125,-1,-1,-1,-1
140,13,868.461181640625,490.405029296875,136.0526123046875,209.17633056640625,-1,-1,-1,-1
141,13,861.75537109375,491.1759948730469,133.64404296875,211.81100463867188,-1,-1,-1,-1
142,13,860.7006225585938,536.007568359375,111.62554931640625,182.08123779296875,-1,-1,-1,-1
143,13,839.3381958007812,518.1982421875,127.97784423828125,209.110595703125,-1,-1,-1,-1
144,13,813.018310546875,496.9283447265625,157.33074951171875,233.02947998046875,-1,-1,-1,-1
146,14,810.864013671875,459.5068664550781,103.117919921875,225.71603393554688,-1,-1,-1,-1
147,14,804.0084228515625,459.0740966796875,98.1851806640625,214.28875732421875,-1,-1,-1,-1
148,14,812.566162109375,473.0921936035156,90.60137939453125,210.07388305664062,-1,-1,-1,-1
149,14,817.47412109375,483.0293884277344,89.4578857421875,208.91555786132812,-1,-1,-1,-1
150,14,821.8694458007812,483.24884033203125,92.407470703125,209.19952392578125,-1,-1,-1,-1
151,14,824.4212646484375,499.5671691894531,96.18310546875,207.96133422851562,-1,-1,-1,-1
152,14,820.2770385742188,529.9497680664062,103.8560791015625,205.62884521484375,-1,-1,-1,-1
153,14,818.7223510742188,538.2680053710938,108.29547119140625,205.7857666015625,-1,-1,-1,-1
154,14,811.2080688476562,549.786865234375,102.62042236328125,205.38824462890625,-1,-1,-1,-1
155,14,799.031005859375,571.4676513671875,100.0350341796875,204.35797119140625,-1,-1,-1,-1
156,14,797.6686401367188,590.09716796875,96.19189453125,203.339111328125,-1,-1,-1,-1
157,14,795.88232421875,591.2146606445312,95.36529541015625,202.95001220703125,-1,-1,-1,-1
158,14,799.1483764648438,587.54248046875,91.70654296875,203.96826171875,-1,-1,-1,-1
159,14,801.913330078125,583.1049194335938,91.484619140625,205.7886962890625,-1,-1,-1,-1
160,14,804.9522094726562,583.7750244140625,91.54754638671875,205.92669677734375,-1,-1,-1,-1
161,14,805.0782470703125,582.2213134765625,91.4764404296875,205.88995361328125,-1,-1,-1,-1
162,14,803.894775390625,578.27490234375,88.06439208984375,208.294921875,-1,-1,-1,-1
163,14,797.1256713867188,575.3128662109375,91.56622314453125,209.15093994140625,-1,-1,-1,-1
164,14,791.9485473632812,577.3790283203125,86.17059326171875,208.480224609375,-1,-1,-1,-1
165,14,776.8893432617188,578.3076171875,85.9013671875,210.9019775390625,-1,-1,-1,-1
166,14,763.5485229492188,585.9425048828125,85.1072998046875,208.1510009765625,-1,-1,-1,-1
167,14,753.0394897460938,588.7664184570312,86.6170654296875,209.81475830078125,-1,-1,-1,-1
168,14,746.1931762695312,586.7506713867188,85.9384765625,210.94024658203125,-1,-1,-1,-1
169,14,740.6736450195312,588.8560791015625,87.43865966796875,211.99322509765625,-1,-1,-1,-1
170,14,740.448974609375,590.5221557617188,88.88482666015625,214.281982421875,-1,-1,-1,-1
171,14,746.5697631835938,579.2435302734375,93.00732421875,218.01251220703125,-1,-1,-1,-1
172,14,757.2342529296875,581.308837890625,99.1788330078125,219.72955322265625,-1,-1,-1,-1
173,14,753.8463134765625,563.2293090820312,121.52716064453125,226.2493896484375,-1,-1,-1,-1
174,14,784.1206665039062,551.1513671875,110.16094970703125,229.385009765625,-1,-1,-1,-1
175,14,792.734375,545.2609252929688,112.59991455078125,229.52972412109375,-1,-1,-1,-1
176,14,794.435791015625,540.7490234375,110.5614013671875,229.62158203125,-1,-1,-1,-1
177,14,791.6256103515625,537.1417236328125,108.26409912109375,229.31915283203125,-1,-1,-1,-1
178,14,794.74755859375,538.5076904296875,106.865234375,231.71826171875,-1,-1,-1,-1
179,14,796.3419189453125,541.9281616210938,106.51715087890625,233.34515380859375,-1,-1,-1,-1
180,14,801.6519165039062,543.5507202148438,105.2117919921875,233.25823974609375,-1,-1,-1,-1
181,14,812.6640014648438,540.8316650390625,106.63494873046875,234.88336181640625,-1,-1,-1,-1
182,14,834.4232177734375,523.1139526367188,109.99810791015625,240.752685546875,-1,-1,-1,-1
183,14,861.7598876953125,512.5286254882812,117.19122314453125,245.18353271484375,-1,-1,-1,-1
184,14,889.2288818359375,515.0635986328125,134.20880126953125,248.6007080078125,-1,-1,-1,-1
185,14,913.5560302734375,504.5876770019531,126.6038818359375,251.47128295898438,-1,-1,-1,-1
186,14,918.8787231445312,478.9320068359375,126.08441162109375,254.36260986328125,-1,-1,-1,-1
187,14,917.4252319335938,469.7163391113281,120.61968994140625,252.24288940429688,-1,-1,-1,-1
188,14,920.174072265625,474.5719909667969,109.88232421875,248.41079711914062,-1,-1,-1,-1
189,14,916.24560546875,478.48980712890625,103.40057373046875,246.09344482421875,-1,-1,-1,-1
190,14,902.4931030273438,479.93804931640625,98.84759521484375,245.15802001953125,-1,-1,-1,-1
191,14,894.5833129882812,460.7415466308594,106.2568359375,246.26126098632812,-1,-1,-1,-1
192,14,890.3349609375,454.68621826171875,113.9034423828125,247.63818359375,-1,-1,-1,-1
193,14,883.8699340820312,450.19329833984375,112.19171142578125,246.27606201171875,-1,-1,-1,-1
194,14,866.3697509765625,437.01507568359375,112.08160400390625,246.87841796875,-1,-1,-1,-1
195,14,848.0806274414062,423.891845703125,105.86444091796875,245.1474609375,-1,-1,-1,-1
196,14,835.6919555664062,423.9379577636719,100.29876708984375,244.95632934570312,-1,-1,-1,-1
197,14,819.522705078125,412.36822509765625,96.2164306640625,242.22930908203125,-1,-1,-1,-1
198,14,811.142578125,404.4053955078125,109.78997802734375,242.8720703125,-1,-1,-1,-1
199,14,815.9052124023438,407.4026794433594,110.17486572265625,246.10684204101562,-1,-1,-1,-1
200,14,811.2137451171875,421.6936950683594,112.53173828125,243.74850463867188,-1,-1,-1,-1
201,14,811.378173828125,437.3878173828125,104.69873046875,234.389892578125,-1,-1,-1,-1
202,14,817.4996337890625,445.2237854003906,97.8017578125,231.90682983398438,-1,-1,-1,-1
203,14,825.4722900390625,436.0076599121094,102.14208984375,246.04171752929688,-1,-1,-1,-1
204,14,842.6077880859375,447.1994934082031,100.8724365234375,242.48678588867188,-1,-1,-1,-1
205,14,869.5537109375,453.38775634765625,109.20989990234375,245.40460205078125,-1,-1,-1,-1
206,14,912.9902954101562,466.5467529296875,120.85662841796875,248.0174560546875,-1,-1,-1,-1
207,14,996.3402099609375,496.865966796875,129.3336181640625,250.56982421875,-1,-1,-1,-1
208,14,1123.0048828125,533.024658203125,157.84716796875,273.431396484375,-1,-1,-1,-1
209,14,1165.4049072265625,585.1214599609375,186.06591796875,331.6475830078125,-1,-1,-1,-1
208,15,-19.47270965576172,366.1718444824219,202.95944213867188,616.11328125,-1,-1,-1,-1
209,15,44.67524719238281,378.3776550292969,280.84375,573.6929931640625,-1,-1,-1,-1
210,15,203.34597778320312,413.2381286621094,245.64151000976562,521.9888916015625,-1,-1,-1,-1
211,15,317.11279296875,417.68768310546875,225.04046630859375,489.137939453125,-1,-1,-1,-1
212,15,370.03289794921875,392.6776123046875,221.50177001953125,469.3687744140625,-1,-1,-1,-1
213,15,378.8780212402344,384.15716552734375,214.82925415039062,461.2413330078125,-1,-1,-1,-1
214,15,329.0032958984375,405.6755676269531,231.670166015625,458.2649841308594,-1,-1,-1,-1
215,15,275.27679443359375,410.8917541503906,250.09796142578125,456.2957458496094,-1,-1,-1,-1
216,15,180.16033935546875,405.4259033203125,277.2509765625,464.37225341796875,-1,-1,-1,-1
217,15,331.6152648925781,495.6380310058594,406.4042663574219,443.0841369628906,-1,-1,-1,-1
209,16,1280.1568603515625,604.37353515625,126.0311279296875,271.9119873046875,-1,-1,-1,-1
210,16,1297.836669921875,597.5510864257812,127.2757568359375,371.075439453125,-1,-1,-1,-1
217,18,6.5187883377075195,400.9139709472656,313.6044006347656,489.2321472167969,-1,-1,-1,-1
218,18,196.15921020507812,453.43408203125,369.9084167480469,471.078125,-1,-1,-1,-1
217,19,1248.312255859375,479.3370666503906,149.8292236328125,294.5032043457031,-1,-1,-1,-1
218,19,1079.4581298828125,478.03131103515625,140.3033447265625,264.28448486328125,-1,-1,-1,-1
219,19,961.7137451171875,483.75628662109375,116.7537841796875,247.53179931640625,-1,-1,-1,-1
220,19,895.2470703125,494.33660888671875,103.30828857421875,240.23828125,-1,-1,-1,-1
221,19,857.1728515625,506.1419677734375,98.91485595703125,235.71563720703125,-1,-1,-1,-1
222,19,831.652587890625,510.298828125,96.04736328125,232.44580078125,-1,-1,-1,-1
223,19,813.6229248046875,505.0018615722656,96.437744140625,234.25369262695312,-1,-1,-1,-1
224,19,804.4183349609375,479.6480407714844,100.66937255859375,239.30740356445312,-1,-1,-1,-1
225,19,813.1861572265625,469.5097961425781,102.11737060546875,240.77011108398438,-1,-1,-1,-1
226,19,827.75146484375,474.610107421875,105.57489013671875,239.41925048828125,-1,-1,-1,-1
227,19,838.887939453125,472.30743408203125,108.45745849609375,242.32550048828125,-1,-1,-1,-1
228,19,853.1674194335938,469.481201171875,109.2352294921875,245.01788330078125,-1,-1,-1,-1
229,19,874.7843627929688,467.4830322265625,116.24505615234375,250.0728759765625,-1,-1,-1,-1
230,19,907.5112915039062,457.6933898925781,126.02166748046875,256.0392150878906,-1,-1,-1,-1
231,19,968.7860107421875,427.7764587402344,135.5042724609375,262.2013244628906,-1,-1,-1,-1
232,19,1022.9052124023438,403.58294677734375,146.21893310546875,268.1749267578125,-1,-1,-1,-1
233,19,1052.9525146484375,394.84820556640625,151.2015380859375,276.54791259765625,-1,-1,-1,-1
234,19,1063.3773193359375,405.30816650390625,147.4395751953125,275.83953857421875,-1,-1,-1,-1
235,19,1046.900634765625,439.7263488769531,144.1409912109375,267.4407653808594,-1,-1,-1,-1
236,19,1001.5932006835938,488.8404541015625,140.73590087890625,263.02081298828125,-1,-1,-1,-1
237,19,963.4844970703125,532.311279296875,132.7144775390625,253.59869384765625,-1,-1,-1,-1
238,19,944.98388671875,549.1636962890625,126.16357421875,247.38494873046875,-1,-1,-1,-1
239,19,938.5132446289062,547.1520385742188,122.57843017578125,242.77777099609375,-1,-1,-1,-1
240,19,939.1376953125,547.0634765625,125.2708740234375,238.1793212890625,-1,-1,-1,-1
241,19,953.6911010742188,549.8373413085938,125.46893310546875,235.3955078125,-1,-1,-1,-1
242,19,985.9308471679688,541.4061889648438,129.20965576171875,233.5062255859375,-1,-1,-1,-1
243,19,1052.1209716796875,519.8031616210938,138.5147705078125,240.5992431640625,-1,-1,-1,-1
244,19,1140.5965576171875,510.91754150390625,156.591796875,250.7762451171875,-1,-1,-1,-1
245,19,1215.9356689453125,519.6315307617188,163.494384765625,254.08294677734375,-1,-1,-1,-1
246,19,1276.435791015625,529.5580444335938,130.7021484375,230.14080810546875,-1,-1,-1,-1
247,19,1314.4556884765625,529.2205810546875,96.1302490234375,236.593994140625,-1,-1,-1,-1
248,19,1340.2364501953125,462.61956787109375,94.9696044921875,314.33770751953125,-1,-1,-1,-1
249,19,1308.1656494140625,396.81280517578125,201.1102294921875,386.887451171875,-1,-1,-1,-1
250,19,1283.7845458984375,336.8671875,250.7197265625,472.31304931640625,-1,-1,-1,-1
251,19,1336.593505859375,447.23834228515625,90.4180908203125,281.21099853515625,-1,-1,-1,-1
252,19,1268.3919677734375,512.4987487792969,148.906494140625,253.58273315429688,-1,-1,-1,-1
253,19,1179.816162109375,529.0619506835938,147.234375,237.6568603515625,-1,-1,-1,-1
254,19,1080.015869140625,539.0579833984375,138.708984375,218.0,-1,-1,-1,-1
255,19,1019.0398559570312,536.214111328125,103.65997314453125,208.49945068359375,-1,-1,-1,-1
256,19,946.8825073242188,532.0068359375,105.55035400390625,204.81878662109375,-1,-1,-1,-1
257,19,917.13623046875,531.9401245117188,88.79888916015625,194.89361572265625,-1,-1,-1,-1
258,19,872.0208740234375,530.6314086914062,82.740966796875,185.6336669921875,-1,-1,-1,-1
259,19,832.5576171875,508.8442077636719,84.459228515625,209.12307739257812,-1,-1,-1,-1
260,19,802.484375,495.34283447265625,80.629638671875,208.11669921875,-1,-1,-1,-1
261,19,774.3372192382812,487.7787780761719,83.44927978515625,208.60140991210938,-1,-1,-1,-1
264,19,763.5277099609375,514.2991333007812,52.26611328125,105.11810302734375,-1,-1,-1,-1
267,19,717.1766967773438,439.2231750488281,84.9434814453125,183.01016235351562,-1,-1,-1,-1
268,19,680.9856567382812,447.80206298828125,131.8375244140625,241.0968017578125,-1,-1,-1,-1
218,20,-145.5674591064453,415.55859375,294.1922912597656,520.0075073242188,-1,-1,-1,-1
219,20,-126.5322036743164,441.4092102050781,256.0873718261719,512.2864074707031,-1,-1,-1,-1
233,21,-104.89156341552734,351.2574768066406,212.8092041015625,458.3614807128906,-1,-1,-1,-1
234,21,-30.20449447631836,307.0233459472656,131.93698120117188,501.5165710449219,-1,-1,-1,-1
235,21,-106.76110076904297,341.89422607421875,217.3341827392578,472.28985595703125,-1,-1,-1,-1
236,21,-79.26139831542969,380.6463623046875,161.58087158203125,394.38604736328125,-1,-1,-1,-1
241,21,-30.86849594116211,448.5362243652344,93.10113525390625,413.0519104003906,-1,-1,-1,-1
242,21,-54.058555603027344,461.05853271484375,128.40889739990234,406.42852783203125,-1,-1,-1,-1
243,21,37.69455337524414,420.92041015625,128.5247802734375,384.9600830078125,-1,-1,-1,-1
244,21,139.75527954101562,376.6548767089844,152.20184326171875,365.0863952636719,-1,-1,-1,-1
245,21,225.26339721679688,353.15191650390625,162.30758666992188,352.4464111328125,-1,-1,-1,-1
246,21,280.57159423828125,352.4383850097656,169.50271606445312,343.3704528808594,-1,-1,-1,-1
247,21,310.80291748046875,353.4627685546875,178.72052001953125,337.844970703125,-1,-1,-1,-1
248,21,345.6619567871094,338.90234375,184.44802856445312,336.89385986328125,-1,-1,-1,-1
249,21,381.587646484375,333.08154296875,170.267333984375,338.73876953125,-1,-1,-1,-1
250,21,394.4759216308594,330.2499694824219,142.82424926757812,346.3703308105469,-1,-1,-1,-1
251,21,369.8468933105469,324.3142395019531,135.22103881835938,357.3193664550781,-1,-1,-1,-1
252,21,318.5564880371094,310.93359375,127.77163696289062,370.9332275390625,-1,-1,-1,-1
253,21,238.5341033935547,324.5031433105469,155.6560821533203,387.1743469238281,-1,-1,-1,-1
254,21,141.57508850097656,329.2797546386719,190.1313018798828,407.4696960449219,-1,-1,-1,-1
255,21,61.51528549194336,480.3879089355469,194.86114501953125,292.5092468261719,-1,-1,-1,-1
256,21,10.549269676208496,373.6610107421875,182.52755737304688,435.0625,-1,-1,-1,-1
257,21,1.534738540649414,393.84124755859375,138.96510314941406,438.7802734375,-1,-1,-1,-1
258,21,-14.029983520507812,398.39111328125,93.15534210205078,382.0704345703125,-1,-1,-1,-1
259,21,-22.770206451416016,551.0650634765625,279.6491394042969,306.25726318359375,-1,-1,-1,-1
260,21,-214.75067138671875,64.67175674438477,706.2872314453125,1392.2135009765625,-1,-1,-1,-1
261,21,-224.76156616210938,221.1237030029297,724.3709106445312,1221.1422119140625,-1,-1,-1,-1
262,21,-221.0157928466797,262.87103271484375,701.0787353515625,1169.065673828125,-1,-1,-1,-1
263,21,-268.0020446777344,208.97474670410156,688.44189453125,1236.088134765625,-1,-1,-1,-1
264,21,-288.83251953125,315.2210998535156,766.2356567382812,1143.8076171875,-1,-1,-1,-1
265,21,-343.8290100097656,374.83929443359375,827.2664794921875,1107.7490234375,-1,-1,-1,-1
266,21,-363.18316650390625,370.2757873535156,824.86279296875,1081.0977783203125,-1,-1,-1,-1
267,21,-355.7461242675781,328.8724670410156,791.8056640625,1115.201416015625,-1,-1,-1,-1
268,21,-341.9129638671875,296.3575439453125,782.0904541015625,1152.9034423828125,-1,-1,-1,-1
269,21,-412.81231689453125,303.723388671875,844.44873046875,1155.767333984375,-1,-1,-1,-1
258,22,1105.3236083984375,625.9642333984375,37.1541748046875,52.404296875,-1,-1,-1,-1
259,22,1054.4979248046875,624.0961303710938,32.386962890625,50.60882568359375,-1,-1,-1,-1
260,22,1009.5853271484375,607.9334106445312,30.0791015625,51.10943603515625,-1,-1,-1,-1
261,22,971.2310180664062,594.6613159179688,27.47979736328125,50.22149658203125,-1,-1,-1,-1
262,22,943.266357421875,587.1937255859375,25.242431640625,47.71356201171875,-1,-1,-1,-1
263,22,916.384765625,571.1107177734375,25.6009521484375,48.2725830078125,-1,-1,-1,-1
264,22,891.4754028320312,535.2244262695312,26.5615234375,50.016357421875,-1,-1,-1,-1
265,22,876.3668212890625,510.6758117675781,24.4285888671875,49.587432861328125,-1,-1,-1,-1
266,22,869.599853515625,491.8219909667969,24.6962890625,54.362823486328125,-1,-1,-1,-1
267,22,862.4750366210938,499.4709777832031,26.56988525390625,49.596649169921875,-1,-1,-1,-1
268,22,863.858154296875,514.560791015625,27.2095947265625,49.427490234375,-1,-1,-1,-1
269,22,874.5264892578125,539.7081298828125,24.22998046875,49.343017578125,-1,-1,-1,-1
270,22,877.5558471679688,565.1236572265625,26.20654296875,51.3382568359375,-1,-1,-1,-1
271,22,872.812255859375,568.6723022460938,27.21197509765625,48.21917724609375,-1,-1,-1,-1
272,22,860.9863891601562,566.478515625,27.02728271484375,48.4986572265625,-1,-1,-1,-1
273,22,841.9238891601562,583.2828369140625,25.9478759765625,46.06005859375,-1,-1,-1,-1
274,22,840.885498046875,598.02197265625,25.53662109375,48.13916015625,-1,-1,-1,-1
275,22,858.64501953125,614.0601196289062,26.209716796875,46.43963623046875,-1,-1,-1,-1
276,22,870.1229248046875,622.140625,24.3597412109375,47.379638671875,-1,-1,-1,-1
277,22,881.8551635742188,635.5801391601562,24.2115478515625,49.644775390625,-1,-1,-1,-1
278,22,888.3053588867188,642.7273559570312,25.47845458984375,47.23138427734375,-1,-1,-1,-1
279,22,892.4195556640625,642.243408203125,26.83343505859375,47.7080078125,-1,-1,-1,-1
280,22,900.2828979492188,649.0668334960938,22.52349853515625,46.107177734375,-1,-1,-1,-1
281,22,904.8839111328125,647.0557861328125,25.64056396484375,47.79180908203125,-1,-1,-1,-1
282,22,905.3641967773438,636.283447265625,25.91094970703125,48.74237060546875,-1,-1,-1,-1
283,22,912.5274047851562,631.44921875,25.76007080078125,48.03106689453125,-1,-1,-1,-1
284,22,916.6869506835938,646.956298828125,26.7794189453125,47.537109375,-1,-1,-1,-1
285,22,909.05322265625,661.8185424804688,25.65399169921875,48.54644775390625,-1,-1,-1,-1
286,22,890.6858520507812,654.5943603515625,28.94866943359375,47.5252685546875,-1,-1,-1,-1
258,23,-12.26704216003418,821.7855224609375,461.4757080078125,593.014892578125,-1,-1,-1,-1
259,23,-21.057172775268555,681.476318359375,489.9632263183594,739.6168212890625,-1,-1,-1,-1
260,23,-37.793121337890625,610.4552612304688,514.833251953125,818.4153442382812,-1,-1,-1,-1
261,23,-64.11058044433594,621.05615234375,553.8816528320312,804.54150390625,-1,-1,-1,-1
262,23,-94.29776000976562,613.2818603515625,546.3087768554688,803.9942626953125,-1,-1,-1,-1
263,23,-175.75473022460938,678.4873657226562,595.7674560546875,752.7549438476562,-1,-1,-1,-1
264,23,-220.01190185546875,663.127685546875,689.0462646484375,781.63818359375,-1,-1,-1,-1
265,23,-248.38059997558594,635.607177734375,731.2984008789062,843.619873046875,-1,-1,-1,-1
266,23,-265.9980773925781,602.3870849609375,713.7247314453125,863.778564453125,-1,-1,-1,-1
267,23,-276.5404968261719,581.73779296875,702.9066772460938,875.46240234375,-1,-1,-1,-1
268,23,-297.6298828125,534.9542846679688,747.6023559570312,933.1444702148438,-1,-1,-1,-1
269,23,-314.0071716308594,517.058837890625,758.4900512695312,961.86962890625,-1,-1,-1,-1
270,23,-287.5036926269531,481.22601318359375,749.0401611328125,987.3682250976562,-1,-1,-1,-1
284,24,730.854248046875,556.408203125,76.7744140625,171.30181884765625,-1,-1,-1,-1
285,24,727.2486572265625,565.6026000976562,82.19970703125,184.125244140625,-1,-1,-1,-1
286,24,716.8382568359375,558.1463623046875,89.02935791015625,193.2340087890625,-1,-1,-1,-1
287,24,698.5741577148438,550.350830078125,91.36260986328125,194.17022705078125,-1,-1,-1,-1
288,24,675.7568969726562,565.7271728515625,90.91595458984375,179.853515625,-1,-1,-1,-1
289,24,682.4495849609375,580.1158447265625,95.21649169921875,185.201171875,-1,-1,-1,-1
290,24,688.2366943359375,578.397216796875,90.1337890625,173.87725830078125,-1,-1,-1,-1
291,24,685.7933959960938,561.8483276367188,91.60699462890625,179.29876708984375,-1,-1,-1,-1
292,24,683.2781372070312,550.0551147460938,90.06884765625,182.5687255859375,-1,-1,-1,-1
293,24,679.8419799804688,546.84814453125,85.635498046875,180.9984130859375,-1,-1,-1,-1
294,24,673.1961669921875,559.0787963867188,89.3751220703125,179.69989013671875,-1,-1,-1,-1
295,24,670.2924194335938,566.0475463867188,97.40625,186.49896240234375,-1,-1,-1,-1
296,24,666.218994140625,584.4026489257812,97.96453857421875,181.052001953125,-1,-1,-1,-1
297,24,665.660888671875,578.5695190429688,98.71868896484375,186.639892578125,-1,-1,-1,-1
298,24,665.2947998046875,556.966064453125,110.11273193359375,203.14837646484375,-1,-1,-1,-1
299,24,656.58349609375,567.2936401367188,100.1016845703125,193.75762939453125,-1,-1,-1,-1
300,24,641.4603881835938,585.397705078125,111.08953857421875,178.3204345703125,-1,-1,-1,-1
301,24,640.8308715820312,568.7227783203125,109.552001953125,183.471923828125,-1,-1,-1,-1
302,24,641.3778076171875,551.2222900390625,103.58642578125,184.1951904296875,-1,-1,-1,-1
303,24,639.9097290039062,530.6209716796875,108.09893798828125,199.005126953125,-1,-1,-1,-1
304,24,633.9035034179688,521.0040283203125,111.26348876953125,207.46734619140625,-1,-1,-1,-1
305,24,642.0242919921875,527.9168701171875,98.212646484375,195.59161376953125,-1,-1,-1,-1
306,24,652.5611572265625,535.6048583984375,83.99786376953125,179.20501708984375,-1,-1,-1,-1
307,24,669.3824462890625,544.4342041015625,87.531494140625,176.33245849609375,-1,-1,-1,-1
308,24,679.7716674804688,550.8038940429688,84.70123291015625,184.047607421875,-1,-1,-1,-1
309,24,682.2893676757812,545.3106079101562,101.25909423828125,201.09820556640625,-1,-1,-1,-1
310,24,688.268310546875,533.7994384765625,125.7249755859375,280.466064453125,-1,-1,-1,-1
311,24,684.8814697265625,514.572509765625,165.4593505859375,368.44378662109375,-1,-1,-1,-1
286,25,-76.7872314453125,544.1435546875,156.60162353515625,379.0130615234375,-1,-1,-1,-1
287,25,-73.08042907714844,579.2991333007812,149.18661499023438,374.03802490234375,-1,-1,-1,-1
288,25,-96.00102996826172,606.67333984375,195.026611328125,366.99639892578125,-1,-1,-1,-1
289,25,-108.43888092041016,589.099609375,219.90274047851562,428.29888916015625,-1,-1,-1,-1
290,25,-101.01343536376953,590.63525390625,205.87026977539062,414.556396484375,-1,-1,-1,-1
291,25,-82.6845474243164,580.725341796875,197.00241088867188,412.3787841796875,-1,-1,-1,-1
292,25,-82.03993225097656,549.0921020507812,201.19216918945312,428.23040771484375,-1,-1,-1,-1
293,25,-53.416465759277344,552.0137939453125,173.97018432617188,429.793212890625,-1,-1,-1,-1
294,25,-53.05748748779297,551.772705078125,171.4769744873047,441.95013427734375,-1,-1,-1,-1
295,25,-37.088748931884766,551.73876953125,167.0655059814453,448.52392578125,-1,-1,-1,-1
296,25,-42.12413024902344,560.7803344726562,205.33453369140625,453.71673583984375,-1,-1,-1,-1
297,25,-7.287755012512207,557.3853759765625,202.4755859375,455.9432373046875,-1,-1,-1,-1
298,25,-3.3788681030273438,560.5330200195312,217.46527099609375,456.6929931640625,-1,-1,-1,-1
299,25,-1.1483745574951172,591.8138427734375,214.3971710205078,452.486083984375,-1,-1,-1,-1
300,25,-2.1844921112060547,610.1571655273438,200.287841796875,449.49725341796875,-1,-1,-1,-1
301,25,-2.877730369567871,591.53857421875,202.22120666503906,454.4818115234375,-1,-1,-1,-1
302,25,-0.48555850982666016,583.8792114257812,210.9022216796875,447.00775146484375,-1,-1,-1,-1
303,25,-1.9722185134887695,586.693603515625,212.1204376220703,446.137939453125,-1,-1,-1,-1
304,25,-2.220484733581543,585.0482177734375,209.04542541503906,447.325927734375,-1,-1,-1,-1
305,25,-1.4844770431518555,571.1705322265625,214.36314392089844,449.027099609375,-1,-1,-1,-1
306,25,1.8258790969848633,549.4315795898438,213.80462646484375,453.03033447265625,-1,-1,-1,-1
307,25,9.328604698181152,545.3148193359375,218.0017547607422,454.6307373046875,-1,-1,-1,-1
308,25,16.242450714111328,553.6268920898438,219.07992553710938,456.5946044921875,-1,-1,-1,-1
309,25,22.43265724182129,548.6082763671875,220.3717498779297,455.55078125,-1,-1,-1,-1
310,25,32.1274299621582,532.8304443359375,221.94178771972656,452.91424560546875,-1,-1,-1,-1
311,25,35.956565856933594,513.9495849609375,222.1680908203125,450.9298095703125,-1,-1,-1,-1
312,25,37.73466110229492,499.04119873046875,230.7222442626953,447.76123046875,-1,-1,-1,-1
313,25,34.824462890625,500.2300720214844,236.67202758789062,447.2010803222656,-1,-1,-1,-1
314,25,30.515472412109375,506.27203369140625,244.92233276367188,449.144775390625,-1,-1,-1,-1
315,25,32.004417419433594,516.0490112304688,243.96597290039062,443.31024169921875,-1,-1,-1,-1
316,25,40.41090393066406,508.4083251953125,246.25172424316406,445.51458740234375,-1,-1,-1,-1
317,25,54.78509521484375,496.11175537109375,246.38058471679688,440.86846923828125,-1,-1,-1,-1
318,25,69.30210876464844,475.61376953125,254.48460388183594,440.52337646484375,-1,-1,-1,-1
319,25,81.96163940429688,457.6414489746094,259.2468566894531,442.1252746582031,-1,-1,-1,-1
320,25,98.7509765625,458.2321472167969,262.1515808105469,439.3553771972656,-1,-1,-1,-1
321,25,104.24921417236328,484.277587890625,263.09783935546875,437.29705810546875,-1,-1,-1,-1
322,25,118.96694946289062,486.52020263671875,254.09420776367188,433.74951171875,-1,-1,-1,-1
323,25,171.32847595214844,470.2861328125,237.30125427246094,421.9578857421875,-1,-1,-1,-1
324,25,226.17735290527344,461.22509765625,212.50416564941406,415.81719970703125,-1,-1,-1,-1
325,25,257.7590026855469,466.64788818359375,189.15545654296875,408.44061279296875,-1,-1,-1,-1
326,25,279.63433837890625,460.8363037109375,176.24032592773438,409.49139404296875,-1,-1,-1,-1
327,25,307.66522216796875,453.1534423828125,164.11691284179688,403.47625732421875,-1,-1,-1,-1
328,25,325.94219970703125,456.0342712402344,149.87954711914062,401.9814758300781,-1,-1,-1,-1
329,25,333.39190673828125,461.3403015136719,140.99105834960938,400.5332336425781,-1,-1,-1,-1
330,25,333.5301513671875,457.69580078125,137.74853515625,400.6102294921875,-1,-1,-1,-1
331,25,345.02227783203125,453.3957824707031,136.59588623046875,398.0599670410156,-1,-1,-1,-1
332,25,351.75634765625,455.47955322265625,141.32510375976562,382.41766357421875,-1,-1,-1,-1
333,25,332.30902099609375,465.28875732421875,151.09588623046875,366.98944091796875,-1,-1,-1,-1
334,25,326.05023193359375,485.6184387207031,152.12017822265625,356.9888000488281,-1,-1,-1,-1
335,25,340.47283935546875,493.4007263183594,163.73507690429688,356.5566101074219,-1,-1,-1,-1
336,25,361.29852294921875,489.4227600097656,177.90020751953125,350.9550476074219,-1,-1,-1,-1
337,25,376.647216796875,477.88507080078125,165.94232177734375,347.55267333984375,-1,-1,-1,-1
338,25,382.6158752441406,491.365966796875,151.67794799804688,340.760498046875,-1,-1,-1,-1
339,25,394.301025390625,516.5892333984375,141.28985595703125,326.26318359375,-1,-1,-1,-1
340,25,412.7506408691406,520.7706909179688,126.84140014648438,307.556396484375,-1,-1,-1,-1
341,25,431.3433532714844,523.1493530273438,124.27310180664062,294.67242431640625,-1,-1,-1,-1
342,25,448.57391357421875,524.7217407226562,130.62725830078125,289.36016845703125,-1,-1,-1,-1
343,25,462.6476135253906,524.557373046875,120.37619018554688,284.9427490234375,-1,-1,-1,-1
344,25,472.5074768066406,519.63671875,122.97659301757812,276.4381103515625,-1,-1,-1,-1
345,25,484.67132568359375,515.5142211914062,115.7176513671875,265.86871337890625,-1,-1,-1,-1
346,25,500.23712158203125,500.4991455078125,115.38330078125,259.44268798828125,-1,-1,-1,-1
347,25,509.9084167480469,492.591796875,118.98892211914062,256.44989013671875,-1,-1,-1,-1
348,25,519.5588989257812,503.416259765625,119.94189453125,248.89593505859375,-1,-1,-1,-1
349,25,526.885986328125,511.9446716308594,119.4144287109375,244.57223510742188,-1,-1,-1,-1
350,25,526.9226684570312,501.8598937988281,123.193603515625,247.40420532226562,-1,-1,-1,-1
351,25,521.2051391601562,493.44384765625,134.99932861328125,249.6744384765625,-1,-1,-1,-1
352,25,501.3180847167969,488.2317199707031,132.41622924804688,258.0602722167969,-1,-1,-1,-1
353,25,483.24652099609375,502.30267333984375,139.51025390625,260.808349609375,-1,-1,-1,-1
354,25,469.1313171386719,504.20806884765625,135.86575317382812,261.61407470703125,-1,-1,-1,-1
355,25,472.3226318359375,508.79022216796875,126.1497802734375,265.86676025390625,-1,-1,-1,-1
356,25,464.5272216796875,506.90557861328125,125.579345703125,268.56109619140625,-1,-1,-1,-1
357,25,442.37310791015625,509.2577819824219,148.34393310546875,271.5315856933594,-1,-1,-1,-1
358,25,405.6419982910156,527.3521728515625,177.23995971679688,272.736328125,-1,-1,-1,-1
359,25,362.0539855957031,544.00244140625,183.13595581054688,279.31683349609375,-1,-1,-1,-1
360,25,335.9720764160156,558.8621215820312,209.37667846679688,281.04962158203125,-1,-1,-1,-1
361,25,350.9803771972656,552.71044921875,246.77621459960938,276.0616455078125,-1,-1,-1,-1
362,25,362.346923828125,552.6953735351562,243.75732421875,277.6517333984375,-1,-1,-1,-1
363,25,319.11590576171875,584.5867919921875,241.81903076171875,279.04791259765625,-1,-1,-1,-1
364,25,215.66281127929688,604.3763427734375,293.10491943359375,295.56805419921875,-1,-1,-1,-1
365,25,185.9917755126953,588.3336181640625,316.05279541015625,308.30889892578125,-1,-1,-1,-1
366,25,229.03085327148438,559.1546020507812,293.5957946777344,308.13201904296875,-1,-1,-1,-1
367,25,189.09780883789062,543.7738037109375,284.842041015625,319.75225830078125,-1,-1,-1,-1
368,25,117.06245422363281,531.5966186523438,300.6109619140625,333.3660888671875,-1,-1,-1,-1
369,25,75.34659576416016,522.7063598632812,285.5715637207031,346.56182861328125,-1,-1,-1,-1
370,25,18.308979034423828,480.4713134765625,271.7879638671875,373.91876220703125,-1,-1,-1,-1
371,25,-5.446361541748047,493.5871276855469,261.5043029785156,395.3887634277344,-1,-1,-1,-1
314,26,743.4826049804688,545.6309204101562,72.85113525390625,179.6702880859375,-1,-1,-1,-1
315,26,744.96875,561.0716552734375,76.46270751953125,175.9005126953125,-1,-1,-1,-1
316,26,757.3795166015625,568.9076538085938,74.388916015625,172.21533203125,-1,-1,-1,-1
317,26,767.3839721679688,570.395751953125,80.50042724609375,169.3338623046875,-1,-1,-1,-1
318,26,781.6018676757812,569.7144775390625,81.8653564453125,168.28118896484375,-1,-1,-1,-1
319,26,776.7273559570312,545.0626831054688,106.9013671875,193.04876708984375,-1,-1,-1,-1
320,26,803.9436645507812,558.9139404296875,90.7550048828125,182.646484375,-1,-1,-1,-1
321,26,808.8566284179688,567.7431640625,87.55438232421875,178.7423095703125,-1,-1,-1,-1
322,26,809.4632568359375,570.2407836914062,84.179443359375,166.86187744140625,-1,-1,-1,-1
323,26,831.377197265625,545.210205078125,84.70904541015625,168.26763916015625,-1,-1,-1,-1
324,26,854.0062255859375,538.6323852539062,88.449951171875,170.15380859375,-1,-1,-1,-1
325,26,867.4599609375,542.6695556640625,84.53631591796875,164.935791015625,-1,-1,-1,-1
326,26,873.55810546875,537.7201538085938,83.93621826171875,165.78936767578125,-1,-1,-1,-1
327,26,888.248046875,527.7526245117188,80.403076171875,165.77337646484375,-1,-1,-1,-1
328,26,888.2332763671875,527.1703491210938,81.89166259765625,165.016845703125,-1,-1,-1,-1
329,26,878.5453491210938,532.4281005859375,82.84417724609375,164.1822509765625,-1,-1,-1,-1
330,26,866.06201171875,530.3161010742188,84.08154296875,162.7255859375,-1,-1,-1,-1
331,26,860.2197265625,536.8236083984375,86.87811279296875,163.6004638671875,-1,-1,-1,-1
332,26,847.14697265625,534.3921508789062,89.1861572265625,160.47216796875,-1,-1,-1,-1
333,26,822.4887084960938,524.6332397460938,88.4771728515625,158.424072265625,-1,-1,-1,-1
334,26,801.2862548828125,524.7864990234375,85.1820068359375,157.09423828125,-1,-1,-1,-1
335,26,803.25927734375,516.6238403320312,82.98809814453125,159.1353759765625,-1,-1,-1,-1
336,26,808.32080078125,505.9744567871094,83.110107421875,157.78683471679688,-1,-1,-1,-1
337,26,806.2603759765625,505.23602294921875,81.149658203125,151.51605224609375,-1,-1,-1,-1
338,26,796.1063232421875,520.59912109375,80.2454833984375,149.52142333984375,-1,-1,-1,-1
339,26,792.5408325195312,537.651611328125,79.28924560546875,148.38433837890625,-1,-1,-1,-1
340,26,796.8248291015625,550.4490966796875,77.99627685546875,143.3045654296875,-1,-1,-1,-1
341,26,804.4552612304688,555.835205078125,79.16204833984375,143.9619140625,-1,-1,-1,-1
342,26,813.8502197265625,562.110107421875,77.340576171875,141.75439453125,-1,-1,-1,-1
343,26,819.8999633789062,566.9164428710938,78.60101318359375,143.40142822265625,-1,-1,-1,-1
344,26,824.0050048828125,569.9795532226562,78.97735595703125,145.61370849609375,-1,-1,-1,-1
345,26,827.408935546875,575.0084228515625,79.42950439453125,145.71661376953125,-1,-1,-1,-1
346,26,834.1614379882812,566.4332275390625,81.735107421875,146.04339599609375,-1,-1,-1,-1
347,26,839.806884765625,557.8469848632812,83.095703125,146.5780029296875,-1,-1,-1,-1
348,26,847.8389282226562,559.880615234375,83.406005859375,148.981689453125,-1,-1,-1,-1
349,26,856.3524780273438,564.2352905273438,83.8343505859375,148.52508544921875,-1,-1,-1,-1
350,26,858.837890625,555.4398193359375,85.84161376953125,148.9215087890625,-1,-1,-1,-1
351,26,855.7959594726562,548.3328857421875,85.86846923828125,147.98309326171875,-1,-1,-1,-1
352,26,840.2009887695312,541.3988647460938,83.87615966796875,150.47467041015625,-1,-1,-1,-1
353,26,825.1497802734375,558.5394897460938,82.38836669921875,149.25421142578125,-1,-1,-1,-1
354,26,817.6768798828125,564.412353515625,84.42401123046875,152.10540771484375,-1,-1,-1,-1
355,26,830.3035278320312,573.345703125,86.81610107421875,158.66314697265625,-1,-1,-1,-1
356,26,838.8348999023438,567.0385131835938,88.8487548828125,169.34716796875,-1,-1,-1,-1
357,26,847.0242309570312,570.9228515625,87.78173828125,165.618896484375,-1,-1,-1,-1
358,26,841.1585693359375,589.4969482421875,86.7760009765625,162.7452392578125,-1,-1,-1,-1
359,26,830.7205200195312,590.140380859375,88.51239013671875,158.9742431640625,-1,-1,-1,-1
360,26,835.942138671875,577.605224609375,91.56134033203125,161.36614990234375,-1,-1,-1,-1
361,26,869.0953369140625,581.5260009765625,91.0926513671875,165.86480712890625,-1,-1,-1,-1
362,26,898.4931640625,582.4213256835938,95.79376220703125,171.5665283203125,-1,-1,-1,-1
363,26,882.2747802734375,615.4287109375,94.2689208984375,165.654296875,-1,-1,-1,-1
364,26,799.6402587890625,590.1964111328125,129.25604248046875,164.67376708984375,-1,-1,-1,-1
365,26,819.8568115234375,558.9613647460938,112.86260986328125,166.260009765625,-1,-1,-1,-1
366,26,879.514892578125,545.4041748046875,108.32989501953125,177.79229736328125,-1,-1,-1,-1
367,26,866.3060913085938,544.8936767578125,110.37646484375,183.12286376953125,-1,-1,-1,-1
368,26,838.961181640625,528.5396118164062,111.68212890625,186.79400634765625,-1,-1,-1,-1
369,26,829.1870727539062,533.2289428710938,113.5396728515625,190.8409423828125,-1,-1,-1,-1
370,26,804.6666259765625,507.2369079589844,110.6397705078125,199.39291381835938,-1,-1,-1,-1
371,26,796.595458984375,525.8886108398438,114.290771484375,203.7860107421875,-1,-1,-1,-1
