1,1,545.9331665039062,496.56378173828125,105.3583984375,277.2301025390625,-1,-1,-1,-1
2,1,554.1409301757812,488.2262268066406,103.4127197265625,278.4286804199219,-1,-1,-1,-1
3,1,545.4706420898438,478.7400207519531,103.78997802734375,288.1446838378906,-1,-1,-1,-1
4,1,500.3684997558594,468.4310302734375,109.61770629882812,297.99072265625,-1,-1,-1,-1
5,1,388.3562316894531,459.58648681640625,122.96560668945312,317.22607421875,-1,-1,-1,-1
6,1,214.82940673828125,459.3463439941406,162.046875,337.7574157714844,-1,-1,-1,-1
7,1,326.2798156738281,492.4134521484375,195.82101440429688,273.78155517578125,-1,-1,-1,-1
13,1,493.0292053222656,499.1338195800781,113.54428100585938,155.83261108398438,-1,-1,-1,-1
4,2,1284.6859130859375,405.51239013671875,149.0968017578125,325.36956787109375,-1,-1,-1,-1
5,2,1159.5943603515625,379.273193359375,193.8309326171875,336.468017578125,-1,-1,-1,-1
6,2,992.103759765625,360.1768798828125,178.8641357421875,308.0877685546875,-1,-1,-1,-1
7,2,837.04931640625,353.3875732421875,169.240966796875,291.0234375,-1,-1,-1,-1
8,2,732.4424438476562,348.8526306152344,157.32586669921875,285.3272399902344,-1,-1,-1,-1
9,2,681.17041015625,344.4180603027344,154.6510009765625,284.5124816894531,-1,-1,-1,-1
10,2,677.097900390625,337.6737976074219,156.25384521484375,287.3124694824219,-1,-1,-1,-1
11,2,732.427734375,324.469970703125,150.8194580078125,289.3646240234375,-1,-1,-1,-1
12,2,836.8242797851562,332.2755432128906,156.98895263671875,291.9804382324219,-1,-1,-1,-1
13,2,968.176025390625,324.3839111328125,166.4937744140625,306.786865234375,-1,-1,-1,-1
14,2,1068.9732666015625,316.03131103515625,172.3375244140625,323.136962890625,-1,-1,-1,-1
15,2,1111.9552001953125,331.072021484375,170.2333984375,327.91619873046875,-1,-1,-1,-1
16,2,1116.823974609375,362.8814392089844,171.796630859375,330.8467712402344,-1,-1,-1,-1
17,2,1115.2706298828125,390.5057678222656,174.7066650390625,328.6604919433594,-1,-1,-1,-1
18,2,1107.396240234375,406.2311096191406,180.7501220703125,325.9706115722656,-1,-1,-1,-1
19,2,1087.9921875,430.02972412109375,183.21923828125,320.20758056640625,-1,-1,-1,-1
20,2,1052.443603515625,461.92901611328125,182.58642578125,313.09661865234375,-1,-1,-1,-1
21,2,1002.929443359375,479.1399230957031,186.9957275390625,302.9621887207031,-1,-1,-1,-1
22,2,972.620849609375,470.1185302734375,184.144775390625,296.98150634765625,-1,-1,-1,-1
23,2,971.2469482421875,435.685546875,179.5179443359375,299.53564453125,-1,-1,-1,-1
24,2,958.8648071289062,418.4512634277344,172.00250244140625,294.2648010253906,-1,-1,-1,-1
25,2,901.304443359375,408.6404113769531,160.358154296875,286.2776184082031,-1,-1,-1,-1
26,2,821.1935424804688,401.8291015625,148.87127685546875,275.210693359375,-1,-1,-1,-1
27,2,742.9814453125,387.1601867675781,137.47259521484375,271.8609924316406,-1,-1,-1,-1
28,2,681.7770385742188,381.80401611328125,133.09075927734375,272.19769287109375,-1,-1,-1,-1
29,2,643.4263305664062,353.9025573730469,131.39666748046875,274.5035705566406,-1,-1,-1,-1
30,2,630.3453369140625,324.838134765625,131.00738525390625,278.4261474609375,-1,-1,-1,-1
31,2,637.0064697265625,327.6444396972656,132.1729736328125,274.0628967285156,-1,-1,-1,-1
32,2,679.7407836914062,343.242919921875,136.9632568359375,267.88946533203125,-1,-1,-1,-1
33,2,771.2861938476562,360.2385559082031,140.37786865234375,263.4745788574219,-1,-1,-1,-1
34,2,831.6746215820312,372.6381530761719,160.91021728515625,259.6560974121094,-1,-1,-1,-1
35,2,869.7220458984375,385.3182067871094,175.3480224609375,256.6447448730469,-1,-1,-1,-1
36,2,890.2354125976562,389.1195068359375,182.96649169921875,253.74993896484375,-1,-1,-1,-1
37,2,906.2069702148438,397.1463623046875,183.64154052734375,248.6412353515625,-1,-1,-1,-1
38,2,904.21435546875,404.1965637207031,184.232666015625,251.30343627929688,-1,-1,-1,-1
39,2,906.8842163085938,408.4355163574219,184.14385986328125,256.7308044433594,-1,-1,-1,-1
40,2,919.2124633789062,407.704345703125,158.55035400390625,259.346923828125,-1,-1,-1,-1
41,2,925.70654296875,404.38433837890625,137.8338623046875,264.55377197265625,-1,-1,-1,-1
42,2,917.3215942382812,409.6800537109375,124.80853271484375,265.82598876953125,-1,-1,-1,-1
43,2,887.6534423828125,420.1043395996094,135.4891357421875,262.5547180175781,-1,-1,-1,-1
44,2,836.0776977539062,421.9552307128906,154.79351806640625,253.67959594726562,-1,-1,-1,-1
45,2,798.3404541015625,416.48406982421875,153.55853271484375,243.70355224609375,-1,-1,-1,-1
46,2,772.6524658203125,432.1377868652344,154.0081787109375,234.27590942382812,-1,-1,-1,-1
47,2,752.5712890625,440.2550048828125,154.3599853515625,227.2696533203125,-1,-1,-1,-1
48,2,740.6678466796875,441.1809387207031,153.70574951171875,225.07339477539062,-1,-1,-1,-1
49,2,728.8265380859375,437.2066345214844,153.23858642578125,228.16970825195312,-1,-1,-1,-1
50,2,706.2454223632812,437.82861328125,154.0994873046875,229.229248046875,-1,-1,-1,-1
51,2,680.5476684570312,439.7071228027344,151.958984375,229.99026489257812,-1,-1,-1,-1
52,2,651.9576416015625,437.1015930175781,150.9229736328125,235.39285278320312,-1,-1,-1,-1
53,2,626.1348876953125,435.0113220214844,152.226806640625,237.57217407226562,-1,-1,-1,-1
54,2,600.539306640625,430.7345275878906,154.51104736328125,238.67721557617188,-1,-1,-1,-1
55,2,571.3458862304688,439.1392517089844,162.62115478515625,233.85317993164062,-1,-1,-1,-1
56,2,549.7650756835938,447.0500793457031,165.32916259765625,230.19155883789062,-1,-1,-1,-1
57,2,539.4483642578125,456.34210205078125,168.30419921875,222.19110107421875,-1,-1,-1,-1
58,2,531.46826171875,463.67559814453125,178.0592041015625,219.13787841796875,-1,-1,-1,-1
59,2,522.8958129882812,467.2458190917969,180.668701171875,213.13796997070312,-1,-1,-1,-1
60,2,528.0203857421875,469.2357177734375,192.994140625,214.17755126953125,-1,-1,-1,-1
61,2,548.5223999023438,478.4486389160156,204.54949951171875,217.11386108398438,-1,-1,-1,-1
62,2,581.212890625,491.7801513671875,203.19854736328125,211.943359375,-1,-1,-1,-1
63,2,607.9740600585938,513.3220825195312,194.30682373046875,196.32489013671875,-1,-1,-1,-1
64,2,626.78173828125,508.8329162597656,187.678466796875,195.92959594726562,-1,-1,-1,-1
65,2,636.8560791015625,504.1182861328125,176.1209716796875,200.452392578125,-1,-1,-1,-1
66,2,646.5977783203125,499.370849609375,175.30841064453125,203.08575439453125,-1,-1,-1,-1
67,2,652.7145385742188,494.1368713378906,172.78759765625,212.29745483398438,-1,-1,-1,-1
68,2,651.6256103515625,506.14019775390625,164.03802490234375,179.66339111328125,-1,-1,-1,-1
69,2,653.6415405273438,579.0812377929688,47.80535888671875,108.36181640625,-1,-1,-1,-1
70,2,462.95404052734375,606.679931640625,91.0345458984375,143.796142578125,-1,-1,-1,-1
7,3,40.183250427246094,465.13958740234375,197.49136352539062,359.48992919921875,-1,-1,-1,-1
8,3,104.76217651367188,466.8771667480469,346.35223388671875,367.5786437988281,-1,-1,-1,-1
12,3,350.4114990234375,466.4898681640625,196.4407958984375,294.519287109375,-1,-1,-1,-1
7,4,1273.479736328125,374.87347412109375,159.89404296875,465.276123046875,-1,-1,-1,-1
8,4,1148.9676513671875,316.2593994140625,213.4967041015625,494.68603515625,-1,-1,-1,-1
9,4,1086.33203125,299.35443115234375,210.221923828125,490.4578857421875,-1,-1,-1,-1
10,4,1083.4827880859375,287.8462829589844,199.8822021484375,490.7351379394531,-1,-1,-1,-1
11,4,1136.3836669921875,272.97955322265625,204.094482421875,509.36285400390625,-1,-1,-1,-1
12,4,1250.5447998046875,316.702880859375,167.7235107421875,481.1522216796875,-1,-1,-1,-1
8,5,-83.49187469482422,488.38226318359375,226.094482421875,360.02093505859375,-1,-1,-1,-1
9,5,-95.35848236083984,529.6815795898438,198.97996520996094,340.25946044921875,-1,-1,-1,-1
10,5,-96.53738403320312,494.03314208984375,220.75775146484375,377.72454833984375,-1,-1,-1,-1
11,5,-9.55599308013916,484.8318176269531,203.28121948242188,352.6814880371094,-1,-1,-1,-1
12,5,115.18162536621094,465.4073486328125,195.29075622558594,335.34478759765625,-1,-1,-1,-1
13,5,280.39569091796875,454.2769775390625,166.96554565429688,318.07794189453125,-1,-1,-1,-1
14,5,394.4959411621094,454.83843994140625,147.60061645507812,306.26129150390625,-1,-1,-1,-1
15,5,451.4365234375,462.8913269042969,132.0467529296875,302.1024475097656,-1,-1,-1,-1
16,5,470.4398193359375,474.823974609375,140.34564208984375,299.88433837890625,-1,-1,-1,-1
17,5,482.44940185546875,478.9909973144531,159.13037109375,301.9362487792969,-1,-1,-1,-1
18,5,486.93798828125,489.26092529296875,168.91650390625,296.11712646484375,-1,-1,-1,-1
19,5,483.0721130371094,508.7186279296875,166.36514282226562,296.449951171875,-1,-1,-1,-1
20,5,462.85992431640625,530.2257080078125,157.7919921875,294.369873046875,-1,-1,-1,-1
21,5,430.24273681640625,528.8171997070312,148.0692138671875,294.726318359375,-1,-1,-1,-1
22,5,411.2137451171875,506.6127014160156,143.9176025390625,300.3866882324219,-1,-1,-1,-1
23,5,415.78070068359375,481.84490966796875,141.75640869140625,303.41864013671875,-1,-1,-1,-1
24,5,403.1081848144531,472.5082702636719,146.61355590820312,313.3386535644531,-1,-1,-1,-1
25,5,341.9082336425781,467.7344970703125,157.38150024414062,334.7083740234375,-1,-1,-1,-1
26,5,250.4315643310547,447.62762451171875,169.05503845214844,364.77874755859375,-1,-1,-1,-1
27,5,148.38719177246094,419.8677673339844,180.8157196044922,397.7186584472656,-1,-1,-1,-1
28,5,69.37939453125,419.963623046875,187.69859313964844,416.10906982421875,-1,-1,-1,-1
29,5,24.021778106689453,416.8006286621094,191.30442810058594,422.6325988769531,-1,-1,-1,-1
30,5,13.380790710449219,414.5373840332031,192.97686767578125,416.9764099121094,-1,-1,-1,-1
31,5,25.470523834228516,425.0216979980469,195.8977508544922,410.3889465332031,-1,-1,-1,-1
32,5,83.98137664794922,424.6719665527344,197.08633422851562,401.1510314941406,-1,-1,-1,-1
33,5,211.92056274414062,432.8040466308594,182.36801147460938,378.5146789550781,-1,-1,-1,-1
34,5,309.7373046875,436.2771301269531,168.3883056640625,368.2801818847656,-1,-1,-1,-1
35,5,366.8178405761719,437.80169677734375,161.28005981445312,365.73193359375,-1,-1,-1,-1
36,5,396.6947326660156,429.8087463378906,160.14938354492188,363.9292297363281,-1,-1,-1,-1
37,5,416.0934753417969,426.56298828125,164.98983764648438,364.7161865234375,-1,-1,-1,-1
38,5,421.64080810546875,436.1810302734375,177.1456298828125,365.68963623046875,-1,-1,-1,-1
39,5,430.1155700683594,447.2882080078125,176.02243041992188,362.264404296875,-1,-1,-1,-1
40,5,448.48248291015625,449.9052429199219,169.07513427734375,359.3860778808594,-1,-1,-1,-1
41,5,463.3814392089844,456.578369140625,159.43624877929688,358.0931396484375,-1,-1,-1,-1
42,5,467.8695983886719,464.4698486328125,148.88772583007812,358.11236572265625,-1,-1,-1,-1
43,5,454.946533203125,462.3081359863281,148.5399169921875,358.8962707519531,-1,-1,-1,-1
44,5,426.61334228515625,456.73480224609375,151.85101318359375,359.93353271484375,-1,-1,-1,-1
45,5,385.9942932128906,447.65435791015625,161.87435913085938,362.56524658203125,-1,-1,-1,-1
46,5,360.9496765136719,457.45587158203125,162.37368774414062,361.37896728515625,-1,-1,-1,-1
47,5,338.2510681152344,462.3983459472656,167.61099243164062,362.8794860839844,-1,-1,-1,-1
48,5,329.9606018066406,461.84808349609375,163.8634033203125,362.19244384765625,-1,-1,-1,-1
49,5,326.17291259765625,463.1546630859375,156.91049194335938,363.4154052734375,-1,-1,-1,-1
50,5,308.1211853027344,468.98419189453125,151.21347045898438,367.04632568359375,-1,-1,-1,-1
51,5,283.0462646484375,473.54730224609375,151.93301391601562,370.3572998046875,-1,-1,-1,-1
52,5,257.70819091796875,475.5747375488281,148.38742065429688,381.0864562988281,-1,-1,-1,-1
53,5,229.16171264648438,477.805908203125,147.02569580078125,387.286865234375,-1,-1,-1,-1
54,5,195.81301879882812,481.69091796875,181.83767700195312,379.2401123046875,-1,-1,-1,-1
55,5,157.03317260742188,484.0805358886719,229.50558471679688,369.5290222167969,-1,-1,-1,-1
56,5,151.65835571289062,483.03607177734375,217.64834594726562,356.85906982421875,-1,-1,-1,-1
57,5,163.8543243408203,485.0079650878906,212.6702423095703,347.9599304199219,-1,-1,-1,-1
58,5,174.67921447753906,486.4698486328125,223.8641815185547,358.43670654296875,-1,-1,-1,-1
59,5,184.94793701171875,487.6318359375,208.476318359375,357.2335205078125,-1,-1,-1,-1
60,5,200.4140625,497.4647216796875,195.29977416992188,350.74481201171875,-1,-1,-1,-1
61,5,237.2870635986328,512.5110778808594,177.5454559326172,345.1310119628906,-1,-1,-1,-1
62,5,286.9522705078125,521.8391723632812,173.86822509765625,339.96234130859375,-1,-1,-1,-1
63,5,331.2953186035156,527.0266723632812,161.9805908203125,332.398193359375,-1,-1,-1,-1
64,5,356.4764709472656,517.0977172851562,172.18594360351562,332.37982177734375,-1,-1,-1,-1
65,5,363.1659240722656,509.16375732421875,172.94961547851562,335.53216552734375,-1,-1,-1,-1
66,5,371.9138488769531,497.7884826660156,167.22390747070312,337.2697448730469,-1,-1,-1,-1
67,5,384.75189208984375,493.13531494140625,158.25897216796875,342.38720703125,-1,-1,-1,-1
68,5,392.6805114746094,499.234375,164.12789916992188,336.5302734375,-1,-1,-1,-1
69,5,398.44317626953125,485.82598876953125,160.477294921875,353.41046142578125,-1,-1,-1,-1
70,5,401.45086669921875,484.72503662109375,157.34625244140625,354.096923828125,-1,-1,-1,-1
71,5,391.53826904296875,517.4393310546875,146.10711669921875,317.02691650390625,-1,-1,-1,-1
25,6,1260.75830078125,281.9010925292969,297.361572265625,641.706787109375,-1,-1,-1,-1
26,6,1173.4208984375,356.86297607421875,247.4552001953125,656.7391357421875,-1,-1,-1,-1
27,6,1068.740966796875,334.4323425292969,248.1334228515625,638.049560546875,-1,-1,-1,-1
28,6,1002.7904663085938,323.6886901855469,233.29522705078125,623.2122802734375,-1,-1,-1,-1
29,6,960.4671020507812,291.5355224609375,223.13922119140625,613.6219482421875,-1,-1,-1,-1
30,6,943.058349609375,256.2292175292969,225.4052734375,611.8287353515625,-1,-1,-1,-1
31,6,949.016845703125,251.91055297851562,223.9603271484375,612.655517578125,-1,-1,-1,-1
32,6,996.8540649414062,268.9418640136719,232.80975341796875,613.9591064453125,-1,-1,-1,-1
33,6,1105.05908203125,290.9928894042969,238.35986328125,627.73828125,-1,-1,-1,-1
34,6,1201.899658203125,319.0946960449219,211.645263671875,538.687255859375,-1,-1,-1,-1
35,6,1264.739501953125,358.2220458984375,180.066162109375,511.34698486328125,-1,-1,-1,-1
36,6,1284.0936279296875,325.1955871582031,215.0252685546875,548.2879638671875,-1,-1,-1,-1
37,6,1296.2388916015625,348.4526672363281,216.578125,522.0025634765625,-1,-1,-1,-1
38,6,1290.289306640625,346.3320007324219,214.84130859375,522.6077880859375,-1,-1,-1,-1
39,6,1293.6219482421875,357.755615234375,216.4005126953125,522.07958984375,-1,-1,-1,-1
40,6,1305.5755615234375,359.7840270996094,207.04443359375,525.2481689453125,-1,-1,-1,-1
41,6,1311.263671875,371.3194885253906,196.1859130859375,520.99267578125,-1,-1,-1,-1
42,6,1311.96826171875,379.307373046875,193.9295654296875,524.9274291992188,-1,-1,-1,-1
43,6,1293.767578125,389.55810546875,203.940185546875,529.7340698242188,-1,-1,-1,-1
44,6,1267.443603515625,403.8792419433594,160.861572265625,507.8863830566406,-1,-1,-1,-1
45,6,1215.8719482421875,367.5741271972656,194.02099609375,521.075439453125,-1,-1,-1,-1
46,6,1182.790283203125,357.97808837890625,211.8887939453125,532.2913208007812,-1,-1,-1,-1
47,6,1156.6527099609375,351.3642883300781,214.2225341796875,539.1763916015625,-1,-1,-1,-1
48,6,1142.69384765625,345.7549743652344,214.731201171875,566.3475341796875,-1,-1,-1,-1
49,6,1126.83837890625,342.43511962890625,219.939453125,688.4429321289062,-1,-1,-1,-1
50,6,1101.81689453125,336.3504943847656,218.023193359375,692.6580810546875,-1,-1,-1,-1
51,6,1073.2723388671875,336.2638244628906,212.887451171875,695.7158203125,-1,-1,-1,-1
52,6,1043.15087890625,336.0990905761719,207.05615234375,696.4976806640625,-1,-1,-1,-1
53,6,1016.4808959960938,331.9886169433594,202.30157470703125,700.99658203125,-1,-1,-1,-1
54,6,987.82373046875,323.1568603515625,200.6390380859375,706.91552734375,-1,-1,-1,-1
55,6,959.0144653320312,330.5404357910156,201.10662841796875,710.258544921875,-1,-1,-1,-1
56,6,936.7667236328125,332.9161071777344,197.814453125,718.2530517578125,-1,-1,-1,-1
57,6,926.2572631835938,331.31597900390625,195.15887451171875,728.0073852539062,-1,-1,-1,-1
58,6,908.5223999023438,337.1268310546875,206.18438720703125,736.3651123046875,-1,-1,-1,-1
59,6,867.1586303710938,344.3370056152344,247.77325439453125,733.509033203125,-1,-1,-1,-1
60,6,826.8441772460938,358.2558288574219,289.86016845703125,730.6318359375,-1,-1,-1,-1
61,6,810.3237915039062,390.9411926269531,323.12762451171875,730.3519287109375,-1,-1,-1,-1
62,6,831.422607421875,415.0966491699219,334.732421875,746.6922607421875,-1,-1,-1,-1
63,6,862.4429321289062,427.2044677734375,323.57855224609375,773.3135986328125,-1,-1,-1,-1
64,6,878.1580200195312,409.4674072265625,313.20745849609375,806.9281005859375,-1,-1,-1,-1
65,6,874.0772705078125,392.4031066894531,306.007568359375,833.8248291015625,-1,-1,-1,-1
66,6,847.862548828125,383.42901611328125,316.248046875,854.1690063476562,-1,-1,-1,-1
67,6,717.3684692382812,392.4362487792969,410.78460693359375,857.829345703125,-1,-1,-1,-1
68,6,604.0973510742188,393.6012268066406,495.12567138671875,858.834228515625,-1,-1,-1,-1
69,6,530.165771484375,415.49029541015625,556.5369873046875,846.1045532226562,-1,-1,-1,-1
70,6,471.2688293457031,415.8706970214844,608.294189453125,850.0733642578125,-1,-1,-1,-1
71,6,418.78936767578125,436.6539306640625,635.6546020507812,835.2811279296875,-1,-1,-1,-1
72,6,310.4920959472656,449.97186279296875,660.1920166015625,831.1026000976562,-1,-1,-1,-1
73,6,158.74562072753906,461.43951416015625,700.2603759765625,868.5044555664062,-1,-1,-1,-1
74,6,11.457015991210938,475.3061828613281,710.3021240234375,889.31201171875,-1,-1,-1,-1
75,6,-90.13663482666016,597.6777954101562,717.1259155273438,821.5834350585938,-1,-1,-1,-1
76,6,-204.6755828857422,672.5982055664062,769.0360107421875,752.2973022460938,-1,-1,-1,-1
77,6,-237.1097412109375,779.656494140625,699.7403564453125,643.20947265625,-1,-1,-1,-1
78,6,-336.3878479003906,788.306640625,701.580322265625,646.39599609375,-1,-1,-1,-1
71,7,655.3271484375,507.58709716796875,153.3594970703125,206.537841796875,-1,-1,-1,-1
72,7,630.818115234375,510.9561462402344,155.6341552734375,199.92953491210938,-1,-1,-1,-1
73,7,589.4630737304688,509.2620849609375,166.32476806640625,200.7769775390625,-1,-1,-1,-1
74,7,552.6173706054688,488.428466796875,179.60467529296875,216.6719970703125,-1,-1,-1,-1
75,7,494.5638732910156,445.4849853515625,206.51181030273438,238.7977294921875,-1,-1,-1,-1
76,7,401.09027099609375,400.5235290527344,234.916748046875,257.4781799316406,-1,-1,-1,-1
77,7,310.362548828125,359.7306823730469,238.84576416015625,281.4336242675781,-1,-1,-1,-1
78,7,239.32180786132812,336.5640869140625,220.52267456054688,300.177978515625,-1,-1,-1,-1
79,7,154.72756958007812,302.7050476074219,214.87771606445312,327.6240539550781,-1,-1,-1,-1
80,7,395.93975830078125,287.36187744140625,197.533447265625,264.7891845703125,-1,-1,-1,-1
73,8,314.0273132324219,479.2731018066406,126.24856567382812,329.1905822753906,-1,-1,-1,-1
74,8,274.630615234375,480.8386535644531,186.54092407226562,291.2052917480469,-1,-1,-1,-1
75,8,199.35260009765625,473.0323181152344,204.142578125,355.8495788574219,-1,-1,-1,-1
76,8,85.70419311523438,458.3471984863281,224.12628173828125,321.7713928222656,-1,-1,-1,-1
77,9,-11.756714820861816,452.5092468261719,217.65081787109375,380.8633728027344,-1,-1,-1,-1
78,9,-73.98794555664062,458.31597900390625,206.24302673339844,286.8262939453125,-1,-1,-1,-1
79,9,-77.99789428710938,354.8234558105469,172.09356689453125,395.7136535644531,-1,-1,-1,-1
78,10,-120.6114730834961,470.2016296386719,244.3271484375,382.0306091308594,-1,-1,-1,-1
79,10,-108.78319549560547,315.83172607421875,220.78102111816406,441.380126953125,-1,-1,-1,-1
80,10,46.05308151245117,274.3211364746094,205.9681854248047,357.7082214355469,-1,-1,-1,-1
81,10,-7.875260353088379,246.82337951660156,161.1444091796875,391.76898193359375,-1,-1,-1,-1
82,10,-11.560816764831543,218.48899841308594,154.33831787109375,415.41949462890625,-1,-1,-1,-1
83,10,30.358535766601562,254.6815643310547,242.0858917236328,390.17193603515625,-1,-1,-1,-1
84,10,234.06106567382812,289.0391540527344,285.2119445800781,379.4421691894531,-1,-1,-1,-1
85,10,494.144287109375,380.30780029296875,254.634765625,326.40606689453125,-1,-1,-1,-1
86,10,674.2238159179688,447.3319396972656,233.29656982421875,312.5821838378906,-1,-1,-1,-1
87,10,769.542236328125,459.48931884765625,246.0897216796875,317.93145751953125,-1,-1,-1,-1
88,10,799.4655151367188,470.8455810546875,261.11114501953125,313.5316162109375,-1,-1,-1,-1
89,10,802.8538818359375,477.4435119628906,262.9246826171875,306.0242614746094,-1,-1,-1,-1
90,10,809.10791015625,484.5353088378906,282.703857421875,312.1584777832031,-1,-1,-1,-1
91,10,814.6791381835938,490.3993225097656,295.98736572265625,322.7459411621094,-1,-1,-1,-1
92,10,819.8004150390625,518.5899658203125,267.7965087890625,306.1595458984375,-1,-1,-1,-1
93,10,808.5562133789062,538.5542602539062,236.16058349609375,298.977294921875,-1,-1,-1,-1
94,10,810.5558471679688,548.9276123046875,212.698486328125,298.17034912109375,-1,-1,-1,-1
95,10,800.4523315429688,549.3184204101562,204.68963623046875,311.55194091796875,-1,-1,-1,-1
96,10,784.96435546875,542.7177124023438,195.47821044921875,331.62713623046875,-1,-1,-1,-1
97,10,766.1016235351562,544.7030029296875,189.8475341796875,318.9869384765625,-1,-1,-1,-1
98,10,751.1419067382812,534.5401000976562,178.6015625,303.5111083984375,-1,-1,-1,-1
99,10,741.2698364257812,524.8030395507812,160.8160400390625,286.93731689453125,-1,-1,-1,-1
100,10,724.4635009765625,511.3901672363281,175.4481201171875,284.9115905761719,-1,-1,-1,-1
101,10,718.3836059570312,515.8435668945312,179.6170654296875,283.47711181640625,-1,-1,-1,-1
102,10,730.40771484375,530.552490234375,173.7568359375,278.13427734375,-1,-1,-1,-1
103,10,739.7831420898438,539.2618408203125,184.50323486328125,279.03704833984375,-1,-1,-1,-1
104,10,751.8843383789062,543.2748413085938,191.9298095703125,280.0799560546875,-1,-1,-1,-1
105,10,769.671630859375,553.808349609375,180.3294677734375,266.48876953125,-1,-1,-1,-1
106,10,783.8541870117188,543.722900390625,160.09246826171875,263.00921630859375,-1,-1,-1,-1
107,10,805.2809448242188,550.4625244140625,146.564697265625,258.3536376953125,-1,-1,-1,-1
108,10,818.5318603515625,547.90283203125,162.24755859375,271.049072265625,-1,-1,-1,-1
109,10,829.0147094726562,522.3036499023438,171.17034912109375,279.402587890625,-1,-1,-1,-1
110,10,840.4522094726562,496.05535888671875,167.743896484375,284.90496826171875,-1,-1,-1,-1
111,10,810.7575073242188,484.28448486328125,188.31451416015625,286.53070068359375,-1,-1,-1,-1
112,10,781.85400390625,467.8807373046875,189.544677734375,288.326904296875,-1,-1,-1,-1
113,10,746.5369873046875,446.30035400390625,186.64300537109375,298.53692626953125,-1,-1,-1,-1
114,10,736.3877563476562,425.1007080078125,182.1973876953125,306.5859375,-1,-1,-1,-1
115,10,726.2216186523438,400.93609619140625,171.71435546875,318.25494384765625,-1,-1,-1,-1
116,10,718.5875854492188,376.93865966796875,166.70782470703125,333.24591064453125,-1,-1,-1,-1
117,10,708.5601806640625,362.44482421875,168.407470703125,338.2294921875,-1,-1,-1,-1
118,10,704.893310546875,340.39715576171875,172.0169677734375,345.876220703125,-1,-1,-1,-1
119,10,728.140625,317.6471862792969,173.52020263671875,361.0422058105469,-1,-1,-1,-1
120,10,770.7623291015625,309.79119873046875,180.93011474609375,372.756103515625,-1,-1,-1,-1
121,10,820.593017578125,304.49249267578125,186.17816162109375,385.7061767578125,-1,-1,-1,-1
122,10,846.1095581054688,280.6207275390625,188.01287841796875,405.33935546875,-1,-1,-1,-1
123,10,879.8519287109375,259.3235168457031,186.5208740234375,417.1686096191406,-1,-1,-1,-1
124,10,901.1865234375,259.162353515625,190.5867919921875,425.50323486328125,-1,-1,-1,-1
125,10,916.163818359375,272.02825927734375,193.431640625,430.0906982421875,-1,-1,-1,-1
126,10,904.9869384765625,276.6268615722656,189.7347412109375,428.8695373535156,-1,-1,-1,-1
127,10,913.0960693359375,310.7513732910156,189.6068115234375,428.6118469238281,-1,-1,-1,-1
128,10,949.5301513671875,370.6432800292969,203.8558349609375,436.6381530761719,-1,-1,-1,-1
129,10,998.389892578125,319.121826171875,220.4678955078125,456.8404541015625,-1,-1,-1,-1
130,10,1035.4215087890625,247.6030731201172,250.6650390625,470.03204345703125,-1,-1,-1,-1
131,10,1087.9583740234375,280.171630859375,256.4796142578125,469.35888671875,-1,-1,-1,-1
132,10,1110.0125732421875,327.4339599609375,265.7777099609375,463.566650390625,-1,-1,-1,-1
133,10,1082.435791015625,334.3145751953125,272.447265625,459.718505859375,-1,-1,-1,-1
134,10,1064.83740234375,337.40545654296875,258.8302001953125,450.01800537109375,-1,-1,-1,-1
135,10,1064.25830078125,357.165771484375,248.8607177734375,440.7615966796875,-1,-1,-1,-1
136,10,1075.127197265625,383.747314453125,239.5469970703125,440.08514404296875,-1,-1,-1,-1
137,10,1075.15625,411.73797607421875,232.58740234375,433.34832763671875,-1,-1,-1,-1
138,10,1055.7562255859375,429.6070556640625,236.052001953125,422.89886474609375,-1,-1,-1,-1
139,10,1027.9937744140625,447.90484619140625,235.752197265625,415.85186767578125,-1,-1,-1,-1
140,10,1007.3352661132812,462.60223388671875,226.42291259765625,403.179931640625,-1,-1,-1,-1
141,10,1006.2145385742188,457.8195495605469,225.76983642578125,402.7090148925781,-1,-1,-1,-1
142,10,1025.3697509765625,440.457763671875,230.2520751953125,405.6920166015625,-1,-1,-1,-1
143,10,1038.6173095703125,456.8707275390625,229.6904296875,405.551025390625,-1,-1,-1,-1
144,10,1039.9066162109375,450.4843444824219,229.0367431640625,405.4358825683594,-1,-1,-1,-1
145,10,1060.5224609375,459.70391845703125,233.973388671875,407.31024169921875,-1,-1,-1,-1
146,10,1082.0599365234375,474.916748046875,237.85302734375,413.045654296875,-1,-1,-1,-1
147,10,1067.75927734375,442.6958312988281,243.9893798828125,417.0711364746094,-1,-1,-1,-1
148,10,1027.1982421875,404.23675537109375,236.352783203125,410.1239013671875,-1,-1,-1,-1
149,10,978.4309692382812,374.35296630859375,233.15814208984375,404.2374267578125,-1,-1,-1,-1
150,10,930.226806640625,366.2701721191406,234.368896484375,400.3943176269531,-1,-1,-1,-1
151,10,901.9667358398438,379.6478271484375,235.80596923828125,399.43511962890625,-1,-1,-1,-1
152,10,878.4302978515625,383.66473388671875,235.558349609375,415.20074462890625,-1,-1,-1,-1
153,10,869.3110961914062,395.06005859375,236.01641845703125,431.507568359375,-1,-1,-1,-1
154,10,860.912109375,413.9659423828125,241.019287109375,439.53082275390625,-1,-1,-1,-1
155,10,855.6188354492188,413.7461853027344,248.02130126953125,451.5613098144531,-1,-1,-1,-1
156,10,836.5028076171875,422.3407897949219,250.1297607421875,461.6047058105469,-1,-1,-1,-1
157,10,818.9262084960938,438.8730163574219,254.83380126953125,472.5270080566406,-1,-1,-1,-1
158,10,809.8564453125,443.25634765625,260.214111328125,493.0736083984375,-1,-1,-1,-1
159,10,805.1480712890625,441.88250732421875,264.5806884765625,512.3761596679688,-1,-1,-1,-1
160,10,795.08056640625,464.7824401855469,268.326904296875,529.4923095703125,-1,-1,-1,-1
161,10,775.4067993164062,498.47900390625,270.75933837890625,555.31640625,-1,-1,-1,-1
162,10,752.5896606445312,539.565673828125,274.57867431640625,585.1739501953125,-1,-1,-1,-1
163,10,739.1384887695312,569.323974609375,283.19140625,614.45849609375,-1,-1,-1,-1
164,10,716.78857421875,553.7047729492188,285.40625,642.1279907226562,-1,-1,-1,-1
165,10,703.6957397460938,538.7180786132812,282.70281982421875,673.4334106445312,-1,-1,-1,-1
166,10,696.4291381835938,533.9017333984375,286.88983154296875,711.167724609375,-1,-1,-1,-1
167,10,686.2787475585938,517.8615112304688,294.77996826171875,753.5125122070312,-1,-1,-1,-1
168,10,680.9852294921875,502.0248107910156,306.45672607421875,802.220703125,-1,-1,-1,-1
169,10,704.7359008789062,493.94915771484375,315.87921142578125,845.7092895507812,-1,-1,-1,-1
170,10,747.4149169921875,504.22735595703125,339.373046875,895.0464477539062,-1,-1,-1,-1
171,10,817.07080078125,532.9912109375,543.7686767578125,874.327880859375,-1,-1,-1,-1
172,10,874.0833740234375,542.23486328125,512.9150390625,866.1875,-1,-1,-1,-1
173,10,906.244140625,572.9418334960938,509.6435546875,840.3261108398438,-1,-1,-1,-1
174,10,933.2837524414062,563.7731323242188,486.70025634765625,848.8384399414062,-1,-1,-1,-1
175,10,880.7583618164062,514.6969604492188,543.1854858398438,896.8231811523438,-1,-1,-1,-1
176,10,851.3446655273438,430.5580139160156,604.9962768554688,981.9422607421875,-1,-1,-1,-1
177,10,815.3052978515625,329.3568115234375,643.2242431640625,1084.81298828125,-1,-1,-1,-1
178,10,818.681640625,280.6617431640625,629.6353759765625,1134.52001953125,-1,-1,-1,-1
179,10,845.1779174804688,287.4301452636719,584.2233276367188,1125.26953125,-1,-1,-1,-1
180,10,825.291259765625,341.5234375,598.5943603515625,1070.706298828125,-1,-1,-1,-1
181,10,802.7373657226562,406.6684265136719,629.8547973632812,1008.3387451171875,-1,-1,-1,-1
182,10,817.35546875,465.427490234375,625.3729248046875,952.212158203125,-1,-1,-1,-1
183,10,828.2266845703125,478.0892028808594,702.8543701171875,946.293701171875,-1,-1,-1,-1
184,10,976.05419921875,447.6709899902344,642.2327880859375,912.9764404296875,-1,-1,-1,-1
84,11,-131.4414520263672,470.80889892578125,265.90692138671875,458.20904541015625,-1,-1,-1,-1
85,11,126.98479461669922,520.3948974609375,223.9573974609375,383.361572265625,-1,-1,-1,-1
86,11,320.6285095214844,561.1779174804688,204.63259887695312,344.2874755859375,-1,-1,-1,-1
87,11,412.2642822265625,558.75244140625,202.931396484375,338.464599609375,-1,-1,-1,-1
88,11,467.01824951171875,549.8287963867188,197.39337158203125,339.7222900390625,-1,-1,-1,-1
89,11,484.65423583984375,534.6431274414062,207.20703125,350.3111572265625,-1,-1,-1,-1
90,11,486.45782470703125,526.5458984375,244.763916015625,365.3843994140625,-1,-1,-1,-1
91,11,491.2203674316406,518.57177734375,281.7675476074219,375.15960693359375,-1,-1,-1,-1
92,11,492.111328125,515.1143798828125,297.9957275390625,371.05609130859375,-1,-1,-1,-1
93,11,496.5210876464844,524.0128173828125,300.9665832519531,363.77838134765625,-1,-1,-1,-1
94,11,501.9818115234375,531.6046142578125,287.8173828125,356.30743408203125,-1,-1,-1,-1
95,11,510.01141357421875,546.79541015625,302.6766357421875,344.31439208984375,-1,-1,-1,-1
96,11,512.8536987304688,565.4635620117188,306.1614990234375,334.91461181640625,-1,-1,-1,-1
97,11,520.870361328125,578.6346435546875,299.16241455078125,323.25201416015625,-1,-1,-1,-1
98,11,524.2250366210938,577.8594970703125,284.90460205078125,322.4747314453125,-1,-1,-1,-1
99,11,528.1756591796875,582.8445434570312,282.20849609375,311.811279296875,-1,-1,-1,-1
100,11,513.7997436523438,583.0527954101562,249.18389892578125,310.63775634765625,-1,-1,-1,-1
101,11,514.043701171875,582.91015625,222.2315673828125,325.06982421875,-1,-1,-1,-1
102,11,534.2632446289062,581.8306884765625,206.333984375,346.71044921875,-1,-1,-1,-1
103,11,562.174072265625,582.814697265625,191.30889892578125,352.2069091796875,-1,-1,-1,-1
104,11,586.4976196289062,576.0528564453125,182.3018798828125,359.72808837890625,-1,-1,-1,-1
105,11,600.328857421875,566.5255737304688,176.82086181640625,364.20428466796875,-1,-1,-1,-1
106,11,606.1566162109375,545.5109252929688,216.8133544921875,370.17218017578125,-1,-1,-1,-1
107,11,613.2357177734375,536.6357421875,252.27374267578125,380.14923095703125,-1,-1,-1,-1
108,11,622.3319702148438,535.0896606445312,292.41326904296875,405.41815185546875,-1,-1,-1,-1
109,11,620.650634765625,501.744873046875,314.6727294921875,467.031494140625,-1,-1,-1,-1
110,11,607.61474609375,472.47772216796875,327.74639892578125,515.78125,-1,-1,-1,-1
111,11,578.8632202148438,471.32183837890625,286.67724609375,546.3161010742188,-1,-1,-1,-1
112,11,521.1193237304688,475.3361511230469,256.4532470703125,545.47802734375,-1,-1,-1,-1
113,11,438.38818359375,487.7288513183594,234.78668212890625,531.5648193359375,-1,-1,-1,-1
114,11,367.1890869140625,507.072021484375,254.96728515625,499.53582763671875,-1,-1,-1,-1
115,11,294.74078369140625,517.4693603515625,286.656494140625,478.4942626953125,-1,-1,-1,-1
116,11,245.6263427734375,539.0007934570312,312.0902099609375,442.89251708984375,-1,-1,-1,-1
117,11,177.22808837890625,552.2717895507812,354.65673828125,427.26239013671875,-1,-1,-1,-1
118,11,134.98153686523438,551.7255859375,388.5879821777344,416.23944091796875,-1,-1,-1,-1
119,11,154.73602294921875,532.002197265625,394.6328125,422.5284423828125,-1,-1,-1,-1
120,11,200.80313110351562,476.4638671875,411.9581604003906,461.495361328125,-1,-1,-1,-1
121,11,280.569091796875,445.70220947265625,407.16693115234375,484.5255126953125,-1,-1,-1,-1
122,11,313.1720275878906,381.08502197265625,423.0750427246094,527.573486328125,-1,-1,-1,-1
123,11,344.5723876953125,313.9526062011719,435.23699951171875,556.5145263671875,-1,-1,-1,-1
124,11,359.23516845703125,288.23443603515625,448.32879638671875,570.6861572265625,-1,-1,-1,-1
125,11,381.3438415527344,282.1706237792969,425.2168273925781,578.1556396484375,-1,-1,-1,-1
126,11,401.61431884765625,283.6239013671875,390.3717041015625,593.125,-1,-1,-1,-1
127,11,429.23553466796875,300.9767761230469,358.18719482421875,615.3189697265625,-1,-1,-1,-1
128,11,467.55450439453125,334.2174377441406,341.98992919921875,656.2994384765625,-1,-1,-1,-1
129,11,512.2671203613281,280.6954040527344,387.5843200683594,695.0048828125,-1,-1,-1,-1
130,11,553.8751220703125,220.90188598632812,455.25054931640625,713.8720703125,-1,-1,-1,-1
131,11,632.6311645507812,257.9090576171875,453.79730224609375,714.1326904296875,-1,-1,-1,-1
132,11,710.9569702148438,306.5213317871094,412.60162353515625,707.23095703125,-1,-1,-1,-1
133,11,785.8246459960938,327.6632385253906,310.81121826171875,705.7301025390625,-1,-1,-1,-1
134,11,798.0626831054688,345.9202575683594,286.70721435546875,707.1673583984375,-1,-1,-1,-1
135,11,823.2513427734375,374.033203125,255.8631591796875,707.9334716796875,-1,-1,-1,-1
136,11,852.1867065429688,414.2033996582031,224.92156982421875,704.51318359375,-1,-1,-1,-1
137,11,865.09716796875,443.20635986328125,204.8486328125,681.2455444335938,-1,-1,-1,-1
138,11,855.8314819335938,459.7619934082031,200.81304931640625,618.51806640625,-1,-1,-1,-1
139,11,835.9700927734375,480.41558837890625,197.603515625,546.4369506835938,-1,-1,-1,-1
140,11,812.430908203125,493.1284484863281,199.68316650390625,475.3356018066406,-1,-1,-1,-1
141,11,805.4929809570312,484.83660888671875,195.169921875,455.61590576171875,-1,-1,-1,-1
142,11,814.1144409179688,459.2687683105469,195.10308837890625,464.1855773925781,-1,-1,-1,-1
143,11,814.8531494140625,467.7362976074219,195.84130859375,470.1562194824219,-1,-1,-1,-1
144,11,804.8217163085938,457.77435302734375,210.28131103515625,474.47894287109375,-1,-1,-1,-1
145,11,798.248291015625,458.5812683105469,246.336181640625,473.2973327636719,-1,-1,-1,-1
146,11,799.93310546875,461.0314636230469,255.9814453125,474.4037170410156,-1,-1,-1,-1
147,11,785.2777099609375,430.19110107421875,240.843017578125,463.80084228515625,-1,-1,-1,-1
148,11,736.6805419921875,407.0401611328125,216.1878662109375,448.489501953125,-1,-1,-1,-1
149,11,665.263671875,435.24578857421875,198.15216064453125,400.14276123046875,-1,-1,-1,-1
150,11,585.412109375,464.1952819824219,193.77728271484375,393.4895935058594,-1,-1,-1,-1
151,11,545.2595825195312,494.315673828125,190.22943115234375,397.19512939453125,-1,-1,-1,-1
152,11,507.8049011230469,475.3565368652344,186.20571899414062,423.7893981933594,-1,-1,-1,-1
153,11,489.3034973144531,480.73504638671875,174.74691772460938,428.301025390625,-1,-1,-1,-1
154,11,466.279052734375,516.2230834960938,174.27020263671875,429.90972900390625,-1,-1,-1,-1
155,11,435.80145263671875,518.2452392578125,186.2242431640625,450.237060546875,-1,-1,-1,-1
156,11,403.4687805175781,532.2990112304688,187.63217163085938,468.896484375,-1,-1,-1,-1
157,11,371.9080810546875,532.2255249023438,190.481201171875,497.81890869140625,-1,-1,-1,-1
158,11,353.6708068847656,524.8436279296875,196.32870483398438,502.2559814453125,-1,-1,-1,-1
159,11,338.9511413574219,498.8130798339844,198.88235473632812,500.4108581542969,-1,-1,-1,-1
160,11,311.20843505859375,508.98297119140625,199.26260375976562,492.57720947265625,-1,-1,-1,-1
161,11,277.60015869140625,515.681640625,190.67236328125,492.14605712890625,-1,-1,-1,-1
162,11,237.93753051757812,543.4118041992188,182.31582641601562,501.17999267578125,-1,-1,-1,-1
163,11,210.91531372070312,561.4694213867188,177.130615234375,508.99493408203125,-1,-1,-1,-1
164,11,164.76031494140625,556.9644165039062,198.61703491210938,505.49285888671875,-1,-1,-1,-1
165,11,145.63734436035156,555.9291381835938,186.8583526611328,495.79925537109375,-1,-1,-1,-1
166,11,121.2376708984375,573.1190795898438,193.60348510742188,492.62847900390625,-1,-1,-1,-1
167,11,81.39297485351562,576.9112548828125,215.00006103515625,493.833740234375,-1,-1,-1,-1
168,11,99.39250183105469,540.4650268554688,195.33531188964844,498.66876220703125,-1,-1,-1,-1
169,11,112.4456558227539,532.2210693359375,213.93145751953125,516.7301025390625,-1,-1,-1,-1
170,11,148.84954833984375,555.7213745117188,234.93817138671875,517.9098510742188,-1,-1,-1,-1
171,11,229.27023315429688,553.5865478515625,247.89990234375,493.942138671875,-1,-1,-1,-1
172,11,306.8271484375,558.7283935546875,251.04412841796875,470.4586181640625,-1,-1,-1,-1
173,11,362.82318115234375,557.5536499023438,244.78863525390625,467.02899169921875,-1,-1,-1,-1
174,11,405.9951171875,541.2273559570312,235.7906494140625,463.2691650390625,-1,-1,-1,-1
175,11,440.03253173828125,504.05279541015625,249.4088134765625,471.8936767578125,-1,-1,-1,-1
176,11,474.5736083984375,453.1399230957031,248.953369140625,475.2339172363281,-1,-1,-1,-1
177,11,518.1859130859375,406.18634033203125,223.232421875,491.80340576171875,-1,-1,-1,-1
178,11,539.3257446289062,395.08319091796875,235.13800048828125,514.6430053710938,-1,-1,-1,-1
179,11,535.3292236328125,408.1609191894531,328.9166259765625,550.6072998046875,-1,-1,-1,-1
180,11,507.22723388671875,411.6810302734375,443.176513671875,580.67431640625,-1,-1,-1,-1
181,11,503.9007873535156,403.211181640625,533.0478515625,620.0501098632812,-1,-1,-1,-1
182,11,538.517333984375,424.3490295410156,585.560791015625,671.1279296875,-1,-1,-1,-1
183,11,595.6622314453125,444.5415344238281,645.71826171875,726.179931640625,-1,-1,-1,-1
184,11,671.5582885742188,470.9613037109375,699.5512084960938,757.8416748046875,-1,-1,-1,-1
185,11,744.431884765625,475.41986083984375,662.727294921875,717.4119262695312,-1,-1,-1,-1
186,11,746.0052490234375,437.26190185546875,653.3553466796875,701.8757934570312,-1,-1,-1,-1
187,11,743.9984130859375,403.9931640625,644.109619140625,667.3682861328125,-1,-1,-1,-1
188,11,699.9873657226562,409.5054626464844,649.3193969726562,615.7178955078125,-1,-1,-1,-1
189,11,643.7646484375,386.6670227050781,628.201416015625,590.7489013671875,-1,-1,-1,-1
190,11,591.72998046875,364.638671875,579.0625,598.7855834960938,-1,-1,-1,-1
191,11,573.198486328125,352.860595703125,583.14453125,684.23681640625,-1,-1,-1,-1
192,11,549.7717895507812,349.9723815917969,618.1788940429688,748.9736328125,-1,-1,-1,-1
193,11,532.5849609375,383.42791748046875,653.524658203125,797.8892211914062,-1,-1,-1,-1
194,11,527.989013671875,431.0930480957031,701.159912109375,810.78369140625,-1,-1,-1,-1
195,11,684.03515625,430.9808044433594,783.0062255859375,908.8173828125,-1,-1,-1,-1
121,12,-83.02398681640625,499.7214050292969,197.1427764892578,332.6974182128906,-1,-1,-1,-1
122,12,-21.087421417236328,483.6195983886719,170.39076232910156,305.9438171386719,-1,-1,-1,-1
123,12,36.55958938598633,445.0391845703125,149.7905731201172,301.9742431640625,-1,-1,-1,-1
124,12,85.97905731201172,416.26495361328125,156.9931640625,305.38507080078125,-1,-1,-1,-1
125,12,126.92210388183594,403.9911193847656,165.4812774658203,304.2508239746094,-1,-1,-1,-1
126,12,128.1534194946289,421.0751647949219,156.8575439453125,296.1079406738281,-1,-1,-1,-1
127,12,164.40594482421875,432.93975830078125,167.08859252929688,268.9549560546875,-1,-1,-1,-1
128,12,250.08761596679688,431.4700012207031,158.32937622070312,244.50192260742188,-1,-1,-1,-1
129,12,312.1843566894531,365.4427795410156,166.36154174804688,243.51235961914062,-1,-1,-1,-1
130,12,354.861328125,276.2760009765625,175.15545654296875,254.40185546875,-1,-1,-1,-1
131,12,418.7445373535156,265.52587890625,184.24728393554688,257.24212646484375,-1,-1,-1,-1
132,12,454.50341796875,273.1764831542969,196.4530029296875,265.2585754394531,-1,-1,-1,-1
133,12,450.40252685546875,286.183349609375,194.23077392578125,270.80615234375,-1,-1,-1,-1
134,12,452.7189636230469,320.7388916015625,181.13345336914062,264.34771728515625,-1,-1,-1,-1
135,12,478.753173828125,348.8830871582031,157.32232666015625,259.6606140136719,-1,-1,-1,-1
136,12,520.5228271484375,378.45452880859375,122.369140625,257.6072998046875,-1,-1,-1,-1
137,12,543.9572143554688,406.14849853515625,100.189208984375,252.06512451171875,-1,-1,-1,-1
138,12,540.9759521484375,406.61334228515625,98.01226806640625,257.3927001953125,-1,-1,-1,-1
139,12,527.5713500976562,427.2483215332031,123.9927978515625,254.35189819335938,-1,-1,-1,-1
140,12,511.8553466796875,446.80023193359375,146.61077880859375,255.5753173828125,-1,-1,-1,-1
141,12,523.2910766601562,448.109619140625,140.30487060546875,255.52093505859375,-1,-1,-1,-1
142,12,553.76171875,441.2117004394531,126.51202392578125,255.95004272460938,-1,-1,-1,-1
143,12,570.7351684570312,464.7606201171875,117.4390869140625,255.0504150390625,-1,-1,-1,-1
144,12,575.3380126953125,468.2897644042969,113.95928955078125,253.57839965820312,-1,-1,-1,-1
145,12,593.9349365234375,480.93206787109375,122.2977294921875,253.02752685546875,-1,-1,-1,-1
146,12,609.0850830078125,482.0124206542969,140.11322021484375,253.58828735351562,-1,-1,-1,-1
147,12,588.4744262695312,452.0472106933594,158.00457763671875,260.3815002441406,-1,-1,-1,-1
148,12,535.230712890625,434.5611877441406,169.5745849609375,270.1903991699219,-1,-1,-1,-1
149,12,474.6837158203125,441.61676025390625,182.927490234375,271.0626220703125,-1,-1,-1,-1
150,12,410.4000244140625,473.7474670410156,197.07305908203125,273.0392150878906,-1,-1,-1,-1
151,12,373.67486572265625,496.7962646484375,203.4334716796875,271.56787109375,-1,-1,-1,-1
152,12,351.2091979980469,479.50372314453125,188.95742797851562,268.4158935546875,-1,-1,-1,-1
153,12,342.5907287597656,467.875732421875,176.55105590820312,266.34405517578125,-1,-1,-1,-1
154,12,326.82513427734375,503.59521484375,183.25448608398438,253.8858642578125,-1,-1,-1,-1
155,12,306.9318542480469,517.9571533203125,197.9921875,257.271240234375,-1,-1,-1,-1
156,12,268.1978759765625,540.5206298828125,203.7003173828125,255.49603271484375,-1,-1,-1,-1
157,12,228.19476318359375,551.7884521484375,214.46463012695312,257.999267578125,-1,-1,-1,-1
158,12,207.70196533203125,546.4788208007812,221.00067138671875,263.47808837890625,-1,-1,-1,-1
159,12,190.31369018554688,530.4822998046875,210.5321044921875,270.29107666015625,-1,-1,-1,-1
160,12,161.8978729248047,544.5728149414062,192.0857696533203,277.29241943359375,-1,-1,-1,-1
161,12,131.27481079101562,554.49169921875,178.12368774414062,285.30267333984375,-1,-1,-1,-1
162,12,104.58358764648438,577.29931640625,159.33038330078125,290.64056396484375,-1,-1,-1,-1
163,12,91.72826385498047,588.0227661132812,145.52914428710938,292.04498291015625,-1,-1,-1,-1
164,12,66.92158508300781,570.2490844726562,151.3658905029297,294.12994384765625,-1,-1,-1,-1
165,12,56.49953842163086,553.4925537109375,141.70315551757812,288.366943359375,-1,-1,-1,-1
166,12,55.304569244384766,562.7738647460938,131.56390380859375,267.430908203125,-1,-1,-1,-1
167,12,54.663963317871094,592.4348754882812,110.6638412475586,235.53167724609375,-1,-1,-1,-1
168,12,72.81686401367188,556.2130126953125,99.82847595214844,223.402099609375,-1,-1,-1,-1
169,12,114.90641784667969,507.314453125,111.34321594238281,266.4791259765625,-1,-1,-1,-1
170,12,179.24171447753906,522.01123046875,119.89500427246094,292.45306396484375,-1,-1,-1,-1
171,12,293.3864440917969,521.6812133789062,137.7525634765625,305.03125,-1,-1,-1,-1
172,12,406.6398620605469,530.8071899414062,120.33212280273438,274.08709716796875,-1,-1,-1,-1
173,12,511.25909423828125,546.297607421875,96.86456298828125,222.3170166015625,-1,-1,-1,-1
174,12,579.7835083007812,543.0897827148438,87.3836669921875,236.70721435546875,-1,-1,-1,-1
175,12,619.245849609375,524.4376220703125,92.77984619140625,241.0899658203125,-1,-1,-1,-1
176,12,651.9042358398438,486.9458923339844,96.87860107421875,239.81961059570312,-1,-1,-1,-1
177,12,660.988525390625,445.84381103515625,104.5008544921875,247.8927001953125,-1,-1,-1,-1
178,12,690.675537109375,437.87115478515625,104.939208984375,246.4794921875,-1,-1,-1,-1
179,12,741.4254150390625,445.8388671875,109.07061767578125,234.94189453125,-1,-1,-1,-1
180,12,785.0038452148438,444.3589172363281,109.020263671875,241.32369995117188,-1,-1,-1,-1
181,12,820.3876342773438,434.82208251953125,113.16552734375,250.1378173828125,-1,-1,-1,-1
182,12,867.7633056640625,457.6897888183594,103.644775390625,245.63949584960938,-1,-1,-1,-1
183,12,910.8084106445312,475.8272705078125,106.384033203125,243.4248046875,-1,-1,-1,-1
184,12,958.9574584960938,515.1177978515625,112.11590576171875,205.4896240234375,-1,-1,-1,-1
185,12,875.3245849609375,523.023193359375,159.3756103515625,236.3404541015625,-1,-1,-1,-1
128,13,702.3424682617188,396.8414611816406,112.28753662109375,231.55587768554688,-1,-1,-1,-1
129,13,782.160400390625,339.47705078125,127.981689453125,239.6300048828125,-1,-1,-1,-1
130,13,796.7590942382812,276.3245849609375,201.27667236328125,249.72705078125,-1,-1,-1,-1
187,14,993.3908081054688,390.2608642578125,125.47576904296875,179.010498046875,-1,-1,-1,-1
188,14,983.3737182617188,350.27374267578125,124.69219970703125,202.133056640625,-1,-1,-1,-1
189,14,957.6692504882812,331.2464904785156,126.01959228515625,215.62850952148438,-1,-1,-1,-1
190,14,928.5234375,322.7339782714844,124.3045654296875,238.15872192382812,-1,-1,-1,-1
191,14,894.44091796875,345.7339172363281,120.628173828125,228.25015258789062,-1,-1,-1,-1
192,14,902.3418579101562,364.55255126953125,116.85772705078125,217.00787353515625,-1,-1,-1,-1
193,14,920.6583251953125,372.6739807128906,121.1761474609375,216.67886352539062,-1,-1,-1,-1
194,14,959.608642578125,332.3669128417969,134.0535888671875,240.14785766601562,-1,-1,-1,-1
195,14,1123.677978515625,355.11968994140625,261.095458984375,318.56585693359375,-1,-1,-1,-1
196,14,1059.377685546875,334.9985046386719,75.20947265625,151.89083862304688,-1,-1,-1,-1
189,15,1188.1119384765625,356.0775146484375,376.4510498046875,714.7635498046875,-1,-1,-1,-1
190,15,1184.09228515625,314.8639831542969,341.9439697265625,663.0916748046875,-1,-1,-1,-1
191,15,1196.3392333984375,329.6737060546875,242.2794189453125,613.9976806640625,-1,-1,-1,-1
192,15,1188.8658447265625,459.1272277832031,248.4554443359375,497.3210144042969,-1,-1,-1,-1
193,15,1216.3846435546875,490.3938293457031,252.718994140625,477.9826965332031,-1,-1,-1,-1
194,15,1265.2491455078125,519.5081787109375,256.7015380859375,444.14996337890625,-1,-1,-1,-1
195,15,1236.6478271484375,502.5588684082031,345.6322021484375,663.69140625,-1,-1,-1,-1
196,15,1267.6702880859375,347.1675720214844,283.6256103515625,630.4759521484375,-1,-1,-1,-1
201,16,394.46246337890625,812.0953369140625,43.278045654296875,83.52783203125,-1,-1,-1,-1
202,16,459.2286376953125,788.41357421875,32.120391845703125,62.97991943359375,-1,-1,-1,-1
203,16,525.3252563476562,715.6712036132812,26.61663818359375,58.00225830078125,-1,-1,-1,-1
204,16,603.4164428710938,664.6845092773438,20.98211669921875,47.3577880859375,-1,-1,-1,-1
205,16,653.6957397460938,702.27099609375,33.88104248046875,43.960205078125,-1,-1,-1,-1
206,16,699.9478759765625,710.4281616210938,17.4466552734375,36.11956787109375,-1,-1,-1,-1
207,16,786.2252807617188,685.926513671875,25.33258056640625,61.6575927734375,-1,-1,-1,-1
208,16,874.0026245117188,681.7808227539062,38.54229736328125,59.10845947265625,-1,-1,-1,-1
209,16,764.4795532226562,737.3513793945312,38.19940185546875,90.65240478515625,-1,-1,-1,-1
210,16,881.8761596679688,729.9451904296875,49.0570068359375,94.96392822265625,-1,-1,-1,-1
211,16,920.4365234375,704.0856323242188,50.86859130859375,82.91961669921875,-1,-1,-1,-1
212,16,969.2197875976562,648.6193237304688,68.93914794921875,112.43255615234375,-1,-1,-1,-1
203,17,261.8994445800781,963.9229736328125,50.748992919921875,117.31787109375,-1,-1,-1,-1
204,17,328.1985778808594,885.4103393554688,42.290679931640625,103.50177001953125,-1,-1,-1,-1
205,17,383.7059631347656,762.3416137695312,92.19656372070312,85.09368896484375,-1,-1,-1,-1
209,17,-16.66040802001953,439.5123291015625,799.107177734375,814.4600830078125,-1,-1,-1,-1
207,18,530.9366455078125,853.0506591796875,540.3115234375,561.367919921875,-1,-1,-1,-1
208,18,230.83787536621094,565.3859252929688,727.1400756835938,839.6456909179688,-1,-1,-1,-1
209,18,37.17845153808594,435.0698547363281,685.9749755859375,974.2010498046875,-1,-1,-1,-1
210,18,-18.657217025756836,325.6606750488281,697.6510009765625,1090.694091796875,-1,-1,-1,-1
211,18,-13.471174240112305,227.90823364257812,698.7385864257812,1188.5587158203125,-1,-1,-1,-1
212,18,-90.35162353515625,102.41761779785156,828.9961547851562,1342.0574951171875,-1,-1,-1,-1
213,18,-188.2843780517578,62.92283630371094,916.1328125,1386.7310791015625,-1,-1,-1,-1
214,18,-279.4718933105469,96.54206848144531,974.50146484375,1363.7003173828125,-1,-1,-1,-1
215,18,-323.6925048828125,197.8626708984375,946.8468017578125,1255.0506591796875,-1,-1,-1,-1
216,18,-302.67236328125,288.8824462890625,883.1902465820312,1159.4703369140625,-1,-1,-1,-1
217,18,-142.56394958496094,378.0478515625,677.6034545898438,1048.324951171875,-1,-1,-1,-1
218,18,-77.91278076171875,433.22723388671875,586.89453125,991.1016235351562,-1,-1,-1,-1
219,18,-12.436399459838867,515.9577026367188,502.1349792480469,899.0562133789062,-1,-1,-1,-1
220,18,-8.800273895263672,542.1743774414062,500.23291015625,876.7247924804688,-1,-1,-1,-1
221,18,7.3875732421875,568.2899780273438,483.5973815917969,855.5630493164062,-1,-1,-1,-1
222,18,8.05963134765625,590.0125732421875,453.8699035644531,830.3519287109375,-1,-1,-1,-1
223,18,-23.86163902282715,598.4532470703125,496.730224609375,828.037841796875,-1,-1,-1,-1
224,18,0.9889430999755859,541.4840087890625,463.97161865234375,882.7459716796875,-1,-1,-1,-1
225,18,-59.316856384277344,507.77703857421875,538.2758178710938,912.1961059570312,-1,-1,-1,-1
226,18,-42.922874450683594,686.0966796875,466.70458984375,734.2369384765625,-1,-1,-1,-1
231,18,-19.178422927856445,776.8441772460938,499.9870300292969,648.3766479492188,-1,-1,-1,-1
216,19,32.116886138916016,393.5749206542969,170.47865295410156,284.2502746582031,-1,-1,-1,-1
217,19,133.28311157226562,412.4236755371094,156.44503784179688,280.8679504394531,-1,-1,-1,-1
218,19,238.81671142578125,444.4761962890625,148.37319946289062,262.34283447265625,-1,-1,-1,-1
219,19,334.5396423339844,491.09930419921875,136.92849731445312,257.04315185546875,-1,-1,-1,-1
220,19,422.63330078125,556.21142578125,129.0118408203125,232.33709716796875,-1,-1,-1,-1
221,19,486.52239990234375,611.9429931640625,122.94354248046875,221.7979736328125,-1,-1,-1,-1
222,19,534.7569580078125,628.2258911132812,119.74932861328125,229.50396728515625,-1,-1,-1,-1
223,19,570.4960327148438,629.0158081054688,123.1558837890625,228.00238037109375,-1,-1,-1,-1
224,19,606.4879150390625,627.655517578125,119.36163330078125,228.64520263671875,-1,-1,-1,-1
225,19,637.7742919921875,643.8875122070312,115.6893310546875,225.95391845703125,-1,-1,-1,-1
226,19,661.9022216796875,669.1629638671875,118.60284423828125,224.703857421875,-1,-1,-1,-1
227,19,680.8170166015625,685.9200439453125,119.43963623046875,227.86676025390625,-1,-1,-1,-1
228,19,701.651611328125,696.2149047851562,120.95819091796875,229.2432861328125,-1,-1,-1,-1
229,19,721.0470581054688,700.75634765625,122.93695068359375,231.4610595703125,-1,-1,-1,-1
230,19,748.6477661132812,700.624267578125,125.22216796875,232.324951171875,-1,-1,-1,-1
231,19,798.0164184570312,691.143310546875,124.57830810546875,243.0750732421875,-1,-1,-1,-1
232,19,851.36767578125,687.2763061523438,127.53338623046875,247.45379638671875,-1,-1,-1,-1
233,19,896.2002563476562,687.1015625,131.83050537109375,253.276123046875,-1,-1,-1,-1
234,19,930.8779296875,685.205810546875,133.377685546875,258.5836181640625,-1,-1,-1,-1
235,19,960.99267578125,676.9149169921875,135.3033447265625,264.13372802734375,-1,-1,-1,-1
236,19,985.8356323242188,664.9853515625,136.29144287109375,268.7315673828125,-1,-1,-1,-1
237,19,1000.549072265625,661.4190063476562,139.4193115234375,269.43853759765625,-1,-1,-1,-1
238,19,1007.6524658203125,655.3182373046875,140.2110595703125,273.27099609375,-1,-1,-1,-1
239,19,1006.0836181640625,649.2736206054688,142.1549072265625,271.22161865234375,-1,-1,-1,-1
240,19,984.3988647460938,638.7086791992188,136.83074951171875,263.46734619140625,-1,-1,-1,-1
241,19,940.3123168945312,625.2810668945312,133.22271728515625,259.08392333984375,-1,-1,-1,-1
242,19,896.8565673828125,627.5777587890625,133.3494873046875,249.76214599609375,-1,-1,-1,-1
243,19,870.8869018554688,623.5828857421875,131.858642578125,249.2255859375,-1,-1,-1,-1
244,19,869.3131103515625,617.1292724609375,129.90338134765625,249.9288330078125,-1,-1,-1,-1
245,19,882.51416015625,615.2777099609375,127.1253662109375,249.76324462890625,-1,-1,-1,-1
246,19,906.7494506835938,614.3861083984375,128.90716552734375,253.14801025390625,-1,-1,-1,-1
247,19,928.1962280273438,614.2393188476562,132.64495849609375,257.042236328125,-1,-1,-1,-1
248,19,935.232421875,614.6570434570312,129.4273681640625,257.0313720703125,-1,-1,-1,-1
249,19,939.9522705078125,611.1654052734375,131.838134765625,259.67034912109375,-1,-1,-1,-1
250,19,947.678466796875,611.8973999023438,131.431640625,260.50482177734375,-1,-1,-1,-1
251,19,950.638427734375,613.0093383789062,138.071533203125,260.4853515625,-1,-1,-1,-1
252,19,950.18408203125,613.3927001953125,133.134521484375,259.75714111328125,-1,-1,-1,-1
253,19,951.2029418945312,613.9915771484375,137.56842041015625,260.13397216796875,-1,-1,-1,-1
254,19,955.2015991210938,616.1295166015625,134.26556396484375,262.14599609375,-1,-1,-1,-1
255,19,956.258056640625,617.1258544921875,135.165771484375,261.16021728515625,-1,-1,-1,-1
256,19,960.8505249023438,618.5999755859375,131.84173583984375,263.15087890625,-1,-1,-1,-1
257,19,967.3624267578125,624.3180541992188,134.541015625,263.5762939453125,-1,-1,-1,-1
258,19,975.525634765625,635.990478515625,135.8677978515625,265.37835693359375,-1,-1,-1,-1
259,19,986.7509765625,651.6663208007812,132.646484375,268.0072021484375,-1,-1,-1,-1
260,19,996.9392700195312,666.5670166015625,137.21441650390625,270.0003662109375,-1,-1,-1,-1
261,19,1008.5279541015625,673.2842407226562,139.7674560546875,275.44122314453125,-1,-1,-1,-1
262,19,1019.1347045898438,672.630615234375,136.65802001953125,275.93731689453125,-1,-1,-1,-1
263,19,1022.97509765625,671.5010986328125,138.5589599609375,279.25518798828125,-1,-1,-1,-1
264,19,1023.0440063476562,659.8775024414062,136.68524169921875,277.2769775390625,-1,-1,-1,-1
265,19,1020.9826049804688,647.2472534179688,135.56549072265625,277.11883544921875,-1,-1,-1,-1
266,19,1016.6917114257812,637.953125,138.78802490234375,276.43743896484375,-1,-1,-1,-1
267,19,1018.5629272460938,630.3802490234375,134.73895263671875,274.91949462890625,-1,-1,-1,-1
268,19,1013.958740234375,616.6552124023438,135.4437255859375,277.1546630859375,-1,-1,-1,-1
269,19,1007.9607543945312,604.9606323242188,134.46929931640625,272.14544677734375,-1,-1,-1,-1
270,19,1000.1444702148438,596.5856323242188,132.83282470703125,271.31964111328125,-1,-1,-1,-1
271,19,992.5590209960938,593.9896240234375,133.54876708984375,270.44921875,-1,-1,-1,-1
272,19,989.5074462890625,590.3138427734375,131.9295654296875,268.40020751953125,-1,-1,-1,-1
273,19,985.6378784179688,590.8507080078125,133.10943603515625,269.219482421875,-1,-1,-1,-1
274,19,982.8961181640625,592.9202880859375,135.52490234375,271.00152587890625,-1,-1,-1,-1
275,19,981.0989990234375,598.4588012695312,132.82958984375,268.2955322265625,-1,-1,-1,-1
276,19,977.2469482421875,602.0682983398438,131.9271240234375,268.115234375,-1,-1,-1,-1
277,19,970.6074829101562,608.9541625976562,134.44464111328125,264.77801513671875,-1,-1,-1,-1
278,19,966.5830078125,609.62060546875,133.7689208984375,268.4205322265625,-1,-1,-1,-1
279,19,964.8360595703125,609.2079467773438,133.0455322265625,267.17010498046875,-1,-1,-1,-1
280,19,961.2837524414062,602.7457275390625,131.52410888671875,268.073486328125,-1,-1,-1,-1
281,19,962.2490234375,598.2330322265625,130.2200927734375,266.1658935546875,-1,-1,-1,-1
282,19,965.755615234375,594.3194580078125,130.2459716796875,267.11773681640625,-1,-1,-1,-1
283,19,966.2109985351562,591.8674926757812,131.70733642578125,264.8197021484375,-1,-1,-1,-1
284,19,966.4950561523438,584.6511840820312,133.79290771484375,265.4825439453125,-1,-1,-1,-1
285,19,966.68505859375,577.5303344726562,131.843994140625,265.78741455078125,-1,-1,-1,-1
286,19,958.4760131835938,573.895263671875,136.64215087890625,267.7391357421875,-1,-1,-1,-1
287,19,948.45361328125,581.9490356445312,140.640625,260.50946044921875,-1,-1,-1,-1
288,19,942.133056640625,583.6739501953125,143.1187744140625,258.43353271484375,-1,-1,-1,-1
289,19,935.3848266601562,576.1590576171875,147.48992919921875,261.5321044921875,-1,-1,-1,-1
290,19,934.25244140625,567.3840942382812,147.3587646484375,259.5230712890625,-1,-1,-1,-1
291,19,929.448974609375,562.37158203125,143.843017578125,258.6683349609375,-1,-1,-1,-1
292,19,926.9537353515625,559.3827514648438,136.8465576171875,257.88348388671875,-1,-1,-1,-1
293,19,913.094970703125,553.0408325195312,142.40380859375,264.23016357421875,-1,-1,-1,-1
294,19,900.5340576171875,559.2772216796875,142.2105712890625,259.19793701171875,-1,-1,-1,-1
295,19,878.7123413085938,569.234375,136.91534423828125,247.63421630859375,-1,-1,-1,-1
296,19,826.23193359375,566.7745361328125,137.08660888671875,242.59490966796875,-1,-1,-1,-1
297,19,784.5767822265625,551.554931640625,124.95428466796875,250.06298828125,-1,-1,-1,-1
298,19,752.2067260742188,545.5425415039062,124.39581298828125,255.47119140625,-1,-1,-1,-1
299,19,731.3130493164062,555.1363525390625,119.7091064453125,248.0692138671875,-1,-1,-1,-1
300,19,711.9012451171875,552.3159790039062,124.96337890625,254.99786376953125,-1,-1,-1,-1
301,19,699.8892211914062,562.5128784179688,123.42315673828125,251.42291259765625,-1,-1,-1,-1
302,19,691.117431640625,563.048095703125,121.44219970703125,257.978759765625,-1,-1,-1,-1
303,19,686.9849853515625,563.1611328125,120.92681884765625,264.3533935546875,-1,-1,-1,-1
304,19,688.7477416992188,561.9598999023438,121.0166015625,265.8402099609375,-1,-1,-1,-1
305,19,711.8299560546875,561.8843383789062,124.71319580078125,269.48321533203125,-1,-1,-1,-1
306,19,758.4754638671875,561.6773681640625,124.36395263671875,272.6617431640625,-1,-1,-1,-1
307,19,801.85693359375,560.8969116210938,127.27154541015625,275.02777099609375,-1,-1,-1,-1
308,19,829.3938598632812,559.9422607421875,131.8653564453125,277.88177490234375,-1,-1,-1,-1
309,19,848.1714477539062,557.4972534179688,134.8360595703125,280.84417724609375,-1,-1,-1,-1
310,19,865.4706420898438,557.4508056640625,138.12860107421875,282.501220703125,-1,-1,-1,-1
311,19,883.2030639648438,558.17333984375,138.94598388671875,287.73388671875,-1,-1,-1,-1
219,20,2.6569089889526367,533.7315673828125,221.46865844726562,266.05157470703125,-1,-1,-1,-1
220,20,50.589691162109375,572.149169921875,247.49880981445312,356.66278076171875,-1,-1,-1,-1
221,20,130.2594757080078,611.0398559570312,198.4970245361328,356.83258056640625,-1,-1,-1,-1
222,20,176.3032684326172,632.9146118164062,201.8252716064453,369.34735107421875,-1,-1,-1,-1
223,20,214.39390563964844,627.5657958984375,207.72340393066406,364.10003662109375,-1,-1,-1,-1
224,20,250.49053955078125,628.5415649414062,205.16748046875,349.0303955078125,-1,-1,-1,-1
225,20,274.47967529296875,648.8017578125,196.070068359375,338.20159912109375,-1,-1,-1,-1
226,20,290.3480224609375,692.717041015625,176.82217407226562,320.2237548828125,-1,-1,-1,-1
227,20,300.30126953125,718.07373046875,163.78903198242188,315.46630859375,-1,-1,-1,-1
228,20,321.05517578125,739.8261108398438,148.28427124023438,304.31268310546875,-1,-1,-1,-1
229,20,338.2474365234375,737.8095092773438,143.18670654296875,310.99078369140625,-1,-1,-1,-1
230,20,367.38623046875,736.5328369140625,137.1912841796875,303.88037109375,-1,-1,-1,-1
231,20,423.1140441894531,741.16845703125,127.33602905273438,272.40118408203125,-1,-1,-1,-1
232,20,454.9678955078125,749.5816650390625,142.2689208984375,241.59796142578125,-1,-1,-1,-1
233,20,478.4579162597656,744.81396484375,157.62564086914062,234.04925537109375,-1,-1,-1,-1
234,20,502.6142578125,735.7421264648438,163.01617431640625,229.810791015625,-1,-1,-1,-1
235,20,532.2418212890625,728.5697021484375,161.97308349609375,224.2813720703125,-1,-1,-1,-1
236,20,555.8193969726562,713.3894653320312,159.5347900390625,229.02777099609375,-1,-1,-1,-1
237,20,571.2590942382812,721.4849853515625,154.5279541015625,213.8389892578125,-1,-1,-1,-1
238,20,573.7024536132812,716.3642578125,149.54241943359375,213.6837158203125,-1,-1,-1,-1
239,20,569.9881591796875,711.440673828125,141.626220703125,211.327880859375,-1,-1,-1,-1
240,20,550.1918334960938,701.1218872070312,134.49566650390625,213.236083984375,-1,-1,-1,-1
241,20,506.5899658203125,681.0352172851562,140.50665283203125,229.296142578125,-1,-1,-1,-1
242,20,463.50848388671875,678.595947265625,152.1859130859375,235.10888671875,-1,-1,-1,-1
243,20,443.17681884765625,678.373779296875,151.34796142578125,234.185302734375,-1,-1,-1,-1
244,20,449.3155822753906,678.5001831054688,136.63339233398438,222.31512451171875,-1,-1,-1,-1
245,20,475.4212951660156,661.3938598632812,110.59860229492188,223.13818359375,-1,-1,-1,-1
246,20,512.0262451171875,659.4653930664062,91.1248779296875,206.22613525390625,-1,-1,-1,-1
247,20,536.6504516601562,659.3406982421875,89.20361328125,193.5770263671875,-1,-1,-1,-1
248,20,542.1915893554688,659.524658203125,93.96173095703125,185.5533447265625,-1,-1,-1,-1
249,20,540.0162963867188,651.7865600585938,105.35406494140625,187.5474853515625,-1,-1,-1,-1
250,20,559.072509765625,654.543701171875,96.99462890625,184.4720458984375,-1,-1,-1,-1
251,20,579.3399658203125,660.490234375,76.41497802734375,179.79046630859375,-1,-1,-1,-1
252,20,584.2404174804688,658.2132568359375,69.05255126953125,178.3509521484375,-1,-1,-1,-1
253,20,579.3445434570312,661.4258422851562,74.42626953125,168.97784423828125,-1,-1,-1,-1
254,20,577.1494140625,663.7394409179688,78.7913818359375,162.69964599609375,-1,-1,-1,-1
255,20,580.5021362304688,661.7816772460938,77.3297119140625,161.1678466796875,-1,-1,-1,-1
256,20,590.781005859375,660.7567749023438,72.6480712890625,162.76568603515625,-1,-1,-1,-1
257,20,606.7650146484375,667.5685424804688,65.1134033203125,156.66192626953125,-1,-1,-1,-1
258,20,614.3737182617188,660.4928588867188,66.95037841796875,170.41131591796875,-1,-1,-1,-1
259,20,621.2886352539062,665.1704711914062,69.4462890625,174.9437255859375,-1,-1,-1,-1
260,20,632.02001953125,668.9412841796875,72.50848388671875,179.2030029296875,-1,-1,-1,-1
261,20,644.212646484375,670.1078491210938,74.60418701171875,177.62506103515625,-1,-1,-1,-1
262,20,656.443359375,660.0820922851562,75.31390380859375,175.280517578125,-1,-1,-1,-1
263,20,662.9673461914062,655.98779296875,74.926025390625,169.79986572265625,-1,-1,-1,-1
264,20,664.6243286132812,644.6395874023438,72.01641845703125,167.93560791015625,-1,-1,-1,-1
265,20,661.326904296875,630.9939575195312,72.21343994140625,166.40118408203125,-1,-1,-1,-1
266,20,660.1328125,621.9036865234375,71.7005615234375,167.6414794921875,-1,-1,-1,-1
267,20,654.3569946289062,616.2921752929688,74.78167724609375,168.605224609375,-1,-1,-1,-1
268,20,647.1312255859375,610.3900146484375,75.79302978515625,168.75201416015625,-1,-1,-1,-1
269,20,637.5794067382812,602.600830078125,76.77215576171875,168.5968017578125,-1,-1,-1,-1
270,20,624.7841186523438,600.5736694335938,81.5340576171875,170.30352783203125,-1,-1,-1,-1
271,20,615.8169555664062,603.8873291015625,84.0164794921875,169.3309326171875,-1,-1,-1,-1
272,20,611.6985473632812,604.9514770507812,85.81219482421875,172.02398681640625,-1,-1,-1,-1
273,20,606.1488647460938,611.5882568359375,87.1790771484375,168.7520751953125,-1,-1,-1,-1
274,20,601.7052612304688,618.0908203125,81.10791015625,169.62091064453125,-1,-1,-1,-1
275,20,599.923828125,619.6204833984375,80.21844482421875,174.37408447265625,-1,-1,-1,-1
276,20,588.018798828125,631.3861083984375,85.23333740234375,169.65264892578125,-1,-1,-1,-1
277,20,581.865234375,634.67822265625,84.1358642578125,171.8192138671875,-1,-1,-1,-1
278,20,573.388427734375,639.8629150390625,83.033935546875,174.02081298828125,-1,-1,-1,-1
279,20,574.4404296875,641.4927978515625,71.54302978515625,174.2518310546875,-1,-1,-1,-1
280,20,571.5222778320312,637.01953125,62.57086181640625,176.68389892578125,-1,-1,-1,-1
281,20,569.5927734375,632.885498046875,59.74517822265625,178.69879150390625,-1,-1,-1,-1
282,20,570.07666015625,633.0986938476562,57.337158203125,179.41986083984375,-1,-1,-1,-1
283,20,569.3969116210938,629.6519165039062,57.17059326171875,180.50750732421875,-1,-1,-1,-1
284,20,566.2359008789062,631.0158081054688,59.192138671875,179.267578125,-1,-1,-1,-1
285,20,562.3161010742188,632.1173095703125,63.4407958984375,182.26483154296875,-1,-1,-1,-1
286,20,552.69140625,637.2827758789062,71.4700927734375,183.847900390625,-1,-1,-1,-1
287,20,545.8853149414062,643.4136352539062,73.29998779296875,187.171142578125,-1,-1,-1,-1
288,20,536.8309936523438,652.5902709960938,74.55718994140625,184.527587890625,-1,-1,-1,-1
289,20,531.7355346679688,653.6078491210938,74.70928955078125,185.05865478515625,-1,-1,-1,-1
290,20,520.7229614257812,647.1231689453125,74.4229736328125,192.10595703125,-1,-1,-1,-1
291,20,511.2906188964844,643.0455932617188,76.53958129882812,193.99365234375,-1,-1,-1,-1
292,20,500.1644287109375,640.6237182617188,80.0845947265625,197.3267822265625,-1,-1,-1,-1
293,20,485.887939453125,641.8970947265625,85.17669677734375,196.349365234375,-1,-1,-1,-1
294,20,465.64300537109375,644.2109375,91.76708984375,196.70562744140625,-1,-1,-1,-1
295,20,430.67388916015625,647.6844482421875,99.8310546875,201.75201416015625,-1,-1,-1,-1
296,20,365.12860107421875,644.9171142578125,112.07708740234375,210.66937255859375,-1,-1,-1,-1
297,20,304.3930969238281,633.586669921875,119.53738403320312,221.13916015625,-1,-1,-1,-1
298,20,255.8863525390625,626.6570434570312,131.03021240234375,227.4027099609375,-1,-1,-1,-1
299,20,217.0433349609375,625.317626953125,137.2294921875,232.39141845703125,-1,-1,-1,-1
300,20,187.1622314453125,619.5217895507812,145.07803344726562,237.485595703125,-1,-1,-1,-1
301,20,162.90646362304688,617.7608032226562,146.5823974609375,235.261962890625,-1,-1,-1,-1
302,20,145.26766967773438,606.5098876953125,148.02633666992188,243.5115966796875,-1,-1,-1,-1
303,20,134.17108154296875,594.9039916992188,145.13388061523438,247.5780029296875,-1,-1,-1,-1
304,20,132.15203857421875,589.853759765625,140.1031494140625,246.265625,-1,-1,-1,-1
305,20,160.35409545898438,580.17333984375,130.60400390625,243.75701904296875,-1,-1,-1,-1
306,20,215.39248657226562,580.33203125,114.19955444335938,238.842041015625,-1,-1,-1,-1
307,20,261.1190185546875,576.703125,98.13278198242188,243.60382080078125,-1,-1,-1,-1
308,20,288.5582580566406,585.8699951171875,84.68283081054688,239.80889892578125,-1,-1,-1,-1
309,20,302.3924560546875,595.4448852539062,94.89663696289062,239.90875244140625,-1,-1,-1,-1
310,20,312.6518859863281,605.0115356445312,101.08074951171875,241.2955322265625,-1,-1,-1,-1
311,20,324.4109802246094,622.0210571289062,103.93447875976562,237.9677734375,-1,-1,-1,-1
221,21,36.36699676513672,584.4437866210938,121.06401824951172,261.119873046875,-1,-1,-1,-1
222,21,67.42363739013672,610.7180786132812,139.93856811523438,241.49578857421875,-1,-1,-1,-1
223,21,83.51912689208984,618.3258056640625,156.76861572265625,236.76751708984375,-1,-1,-1,-1
224,21,120.0328598022461,632.0560302734375,153.43402099609375,237.78851318359375,-1,-1,-1,-1
225,21,151.36756896972656,658.6199951171875,143.64085388183594,234.55126953125,-1,-1,-1,-1
226,21,173.42166137695312,700.3372802734375,138.7750244140625,231.50958251953125,-1,-1,-1,-1
227,21,192.09402465820312,728.8945922851562,130.75161743164062,226.84375,-1,-1,-1,-1
228,21,215.0186309814453,745.3071899414062,122.99137878417969,222.02032470703125,-1,-1,-1,-1
229,21,238.64979553222656,759.4539794921875,112.21263122558594,214.130859375,-1,-1,-1,-1
230,21,272.5019836425781,756.870849609375,111.33657836914062,209.379150390625,-1,-1,-1,-1
231,21,328.7748107910156,751.702392578125,109.89431762695312,196.58319091796875,-1,-1,-1,-1
232,21,386.7798156738281,731.8648681640625,104.35720825195312,201.779052734375,-1,-1,-1,-1
233,21,432.02801513671875,722.6547241210938,101.885986328125,199.93927001953125,-1,-1,-1,-1
234,21,467.8970642089844,722.650146484375,97.71847534179688,188.324462890625,-1,-1,-1,-1
235,21,499.45843505859375,705.8191528320312,93.487060546875,191.1419677734375,-1,-1,-1,-1
236,21,522.7865600585938,696.9818725585938,87.45068359375,188.9659423828125,-1,-1,-1,-1
237,21,536.2615966796875,700.9361572265625,81.95947265625,180.3922119140625,-1,-1,-1,-1
238,21,541.5481567382812,686.2749633789062,81.34014892578125,188.79547119140625,-1,-1,-1,-1
239,21,541.1016845703125,697.2362670898438,85.11572265625,168.87030029296875,-1,-1,-1,-1
240,21,518.634765625,686.9384155273438,83.76190185546875,172.682861328125,-1,-1,-1,-1
241,21,482.384765625,679.3306274414062,87.16192626953125,173.97003173828125,-1,-1,-1,-1
242,21,450.011474609375,685.232177734375,86.09832763671875,172.21905517578125,-1,-1,-1,-1
243,21,430.5268249511719,674.77734375,73.08328247070312,179.2235107421875,-1,-1,-1,-1
244,21,434.43536376953125,672.3455810546875,69.95233154296875,170.36956787109375,-1,-1,-1,-1
245,21,445.5639953613281,655.1858520507812,76.21212768554688,177.72998046875,-1,-1,-1,-1
246,21,474.37579345703125,650.6395263671875,77.65216064453125,178.0211181640625,-1,-1,-1,-1
247,21,499.4916687011719,655.0933227539062,79.78707885742188,168.68402099609375,-1,-1,-1,-1
248,21,515.9974365234375,652.63427734375,80.7052001953125,167.8929443359375,-1,-1,-1,-1
249,21,536.466064453125,649.1942749023438,71.5853271484375,162.1099853515625,-1,-1,-1,-1
250,21,550.60205078125,655.1810302734375,62.670654296875,157.46142578125,-1,-1,-1,-1
251,21,554.4443359375,667.0743408203125,56.4935302734375,147.7020263671875,-1,-1,-1,-1
252,21,561.24169921875,665.257080078125,53.71820068359375,150.0728759765625,-1,-1,-1,-1
253,21,567.3761596679688,657.1737670898438,56.85821533203125,158.8734130859375,-1,-1,-1,-1
254,21,574.4591064453125,661.2984619140625,61.5125732421875,156.24371337890625,-1,-1,-1,-1
255,21,580.4638671875,661.8304443359375,68.11688232421875,156.70465087890625,-1,-1,-1,-1
256,21,587.6362915039062,660.1702270507812,64.17236328125,155.7603759765625,-1,-1,-1,-1
257,21,599.4073486328125,662.95556640625,50.68731689453125,150.871826171875,-1,-1,-1,-1
258,21,611.4185791015625,662.6661987304688,52.136474609375,154.8048095703125,-1,-1,-1,-1
259,21,621.0820922851562,667.6158447265625,57.8095703125,159.7403564453125,-1,-1,-1,-1
260,21,634.2937622070312,673.7584228515625,64.05560302734375,166.62725830078125,-1,-1,-1,-1
274,22,614.0626220703125,614.533935546875,77.19976806640625,163.38226318359375,-1,-1,-1,-1
275,22,614.4871826171875,619.173095703125,71.6905517578125,164.254150390625,-1,-1,-1,-1
276,22,610.8716430664062,625.6973876953125,71.11907958984375,164.155029296875,-1,-1,-1,-1
277,22,607.0870361328125,630.57080078125,67.47723388671875,162.2169189453125,-1,-1,-1,-1
278,22,603.2952270507812,635.8856201171875,66.357421875,162.24627685546875,-1,-1,-1,-1
279,22,601.96923828125,636.186279296875,66.1622314453125,164.2020263671875,-1,-1,-1,-1
280,22,598.9918212890625,631.2552490234375,65.6500244140625,165.18902587890625,-1,-1,-1,-1
281,22,601.5629272460938,631.52392578125,63.27630615234375,162.8995361328125,-1,-1,-1,-1
282,22,601.3988647460938,629.1409912109375,64.40576171875,162.5740966796875,-1,-1,-1,-1
283,22,603.128173828125,625.9279174804688,63.95965576171875,162.31121826171875,-1,-1,-1,-1
284,22,602.9067993164062,621.49072265625,62.53521728515625,164.3582763671875,-1,-1,-1,-1
285,22,597.4488525390625,619.1216430664062,66.73712158203125,167.8033447265625,-1,-1,-1,-1
286,22,588.4645385742188,621.968994140625,70.8280029296875,168.37103271484375,-1,-1,-1,-1
287,22,582.86328125,629.6815185546875,70.22601318359375,167.01171875,-1,-1,-1,-1
288,22,577.3213500976562,635.144287109375,72.86346435546875,170.14849853515625,-1,-1,-1,-1
289,22,575.1607055664062,635.8543701171875,72.32666015625,167.126953125,-1,-1,-1,-1
290,22,574.0281372070312,633.098876953125,69.17974853515625,167.032470703125,-1,-1,-1,-1
291,22,566.6498413085938,629.1004638671875,72.450927734375,166.71893310546875,-1,-1,-1,-1
292,22,560.1220092773438,629.3171997070312,73.03302001953125,165.8162841796875,-1,-1,-1,-1
293,22,550.531005859375,626.973388671875,77.615966796875,168.35870361328125,-1,-1,-1,-1
294,22,537.3722534179688,628.2744140625,82.6475830078125,168.904296875,-1,-1,-1,-1
295,22,511.127685546875,628.6134033203125,88.72479248046875,171.74017333984375,-1,-1,-1,-1
296,22,459.1492614746094,624.9984130859375,95.33602905273438,174.83148193359375,-1,-1,-1,-1
297,22,405.9139099121094,612.5303955078125,103.13815307617188,182.43310546875,-1,-1,-1,-1
298,22,371.19171142578125,603.0133056640625,99.553955078125,187.54925537109375,-1,-1,-1,-1
299,22,344.5487060546875,598.9915771484375,97.38546752929688,191.57049560546875,-1,-1,-1,-1
300,22,328.2070617675781,593.6082153320312,94.88836669921875,196.8685302734375,-1,-1,-1,-1
301,22,315.0311584472656,588.3408203125,88.6177978515625,200.062744140625,-1,-1,-1,-1
302,22,306.6070556640625,581.466552734375,87.47048950195312,206.36181640625,-1,-1,-1,-1
303,22,305.2002868652344,575.566650390625,83.79721069335938,206.8629150390625,-1,-1,-1,-1
304,22,311.5868835449219,569.2080688476562,85.15283203125,206.36029052734375,-1,-1,-1,-1
305,22,349.00408935546875,563.2888793945312,78.72039794921875,205.1937255859375,-1,-1,-1,-1
306,22,405.39208984375,562.1965942382812,76.4549560546875,204.67022705078125,-1,-1,-1,-1
307,22,453.0513000488281,566.533935546875,72.04891967773438,200.9373779296875,-1,-1,-1,-1
308,22,485.3296813964844,570.4169311523438,69.41946411132812,204.4508056640625,-1,-1,-1,-1
309,22,502.54833984375,574.2985229492188,71.80194091796875,204.93194580078125,-1,-1,-1,-1
310,22,521.446044921875,582.8139038085938,74.150146484375,199.379150390625,-1,-1,-1,-1
311,22,536.132568359375,589.5159301757812,72.554443359375,202.00189208984375,-1,-1,-1,-1
