1,1,956.37890625,630.0647583007812,161.21484375,370.396484375,-1,-1,-1,-1
2,1,978.6093139648438,629.9707641601562,160.93768310546875,366.612060546875,-1,-1,-1,-1
3,1,987.2664794921875,622.2118530273438,170.372802734375,363.1058349609375,-1,-1,-1,-1
4,1,975.1765747070312,588.79443359375,175.50836181640625,361.31646728515625,-1,-1,-1,-1
5,1,962.9512939453125,587.6181640625,186.4444580078125,356.71356201171875,-1,-1,-1,-1
6,1,942.9772338867188,605.1834106445312,187.90899658203125,354.60968017578125,-1,-1,-1,-1
7,1,916.4458618164062,615.1163330078125,188.69622802734375,353.48846435546875,-1,-1,-1,-1
8,1,891.6716918945312,619.6226806640625,183.49920654296875,356.15283203125,-1,-1,-1,-1
9,1,875.229248046875,629.7528076171875,171.36572265625,357.22857666015625,-1,-1,-1,-1
10,1,863.9732055664062,636.1304321289062,165.58917236328125,360.61651611328125,-1,-1,-1,-1
11,1,866.9545288085938,643.5399780273438,158.955810546875,361.265625,-1,-1,-1,-1
12,1,890.1561889648438,636.2788696289062,150.39300537109375,368.7659912109375,-1,-1,-1,-1
13,1,934.8681030273438,614.6439208984375,145.55718994140625,370.35235595703125,-1,-1,-1,-1
14,1,1001.1713256835938,580.3908081054688,154.47210693359375,382.474853515625,-1,-1,-1,-1
15,1,1108.4229736328125,542.4158935546875,165.206787109375,424.29705810546875,-1,-1,-1,-1
16,1,1190.4410400390625,541.0079345703125,186.782470703125,453.5277099609375,-1,-1,-1,-1
17,1,1230.503662109375,580.6333618164062,180.274169921875,453.70599365234375,-1,-1,-1,-1
18,1,1257.676513671875,614.8370361328125,152.1732177734375,448.6273193359375,-1,-1,-1,-1
19,1,1299.3179931640625,635.7395629882812,120.849609375,390.83184814453125,-1,-1,-1,-1
1,2,956.2669067382812,656.1435546875,93.44268798828125,295.70074462890625,-1,-1,-1,-1
2,2,972.7405395507812,651.3597412109375,98.81573486328125,308.82525634765625,-1,-1,-1,-1
3,2,987.1945190429688,640.6084594726562,107.33038330078125,309.902587890625,-1,-1,-1,-1
4,2,975.9401245117188,614.4107055664062,107.62432861328125,291.2584228515625,-1,-1,-1,-1
5,2,966.7720947265625,604.8643188476562,119.204833984375,288.86553955078125,-1,-1,-1,-1
6,2,949.236083984375,618.8123779296875,119.7371826171875,267.501953125,-1,-1,-1,-1
7,2,924.4619140625,624.3055419921875,118.453857421875,263.6160888671875,-1,-1,-1,-1
8,2,895.7760620117188,630.1593627929688,122.677734375,260.23681640625,-1,-1,-1,-1
9,2,874.6244506835938,640.4006958007812,110.1666259765625,256.83624267578125,-1,-1,-1,-1
10,2,864.2626953125,651.4281005859375,96.7335205078125,258.2945556640625,-1,-1,-1,-1
11,2,864.3433227539062,664.2736206054688,92.90362548828125,251.99554443359375,-1,-1,-1,-1
12,2,875.16162109375,663.063232421875,86.3690185546875,252.03118896484375,-1,-1,-1,-1
13,2,907.0066528320312,649.1021728515625,89.63983154296875,246.26910400390625,-1,-1,-1,-1
14,2,970.1925659179688,617.7244262695312,98.17559814453125,254.7178955078125,-1,-1,-1,-1
15,2,1066.4210205078125,582.7030639648438,99.5211181640625,263.8126220703125,-1,-1,-1,-1
16,2,1152.0712890625,570.767333984375,110.217041015625,278.03778076171875,-1,-1,-1,-1
17,2,1198.4400634765625,595.67041015625,111.7130126953125,284.754150390625,-1,-1,-1,-1
18,2,1226.8875732421875,624.2205810546875,113.1749267578125,285.0931396484375,-1,-1,-1,-1
19,2,1262.03515625,637.633056640625,112.987548828125,288.9273681640625,-1,-1,-1,-1
20,2,1317.6939697265625,631.7435913085938,93.729736328125,289.50360107421875,-1,-1,-1,-1
21,2,1305.131591796875,681.9212646484375,132.7283935546875,269.235107421875,-1,-1,-1,-1
1,3,98.57579040527344,642.4608154296875,147.23321533203125,407.369873046875,-1,-1,-1,-1
2,3,123.91389465332031,635.1517944335938,138.9889678955078,396.80609130859375,-1,-1,-1,-1
3,3,136.826904296875,600.178955078125,149.01907348632812,388.3763427734375,-1,-1,-1,-1
4,3,124.34190368652344,563.3130493164062,170.34840393066406,380.18377685546875,-1,-1,-1,-1
5,3,114.9521255493164,534.5946655273438,184.3399658203125,382.30084228515625,-1,-1,-1,-1
6,3,94.39327239990234,522.5257568359375,188.66876220703125,389.21197509765625,-1,-1,-1,-1
7,3,68.04730987548828,506.2371826171875,186.02304077148438,398.7322998046875,-1,-1,-1,-1
8,3,40.61202621459961,522.2911376953125,184.40748596191406,405.17047119140625,-1,-1,-1,-1
9,3,22.736270904541016,566.8357543945312,177.81019592285156,413.06427001953125,-1,-1,-1,-1
10,3,23.73899269104004,617.4210205078125,164.70362854003906,421.6103515625,-1,-1,-1,-1
11,3,42.33542251586914,675.24169921875,157.40802001953125,422.739501953125,-1,-1,-1,-1
12,3,76.79283905029297,726.9733276367188,148.6607666015625,416.25433349609375,-1,-1,-1,-1
13,3,141.67138671875,743.4456176757812,141.7032470703125,413.88165283203125,-1,-1,-1,-1
14,3,232.51873779296875,726.3646850585938,132.43838500976562,394.06451416015625,-1,-1,-1,-1
15,3,332.9403076171875,656.8046875,116.62387084960938,368.364990234375,-1,-1,-1,-1
16,3,422.38861083984375,588.0446166992188,97.07269287109375,344.661865234375,-1,-1,-1,-1
17,3,478.6416015625,573.3345947265625,86.3505859375,331.1185302734375,-1,-1,-1,-1
18,3,507.3330993652344,591.4171142578125,92.84048461914062,324.2159423828125,-1,-1,-1,-1
19,3,539.6100463867188,614.057373046875,102.12744140625,310.6834716796875,-1,-1,-1,-1
20,3,589.4650268554688,613.767333984375,112.88720703125,302.451416015625,-1,-1,-1,-1
21,3,662.04248046875,593.8828125,129.14373779296875,300.5606689453125,-1,-1,-1,-1
22,3,762.7569580078125,560.1763305664062,143.1513671875,298.1212158203125,-1,-1,-1,-1
23,3,875.42236328125,495.55908203125,153.2974853515625,317.34674072265625,-1,-1,-1,-1
24,3,955.2780151367188,431.6441955566406,163.76324462890625,331.2366638183594,-1,-1,-1,-1
25,3,977.194091796875,403.2279968261719,180.331298828125,339.7238464355469,-1,-1,-1,-1
26,3,923.004150390625,409.353515625,170.529052734375,324.422607421875,-1,-1,-1,-1
27,3,796.1647338867188,427.2801818847656,146.22418212890625,306.6203308105469,-1,-1,-1,-1
28,3,608.4200439453125,453.68572998046875,128.6680908203125,297.451171875,-1,-1,-1,-1
29,3,383.2038879394531,490.363525390625,147.58572387695312,309.05816650390625,-1,-1,-1,-1
30,3,195.18875122070312,530.6447143554688,174.90066528320312,337.55792236328125,-1,-1,-1,-1
31,3,129.6287078857422,564.7619018554688,188.53651428222656,341.22454833984375,-1,-1,-1,-1
32,3,109.12207794189453,560.6795654296875,191.84735107421875,355.39886474609375,-1,-1,-1,-1
33,3,94.89030456542969,561.5621948242188,193.76805114746094,358.77825927734375,-1,-1,-1,-1
34,3,105.64726257324219,562.62353515625,188.40513610839844,357.900634765625,-1,-1,-1,-1
35,3,109.92082214355469,572.8711547851562,192.40232849121094,359.88873291015625,-1,-1,-1,-1
36,3,92.32241821289062,592.74560546875,199.72576904296875,357.03472900390625,-1,-1,-1,-1
37,3,59.099769592285156,608.717529296875,201.909912109375,363.56005859375,-1,-1,-1,-1
38,3,29.634937286376953,615.1044921875,193.6758270263672,372.26025390625,-1,-1,-1,-1
39,3,10.320112228393555,617.0643920898438,167.22019958496094,386.02081298828125,-1,-1,-1,-1
40,3,1.2458009719848633,599.83984375,156.87796020507812,399.943359375,-1,-1,-1,-1
41,3,0.4330873489379883,571.5949096679688,188.5944366455078,398.564697265625,-1,-1,-1,-1
42,3,27.344112396240234,540.2645263671875,211.549072265625,401.42108154296875,-1,-1,-1,-1
43,3,41.581886291503906,542.737548828125,220.67108154296875,405.2763671875,-1,-1,-1,-1
44,3,18.198598861694336,547.0562133789062,226.21791076660156,414.69305419921875,-1,-1,-1,-1
45,3,-20.940813064575195,537.1552124023438,218.5106658935547,422.6529541015625,-1,-1,-1,-1
46,3,-59.64528274536133,522.8238525390625,180.84463500976562,435.66680908203125,-1,-1,-1,-1
47,3,-87.4967041015625,501.2324523925781,203.34861755371094,438.7847595214844,-1,-1,-1,-1
29,4,1091.08349609375,485.2271728515625,223.0052490234375,423.6922607421875,-1,-1,-1,-1
30,4,925.614990234375,475.3830871582031,171.672607421875,398.0809020996094,-1,-1,-1,-1
31,4,862.6814575195312,462.5291748046875,156.56805419921875,380.37347412109375,-1,-1,-1,-1
32,4,846.7151489257812,468.1688232421875,149.03033447265625,364.9049072265625,-1,-1,-1,-1
33,4,840.9117431640625,479.2916259765625,142.70574951171875,357.92144775390625,-1,-1,-1,-1
34,4,846.11962890625,487.95458984375,143.14935302734375,354.0263671875,-1,-1,-1,-1
35,4,845.7262573242188,478.9292297363281,139.119873046875,355.9575500488281,-1,-1,-1,-1
36,4,832.9629516601562,492.39886474609375,135.35357666015625,353.2642822265625,-1,-1,-1,-1
37,4,808.0086669921875,516.919189453125,133.1314697265625,344.47882080078125,-1,-1,-1,-1
38,4,784.3709106445312,535.7554321289062,130.89569091796875,340.33123779296875,-1,-1,-1,-1
39,4,760.7689819335938,548.0294189453125,132.0716552734375,333.24462890625,-1,-1,-1,-1
40,4,747.7911376953125,547.34765625,134.55615234375,325.9310302734375,-1,-1,-1,-1
41,4,755.8360595703125,522.802490234375,140.7760009765625,318.697021484375,-1,-1,-1,-1
42,4,772.5455322265625,483.42315673828125,153.66375732421875,316.465576171875,-1,-1,-1,-1
43,4,773.7039794921875,478.73284912109375,165.7099609375,311.30615234375,-1,-1,-1,-1
44,4,750.5558471679688,484.8936767578125,169.5172119140625,303.95587158203125,-1,-1,-1,-1
45,4,705.13525390625,494.11962890625,178.82183837890625,298.876708984375,-1,-1,-1,-1
46,4,645.93212890625,496.87371826171875,175.28253173828125,298.13653564453125,-1,-1,-1,-1
47,4,553.6793212890625,480.51263427734375,172.39105224609375,302.91455078125,-1,-1,-1,-1
48,4,425.4228210449219,450.5654296875,179.14468383789062,321.0325927734375,-1,-1,-1,-1
49,4,278.89471435546875,427.8550109863281,189.76852416992188,336.8281555175781,-1,-1,-1,-1
50,4,123.69751739501953,409.98846435546875,191.59002685546875,368.79656982421875,-1,-1,-1,-1
29,5,1002.5178833007812,512.0314025878906,109.86407470703125,234.91610717773438,-1,-1,-1,-1
30,5,831.4494018554688,506.35467529296875,85.31207275390625,216.27996826171875,-1,-1,-1,-1
31,5,768.1005859375,498.6492614746094,73.6873779296875,208.16531372070312,-1,-1,-1,-1
32,5,748.9467163085938,496.65496826171875,72.6995849609375,211.75396728515625,-1,-1,-1,-1
33,5,736.1653442382812,504.45367431640625,71.9248046875,210.748291015625,-1,-1,-1,-1
34,5,737.9940185546875,508.0984802246094,71.8271484375,211.09194946289062,-1,-1,-1,-1
35,5,737.7674560546875,510.67340087890625,69.65093994140625,206.33087158203125,-1,-1,-1,-1
36,5,723.8822631835938,532.7757568359375,67.96478271484375,196.27093505859375,-1,-1,-1,-1
37,5,697.38134765625,547.7785034179688,69.81060791015625,198.79388427734375,-1,-1,-1,-1
38,5,673.6190185546875,566.4834594726562,70.75994873046875,197.85418701171875,-1,-1,-1,-1
39,5,654.4962768554688,573.6713256835938,69.48419189453125,197.73699951171875,-1,-1,-1,-1
40,5,646.6134643554688,571.0523681640625,68.29962158203125,193.6160888671875,-1,-1,-1,-1
41,5,659.708984375,545.8209838867188,69.6488037109375,191.09014892578125,-1,-1,-1,-1
42,5,688.2728881835938,512.2685546875,67.7254638671875,186.18463134765625,-1,-1,-1,-1
43,5,701.7500610351562,504.0995788574219,67.349609375,188.22726440429688,-1,-1,-1,-1
44,5,686.5660400390625,510.95623779296875,67.2840576171875,185.90863037109375,-1,-1,-1,-1
45,5,654.301513671875,536.71435546875,65.483642578125,163.39886474609375,-1,-1,-1,-1
46,5,595.1752319335938,534.641845703125,66.18658447265625,167.4410400390625,-1,-1,-1,-1
47,5,499.1501770019531,513.3384399414062,68.92556762695312,177.59710693359375,-1,-1,-1,-1
48,5,364.89178466796875,481.6233825683594,80.39254760742188,195.92813110351562,-1,-1,-1,-1
49,5,206.91928100585938,461.1106262207031,94.35263061523438,213.41293334960938,-1,-1,-1,-1
50,5,134.6021728515625,464.9263000488281,111.05291748046875,254.47506713867188,-1,-1,-1,-1
51,5,22.235427856445312,407.4935302734375,170.50868225097656,391.57537841796875,-1,-1,-1,-1
52,5,-7.315848350524902,417.83111572265625,128.65821838378906,384.40899658203125,-1,-1,-1,-1
53,5,-53.615478515625,417.44287109375,142.24441528320312,382.73480224609375,-1,-1,-1,-1
54,5,-68.52178955078125,405.9340515136719,140.54360961914062,380.5184020996094,-1,-1,-1,-1
55,5,-77.16771697998047,381.303466796875,157.81883239746094,380.20013427734375,-1,-1,-1,-1
56,5,-52.46449661254883,367.9329833984375,168.88648986816406,364.4200439453125,-1,-1,-1,-1
57,5,113.06920623779297,411.6215515136719,182.04446411132812,340.8690490722656,-1,-1,-1,-1
58,5,329.6939697265625,478.8809814453125,150.876953125,308.64886474609375,-1,-1,-1,-1
59,5,498.5580749511719,537.7362670898438,117.25863647460938,293.0341796875,-1,-1,-1,-1
60,5,581.9457397460938,573.8673095703125,97.93743896484375,287.54461669921875,-1,-1,-1,-1
61,5,615.8239135742188,584.238037109375,92.97259521484375,292.0828857421875,-1,-1,-1,-1
62,5,631.0478515625,597.1471557617188,95.18218994140625,283.175048828125,-1,-1,-1,-1
63,5,649.8905029296875,605.1929931640625,89.657958984375,278.5230712890625,-1,-1,-1,-1
64,5,665.5604248046875,610.89892578125,88.863525390625,274.1807861328125,-1,-1,-1,-1
65,5,678.98046875,613.9711303710938,88.672607421875,269.55316162109375,-1,-1,-1,-1
66,5,693.4091186523438,590.698486328125,94.24029541015625,279.8173828125,-1,-1,-1,-1
67,5,715.511474609375,562.5560913085938,104.767333984375,286.055908203125,-1,-1,-1,-1
68,5,744.1698608398438,531.072998046875,112.1668701171875,292.0440673828125,-1,-1,-1,-1
69,5,777.5816650390625,505.99346923828125,116.9202880859375,303.9185791015625,-1,-1,-1,-1
70,5,816.061279296875,487.5157775878906,115.15252685546875,302.4571838378906,-1,-1,-1,-1
71,5,863.820068359375,472.5066223144531,116.100830078125,310.3132629394531,-1,-1,-1,-1
72,5,920.7199096679688,473.65802001953125,121.28863525390625,313.2589111328125,-1,-1,-1,-1
73,5,976.395263671875,477.23162841796875,123.70947265625,313.355712890625,-1,-1,-1,-1
74,5,1001.0137329101562,477.4758605957031,124.36663818359375,310.1047668457031,-1,-1,-1,-1
75,5,999.8162231445312,485.5191955566406,128.57562255859375,293.4741516113281,-1,-1,-1,-1
76,5,977.7325439453125,475.797119140625,129.9786376953125,300.8966064453125,-1,-1,-1,-1
77,5,924.7291259765625,457.8711853027344,125.7567138671875,304.1692810058594,-1,-1,-1,-1
78,5,861.9110717773438,435.2390441894531,115.61676025390625,302.1910095214844,-1,-1,-1,-1
79,5,806.2158203125,423.7517395019531,114.533203125,304.2129821777344,-1,-1,-1,-1
80,5,762.0809326171875,416.1143798828125,115.22894287109375,305.97186279296875,-1,-1,-1,-1
81,5,716.2647705078125,423.267578125,116.5218505859375,303.33258056640625,-1,-1,-1,-1
82,5,680.8312377929688,431.8114013671875,110.1253662109375,305.501708984375,-1,-1,-1,-1
83,5,652.0303344726562,441.0357971191406,107.38446044921875,298.8158874511719,-1,-1,-1,-1
84,5,623.8047485351562,448.3136291503906,106.54034423828125,294.3619079589844,-1,-1,-1,-1
85,5,601.541015625,451.1048278808594,105.58038330078125,289.4104309082031,-1,-1,-1,-1
86,5,581.8085327148438,447.8734436035156,103.6226806640625,289.1421203613281,-1,-1,-1,-1
87,5,566.8665161132812,449.7259826660156,102.72344970703125,295.9147644042969,-1,-1,-1,-1
88,5,559.1101684570312,448.3043518066406,108.11102294921875,306.3061218261719,-1,-1,-1,-1
89,5,550.6322021484375,450.5533752441406,111.5145263671875,310.4356994628906,-1,-1,-1,-1
90,5,538.776123046875,441.9740905761719,116.162109375,320.1475524902344,-1,-1,-1,-1
91,5,532.6007080078125,426.70294189453125,121.3367919921875,327.55316162109375,-1,-1,-1,-1
92,5,523.0326538085938,415.26287841796875,138.2799072265625,329.586181640625,-1,-1,-1,-1
93,5,511.7403259277344,404.68890380859375,155.58285522460938,331.70037841796875,-1,-1,-1,-1
94,5,506.1127624511719,405.5410461425781,170.69650268554688,327.2911682128906,-1,-1,-1,-1
95,5,503.3797607421875,422.3431396484375,188.2596435546875,322.3446044921875,-1,-1,-1,-1
96,5,510.89569091796875,436.33331298828125,192.48046875,322.9150390625,-1,-1,-1,-1
97,5,509.93170166015625,435.6308288574219,192.86883544921875,324.7561340332031,-1,-1,-1,-1
98,5,455.5584411621094,403.48931884765625,204.18228149414062,332.994140625,-1,-1,-1,-1
99,5,319.3421630859375,346.841552734375,231.715087890625,360.7811279296875,-1,-1,-1,-1
100,5,193.2838134765625,313.8738708496094,251.39532470703125,387.4889221191406,-1,-1,-1,-1
101,5,160.84121704101562,319.66802978515625,246.50869750976562,392.279541015625,-1,-1,-1,-1
102,5,220.0603485107422,347.9638977050781,219.55992126464844,377.1376647949219,-1,-1,-1,-1
103,5,327.48089599609375,382.8902282714844,192.1500244140625,360.8197326660156,-1,-1,-1,-1
104,5,436.2119140625,423.71881103515625,180.71453857421875,348.71337890625,-1,-1,-1,-1
105,5,510.6874694824219,476.4544982910156,175.65493774414062,321.5024108886719,-1,-1,-1,-1
106,5,550.1649780273438,501.5491943359375,187.0184326171875,314.8841552734375,-1,-1,-1,-1
107,5,573.734130859375,541.6582641601562,186.4490966796875,287.02734375,-1,-1,-1,-1
108,5,596.4203491210938,526.9176635742188,180.467529296875,317.24395751953125,-1,-1,-1,-1
109,5,623.0902099609375,568.638427734375,166.243896484375,285.19012451171875,-1,-1,-1,-1
110,5,643.5782470703125,568.7022094726562,148.60491943359375,294.88372802734375,-1,-1,-1,-1
111,5,630.2658081054688,563.8909912109375,147.596923828125,300.339599609375,-1,-1,-1,-1
112,5,618.9642944335938,565.0305786132812,144.59100341796875,301.2294921875,-1,-1,-1,-1
113,5,622.7006225585938,582.793212890625,151.050537109375,274.9935302734375,-1,-1,-1,-1
114,5,613.1498413085938,539.9208374023438,149.61077880859375,306.6209716796875,-1,-1,-1,-1
115,5,596.5484619140625,533.7247924804688,146.3231201171875,307.872314453125,-1,-1,-1,-1
116,5,579.796142578125,554.0277709960938,145.69482421875,297.61029052734375,-1,-1,-1,-1
117,5,542.8096923828125,554.9000854492188,147.7528076171875,310.31695556640625,-1,-1,-1,-1
118,5,464.719970703125,545.8357543945312,175.34454345703125,329.56549072265625,-1,-1,-1,-1
119,5,375.66693115234375,548.0037841796875,202.11761474609375,336.7900390625,-1,-1,-1,-1
120,5,304.7027587890625,545.613525390625,217.6854248046875,346.940185546875,-1,-1,-1,-1
121,5,256.41648864746094,541.8947143554688,229.2837371826172,360.26507568359375,-1,-1,-1,-1
122,5,274.5833435058594,546.7108154296875,223.84747314453125,357.58642578125,-1,-1,-1,-1
123,5,349.4568786621094,533.3463134765625,228.08859252929688,353.64471435546875,-1,-1,-1,-1
124,5,435.9518127441406,532.22216796875,220.25918579101562,335.62060546875,-1,-1,-1,-1
125,5,464.70330810546875,517.202392578125,228.478759765625,338.8963623046875,-1,-1,-1,-1
126,5,493.6624450683594,511.5887451171875,217.77798461914062,342.00799560546875,-1,-1,-1,-1
127,5,476.55731201171875,545.1275634765625,213.72601318359375,330.96356201171875,-1,-1,-1,-1
128,5,467.99359130859375,546.0676879882812,182.74493408203125,353.21014404296875,-1,-1,-1,-1
129,5,393.08673095703125,582.4642333984375,205.81951904296875,334.69561767578125,-1,-1,-1,-1
50,6,51.28299331665039,448.1826171875,95.19956970214844,227.32733154296875,-1,-1,-1,-1
51,6,15.514153480529785,425.37628173828125,178.7225341796875,346.13494873046875,-1,-1,-1,-1
51,7,-46.370235443115234,442.9869384765625,95.76480102539062,248.0299072265625,-1,-1,-1,-1
57,8,63.28107452392578,453.0207214355469,111.40911102294922,211.67343139648438,-1,-1,-1,-1
58,8,283.3108215332031,514.689697265625,97.5067138671875,182.3062744140625,-1,-1,-1,-1
59,8,456.9881591796875,576.7329711914062,74.3355712890625,161.31121826171875,-1,-1,-1,-1
60,8,548.7332763671875,616.7677612304688,64.280517578125,150.25091552734375,-1,-1,-1,-1
61,8,588.249267578125,618.888916015625,57.9395751953125,143.891357421875,-1,-1,-1,-1
62,8,613.9774780273438,625.4017944335938,53.77410888671875,133.9935302734375,-1,-1,-1,-1
63,8,636.1995239257812,616.1608276367188,51.37371826171875,144.39874267578125,-1,-1,-1,-1
64,8,658.0924072265625,618.2921142578125,53.0634765625,146.69476318359375,-1,-1,-1,-1
65,8,673.5888061523438,619.0866088867188,52.33013916015625,141.57098388671875,-1,-1,-1,-1
66,8,697.3930053710938,604.179931640625,54.712646484375,152.38238525390625,-1,-1,-1,-1
67,8,724.237548828125,576.455810546875,66.1473388671875,174.296630859375,-1,-1,-1,-1
68,8,746.970458984375,542.331298828125,86.13641357421875,202.8985595703125,-1,-1,-1,-1
69,8,780.7169189453125,517.530517578125,101.87384033203125,210.509765625,-1,-1,-1,-1
70,8,823.7974853515625,495.5018005371094,100.1153564453125,251.15896606445312,-1,-1,-1,-1
60,9,-84.41593933105469,676.159912109375,191.11807250976562,443.7335205078125,-1,-1,-1,-1
61,9,-30.36702537536621,674.7445678710938,161.92361450195312,422.79766845703125,-1,-1,-1,-1
62,9,-5.342537879943848,662.4521484375,162.99061584472656,421.818115234375,-1,-1,-1,-1
63,9,9.765945434570312,649.8778076171875,166.74131774902344,432.0628662109375,-1,-1,-1,-1
64,9,26.196514129638672,639.5784301757812,169.13314819335938,444.16119384765625,-1,-1,-1,-1
65,9,40.02049255371094,627.9166870117188,171.1331329345703,453.21051025390625,-1,-1,-1,-1
66,9,59.29070281982422,603.7108154296875,174.62423706054688,450.8004150390625,-1,-1,-1,-1
67,9,92.02151489257812,563.9832153320312,175.7337646484375,442.00048828125,-1,-1,-1,-1
68,9,136.0373077392578,531.728271484375,172.7727508544922,430.91644287109375,-1,-1,-1,-1
69,9,187.80563354492188,527.4446411132812,167.74423217773438,413.88824462890625,-1,-1,-1,-1
70,9,242.87405395507812,527.1991577148438,164.66949462890625,398.27667236328125,-1,-1,-1,-1
71,9,303.813232421875,530.3947143554688,166.4708251953125,382.98516845703125,-1,-1,-1,-1
72,9,381.888916015625,533.4472045898438,153.88818359375,369.90484619140625,-1,-1,-1,-1
73,9,444.8250732421875,543.9860229492188,145.638916015625,352.69671630859375,-1,-1,-1,-1
74,9,476.6934814453125,544.3168334960938,140.85540771484375,342.83489990234375,-1,-1,-1,-1
75,9,480.3536376953125,544.020751953125,138.75543212890625,342.15411376953125,-1,-1,-1,-1
76,9,465.9674072265625,538.0897216796875,138.858154296875,350.648681640625,-1,-1,-1,-1
77,9,418.09173583984375,530.8628540039062,144.37030029296875,350.8431396484375,-1,-1,-1,-1
78,9,351.4559020996094,522.8663330078125,156.72384643554688,355.520751953125,-1,-1,-1,-1
79,9,293.8034362792969,517.6830444335938,167.21176147460938,356.85003662109375,-1,-1,-1,-1
80,9,244.52215576171875,504.9661865234375,174.49224853515625,365.2843017578125,-1,-1,-1,-1
81,9,193.8167724609375,509.0818786621094,186.08065795898438,376.5915832519531,-1,-1,-1,-1
82,9,151.4592742919922,512.9684448242188,197.89195251464844,393.35675048828125,-1,-1,-1,-1
83,9,115.06999206542969,516.9152221679688,205.90394592285156,406.72515869140625,-1,-1,-1,-1
84,9,80.10105895996094,516.6115112304688,213.60023498535156,413.873779296875,-1,-1,-1,-1
85,9,51.65800476074219,517.0352172851562,223.9093780517578,415.6976318359375,-1,-1,-1,-1
86,9,28.429534912109375,515.8287963867188,228.8022003173828,416.52545166015625,-1,-1,-1,-1
87,9,14.54164981842041,514.9503784179688,228.0238037109375,418.91424560546875,-1,-1,-1,-1
88,9,10.923871994018555,510.8809509277344,219.90585327148438,420.0686950683594,-1,-1,-1,-1
89,9,5.970485687255859,501.2109680175781,206.57443237304688,422.2629089355469,-1,-1,-1,-1
90,9,-0.14470386505126953,482.23077392578125,184.3883819580078,426.0211181640625,-1,-1,-1,-1
91,9,0.7094206809997559,456.57525634765625,156.06663513183594,427.202392578125,-1,-1,-1,-1
92,9,3.2801971435546875,434.50408935546875,140.14683532714844,424.51416015625,-1,-1,-1,-1
93,9,8.629476070404053,418.93310546875,122.14810943603516,420.347412109375,-1,-1,-1,-1
94,9,13.675036430358887,405.3493957519531,121.06814575195312,418.1739807128906,-1,-1,-1,-1
95,9,23.35335350036621,422.7896423339844,123.64788055419922,411.9343566894531,-1,-1,-1,-1
96,9,36.45772171020508,446.35919189453125,126.78509521484375,398.61224365234375,-1,-1,-1,-1
97,9,31.88180160522461,457.87359619140625,133.0899200439453,388.4541015625,-1,-1,-1,-1
98,9,-20.31703758239746,451.845703125,136.47515869140625,388.8314208984375,-1,-1,-1,-1
77,10,985.87109375,473.6290588378906,84.60791015625,187.94284057617188,-1,-1,-1,-1
78,10,939.971923828125,462.20977783203125,64.98736572265625,173.31109619140625,-1,-1,-1,-1
79,10,887.2232666015625,450.7135314941406,65.1966552734375,175.29367065429688,-1,-1,-1,-1
80,10,854.9510498046875,452.06207275390625,62.31036376953125,169.44512939453125,-1,-1,-1,-1
81,10,818.8890380859375,455.2942810058594,59.58984375,166.57546997070312,-1,-1,-1,-1
82,10,790.894287109375,459.09942626953125,58.5078125,162.89398193359375,-1,-1,-1,-1
83,10,766.821533203125,457.18267822265625,58.15966796875,166.6080322265625,-1,-1,-1,-1
84,10,747.9932861328125,464.6972961425781,58.44549560546875,160.03720092773438,-1,-1,-1,-1
85,10,733.0022583007812,463.68701171875,59.82574462890625,158.98828125,-1,-1,-1,-1
86,10,722.40673828125,456.465087890625,59.80975341796875,164.895263671875,-1,-1,-1,-1
87,10,717.4960327148438,464.8065185546875,59.58099365234375,162.3651123046875,-1,-1,-1,-1
88,10,722.088623046875,482.26837158203125,57.871826171875,156.9075927734375,-1,-1,-1,-1
89,10,725.6324462890625,487.8283386230469,57.0692138671875,162.66561889648438,-1,-1,-1,-1
90,10,726.0103759765625,483.7673645019531,57.73284912109375,169.26858520507812,-1,-1,-1,-1
91,10,733.3363037109375,475.5500183105469,60.8751220703125,174.96578979492188,-1,-1,-1,-1
92,10,750.1834106445312,469.7903137207031,59.46417236328125,171.04238891601562,-1,-1,-1,-1
93,10,764.275634765625,461.42169189453125,61.56146240234375,172.2376708984375,-1,-1,-1,-1
94,10,780.5404663085938,451.4290771484375,63.5391845703125,179.96466064453125,-1,-1,-1,-1
95,10,794.742919921875,457.1253662109375,63.83392333984375,181.65277099609375,-1,-1,-1,-1
96,10,807.6602172851562,463.1442565917969,65.477294921875,183.49441528320312,-1,-1,-1,-1
97,10,809.8173828125,452.58392333984375,66.478515625,187.875244140625,-1,-1,-1,-1
98,10,770.5172119140625,419.0603942871094,65.9635009765625,185.96072387695312,-1,-1,-1,-1
99,10,674.5046997070312,359.3228759765625,67.54815673828125,193.20166015625,-1,-1,-1,-1
100,10,591.9005126953125,324.3772888183594,67.4915771484375,200.67977905273438,-1,-1,-1,-1
101,10,577.4539184570312,325.8833923339844,67.63421630859375,200.75234985351562,-1,-1,-1,-1
102,10,632.5101928710938,351.812255859375,65.6942138671875,195.0330810546875,-1,-1,-1,-1
103,10,732.1156005859375,390.9881896972656,63.837646484375,190.39254760742188,-1,-1,-1,-1
104,10,841.7521362304688,428.9129943847656,65.9136962890625,185.74301147460938,-1,-1,-1,-1
105,10,936.3494873046875,457.4947204589844,67.86370849609375,193.05776977539062,-1,-1,-1,-1
106,10,1006.551513671875,484.3803405761719,68.983154296875,190.95669555664062,-1,-1,-1,-1
107,10,1052.2802734375,497.4974060058594,73.65673828125,196.22793579101562,-1,-1,-1,-1
108,10,1089.7783203125,508.43927001953125,76.096923828125,198.69378662109375,-1,-1,-1,-1
109,10,1129.202392578125,512.5775451660156,76.63427734375,208.01107788085938,-1,-1,-1,-1
110,10,1160.6552734375,513.1923217773438,80.2362060546875,214.45404052734375,-1,-1,-1,-1
111,10,1187.4498291015625,517.3532104492188,82.802490234375,219.01324462890625,-1,-1,-1,-1
112,10,1208.365966796875,521.8641357421875,84.248779296875,225.2939453125,-1,-1,-1,-1
113,10,1226.20556640625,524.0850830078125,85.18017578125,228.6478271484375,-1,-1,-1,-1
114,10,1238.4571533203125,515.9483642578125,85.8865966796875,234.93310546875,-1,-1,-1,-1
115,10,1244.9205322265625,505.8692932128906,87.568115234375,238.18954467773438,-1,-1,-1,-1
116,10,1252.1160888671875,506.2529602050781,86.1756591796875,244.35104370117188,-1,-1,-1,-1
117,10,1235.5216064453125,498.40179443359375,88.9044189453125,238.84552001953125,-1,-1,-1,-1
118,10,1178.318603515625,477.9222106933594,89.359375,235.26565551757812,-1,-1,-1,-1
119,10,1113.19287109375,461.1488037109375,85.1767578125,231.49346923828125,-1,-1,-1,-1
120,10,1061.69482421875,446.85150146484375,84.9559326171875,233.76397705078125,-1,-1,-1,-1
121,10,1053.0931396484375,437.893310546875,84.433349609375,237.98736572265625,-1,-1,-1,-1
122,10,1100.04296875,428.0135498046875,89.765380859375,244.73199462890625,-1,-1,-1,-1
123,10,1206.7056884765625,392.48876953125,99.7747802734375,246.9842529296875,-1,-1,-1,-1
124,10,1323.8009033203125,361.97686767578125,90.1099853515625,278.14422607421875,-1,-1,-1,-1
125,10,1235.0628662109375,504.8986511230469,149.510009765625,251.55453491210938,-1,-1,-1,-1
131,10,1260.2259521484375,330.11590576171875,107.1263427734375,314.69598388671875,-1,-1,-1,-1
132,10,1096.717041015625,322.818603515625,121.3621826171875,319.509033203125,-1,-1,-1,-1
133,10,972.0657958984375,364.2882080078125,118.859619140625,303.96893310546875,-1,-1,-1,-1
134,10,886.7700805664062,405.7769470214844,112.85504150390625,302.1756286621094,-1,-1,-1,-1
135,10,835.1480712890625,411.179443359375,112.447021484375,304.04681396484375,-1,-1,-1,-1
136,10,791.13818359375,418.3616027832031,114.24981689453125,310.0201110839844,-1,-1,-1,-1
137,10,770.0266723632812,430.74658203125,114.40911865234375,319.73663330078125,-1,-1,-1,-1
138,10,759.5577392578125,460.77386474609375,118.12744140625,333.14996337890625,-1,-1,-1,-1
139,10,761.3258056640625,448.48809814453125,128.41009521484375,358.0062255859375,-1,-1,-1,-1
140,10,768.3831787109375,463.86309814453125,136.263427734375,376.2532958984375,-1,-1,-1,-1
141,10,758.1300048828125,476.8721923828125,145.58111572265625,398.72314453125,-1,-1,-1,-1
142,10,730.5697631835938,492.4580993652344,160.28546142578125,419.1152038574219,-1,-1,-1,-1
143,10,708.4876098632812,508.2989196777344,172.75311279296875,450.8014221191406,-1,-1,-1,-1
144,10,696.0565185546875,524.4515991210938,193.5784912109375,478.309814453125,-1,-1,-1,-1
145,10,705.4931640625,521.0259399414062,216.057861328125,507.94061279296875,-1,-1,-1,-1
146,10,757.8126220703125,505.1536865234375,254.255615234375,541.6566162109375,-1,-1,-1,-1
147,10,841.5585327148438,473.9508056640625,338.46417236328125,584.126708984375,-1,-1,-1,-1
148,10,1069.7332763671875,512.1828918457031,419.6307373046875,665.1766357421875,-1,-1,-1,-1
93,11,544.3709106445312,488.83294677734375,866.0172729492188,921.4050903320312,-1,-1,-1,-1
94,11,507.26214599609375,485.6791076660156,901.1301879882812,926.2503662109375,-1,-1,-1,-1
95,11,575.2175903320312,507.3515625,836.6797485351562,905.4168701171875,-1,-1,-1,-1
96,11,628.9163818359375,506.5497131347656,789.9227294921875,908.521484375,-1,-1,-1,-1
97,11,533.7721557617188,578.8963012695312,895.6340942382812,833.7749633789062,-1,-1,-1,-1
99,11,160.65249633789062,674.003662109375,1259.837646484375,805.18212890625,-1,-1,-1,-1
100,11,128.91561889648438,653.913330078125,1278.0726318359375,779.63720703125,-1,-1,-1,-1
101,11,173.6378631591797,704.4703369140625,1027.9996337890625,731.7352294921875,-1,-1,-1,-1
102,11,229.02114868164062,758.5010986328125,819.408935546875,671.3302001953125,-1,-1,-1,-1
103,12,-65.77880096435547,499.1141357421875,138.64395141601562,252.8306884765625,-1,-1,-1,-1
104,12,41.769805908203125,567.4420776367188,147.96194458007812,227.31561279296875,-1,-1,-1,-1
105,12,161.98309326171875,601.4880981445312,143.83877563476562,228.1202392578125,-1,-1,-1,-1
106,12,243.42425537109375,606.59814453125,138.03433227539062,228.33941650390625,-1,-1,-1,-1
107,12,286.20196533203125,610.3390502929688,138.632568359375,260.80615234375,-1,-1,-1,-1
103,13,-102.24571228027344,494.6171875,207.52032470703125,377.7584228515625,-1,-1,-1,-1
104,13,58.466064453125,565.91455078125,171.48858642578125,307.5020751953125,-1,-1,-1,-1
105,13,170.4963836669922,592.168701171875,155.6204071044922,287.605224609375,-1,-1,-1,-1
106,13,242.52293395996094,601.2987060546875,144.2725372314453,280.59228515625,-1,-1,-1,-1
107,13,279.9067687988281,605.4113159179688,147.30160522460938,278.94879150390625,-1,-1,-1,-1
108,13,305.16998291015625,609.3167114257812,149.0279541015625,277.05224609375,-1,-1,-1,-1
109,13,322.05291748046875,613.4986572265625,159.1043701171875,272.926513671875,-1,-1,-1,-1
110,13,330.27288818359375,612.8201904296875,169.48291015625,270.83251953125,-1,-1,-1,-1
111,13,329.7680358886719,611.964111328125,187.08175659179688,268.10345458984375,-1,-1,-1,-1
112,13,327.2127990722656,614.3981323242188,185.7779541015625,264.111083984375,-1,-1,-1,-1
113,13,308.401123046875,606.9335327148438,180.74432373046875,269.55523681640625,-1,-1,-1,-1
114,13,302.6526184082031,595.7042236328125,155.76873779296875,270.3031005859375,-1,-1,-1,-1
115,13,286.0850524902344,592.3524169921875,147.8360595703125,288.26202392578125,-1,-1,-1,-1
116,13,271.41998291015625,596.8163452148438,146.5087890625,309.12237548828125,-1,-1,-1,-1
117,13,234.1471405029297,600.354248046875,152.32920837402344,321.92608642578125,-1,-1,-1,-1
118,13,148.2808380126953,602.8245239257812,164.2594451904297,324.7904052734375,-1,-1,-1,-1
119,14,43.81608200073242,613.7075805664062,191.4453582763672,326.4456787109375,-1,-1,-1,-1
120,15,-31.36382293701172,625.92578125,206.76620483398438,346.4639892578125,-1,-1,-1,-1
121,15,-82.55793762207031,616.16552734375,242.556884765625,393.80499267578125,-1,-1,-1,-1
122,15,-51.74042510986328,642.9027709960938,245.55572509765625,363.15032958984375,-1,-1,-1,-1
123,15,20.767051696777344,650.7141723632812,275.8340148925781,347.724853515625,-1,-1,-1,-1
124,15,124.83023071289062,648.8804321289062,257.8063049316406,329.24420166015625,-1,-1,-1,-1
125,15,193.02349853515625,654.1259155273438,238.1976318359375,298.63818359375,-1,-1,-1,-1
126,15,230.32618713378906,671.0330200195312,217.77650451660156,266.39935302734375,-1,-1,-1,-1
127,15,225.1945343017578,676.1893920898438,194.70533752441406,267.9368896484375,-1,-1,-1,-1
128,15,210.61074829101562,670.5469970703125,188.64730834960938,280.59124755859375,-1,-1,-1,-1
129,15,139.46365356445312,675.2117919921875,208.9920654296875,297.62957763671875,-1,-1,-1,-1
130,15,213.42625427246094,573.0764770507812,246.2372589111328,337.93170166015625,-1,-1,-1,-1
131,15,370.61865234375,490.478759765625,303.29998779296875,370.385986328125,-1,-1,-1,-1
130,17,-35.16058349609375,662.9273071289062,224.9067840576172,325.42327880859375,-1,-1,-1,-1
131,17,-4.718588829040527,549.9226684570312,260.9322204589844,399.1192626953125,-1,-1,-1,-1
132,17,171.02503967285156,422.9227294921875,316.47418212890625,467.10595703125,-1,-1,-1,-1
149,19,-27.387109756469727,562.4805908203125,141.8997802734375,282.723876953125,-1,-1,-1,-1
150,19,278.9617919921875,574.4056396484375,110.4630126953125,235.56219482421875,-1,-1,-1,-1
151,19,412.3039245605469,579.9686279296875,93.24929809570312,207.46405029296875,-1,-1,-1,-1
152,19,453.6834716796875,584.9547119140625,91.63140869140625,200.6795654296875,-1,-1,-1,-1
153,19,484.25286865234375,581.0774536132812,81.47509765625,194.65093994140625,-1,-1,-1,-1
154,19,501.5218200683594,565.6121826171875,81.06338500976562,195.6597900390625,-1,-1,-1,-1
155,19,505.3127746582031,553.0592651367188,87.74435424804688,201.3121337890625,-1,-1,-1,-1
156,19,514.5228271484375,576.842529296875,88.12786865234375,179.8743896484375,-1,-1,-1,-1
157,19,529.4716796875,579.9293212890625,89.50189208984375,178.59344482421875,-1,-1,-1,-1
158,19,544.281005859375,585.618408203125,90.14739990234375,172.2545166015625,-1,-1,-1,-1
159,19,562.636474609375,575.2640991210938,92.84075927734375,152.2623291015625,-1,-1,-1,-1
160,19,571.1070556640625,565.088623046875,88.83856201171875,144.110107421875,-1,-1,-1,-1
161,19,564.5271606445312,535.5679931640625,83.9188232421875,160.05487060546875,-1,-1,-1,-1
162,19,560.4332275390625,521.44921875,74.00189208984375,167.71502685546875,-1,-1,-1,-1
163,19,555.2972412109375,518.5993041992188,72.65948486328125,169.9200439453125,-1,-1,-1,-1
164,19,552.566650390625,519.7880859375,78.87957763671875,166.198974609375,-1,-1,-1,-1
165,19,553.906982421875,514.1670532226562,81.34735107421875,167.08355712890625,-1,-1,-1,-1
166,19,560.4564208984375,519.69287109375,75.54400634765625,167.1973876953125,-1,-1,-1,-1
167,19,570.6097412109375,528.9151611328125,74.95306396484375,162.96697998046875,-1,-1,-1,-1
168,19,569.8896484375,529.2189331054688,77.0587158203125,161.04803466796875,-1,-1,-1,-1
169,19,554.9691772460938,534.6591796875,74.76300048828125,147.8265380859375,-1,-1,-1,-1
170,19,542.5259399414062,532.722412109375,75.4619140625,150.7147216796875,-1,-1,-1,-1
171,19,540.8458251953125,537.2887573242188,75.8333740234375,155.2161865234375,-1,-1,-1,-1
172,19,543.98876953125,564.6837158203125,73.955810546875,149.3265380859375,-1,-1,-1,-1
173,19,548.43896484375,584.943603515625,71.84149169921875,146.307861328125,-1,-1,-1,-1
174,19,563.2203979492188,571.5986328125,68.3428955078125,141.8126220703125,-1,-1,-1,-1
175,19,590.8302001953125,545.2362060546875,71.65447998046875,159.41607666015625,-1,-1,-1,-1
176,19,618.8381958007812,543.6253051757812,71.47918701171875,158.9619140625,-1,-1,-1,-1
177,19,630.65185546875,527.5031127929688,69.02764892578125,167.97442626953125,-1,-1,-1,-1
178,19,630.7440185546875,512.1211242675781,67.2509765625,169.17733764648438,-1,-1,-1,-1
179,19,635.52294921875,517.0744018554688,65.01666259765625,173.2509765625,-1,-1,-1,-1
180,19,648.9246826171875,533.5441284179688,59.36627197265625,183.4761962890625,-1,-1,-1,-1
181,19,660.285400390625,557.4222412109375,56.08477783203125,181.69061279296875,-1,-1,-1,-1
182,19,659.5214233398438,575.6122436523438,56.33612060546875,173.77484130859375,-1,-1,-1,-1
183,19,654.285888671875,559.6693725585938,57.154541015625,166.72711181640625,-1,-1,-1,-1
184,19,656.009765625,565.2017822265625,62.3265380859375,164.61834716796875,-1,-1,-1,-1
185,19,657.9151611328125,573.899658203125,67.277587890625,169.47503662109375,-1,-1,-1,-1
186,19,656.0308837890625,589.1544799804688,75.95654296875,174.12615966796875,-1,-1,-1,-1
187,19,656.6485595703125,614.9299926757812,81.96026611328125,173.64837646484375,-1,-1,-1,-1
188,19,663.5111694335938,645.65283203125,83.366943359375,182.76641845703125,-1,-1,-1,-1
189,19,666.0075073242188,663.3973388671875,82.89764404296875,185.25439453125,-1,-1,-1,-1
190,19,657.6965942382812,663.992431640625,88.86529541015625,188.52069091796875,-1,-1,-1,-1
191,19,648.2227783203125,644.595458984375,89.6788330078125,183.88916015625,-1,-1,-1,-1
192,19,656.645263671875,627.25537109375,89.732177734375,179.13665771484375,-1,-1,-1,-1
193,19,654.4652709960938,628.0592651367188,99.128173828125,181.836669921875,-1,-1,-1,-1
194,19,651.3008422851562,625.6751708984375,106.64923095703125,190.514892578125,-1,-1,-1,-1
195,19,651.875,615.9447021484375,102.56488037109375,194.48614501953125,-1,-1,-1,-1
196,19,651.2197265625,605.9086303710938,99.11572265625,197.1546630859375,-1,-1,-1,-1
197,19,641.8432006835938,585.953857421875,113.85797119140625,204.8756103515625,-1,-1,-1,-1
198,19,635.1033325195312,584.2662353515625,114.35223388671875,198.7864990234375,-1,-1,-1,-1
199,19,637.3531494140625,578.4974975585938,109.068603515625,201.70684814453125,-1,-1,-1,-1
200,19,644.72802734375,571.0176391601562,95.5439453125,203.91595458984375,-1,-1,-1,-1
150,20,232.79800415039062,611.5703735351562,71.64730834960938,180.98193359375,-1,-1,-1,-1
151,20,362.0350646972656,606.4326171875,72.56814575195312,159.71356201171875,-1,-1,-1,-1
152,20,409.656005859375,613.7173461914062,72.06393432617188,153.65081787109375,-1,-1,-1,-1
153,20,447.2038269042969,606.9891357421875,62.325714111328125,147.68975830078125,-1,-1,-1,-1
154,20,468.2048034667969,603.574462890625,65.63272094726562,139.14141845703125,-1,-1,-1,-1
155,20,481.086181640625,600.4226684570312,62.05633544921875,136.52777099609375,-1,-1,-1,-1
156,20,494.31280517578125,607.6922607421875,53.4586181640625,137.5438232421875,-1,-1,-1,-1
157,20,516.5626220703125,611.883056640625,53.08404541015625,133.966796875,-1,-1,-1,-1
158,20,535.283447265625,607.7908935546875,65.78643798828125,137.10693359375,-1,-1,-1,-1
159,20,563.7884521484375,580.7042846679688,79.775634765625,143.69793701171875,-1,-1,-1,-1
155,21,550.5278930664062,576.235107421875,46.9075927734375,109.0789794921875,-1,-1,-1,-1
156,21,563.283203125,586.248291015625,48.50286865234375,109.1134033203125,-1,-1,-1,-1
157,21,590.5343017578125,587.0440673828125,49.711181640625,110.526611328125,-1,-1,-1,-1
158,21,619.3847045898438,587.9468994140625,44.38482666015625,107.28515625,-1,-1,-1,-1
159,21,645.045654296875,562.2015380859375,44.68975830078125,112.40118408203125,-1,-1,-1,-1
160,21,654.1324462890625,601.677978515625,32.46722412109375,50.806640625,-1,-1,-1,-1
161,21,653.0159912109375,591.6583251953125,28.00067138671875,46.3348388671875,-1,-1,-1,-1
162,21,646.8629150390625,584.943603515625,24.01361083984375,45.84735107421875,-1,-1,-1,-1
163,21,645.8504638671875,580.4358520507812,25.57086181640625,45.4332275390625,-1,-1,-1,-1
164,21,647.33642578125,579.0887451171875,25.80303955078125,42.95098876953125,-1,-1,-1,-1
165,21,647.8994750976562,576.8441772460938,22.9677734375,41.92047119140625,-1,-1,-1,-1
167,21,613.1776123046875,544.543212890625,53.0986328125,118.39337158203125,-1,-1,-1,-1
164,22,582.7246704101562,550.4465942382812,59.81756591796875,109.09210205078125,-1,-1,-1,-1
165,22,589.664794921875,539.633056640625,51.9034423828125,114.23052978515625,-1,-1,-1,-1
166,22,598.861328125,538.874267578125,55.3043212890625,121.00030517578125,-1,-1,-1,-1
167,22,608.5315551757812,535.5904541015625,58.41259765625,129.0316162109375,-1,-1,-1,-1
168,22,612.4735717773438,540.0587158203125,58.63812255859375,125.84979248046875,-1,-1,-1,-1
169,22,607.2814331054688,549.3380737304688,52.55242919921875,111.19464111328125,-1,-1,-1,-1
170,22,593.5770263671875,542.0633544921875,63.65966796875,120.2340087890625,-1,-1,-1,-1
171,22,591.355712890625,539.3328857421875,68.7244873046875,134.48193359375,-1,-1,-1,-1
172,22,595.415283203125,566.010498046875,68.15472412109375,132.26312255859375,-1,-1,-1,-1
173,22,606.1414184570312,589.2308349609375,63.772705078125,129.46868896484375,-1,-1,-1,-1
174,22,623.1476440429688,574.762451171875,58.67767333984375,125.019287109375,-1,-1,-1,-1
175,22,655.43359375,557.8317260742188,53.04266357421875,131.03753662109375,-1,-1,-1,-1
176,22,685.8986206054688,553.0398559570312,49.857177734375,134.491455078125,-1,-1,-1,-1
177,22,696.3552856445312,533.8435668945312,50.13201904296875,143.44732666015625,-1,-1,-1,-1
178,22,697.1199951171875,525.2619018554688,49.19415283203125,133.79302978515625,-1,-1,-1,-1
179,22,700.2076416015625,544.7262573242188,47.532470703125,121.6070556640625,-1,-1,-1,-1
180,22,710.6676635742188,569.489501953125,46.63934326171875,123.16082763671875,-1,-1,-1,-1
181,22,716.0892944335938,592.4274291992188,47.66375732421875,122.06500244140625,-1,-1,-1,-1
182,22,713.763427734375,598.671630859375,50.9144287109375,125.53778076171875,-1,-1,-1,-1
183,22,707.393310546875,588.6729125976562,54.74151611328125,124.1358642578125,-1,-1,-1,-1
184,22,707.8301391601562,595.296875,63.7034912109375,127.40850830078125,-1,-1,-1,-1
185,22,710.2080078125,601.6510620117188,70.3389892578125,130.124755859375,-1,-1,-1,-1
186,22,712.1815795898438,623.6608276367188,81.6805419921875,128.0499267578125,-1,-1,-1,-1
187,22,720.4674072265625,643.4165649414062,85.79058837890625,136.43829345703125,-1,-1,-1,-1
188,22,721.820068359375,675.5436401367188,93.8262939453125,145.36663818359375,-1,-1,-1,-1
189,22,725.0245971679688,693.9599609375,94.1700439453125,149.13275146484375,-1,-1,-1,-1
190,22,717.976318359375,695.5720825195312,94.04241943359375,152.404296875,-1,-1,-1,-1
191,22,724.2984008789062,661.1112060546875,77.45050048828125,162.638671875,-1,-1,-1,-1
192,22,737.4464111328125,639.852783203125,70.98388671875,163.61669921875,-1,-1,-1,-1
193,22,741.4938354492188,633.6482543945312,64.720947265625,173.73651123046875,-1,-1,-1,-1
194,22,738.005615234375,631.509521484375,63.85638427734375,185.440185546875,-1,-1,-1,-1
195,22,746.0156860351562,621.6187744140625,61.1710205078125,194.59088134765625,-1,-1,-1,-1
196,22,746.1400756835938,612.5655517578125,68.14337158203125,199.072265625,-1,-1,-1,-1
197,22,742.9555053710938,597.7753295898438,65.026123046875,201.3773193359375,-1,-1,-1,-1
198,22,739.8023681640625,593.19775390625,69.42620849609375,197.316162109375,-1,-1,-1,-1
199,22,740.3606567382812,589.7991333007812,91.73358154296875,198.5616455078125,-1,-1,-1,-1
200,22,746.7626953125,583.898193359375,105.419921875,202.80853271484375,-1,-1,-1,-1
