1,1,688.7078857421875,494.9794921875,119.89453125,308.61602783203125,-1,-1,-1,-1
2,1,695.9930419921875,493.2484130859375,116.5699462890625,309.511474609375,-1,-1,-1,-1
3,1,703.5037231445312,492.9393615722656,111.48541259765625,308.4772644042969,-1,-1,-1,-1
4,1,700.828857421875,484.44366455078125,112.16162109375,306.6409912109375,-1,-1,-1,-1
5,1,696.4954223632812,483.34332275390625,113.77581787109375,305.6407470703125,-1,-1,-1,-1
6,1,694.5921630859375,477.68499755859375,118.1658935546875,318.27996826171875,-1,-1,-1,-1
7,1,693.5258178710938,478.4786071777344,122.67596435546875,324.5581970214844,-1,-1,-1,-1
8,1,690.2252807617188,477.9808349609375,127.73614501953125,330.36248779296875,-1,-1,-1,-1
9,1,685.21923828125,475.0934753417969,132.76116943359375,335.0795593261719,-1,-1,-1,-1
10,1,680.2115478515625,471.5162048339844,137.5799560546875,334.9993591308594,-1,-1,-1,-1
11,1,680.4209594726562,464.5935363769531,140.8538818359375,336.4755554199219,-1,-1,-1,-1
12,1,685.5228881835938,459.0736389160156,145.46807861328125,333.8973083496094,-1,-1,-1,-1
13,1,697.1871948242188,449.07489013671875,145.9017333984375,339.04266357421875,-1,-1,-1,-1
14,1,701.1340942382812,447.3709716796875,147.05303955078125,344.399658203125,-1,-1,-1,-1
15,1,693.209716796875,452.673828125,142.83184814453125,358.8382568359375,-1,-1,-1,-1
16,1,684.4443359375,466.988525390625,144.43994140625,360.053466796875,-1,-1,-1,-1
17,1,682.06005859375,473.9503173828125,148.3662109375,347.48394775390625,-1,-1,-1,-1
18,1,681.530517578125,476.97943115234375,152.6318359375,339.8021240234375,-1,-1,-1,-1
19,1,683.3224487304688,488.5790710449219,158.6246337890625,323.0774841308594,-1,-1,-1,-1
20,1,675.9692993164062,494.6609191894531,171.67071533203125,319.4739074707031,-1,-1,-1,-1
21,1,659.567626953125,498.31201171875,189.5872802734375,317.0394287109375,-1,-1,-1,-1
22,1,636.0647583007812,474.5193176269531,207.95196533203125,332.0739440917969,-1,-1,-1,-1
23,1,628.9637451171875,488.0658874511719,206.3941650390625,321.8110046386719,-1,-1,-1,-1
24,1,611.3760986328125,474.1642761230469,204.16937255859375,324.1034240722656,-1,-1,-1,-1
25,1,607.1921997070312,495.1258544921875,177.3717041015625,314.54046630859375,-1,-1,-1,-1
26,1,586.1240844726562,510.7909851074219,151.2578125,296.8130187988281,-1,-1,-1,-1
27,1,589.1426391601562,508.9254455566406,137.67633056640625,284.9742736816406,-1,-1,-1,-1
28,1,583.830322265625,505.26470947265625,152.0872802734375,284.32598876953125,-1,-1,-1,-1
29,1,595.87646484375,495.647705078125,146.9593505859375,286.734375,-1,-1,-1,-1
30,1,607.0653076171875,492.249755859375,135.6600341796875,277.8233642578125,-1,-1,-1,-1
31,1,618.0372924804688,491.5499572753906,126.4573974609375,251.54904174804688,-1,-1,-1,-1
32,1,628.9946899414062,509.552978515625,115.86737060546875,226.65289306640625,-1,-1,-1,-1
33,1,628.36767578125,515.9175415039062,113.674560546875,223.20819091796875,-1,-1,-1,-1
34,1,634.087646484375,528.4837646484375,114.49346923828125,216.69049072265625,-1,-1,-1,-1
35,1,639.8031005859375,523.4702758789062,118.7843017578125,215.91143798828125,-1,-1,-1,-1
36,1,646.8463134765625,535.4661254882812,118.63201904296875,209.980712890625,-1,-1,-1,-1
37,1,654.276611328125,540.763427734375,112.807861328125,209.6761474609375,-1,-1,-1,-1
38,1,656.83251953125,550.6378173828125,110.4090576171875,204.5201416015625,-1,-1,-1,-1
39,1,655.7130126953125,545.6163330078125,102.54168701171875,208.61737060546875,-1,-1,-1,-1
40,1,647.834716796875,521.94140625,94.38720703125,218.37115478515625,-1,-1,-1,-1
41,1,651.018310546875,535.914306640625,90.86053466796875,219.13580322265625,-1,-1,-1,-1
42,1,666.7691650390625,540.1436767578125,83.88995361328125,210.19488525390625,-1,-1,-1,-1
43,1,652.315185546875,510.9507751464844,84.92156982421875,218.87155151367188,-1,-1,-1,-1
44,1,625.622802734375,502.78472900390625,83.9395751953125,218.33135986328125,-1,-1,-1,-1
45,1,601.3383178710938,526.2808227539062,82.03668212890625,197.07354736328125,-1,-1,-1,-1
46,1,582.3884887695312,527.2975463867188,86.6895751953125,204.6204833984375,-1,-1,-1,-1
47,1,564.9754028320312,506.82183837890625,89.3931884765625,225.55743408203125,-1,-1,-1,-1
48,1,557.92236328125,516.15869140625,96.89599609375,223.0382080078125,-1,-1,-1,-1
49,1,550.7598266601562,514.307861328125,105.2889404296875,231.17523193359375,-1,-1,-1,-1
50,1,568.0759887695312,518.443115234375,106.07525634765625,241.77423095703125,-1,-1,-1,-1
51,1,596.2966918945312,514.5399780273438,100.23895263671875,256.14776611328125,-1,-1,-1,-1
52,1,628.6802978515625,525.4774169921875,106.33056640625,261.989501953125,-1,-1,-1,-1
53,1,642.885498046875,517.845458984375,112.3985595703125,271.82476806640625,-1,-1,-1,-1
54,1,657.0966186523438,494.05621337890625,115.55706787109375,285.58416748046875,-1,-1,-1,-1
55,1,661.1344604492188,477.101318359375,117.3050537109375,295.45635986328125,-1,-1,-1,-1
56,1,663.2050170898438,469.59814453125,121.321533203125,301.926025390625,-1,-1,-1,-1
57,1,665.8809814453125,465.36077880859375,129.23468017578125,315.33135986328125,-1,-1,-1,-1
58,1,677.1724243164062,469.7679138183594,137.09161376953125,333.6972351074219,-1,-1,-1,-1
59,1,701.6956176757812,468.979736328125,147.62591552734375,350.8802490234375,-1,-1,-1,-1
60,1,709.2425537109375,475.00616455078125,152.36334228515625,364.655029296875,-1,-1,-1,-1
61,1,694.999755859375,451.53631591796875,154.3040771484375,375.44354248046875,-1,-1,-1,-1
62,1,683.2190551757812,458.5392761230469,143.48681640625,363.6048889160156,-1,-1,-1,-1
63,1,697.5108642578125,492.0232849121094,147.24481201171875,353.1803283691406,-1,-1,-1,-1
64,1,702.6607055664062,500.2257080078125,153.09930419921875,344.702392578125,-1,-1,-1,-1
65,1,688.8524169921875,506.09161376953125,165.05682373046875,354.53363037109375,-1,-1,-1,-1
66,1,699.160400390625,514.3467407226562,169.99371337890625,360.96533203125,-1,-1,-1,-1
67,1,709.2427368164062,511.63812255859375,164.799072265625,348.53179931640625,-1,-1,-1,-1
68,1,705.0350952148438,495.7589416503906,164.26190185546875,344.2400817871094,-1,-1,-1,-1
69,1,707.1470336914062,492.18682861328125,178.6181640625,360.44586181640625,-1,-1,-1,-1
70,1,713.0921630859375,515.4002685546875,197.57342529296875,379.5413818359375,-1,-1,-1,-1
71,1,718.758544921875,533.734130859375,184.1514892578125,379.84234619140625,-1,-1,-1,-1
72,1,725.9615478515625,528.219970703125,161.1866455078125,358.3016357421875,-1,-1,-1,-1
73,1,757.888916015625,547.0938110351562,150.97283935546875,329.01458740234375,-1,-1,-1,-1
74,1,774.9170532226562,550.0848999023438,137.4267578125,319.60626220703125,-1,-1,-1,-1
75,1,751.6738891601562,562.2550048828125,133.0072021484375,306.3033447265625,-1,-1,-1,-1
76,1,752.8982543945312,554.2140502929688,122.48590087890625,307.70001220703125,-1,-1,-1,-1
77,1,760.3853759765625,535.4312744140625,111.86053466796875,308.2864990234375,-1,-1,-1,-1
78,1,765.335693359375,511.3459777832031,104.0068359375,318.8655700683594,-1,-1,-1,-1
79,1,768.3690795898438,491.4408264160156,97.4979248046875,331.7107849121094,-1,-1,-1,-1
80,1,773.55078125,483.74359130859375,98.080810546875,334.55194091796875,-1,-1,-1,-1
81,1,773.2763671875,498.22613525390625,102.780029296875,326.818115234375,-1,-1,-1,-1
82,1,775.9172973632812,503.8955993652344,93.3106689453125,312.5721740722656,-1,-1,-1,-1
83,1,753.3117065429688,480.6414794921875,95.95843505859375,311.30548095703125,-1,-1,-1,-1
84,1,747.6961059570312,491.1329040527344,97.48529052734375,304.3204650878906,-1,-1,-1,-1
85,1,758.4703369140625,494.4098205566406,111.22576904296875,301.8013000488281,-1,-1,-1,-1
86,1,753.3251342773438,494.2220764160156,118.33441162109375,294.8293151855469,-1,-1,-1,-1
87,1,734.2107543945312,489.3883972167969,120.44775390625,298.8498229980469,-1,-1,-1,-1
88,1,706.199951171875,489.0438537597656,125.79669189453125,293.1245422363281,-1,-1,-1,-1
89,1,709.3485717773438,480.2396240234375,126.13275146484375,300.36932373046875,-1,-1,-1,-1
90,1,719.5115356445312,488.72821044921875,118.41632080078125,305.50067138671875,-1,-1,-1,-1
91,1,714.7208251953125,481.06884765625,111.27276611328125,311.12261962890625,-1,-1,-1,-1
92,1,721.190185546875,466.0751953125,94.4088134765625,316.05328369140625,-1,-1,-1,-1
93,1,725.1549682617188,451.9107971191406,98.69293212890625,323.2218933105469,-1,-1,-1,-1
94,1,709.6928100585938,459.6922607421875,101.6314697265625,322.2764892578125,-1,-1,-1,-1
95,1,710.067138671875,457.3072204589844,96.0460205078125,324.0507507324219,-1,-1,-1,-1
96,1,700.3419799804688,470.0938415527344,101.6434326171875,321.8847961425781,-1,-1,-1,-1
97,1,693.3408813476562,487.72650146484375,113.831787109375,316.0775146484375,-1,-1,-1,-1
98,1,693.1546020507812,501.9102478027344,125.47412109375,305.9158020019531,-1,-1,-1,-1
99,1,671.0884399414062,532.8074951171875,136.18487548828125,302.58599853515625,-1,-1,-1,-1
100,1,653.1768798828125,559.6405029296875,132.3062744140625,311.2998046875,-1,-1,-1,-1
101,1,635.0036010742188,557.6687622070312,135.47027587890625,327.29913330078125,-1,-1,-1,-1
102,1,626.0519409179688,550.7240600585938,139.5850830078125,330.44708251953125,-1,-1,-1,-1
103,1,623.044677734375,539.7952880859375,142.99322509765625,331.560791015625,-1,-1,-1,-1
104,1,611.6943969726562,528.9436645507812,144.46240234375,333.983154296875,-1,-1,-1,-1
105,1,586.6253662109375,520.6050415039062,151.7818603515625,339.249267578125,-1,-1,-1,-1
106,1,555.2929077148438,523.2255249023438,159.73321533203125,339.434326171875,-1,-1,-1,-1
107,1,537.6934814453125,529.7608642578125,166.28265380859375,342.3060302734375,-1,-1,-1,-1
108,1,538.6514282226562,523.4304809570312,171.36505126953125,342.05255126953125,-1,-1,-1,-1
109,1,548.6790771484375,528.8890991210938,171.58544921875,338.10772705078125,-1,-1,-1,-1
110,1,545.588134765625,548.9486083984375,167.34765625,339.6595458984375,-1,-1,-1,-1
111,1,548.5424194335938,559.7189331054688,160.65667724609375,336.044677734375,-1,-1,-1,-1
112,1,562.3764038085938,560.734619140625,155.2833251953125,332.6248779296875,-1,-1,-1,-1
113,1,585.4630126953125,563.9896850585938,142.1339111328125,329.92816162109375,-1,-1,-1,-1
114,1,616.7883911132812,540.3564453125,128.6871337890625,325.03338623046875,-1,-1,-1,-1
115,1,623.4346313476562,523.9674072265625,124.28863525390625,326.60772705078125,-1,-1,-1,-1
116,1,625.9205932617188,515.4156494140625,125.86883544921875,324.89697265625,-1,-1,-1,-1
117,1,626.5885620117188,508.4441833496094,124.18804931640625,320.6174011230469,-1,-1,-1,-1
118,1,622.8182373046875,515.2750854492188,120.1083984375,319.39703369140625,-1,-1,-1,-1
119,1,629.0103759765625,521.4696655273438,109.2733154296875,316.80352783203125,-1,-1,-1,-1
120,1,645.873291015625,522.5113525390625,98.05218505859375,311.0888671875,-1,-1,-1,-1
121,1,648.90380859375,520.731689453125,96.85723876953125,304.70599365234375,-1,-1,-1,-1
122,1,639.1837158203125,533.072021484375,98.6529541015625,303.2333984375,-1,-1,-1,-1
123,1,640.5663452148438,550.1026611328125,94.74017333984375,304.8162841796875,-1,-1,-1,-1
124,1,652.44287109375,550.6692504882812,94.8387451171875,302.94635009765625,-1,-1,-1,-1
125,1,655.3937377929688,557.13818359375,112.22796630859375,296.3406982421875,-1,-1,-1,-1
126,1,652.6930541992188,558.716064453125,119.67681884765625,286.59930419921875,-1,-1,-1,-1
127,1,652.7567138671875,546.5921020507812,118.02490234375,282.5809326171875,-1,-1,-1,-1
128,1,659.560546875,545.4017333984375,112.85235595703125,281.3612060546875,-1,-1,-1,-1
129,1,661.3599243164062,533.5734252929688,114.8685302734375,282.81512451171875,-1,-1,-1,-1
130,1,658.8422241210938,514.927490234375,123.65667724609375,293.32830810546875,-1,-1,-1,-1
131,1,649.9382934570312,520.4851684570312,131.89923095703125,306.87567138671875,-1,-1,-1,-1
132,1,634.9581909179688,517.3695068359375,138.221435546875,311.29266357421875,-1,-1,-1,-1
133,1,615.95703125,516.9979248046875,154.7890625,318.267578125,-1,-1,-1,-1
134,1,611.7721557617188,518.1074829101562,166.79107666015625,320.29022216796875,-1,-1,-1,-1
135,1,607.7528686523438,494.9893798828125,181.32098388671875,320.36572265625,-1,-1,-1,-1
136,1,604.3976440429688,489.13153076171875,180.38824462890625,319.163818359375,-1,-1,-1,-1
137,1,614.5874633789062,494.9673767089844,181.5755615234375,314.4349060058594,-1,-1,-1,-1
138,1,634.2118530273438,507.5243835449219,181.67181396484375,302.9961853027344,-1,-1,-1,-1
139,1,644.2555541992188,495.8772277832031,179.619384765625,296.4231872558594,-1,-1,-1,-1
140,1,645.5553588867188,499.36883544921875,167.70330810546875,296.22076416015625,-1,-1,-1,-1
141,1,648.5657958984375,490.60491943359375,161.04217529296875,297.54913330078125,-1,-1,-1,-1
142,1,646.96484375,467.29620361328125,160.69317626953125,304.65350341796875,-1,-1,-1,-1
143,1,654.76904296875,459.31903076171875,154.57598876953125,311.2681884765625,-1,-1,-1,-1
144,1,684.1254272460938,446.08013916015625,137.03851318359375,316.01220703125,-1,-1,-1,-1
145,1,709.11669921875,461.4381103515625,130.00592041015625,318.79974365234375,-1,-1,-1,-1
146,1,719.2359008789062,473.4609680175781,128.0294189453125,322.6511535644531,-1,-1,-1,-1
147,1,715.93017578125,457.798583984375,129.42218017578125,330.47869873046875,-1,-1,-1,-1
148,1,725.270263671875,466.8605651855469,137.45550537109375,341.1966857910156,-1,-1,-1,-1
149,1,752.5247802734375,455.89892578125,156.30584716796875,358.83612060546875,-1,-1,-1,-1
150,1,764.906982421875,437.509033203125,174.33544921875,380.88128662109375,-1,-1,-1,-1
151,1,761.5925903320312,443.04571533203125,192.81671142578125,392.8736572265625,-1,-1,-1,-1
152,1,767.415283203125,457.00341796875,217.78472900390625,405.386474609375,-1,-1,-1,-1
153,1,766.5713500976562,479.93389892578125,261.48016357421875,402.5595703125,-1,-1,-1,-1
154,1,744.044189453125,499.7850341796875,290.144775390625,397.13092041015625,-1,-1,-1,-1
155,1,701.50439453125,519.1097412109375,326.6611328125,425.17608642578125,-1,-1,-1,-1
156,1,682.3507690429688,465.2000427246094,372.83380126953125,502.4955139160156,-1,-1,-1,-1
157,1,681.3515014648438,435.4881591796875,418.38873291015625,591.2591552734375,-1,-1,-1,-1
158,1,694.78466796875,360.13665771484375,478.55517578125,672.8374633789062,-1,-1,-1,-1
159,1,664.3304443359375,368.8329772949219,458.5357666015625,704.97265625,-1,-1,-1,-1
160,1,656.718505859375,252.89300537109375,464.0933837890625,780.4612426757812,-1,-1,-1,-1
161,1,664.93212890625,223.5244140625,474.4005126953125,793.7206420898438,-1,-1,-1,-1
162,1,692.0193481445312,167.10385131835938,513.8807983398438,837.098876953125,-1,-1,-1,-1
163,1,647.567138671875,258.14288330078125,543.2623291015625,896.1704711914062,-1,-1,-1,-1
164,1,607.4030151367188,312.8982849121094,534.9481811523438,1049.8021240234375,-1,-1,-1,-1
165,1,613.2070922851562,212.47225952148438,587.2473754882812,1180.024169921875,-1,-1,-1,-1
166,1,539.32275390625,229.41700744628906,829.8631591796875,1205.808349609375,-1,-1,-1,-1
167,1,640.783935546875,189.96351623535156,725.700927734375,1217.519287109375,-1,-1,-1,-1
168,1,699.02099609375,187.53208923339844,531.7850341796875,1218.047607421875,-1,-1,-1,-1
169,1,578.0933837890625,215.5951690673828,562.4013671875,1206.0185546875,-1,-1,-1,-1
170,1,576.5010986328125,339.10980224609375,605.8968505859375,1092.325439453125,-1,-1,-1,-1
171,1,543.8501586914062,526.236083984375,617.5233764648438,902.2838134765625,-1,-1,-1,-1
172,1,543.6264038085938,611.1133422851562,543.7554321289062,811.2868041992188,-1,-1,-1,-1
173,1,562.7998046875,641.7124633789062,389.815673828125,772.8170776367188,-1,-1,-1,-1
174,1,567.6004028320312,669.5670166015625,307.20751953125,751.7203369140625,-1,-1,-1,-1
175,1,561.6573486328125,679.8257446289062,348.8839111328125,731.8285522460938,-1,-1,-1,-1
176,1,562.4862670898438,661.1569213867188,394.47454833984375,751.8406372070312,-1,-1,-1,-1
177,1,572.2230834960938,708.0115966796875,391.82843017578125,708.3138427734375,-1,-1,-1,-1
178,1,499.3402404785156,622.6443481445312,434.8345031738281,789.6029663085938,-1,-1,-1,-1
179,1,480.6936340332031,546.9307250976562,432.0131530761719,828.0210571289062,-1,-1,-1,-1
180,1,509.0713195800781,641.4743041992188,435.9900817871094,576.9324340820312,-1,-1,-1,-1
181,1,502.8146057128906,583.1150512695312,421.6935729980469,625.2654418945312,-1,-1,-1,-1
182,1,438.8236083984375,504.654296875,483.8485107421875,712.0938720703125,-1,-1,-1,-1
183,1,394.0987548828125,487.87249755859375,518.9161987304688,735.4893188476562,-1,-1,-1,-1
184,1,226.816650390625,535.3095703125,679.1339111328125,706.3504638671875,-1,-1,-1,-1
185,1,176.5420684814453,516.2529907226562,692.9227905273438,672.8515014648438,-1,-1,-1,-1
1,2,1220.020263671875,528.9636840820312,193.190185546875,382.13427734375,-1,-1,-1,-1
2,2,1209.86279296875,536.6564331054688,204.4981689453125,383.16888427734375,-1,-1,-1,-1
3,2,1192.0843505859375,541.520751953125,220.123046875,379.62738037109375,-1,-1,-1,-1
4,2,1168.1256103515625,524.5012817382812,237.9864501953125,381.72412109375,-1,-1,-1,-1
5,2,1151.6163330078125,511.7314453125,251.5556640625,383.34942626953125,-1,-1,-1,-1
6,2,1144.4678955078125,505.25482177734375,247.6986083984375,383.47210693359375,-1,-1,-1,-1
7,2,1146.704345703125,501.6082763671875,238.617431640625,384.53839111328125,-1,-1,-1,-1
8,2,1144.446533203125,491.8290100097656,236.796875,388.1622619628906,-1,-1,-1,-1
9,2,1143.21533203125,485.82684326171875,230.072998046875,386.56390380859375,-1,-1,-1,-1
10,2,1140.1514892578125,481.70001220703125,225.5283203125,383.76007080078125,-1,-1,-1,-1
11,2,1139.47216796875,479.508544921875,225.8514404296875,382.23846435546875,-1,-1,-1,-1
12,2,1145.9276123046875,476.0849914550781,223.796142578125,381.2670593261719,-1,-1,-1,-1
13,2,1162.328369140625,473.473876953125,219.7169189453125,379.7646484375,-1,-1,-1,-1
14,2,1168.88916015625,466.10986328125,212.828857421875,383.06475830078125,-1,-1,-1,-1
15,2,1157.0029296875,458.1297607421875,205.3912353515625,379.2662353515625,-1,-1,-1,-1
16,2,1151.8369140625,461.6158447265625,196.0263671875,371.774658203125,-1,-1,-1,-1
17,2,1151.62744140625,457.5956726074219,192.37841796875,369.2669372558594,-1,-1,-1,-1
18,2,1156.0909423828125,455.99517822265625,196.3533935546875,368.0946044921875,-1,-1,-1,-1
19,2,1168.243408203125,456.1824035644531,194.0455322265625,365.3631896972656,-1,-1,-1,-1
20,2,1174.056884765625,459.6799011230469,193.6112060546875,362.9271545410156,-1,-1,-1,-1
21,2,1179.1463623046875,464.8167419433594,192.8389892578125,363.3868713378906,-1,-1,-1,-1
22,2,1170.9217529296875,459.98223876953125,203.2305908203125,363.25396728515625,-1,-1,-1,-1
23,2,1172.8487548828125,463.0301208496094,207.3377685546875,364.9496154785156,-1,-1,-1,-1
24,2,1180.2738037109375,453.7572021484375,207.15869140625,369.44268798828125,-1,-1,-1,-1
25,2,1190.4967041015625,454.69403076171875,209.939208984375,379.62908935546875,-1,-1,-1,-1
26,2,1192.2744140625,471.4253234863281,213.0208740234375,382.0522155761719,-1,-1,-1,-1
27,2,1192.0615234375,487.8027038574219,222.71435546875,382.2343444824219,-1,-1,-1,-1
28,2,1205.7608642578125,505.99444580078125,232.6322021484375,377.83062744140625,-1,-1,-1,-1
29,2,1224.211669921875,521.0068969726562,220.6732177734375,299.39923095703125,-1,-1,-1,-1
30,2,1240.0250244140625,516.9046630859375,209.0218505859375,309.48486328125,-1,-1,-1,-1
31,2,1251.114013671875,509.9809875488281,180.059326171875,317.2892761230469,-1,-1,-1,-1
32,2,1255.4405517578125,522.2212524414062,192.8216552734375,316.6033935546875,-1,-1,-1,-1
33,2,1262.08544921875,531.7083129882812,159.2718505859375,320.749267578125,-1,-1,-1,-1
34,2,1266.08642578125,545.2093505859375,172.2840576171875,314.51605224609375,-1,-1,-1,-1
35,2,1255.5899658203125,548.1080932617188,187.313232421875,299.27459716796875,-1,-1,-1,-1
36,2,1243.434326171875,556.5753173828125,216.923828125,295.134033203125,-1,-1,-1,-1
37,2,1242.3670654296875,575.3843994140625,218.130615234375,290.41912841796875,-1,-1,-1,-1
38,2,1252.0435791015625,595.717529296875,213.5675048828125,288.5567626953125,-1,-1,-1,-1
39,2,1252.5455322265625,597.7015991210938,204.4559326171875,291.98504638671875,-1,-1,-1,-1
40,2,1240.8162841796875,570.9871826171875,217.89501953125,312.92138671875,-1,-1,-1,-1
41,2,1252.3385009765625,571.5540161132812,216.4302978515625,320.21697998046875,-1,-1,-1,-1
42,2,1261.062744140625,578.5731811523438,224.651611328125,332.83892822265625,-1,-1,-1,-1
43,2,1233.35107421875,552.99951171875,270.5892333984375,341.53521728515625,-1,-1,-1,-1
44,2,1201.279052734375,566.0965576171875,260.6142578125,320.286865234375,-1,-1,-1,-1
45,2,1183.80810546875,568.30908203125,241.2158203125,298.05908203125,-1,-1,-1,-1
46,2,1172.471435546875,577.3179321289062,250.121826171875,287.47821044921875,-1,-1,-1,-1
47,2,1160.461669921875,569.853515625,265.3759765625,368.1002197265625,-1,-1,-1,-1
48,2,1157.3277587890625,562.1884155273438,269.3311767578125,459.3704833984375,-1,-1,-1,-1
49,2,1166.052734375,545.8949584960938,264.9974365234375,341.7359619140625,-1,-1,-1,-1
50,2,1193.934814453125,547.0833740234375,260.1507568359375,359.0545654296875,-1,-1,-1,-1
51,2,1224.4173583984375,557.0494995117188,268.6622314453125,381.4161376953125,-1,-1,-1,-1
52,2,1272.114013671875,604.5789184570312,249.95458984375,377.2213134765625,-1,-1,-1,-1
53,2,1263.2227783203125,529.0175170898438,292.0308837890625,480.76531982421875,-1,-1,-1,-1
54,2,1270.888916015625,513.39208984375,277.189697265625,504.380126953125,-1,-1,-1,-1
2,3,-113.25111389160156,442.2191467285156,300.668212890625,769.1768798828125,-1,-1,-1,-1
3,3,-44.31396484375,472.7950744628906,236.99417114257812,714.2896728515625,-1,-1,-1,-1
4,3,-13.232884407043457,476.3681640625,222.3662109375,693.976806640625,-1,-1,-1,-1
5,3,-3.2033004760742188,480.72979736328125,217.74179077148438,683.3843383789062,-1,-1,-1,-1
6,3,-4.773401260375977,483.1752624511719,231.06910705566406,675.4329833984375,-1,-1,-1,-1
7,3,12.670390129089355,487.220703125,224.71937561035156,657.7813720703125,-1,-1,-1,-1
8,3,33.71636199951172,494.17095947265625,215.29974365234375,615.2741088867188,-1,-1,-1,-1
9,3,46.27538299560547,496.3215026855469,208.72042846679688,558.5867919921875,-1,-1,-1,-1
10,3,59.48486328125,491.8757629394531,214.49520874023438,508.2237854003906,-1,-1,-1,-1
11,3,99.75623321533203,479.9599304199219,207.06900024414062,496.2394714355469,-1,-1,-1,-1
12,3,138.2050323486328,461.3039855957031,211.77781677246094,493.7701721191406,-1,-1,-1,-1
13,3,170.7715606689453,456.2577209472656,220.49900817871094,470.1771545410156,-1,-1,-1,-1
14,3,192.77511596679688,459.71783447265625,212.94058227539062,440.12847900390625,-1,-1,-1,-1
15,3,199.1456756591797,467.54913330078125,195.79322814941406,421.591796875,-1,-1,-1,-1
16,3,207.84542846679688,473.34051513671875,194.83193969726562,414.7957763671875,-1,-1,-1,-1
17,3,220.6951904296875,465.7765197753906,192.77398681640625,414.3027038574219,-1,-1,-1,-1
18,3,240.55557250976562,454.4503173828125,191.946533203125,412.78448486328125,-1,-1,-1,-1
19,3,264.4692687988281,447.85015869140625,181.76138305664062,397.6461181640625,-1,-1,-1,-1
20,3,278.6855163574219,452.01641845703125,173.79470825195312,383.9674072265625,-1,-1,-1,-1
21,3,297.6363220214844,455.22845458984375,162.79092407226562,359.15789794921875,-1,-1,-1,-1
22,3,309.97113037109375,451.6524658203125,151.92108154296875,323.21282958984375,-1,-1,-1,-1
23,3,328.2687683105469,461.41650390625,140.565673828125,310.27874755859375,-1,-1,-1,-1
24,3,344.0080871582031,472.27545166015625,134.30630493164062,295.51806640625,-1,-1,-1,-1
25,3,370.2425537109375,498.8606872558594,128.55810546875,277.1356506347656,-1,-1,-1,-1
26,3,385.73699951171875,513.0357055664062,125.03802490234375,252.19244384765625,-1,-1,-1,-1
27,3,407.6410217285156,511.212158203125,113.68496704101562,238.2098388671875,-1,-1,-1,-1
28,3,439.2425537109375,516.748291015625,106.29742431640625,224.58941650390625,-1,-1,-1,-1
29,3,466.8099365234375,505.6319580078125,107.80511474609375,221.8436279296875,-1,-1,-1,-1
30,3,489.33740234375,515.9351196289062,106.23602294921875,203.33599853515625,-1,-1,-1,-1
31,3,505.4660949707031,511.57452392578125,104.32003784179688,196.71484375,-1,-1,-1,-1
32,3,524.8102416992188,517.3870849609375,100.3446044921875,193.0994873046875,-1,-1,-1,-1
33,3,541.3637084960938,530.1497192382812,97.644287109375,186.16009521484375,-1,-1,-1,-1
34,3,558.7135620117188,530.8521118164062,95.2364501953125,192.15606689453125,-1,-1,-1,-1
35,3,573.50048828125,529.3815307617188,93.04620361328125,185.77960205078125,-1,-1,-1,-1
36,3,585.108642578125,540.860107421875,90.21649169921875,182.61004638671875,-1,-1,-1,-1
37,3,589.8568725585938,542.787353515625,90.9378662109375,181.6239013671875,-1,-1,-1,-1
38,3,589.8978271484375,547.58642578125,94.31585693359375,183.267333984375,-1,-1,-1,-1
39,3,581.4725341796875,547.046142578125,90.2926025390625,183.655029296875,-1,-1,-1,-1
40,3,557.836669921875,530.8692016601562,93.4639892578125,189.4298095703125,-1,-1,-1,-1
41,3,553.44580078125,545.3662109375,96.14691162109375,196.21826171875,-1,-1,-1,-1
42,3,564.623291015625,535.8369140625,92.8040771484375,199.806884765625,-1,-1,-1,-1
43,3,542.1026000976562,510.7221374511719,100.101806640625,209.82766723632812,-1,-1,-1,-1
44,3,508.79449462890625,500.1322937011719,104.56146240234375,216.97091674804688,-1,-1,-1,-1
45,3,474.2401428222656,497.47125244140625,117.11373901367188,222.61962890625,-1,-1,-1,-1
46,3,452.60986328125,506.66192626953125,122.6058349609375,223.00750732421875,-1,-1,-1,-1
47,3,430.81817626953125,489.0766296386719,126.25927734375,240.23861694335938,-1,-1,-1,-1
48,3,420.4690246582031,487.305908203125,131.81729125976562,244.970458984375,-1,-1,-1,-1
49,3,413.9710693359375,486.598876953125,140.9664306640625,248.40789794921875,-1,-1,-1,-1
50,3,434.70843505859375,496.8028869628906,140.24993896484375,246.77621459960938,-1,-1,-1,-1
51,3,458.4696044921875,500.5103454589844,141.51123046875,248.53421020507812,-1,-1,-1,-1
52,3,495.7081298828125,514.5819091796875,136.112548828125,249.29949951171875,-1,-1,-1,-1
53,3,516.894287109375,508.84619140625,131.42626953125,252.1162109375,-1,-1,-1,-1
54,3,532.316162109375,499.6097106933594,128.30517578125,248.66555786132812,-1,-1,-1,-1
55,3,536.0900268554688,482.0716247558594,129.25482177734375,258.4823913574219,-1,-1,-1,-1
56,3,538.883544921875,474.6210021972656,130.0126953125,265.1755065917969,-1,-1,-1,-1
57,3,547.6008911132812,475.6307678222656,124.51458740234375,268.1644592285156,-1,-1,-1,-1
58,3,562.9716796875,481.2096862792969,119.0457763671875,270.6819152832031,-1,-1,-1,-1
59,3,584.0885009765625,487.1340026855469,122.78466796875,267.5084533691406,-1,-1,-1,-1
60,3,586.1222534179688,495.30322265625,124.63629150390625,269.53662109375,-1,-1,-1,-1
61,3,569.657470703125,480.17034912109375,122.25750732421875,268.81402587890625,-1,-1,-1,-1
62,3,550.16064453125,484.0260314941406,118.90606689453125,271.0135803222656,-1,-1,-1,-1
63,3,556.4422607421875,510.1991271972656,118.51708984375,268.2909240722656,-1,-1,-1,-1
64,3,542.8335571289062,511.613525390625,117.10333251953125,269.5166015625,-1,-1,-1,-1
65,3,521.2998657226562,513.1326904296875,116.91943359375,268.18865966796875,-1,-1,-1,-1
66,3,521.531005859375,513.216552734375,117.43072509765625,267.9508056640625,-1,-1,-1,-1
67,3,524.6143798828125,504.389404296875,117.17694091796875,266.827392578125,-1,-1,-1,-1
68,3,513.5569458007812,485.029296875,117.82818603515625,271.12579345703125,-1,-1,-1,-1
69,3,513.4032592773438,477.8424377441406,118.13275146484375,270.1172180175781,-1,-1,-1,-1
70,3,516.2981567382812,482.7763671875,118.73931884765625,268.0340576171875,-1,-1,-1,-1
71,3,512.8934326171875,494.7261962890625,118.4990234375,266.28009033203125,-1,-1,-1,-1
72,3,514.8433227539062,486.28887939453125,116.479248046875,251.66607666015625,-1,-1,-1,-1
73,3,542.2129516601562,470.0868225097656,111.30731201171875,265.2720642089844,-1,-1,-1,-1
74,3,550.2916870117188,473.0325012207031,109.5277099609375,263.1438293457031,-1,-1,-1,-1
75,3,518.3970947265625,485.4666442871094,109.9632568359375,263.8581237792969,-1,-1,-1,-1
76,3,514.6390991210938,484.0370178222656,109.5712890625,264.5582580566406,-1,-1,-1,-1
77,3,515.242431640625,472.3199768066406,109.32684326171875,262.7931823730469,-1,-1,-1,-1
78,3,518.1112060546875,464.092529296875,107.59716796875,260.48345947265625,-1,-1,-1,-1
79,3,521.1976318359375,467.91363525390625,104.93426513671875,257.45245361328125,-1,-1,-1,-1
80,3,523.6870727539062,476.0513916015625,103.17486572265625,260.721923828125,-1,-1,-1,-1
81,3,524.76025390625,499.51092529296875,105.21759033203125,256.28106689453125,-1,-1,-1,-1
82,3,526.2239379882812,505.0458984375,106.0084228515625,259.17071533203125,-1,-1,-1,-1
83,3,498.31256103515625,493.9888916015625,106.2452392578125,267.91119384765625,-1,-1,-1,-1
84,3,484.64434814453125,503.27984619140625,106.1002197265625,266.63153076171875,-1,-1,-1,-1
85,3,496.71527099609375,492.27130126953125,105.64227294921875,270.4830322265625,-1,-1,-1,-1
86,3,483.7413635253906,491.792236328125,109.08438110351562,275.62628173828125,-1,-1,-1,-1
87,3,453.73260498046875,494.05316162109375,116.6434326171875,284.210205078125,-1,-1,-1,-1
88,3,415.9182434082031,476.27850341796875,122.83432006835938,295.56341552734375,-1,-1,-1,-1
89,3,412.379638671875,466.7730712890625,124.962646484375,300.82440185546875,-1,-1,-1,-1
90,3,407.6723327636719,476.0039978027344,128.40737915039062,308.7554626464844,-1,-1,-1,-1
91,3,387.448974609375,474.77899169921875,134.755615234375,317.85693359375,-1,-1,-1,-1
92,3,382.9361572265625,473.1814880371094,140.615966796875,326.0645446777344,-1,-1,-1,-1
93,3,383.1103820800781,475.53704833984375,146.90090942382812,334.9549560546875,-1,-1,-1,-1
94,3,355.2154846191406,476.5924072265625,151.64080810546875,346.4200439453125,-1,-1,-1,-1
95,3,339.408203125,473.6968994140625,152.90240478515625,353.9674072265625,-1,-1,-1,-1
96,3,321.0790100097656,477.49658203125,155.30496215820312,361.9893798828125,-1,-1,-1,-1
97,3,313.82269287109375,489.6465759277344,154.1285400390625,363.5716857910156,-1,-1,-1,-1
98,3,309.1933898925781,500.932373046875,159.45315551757812,364.8536376953125,-1,-1,-1,-1
99,3,285.2090148925781,525.345458984375,163.3687744140625,367.3775634765625,-1,-1,-1,-1
100,3,266.063720703125,545.8801879882812,166.19656372070312,366.48748779296875,-1,-1,-1,-1
101,3,249.11526489257812,544.3631591796875,166.83224487304688,371.6300048828125,-1,-1,-1,-1
102,3,244.62840270996094,543.12451171875,167.40794372558594,373.66845703125,-1,-1,-1,-1
103,3,245.41944885253906,544.2012939453125,171.8061981201172,372.38897705078125,-1,-1,-1,-1
104,3,239.44566345214844,543.8046875,173.3365936279297,371.70751953125,-1,-1,-1,-1
105,3,229.69383239746094,540.9330444335938,173.12550354003906,368.59783935546875,-1,-1,-1,-1
106,3,212.8323974609375,545.496826171875,170.1241455078125,366.349365234375,-1,-1,-1,-1
107,3,211.62319946289062,547.646484375,165.15725708007812,362.9136962890625,-1,-1,-1,-1
108,3,221.70672607421875,551.4551391601562,166.57012939453125,357.04052734375,-1,-1,-1,-1
109,3,240.89639282226562,559.7823486328125,164.05551147460938,349.732421875,-1,-1,-1,-1
110,3,239.9471435546875,575.7091064453125,155.584716796875,347.96142578125,-1,-1,-1,-1
111,3,240.21795654296875,583.5521850585938,152.349853515625,342.6947021484375,-1,-1,-1,-1
112,3,248.84658813476562,581.537841796875,150.29083251953125,340.665771484375,-1,-1,-1,-1
113,3,262.4028625488281,581.1818237304688,145.16616821289062,334.75042724609375,-1,-1,-1,-1
114,3,281.727783203125,548.6989135742188,137.26483154296875,329.603515625,-1,-1,-1,-1
115,3,286.9210205078125,531.791015625,136.8148193359375,326.54345703125,-1,-1,-1,-1
116,3,292.96746826171875,524.9057006835938,133.8367919921875,324.00946044921875,-1,-1,-1,-1
117,3,291.24603271484375,525.74462890625,135.702392578125,323.3994140625,-1,-1,-1,-1
118,3,272.0727233886719,537.4260864257812,141.09945678710938,326.4146728515625,-1,-1,-1,-1
119,3,269.3115539550781,544.0960693359375,139.30654907226562,327.35687255859375,-1,-1,-1,-1
120,3,268.1660461425781,534.854736328125,138.68820190429688,333.127685546875,-1,-1,-1,-1
121,3,252.07115173339844,524.2993774414062,137.55213928222656,340.7579345703125,-1,-1,-1,-1
122,3,225.9259796142578,533.6151123046875,140.10145568847656,348.4520263671875,-1,-1,-1,-1
123,3,209.61215209960938,550.5234985351562,141.49819946289062,357.48583984375,-1,-1,-1,-1
124,3,210.84512329101562,559.9442138671875,147.99725341796875,358.32965087890625,-1,-1,-1,-1
125,3,200.9783477783203,564.0007934570312,154.33082580566406,364.15338134765625,-1,-1,-1,-1
126,3,185.66708374023438,559.142333984375,160.67257690429688,365.32147216796875,-1,-1,-1,-1
127,3,180.2628173828125,540.4218139648438,164.94036865234375,369.02093505859375,-1,-1,-1,-1
128,3,182.58383178710938,537.77685546875,166.31039428710938,370.14605712890625,-1,-1,-1,-1
129,3,181.72886657714844,524.7022094726562,167.6702423095703,371.89013671875,-1,-1,-1,-1
130,3,180.23165893554688,514.7103881835938,171.28817749023438,377.282470703125,-1,-1,-1,-1
131,3,165.9788055419922,532.4685668945312,175.70741271972656,382.75750732421875,-1,-1,-1,-1
132,3,144.39662170410156,535.087646484375,180.26588439941406,388.67913818359375,-1,-1,-1,-1
133,3,127.52439880371094,539.0379638671875,180.1713409423828,393.73388671875,-1,-1,-1,-1
134,3,140.820068359375,522.007568359375,168.4658203125,394.85394287109375,-1,-1,-1,-1
135,3,151.62762451171875,498.072998046875,166.73663330078125,386.9774169921875,-1,-1,-1,-1
136,3,158.719970703125,495.7369079589844,166.05392456054688,381.2555236816406,-1,-1,-1,-1
137,3,186.9800567626953,503.0221252441406,162.4645233154297,367.6501770019531,-1,-1,-1,-1
138,3,219.958251953125,513.4400024414062,154.49563598632812,353.6484375,-1,-1,-1,-1
139,3,236.0867156982422,503.8631591796875,151.40834045410156,346.2469482421875,-1,-1,-1,-1
140,3,232.7628631591797,491.7058410644531,147.0792694091797,345.0083923339844,-1,-1,-1,-1
141,3,235.83840942382812,476.1184387207031,142.68914794921875,341.2109680175781,-1,-1,-1,-1
142,3,232.1915740966797,458.71453857421875,142.3975067138672,340.21514892578125,-1,-1,-1,-1
143,3,245.81301879882812,442.9588623046875,134.96624755859375,340.9189453125,-1,-1,-1,-1
144,3,279.2305603027344,420.04547119140625,131.59854125976562,339.37322998046875,-1,-1,-1,-1
145,3,303.0682678222656,421.99468994140625,136.33389282226562,337.44329833984375,-1,-1,-1,-1
146,3,306.51568603515625,436.7178039550781,137.25634765625,345.0204162597656,-1,-1,-1,-1
147,3,297.06341552734375,429.7815856933594,138.94839477539062,353.3500061035156,-1,-1,-1,-1
148,3,299.63507080078125,454.2528381347656,143.2764892578125,363.3301086425781,-1,-1,-1,-1
149,3,315.552978515625,447.92291259765625,147.09326171875,370.88153076171875,-1,-1,-1,-1
150,3,312.4833679199219,422.0218811035156,149.2918701171875,378.9075012207031,-1,-1,-1,-1
151,3,296.7437438964844,414.0555725097656,153.4383544921875,392.7578430175781,-1,-1,-1,-1
152,3,288.4678955078125,416.8395690917969,156.9871826171875,402.1412048339844,-1,-1,-1,-1
153,3,278.3014831542969,438.17816162109375,165.17266845703125,413.95379638671875,-1,-1,-1,-1
154,3,247.22650146484375,449.5575866699219,173.19265747070312,429.1649475097656,-1,-1,-1,-1
155,3,200.79034423828125,459.1553955078125,182.83535766601562,451.2796630859375,-1,-1,-1,-1
156,3,171.41773986816406,431.7194519042969,207.7043914794922,488.6378479003906,-1,-1,-1,-1
157,3,176.9270782470703,444.3380126953125,221.4274139404297,494.90594482421875,-1,-1,-1,-1
158,3,179.45742797851562,388.07861328125,233.35580444335938,515.9609985351562,-1,-1,-1,-1
159,3,118.10411834716797,443.862548828125,260.4974060058594,545.02685546875,-1,-1,-1,-1
160,3,110.87335205078125,364.1831970214844,265.6249084472656,567.8653564453125,-1,-1,-1,-1
161,3,97.9383316040039,329.71954345703125,275.8114929199219,577.5867309570312,-1,-1,-1,-1
162,3,138.31817626953125,250.04299926757812,277.0325012207031,571.9476318359375,-1,-1,-1,-1
163,3,165.245361328125,299.5165710449219,273.0103454589844,558.9429931640625,-1,-1,-1,-1
164,3,171.92874145507812,312.48712158203125,268.882568359375,551.5516967773438,-1,-1,-1,-1
165,3,221.35264587402344,235.18930053710938,277.67236328125,537.748779296875,-1,-1,-1,-1
166,3,259.2381896972656,314.9261169433594,271.8905944824219,521.3631591796875,-1,-1,-1,-1
167,3,261.8994140625,358.4986877441406,281.8326416015625,507.4858703613281,-1,-1,-1,-1
168,3,239.69317626953125,412.07196044921875,286.2069091796875,500.70941162109375,-1,-1,-1,-1
169,3,204.48681640625,424.3380126953125,286.6271667480469,498.309814453125,-1,-1,-1,-1
170,3,189.748291015625,486.39959716796875,277.5215759277344,495.29052734375,-1,-1,-1,-1
171,3,147.58712768554688,601.7928466796875,279.761962890625,501.0010986328125,-1,-1,-1,-1
172,3,113.23524475097656,620.1078491210938,279.2978515625,511.20172119140625,-1,-1,-1,-1
173,3,84.2899398803711,618.9337768554688,276.28070068359375,515.2503051757812,-1,-1,-1,-1
174,3,69.04571533203125,611.6915893554688,270.87689208984375,525.6746215820312,-1,-1,-1,-1
175,3,11.531120300292969,603.9043579101562,321.9971008300781,562.2221069335938,-1,-1,-1,-1
176,3,9.533807754516602,419.56463623046875,652.684326171875,894.5800170898438,-1,-1,-1,-1
62,4,1316.688232421875,459.719482421875,185.5965576171875,452.15838623046875,-1,-1,-1,-1
63,4,1326.3992919921875,517.0291137695312,143.48388671875,398.733642578125,-1,-1,-1,-1
64,4,1296.4630126953125,513.8126220703125,150.09619140625,393.9542236328125,-1,-1,-1,-1
65,4,1236.9334716796875,517.116455078125,165.641357421875,371.05206298828125,-1,-1,-1,-1
66,4,1211.4443359375,526.7295532226562,169.4227294921875,353.27978515625,-1,-1,-1,-1
67,4,1187.1474609375,518.8966674804688,187.2171630859375,342.93975830078125,-1,-1,-1,-1
68,4,1155.712890625,498.6149597167969,194.83544921875,339.7160339355469,-1,-1,-1,-1
69,4,1146.6568603515625,500.8885803222656,188.6807861328125,337.9931335449219,-1,-1,-1,-1
70,4,1128.1826171875,519.9818115234375,179.708251953125,319.7882080078125,-1,-1,-1,-1
71,4,1086.4720458984375,512.6492919921875,173.56884765625,300.831298828125,-1,-1,-1,-1
72,4,1071.89599609375,484.411376953125,132.5364990234375,282.8050537109375,-1,-1,-1,-1
73,4,1084.8349609375,476.0779113769531,123.4671630859375,272.1678161621094,-1,-1,-1,-1
74,4,1073.7738037109375,474.9303283691406,114.5953369140625,258.1524353027344,-1,-1,-1,-1
75,4,1005.7758178710938,487.51397705078125,114.77020263671875,241.95404052734375,-1,-1,-1,-1
76,4,947.561279296875,490.2428894042969,141.424072265625,232.55215454101562,-1,-1,-1,-1
77,4,929.124755859375,487.4689025878906,154.2481689453125,214.33078002929688,-1,-1,-1,-1
78,4,923.5081787109375,490.2113342285156,154.60888671875,201.66903686523438,-1,-1,-1,-1
79,4,922.935791015625,504.6960144042969,145.687744140625,190.86404418945312,-1,-1,-1,-1
80,4,921.4705200195312,522.18408203125,132.20648193359375,184.75384521484375,-1,-1,-1,-1
81,4,920.1062622070312,555.9261474609375,116.35552978515625,178.46453857421875,-1,-1,-1,-1
82,4,920.7330322265625,562.8798828125,106.712646484375,177.4892578125,-1,-1,-1,-1
83,4,885.933349609375,549.0176391601562,112.36041259765625,178.41241455078125,-1,-1,-1,-1
84,4,862.9826049804688,556.7868041992188,118.23822021484375,175.891845703125,-1,-1,-1,-1
85,4,866.0916137695312,560.5873413085938,126.087890625,175.60357666015625,-1,-1,-1,-1
86,4,852.8355102539062,552.4791259765625,137.22369384765625,169.1015625,-1,-1,-1,-1
87,4,827.7308349609375,549.4004516601562,144.1571044921875,159.24676513671875,-1,-1,-1,-1
88,4,801.606689453125,541.8482055664062,143.4696044921875,158.25262451171875,-1,-1,-1,-1
89,4,810.8670043945312,529.445068359375,143.12738037109375,165.9354248046875,-1,-1,-1,-1
90,4,810.9776611328125,530.7975463867188,158.83056640625,170.59716796875,-1,-1,-1,-1
91,4,803.1661987304688,514.5405883789062,183.341796875,180.14654541015625,-1,-1,-1,-1
92,4,809.3093872070312,494.17431640625,204.81103515625,194.8468017578125,-1,-1,-1,-1
93,4,847.4765625,478.98822021484375,194.897216796875,204.493896484375,-1,-1,-1,-1
94,4,848.0989379882812,481.1472473144531,191.80157470703125,216.75558471679688,-1,-1,-1,-1
95,4,853.724853515625,470.6337890625,184.4739990234375,226.53582763671875,-1,-1,-1,-1
96,4,856.7213745117188,476.67254638671875,174.70574951171875,235.61224365234375,-1,-1,-1,-1
97,4,865.9027709960938,481.8057556152344,165.25531005859375,246.45358276367188,-1,-1,-1,-1
98,4,889.7977905273438,480.6833190917969,153.55181884765625,249.39059448242188,-1,-1,-1,-1
99,4,889.4608764648438,507.3053894042969,170.66265869140625,239.92037963867188,-1,-1,-1,-1
100,4,883.673095703125,534.546630859375,171.890625,230.72625732421875,-1,-1,-1,-1
101,4,880.1853637695312,534.7471313476562,161.07257080078125,226.44439697265625,-1,-1,-1,-1
102,4,884.822021484375,529.1964111328125,149.4669189453125,225.28179931640625,-1,-1,-1,-1
103,4,890.1914672851562,506.5140075683594,144.23626708984375,231.18276977539062,-1,-1,-1,-1
104,4,880.9449462890625,487.3420104980469,142.55230712890625,238.54086303710938,-1,-1,-1,-1
105,4,867.9903564453125,483.9804992675781,139.518310546875,238.36727905273438,-1,-1,-1,-1
106,4,850.0322265625,487.87969970703125,148.4593505859375,238.1881103515625,-1,-1,-1,-1
107,4,837.7685546875,510.98187255859375,154.55487060546875,231.3992919921875,-1,-1,-1,-1
108,4,843.7939453125,506.2685546875,155.910400390625,228.51263427734375,-1,-1,-1,-1
109,4,856.281494140625,512.842529296875,154.86602783203125,223.216552734375,-1,-1,-1,-1
110,4,851.4556884765625,542.0307006835938,152.02105712890625,218.05487060546875,-1,-1,-1,-1
111,4,847.8202514648438,548.906982421875,153.65838623046875,220.82012939453125,-1,-1,-1,-1
112,4,852.2706909179688,550.5457153320312,153.343017578125,219.224609375,-1,-1,-1,-1
113,4,861.47900390625,555.42724609375,155.00689697265625,222.2294921875,-1,-1,-1,-1
114,4,874.1210327148438,533.4526977539062,157.97076416015625,230.3602294921875,-1,-1,-1,-1
115,4,874.7699584960938,517.2808837890625,160.64483642578125,235.78314208984375,-1,-1,-1,-1
116,4,874.4813232421875,509.66314697265625,168.6016845703125,237.02642822265625,-1,-1,-1,-1
117,4,881.6150512695312,506.11798095703125,161.34783935546875,239.0355224609375,-1,-1,-1,-1
118,4,872.5497436523438,516.1922607421875,159.86114501953125,231.53936767578125,-1,-1,-1,-1
119,4,868.3300170898438,534.599853515625,159.72271728515625,223.540771484375,-1,-1,-1,-1
120,4,873.1932983398438,552.0123901367188,154.70928955078125,218.73345947265625,-1,-1,-1,-1
121,4,862.2620239257812,559.7066040039062,153.2391357421875,217.71319580078125,-1,-1,-1,-1
122,4,844.4912719726562,572.7034301757812,158.13299560546875,221.12786865234375,-1,-1,-1,-1
123,4,834.480224609375,583.5889282226562,165.03167724609375,227.41156005859375,-1,-1,-1,-1
124,4,837.96044921875,571.4408569335938,195.51611328125,231.48321533203125,-1,-1,-1,-1
125,4,846.681396484375,559.8948974609375,213.9007568359375,235.049072265625,-1,-1,-1,-1
126,4,859.3430786132812,556.6146240234375,211.63421630859375,232.203125,-1,-1,-1,-1
127,4,862.775146484375,541.5767211914062,217.319091796875,230.38616943359375,-1,-1,-1,-1
128,4,879.8062744140625,533.3731689453125,205.8851318359375,240.65460205078125,-1,-1,-1,-1
129,4,899.7556762695312,518.0810546875,190.59307861328125,273.10028076171875,-1,-1,-1,-1
130,4,918.4049072265625,494.37744140625,183.3692626953125,295.8380126953125,-1,-1,-1,-1
131,4,933.1756591796875,497.71270751953125,180.6693115234375,299.40679931640625,-1,-1,-1,-1
132,4,949.4800415039062,491.59234619140625,169.51202392578125,302.8990478515625,-1,-1,-1,-1
133,4,959.5249633789062,489.9178161621094,158.63677978515625,308.6791076660156,-1,-1,-1,-1
134,4,981.39306640625,496.544677734375,169.859619140625,351.01611328125,-1,-1,-1,-1
135,4,998.2908935546875,470.814697265625,204.5181884765625,394.6376953125,-1,-1,-1,-1
136,4,1014.9202270507812,461.0970458984375,205.59527587890625,419.1231689453125,-1,-1,-1,-1
137,4,1054.8603515625,466.6021728515625,227.327392578125,431.2001953125,-1,-1,-1,-1
138,4,1089.7275390625,468.13037109375,250.4708251953125,436.45068359375,-1,-1,-1,-1
139,4,1107.406982421875,430.6632385253906,248.093994140625,454.0310363769531,-1,-1,-1,-1
140,4,1109.1920166015625,422.1346130371094,240.0509033203125,525.5638427734375,-1,-1,-1,-1
141,4,1116.39501953125,417.3431396484375,245.8203125,588.2716064453125,-1,-1,-1,-1
142,4,1115.832275390625,399.9627380371094,272.0428466796875,610.644287109375,-1,-1,-1,-1
143,4,1126.3785400390625,422.3763122558594,291.528076171875,602.66552734375,-1,-1,-1,-1
144,4,1168.515869140625,456.73529052734375,277.423095703125,602.6124877929688,-1,-1,-1,-1
145,4,1223.175048828125,508.08721923828125,240.006103515625,591.6406860351562,-1,-1,-1,-1
146,4,1269.212646484375,536.906982421875,206.00927734375,568.4049072265625,-1,-1,-1,-1
147,4,1279.82421875,483.77923583984375,216.986083984375,577.3179321289062,-1,-1,-1,-1
148,4,1287.585693359375,526.1869506835938,243.6640625,524.8148803710938,-1,-1,-1,-1
170,5,1097.97802734375,342.91131591796875,286.3140869140625,346.03521728515625,-1,-1,-1,-1
171,5,991.8500366210938,480.9538879394531,152.85650634765625,236.89950561523438,-1,-1,-1,-1
172,5,929.0390625,527.4072265625,199.55224609375,227.77923583984375,-1,-1,-1,-1
173,5,877.0053100585938,537.7605590820312,188.15667724609375,227.023193359375,-1,-1,-1,-1
174,5,828.4785766601562,544.9566650390625,190.746826171875,234.98760986328125,-1,-1,-1,-1
175,5,798.0094604492188,561.8390502929688,193.008544921875,230.70050048828125,-1,-1,-1,-1
176,5,784.5100708007812,579.96533203125,170.62347412109375,172.344482421875,-1,-1,-1,-1
177,5,526.7168579101562,409.2904052734375,473.51458740234375,209.64794921875,-1,-1,-1,-1
178,5,155.96641540527344,14.940631866455078,1124.7437744140625,1001.0560913085938,-1,-1,-1,-1
179,5,132.94532775878906,-51.13456344604492,1081.3280029296875,1284.09912109375,-1,-1,-1,-1
180,5,185.32028198242188,-51.85093307495117,1232.3631591796875,1276.807373046875,-1,-1,-1,-1
181,5,158.65574645996094,46.0164794921875,1257.9642333984375,1178.7989501953125,-1,-1,-1,-1
182,5,132.25547790527344,6.870857238769531,1113.9219970703125,1208.3096923828125,-1,-1,-1,-1
183,5,119.9779052734375,44.35454559326172,977.5341796875,1185.185546875,-1,-1,-1,-1
184,5,21.910423278808594,48.70404052734375,960.6403198242188,1268.9814453125,-1,-1,-1,-1
185,5,-9.421600341796875,43.545650482177734,1034.00732421875,1370.4906005859375,-1,-1,-1,-1
176,6,-3.242786407470703,296.8486633300781,965.629638671875,1113.4866943359375,-1,-1,-1,-1
177,6,77.2022705078125,264.34222412109375,903.2389526367188,1148.7099609375,-1,-1,-1,-1
178,6,-56.56990051269531,44.51911926269531,1013.5684204101562,1369.5596923828125,-1,-1,-1,-1
179,6,-37.46177291870117,11.25140380859375,965.7015380859375,1405.601806640625,-1,-1,-1,-1
180,6,-45.67593765258789,72.13216400146484,1013.4697875976562,1343.9697265625,-1,-1,-1,-1
181,6,-58.71162414550781,152.38385009765625,1010.2057495117188,1266.05078125,-1,-1,-1,-1
182,6,-63.258544921875,56.69538879394531,1004.087646484375,1367.7803955078125,-1,-1,-1,-1
183,6,-39.79370880126953,72.16157531738281,968.3712158203125,1347.563720703125,-1,-1,-1,-1
184,6,-4.70745849609375,115.13322448730469,933.7528076171875,1299.1942138671875,-1,-1,-1,-1
185,6,-15.546745300292969,59.926185607910156,923.0296630859375,1365.6151123046875,-1,-1,-1,-1
186,6,-15.0313720703125,55.040504455566406,840.5565185546875,1369.705078125,-1,-1,-1,-1
187,6,-0.8854217529296875,59.014442443847656,828.3236694335938,1362.7899169921875,-1,-1,-1,-1
188,6,-8.632804870605469,87.18209838867188,810.6156005859375,1335.329345703125,-1,-1,-1,-1
189,6,-5.44732666015625,67.13583374023438,834.0062255859375,1357.8031005859375,-1,-1,-1,-1
190,6,13.494590759277344,40.548622131347656,868.0402221679688,1373.5986328125,-1,-1,-1,-1
191,6,6.754329681396484,23.909351348876953,943.190673828125,1391.1646728515625,-1,-1,-1,-1
192,6,17.872787475585938,14.824104309082031,898.6573486328125,1400.9498291015625,-1,-1,-1,-1
193,6,18.463943481445312,200.11366271972656,1019.2568969726562,1211.2918701171875,-1,-1,-1,-1
194,6,418.2674865722656,573.2335205078125,799.0853271484375,829.2625732421875,-1,-1,-1,-1
195,6,410.72943115234375,653.9379272460938,621.9457397460938,682.5921020507812,-1,-1,-1,-1
177,7,114.66638946533203,557.7286987304688,181.5743408203125,499.68621826171875,-1,-1,-1,-1
178,7,135.94471740722656,505.9742126464844,152.78749084472656,495.2049255371094,-1,-1,-1,-1
179,7,151.9374542236328,469.87939453125,179.5373992919922,505.505126953125,-1,-1,-1,-1
180,7,160.31655883789062,452.606689453125,170.90283203125,534.6936645507812,-1,-1,-1,-1
181,7,173.19570922851562,456.4959411621094,188.08981323242188,540.15576171875,-1,-1,-1,-1
182,7,180.329833984375,469.2476806640625,193.81582641601562,479.7967529296875,-1,-1,-1,-1
183,7,178.97412109375,497.93719482421875,202.15557861328125,455.51708984375,-1,-1,-1,-1
184,7,168.80026245117188,532.7210083007812,209.43011474609375,448.409423828125,-1,-1,-1,-1
185,7,188.6297607421875,552.605224609375,222.14346313476562,459.13153076171875,-1,-1,-1,-1
186,7,227.72918701171875,517.2113647460938,246.4693603515625,508.90728759765625,-1,-1,-1,-1
193,8,272.58489990234375,527.9216918945312,149.19482421875,461.2003173828125,-1,-1,-1,-1
194,8,630.9337158203125,613.1719360351562,153.69903564453125,314.26043701171875,-1,-1,-1,-1
195,8,654.27685546875,617.5107421875,154.81884765625,284.27484130859375,-1,-1,-1,-1
196,8,651.272216796875,612.0979614257812,174.2733154296875,316.9339599609375,-1,-1,-1,-1
197,8,648.7232666015625,609.537109375,184.01434326171875,315.14971923828125,-1,-1,-1,-1
198,8,652.0253295898438,603.00244140625,175.23040771484375,304.8880615234375,-1,-1,-1,-1
199,8,658.2135009765625,591.6439208984375,160.4310302734375,288.50341796875,-1,-1,-1,-1
200,8,668.7470703125,589.2323608398438,140.955810546875,274.13641357421875,-1,-1,-1,-1
201,8,654.9796752929688,587.9072875976562,130.47003173828125,267.38226318359375,-1,-1,-1,-1
202,8,657.9653930664062,589.631103515625,110.9281005859375,262.55126953125,-1,-1,-1,-1
203,8,655.6281127929688,591.861328125,105.1290283203125,262.1063232421875,-1,-1,-1,-1
204,8,654.9254760742188,594.740234375,102.46990966796875,256.826904296875,-1,-1,-1,-1
205,8,655.4656982421875,595.9307861328125,111.46875,242.8048095703125,-1,-1,-1,-1
206,8,650.658935546875,598.442626953125,136.7230224609375,228.801025390625,-1,-1,-1,-1
207,8,649.0532836914062,602.94580078125,145.53076171875,221.75689697265625,-1,-1,-1,-1
208,8,655.6232299804688,612.8776245117188,136.71759033203125,216.6673583984375,-1,-1,-1,-1
209,8,656.4381103515625,617.4586181640625,138.6676025390625,219.2864990234375,-1,-1,-1,-1
210,8,657.9901733398438,620.1474609375,154.41070556640625,223.2259521484375,-1,-1,-1,-1
211,8,670.0645751953125,630.73583984375,157.78253173828125,213.8807373046875,-1,-1,-1,-1
212,8,674.8768310546875,627.5050048828125,169.5682373046875,219.88299560546875,-1,-1,-1,-1
213,8,681.8292846679688,630.12109375,177.7291259765625,217.06329345703125,-1,-1,-1,-1
214,8,686.182861328125,632.3204345703125,184.4921875,211.81341552734375,-1,-1,-1,-1
215,8,700.821533203125,630.3265380859375,180.26580810546875,208.1505126953125,-1,-1,-1,-1
216,8,699.2134399414062,627.985595703125,189.32489013671875,205.6055908203125,-1,-1,-1,-1
217,8,728.8671875,623.019775390625,159.47430419921875,203.395751953125,-1,-1,-1,-1
218,8,741.0599365234375,615.1949462890625,142.75775146484375,205.50518798828125,-1,-1,-1,-1
219,8,765.2723999023438,605.36376953125,115.68658447265625,210.92431640625,-1,-1,-1,-1
220,8,759.8902587890625,623.9552001953125,117.44696044921875,190.32623291015625,-1,-1,-1,-1
195,10,333.8341064453125,565.8636474609375,160.798828125,437.78509521484375,-1,-1,-1,-1
196,10,337.31793212890625,572.0621337890625,159.57028198242188,435.666748046875,-1,-1,-1,-1
197,10,326.4707946777344,576.3182373046875,163.30001831054688,437.89886474609375,-1,-1,-1,-1
198,10,317.97808837890625,571.1655883789062,164.83319091796875,443.3837890625,-1,-1,-1,-1
199,10,313.94561767578125,557.5469970703125,166.6329345703125,442.704345703125,-1,-1,-1,-1
200,10,307.4179382324219,556.2374267578125,167.38442993164062,444.45013427734375,-1,-1,-1,-1
201,10,296.8171081542969,558.452880859375,171.33895874023438,445.91387939453125,-1,-1,-1,-1
202,10,286.477783203125,558.83056640625,170.41781616210938,449.86968994140625,-1,-1,-1,-1
203,10,272.7180480957031,560.7548217773438,170.95635986328125,455.79571533203125,-1,-1,-1,-1
204,10,267.75360107421875,561.178955078125,170.44647216796875,453.4554443359375,-1,-1,-1,-1
205,10,268.6065979003906,553.9025268554688,170.06390380859375,452.79010009765625,-1,-1,-1,-1
206,10,276.09375,547.9649047851562,167.32095336914062,452.94012451171875,-1,-1,-1,-1
207,10,286.3524475097656,548.0739135742188,166.11245727539062,451.73162841796875,-1,-1,-1,-1
208,10,293.99102783203125,551.6947021484375,165.50921630859375,452.0335693359375,-1,-1,-1,-1
209,10,302.1737976074219,556.0130004882812,162.99319458007812,447.93743896484375,-1,-1,-1,-1
210,10,313.85321044921875,559.5220947265625,162.29757690429688,446.636962890625,-1,-1,-1,-1
211,10,329.7978820800781,559.6470947265625,161.64730834960938,442.62359619140625,-1,-1,-1,-1
212,10,345.58660888671875,564.81884765625,160.9249267578125,438.4044189453125,-1,-1,-1,-1
213,10,364.4482727050781,569.60546875,158.99014282226562,432.998046875,-1,-1,-1,-1
214,10,380.6164855957031,571.2763671875,161.88363647460938,428.33734130859375,-1,-1,-1,-1
215,10,394.48095703125,569.4110107421875,163.90667724609375,425.0107421875,-1,-1,-1,-1
216,10,412.57574462890625,560.6567993164062,162.62042236328125,426.59307861328125,-1,-1,-1,-1
217,10,432.7112731933594,558.173583984375,160.05612182617188,418.63677978515625,-1,-1,-1,-1
218,10,444.51336669921875,552.029541015625,163.252685546875,416.70538330078125,-1,-1,-1,-1
219,10,454.21490478515625,543.7335205078125,160.89581298828125,418.96038818359375,-1,-1,-1,-1
220,10,455.19482421875,544.1344604492188,165.96575927734375,418.69000244140625,-1,-1,-1,-1
197,11,655.1367797851562,617.2549438476562,111.59783935546875,197.316162109375,-1,-1,-1,-1
198,11,652.270263671875,607.6018676757812,105.0201416015625,197.74114990234375,-1,-1,-1,-1
199,11,651.52880859375,597.332763671875,110.99786376953125,195.00689697265625,-1,-1,-1,-1
200,11,650.3753051757812,613.82080078125,97.97760009765625,174.4912109375,-1,-1,-1,-1
201,11,647.4979248046875,623.8458251953125,87.0731201171875,163.50897216796875,-1,-1,-1,-1
202,11,636.4121704101562,628.316650390625,86.91058349609375,163.74163818359375,-1,-1,-1,-1
203,11,622.85595703125,633.3157958984375,94.72137451171875,162.76641845703125,-1,-1,-1,-1
204,11,610.6742553710938,644.598388671875,100.40911865234375,153.556640625,-1,-1,-1,-1
205,11,598.9088745117188,628.85205078125,109.92523193359375,164.52130126953125,-1,-1,-1,-1
206,11,588.3729858398438,619.8076782226562,132.03271484375,169.5521240234375,-1,-1,-1,-1
207,11,585.2838134765625,613.5610961914062,143.510498046875,175.104736328125,-1,-1,-1,-1
208,11,580.0863037109375,614.123291015625,144.238525390625,179.451416015625,-1,-1,-1,-1
209,11,580.078125,614.5853881835938,122.9288330078125,186.3756103515625,-1,-1,-1,-1
210,11,572.973876953125,614.1869506835938,120.51007080078125,190.2938232421875,-1,-1,-1,-1
211,11,568.4521484375,618.0748291015625,126.60205078125,189.365234375,-1,-1,-1,-1
212,11,571.90185546875,622.9920043945312,130.08599853515625,191.55621337890625,-1,-1,-1,-1
213,11,587.7987670898438,633.6871337890625,119.07470703125,187.3348388671875,-1,-1,-1,-1
214,11,579.6030883789062,636.4940185546875,137.89691162109375,189.46734619140625,-1,-1,-1,-1
215,11,573.19384765625,630.5571899414062,149.3363037109375,201.699951171875,-1,-1,-1,-1
216,11,575.7219848632812,629.1473388671875,154.07171630859375,207.43023681640625,-1,-1,-1,-1
217,11,589.1396484375,622.4038696289062,151.35614013671875,210.1070556640625,-1,-1,-1,-1
218,11,601.4715576171875,618.4140014648438,136.4805908203125,207.794677734375,-1,-1,-1,-1
219,11,609.8222045898438,608.1121215820312,126.4508056640625,212.81341552734375,-1,-1,-1,-1
220,11,613.9922485351562,608.628173828125,110.92987060546875,212.216064453125,-1,-1,-1,-1
