1,1,579.3101196289062,506.7508239746094,107.67437744140625,238.92044067382812,-1,-1,-1,-1
2,1,578.9959106445312,511.48870849609375,106.062255859375,239.52032470703125,-1,-1,-1,-1
3,1,577.3363037109375,512.1583557128906,109.380615234375,240.77810668945312,-1,-1,-1,-1
4,1,575.6586303710938,520.6171875,110.11846923828125,238.58795166015625,-1,-1,-1,-1
5,1,572.4722900390625,529.5537719726562,113.0931396484375,238.736083984375,-1,-1,-1,-1
6,1,567.8590087890625,533.0986938476562,110.880859375,239.29022216796875,-1,-1,-1,-1
7,1,561.9879760742188,530.4937133789062,112.63079833984375,242.18817138671875,-1,-1,-1,-1
8,1,556.8609619140625,530.84326171875,114.37353515625,239.16986083984375,-1,-1,-1,-1
9,1,554.6381225585938,519.5335083007812,115.84564208984375,245.555908203125,-1,-1,-1,-1
10,1,554.966064453125,517.6429443359375,116.67413330078125,247.46258544921875,-1,-1,-1,-1
11,1,558.5569458007812,524.1094360351562,116.467041015625,244.459716796875,-1,-1,-1,-1
12,1,565.8756713867188,528.898193359375,116.1021728515625,247.6500244140625,-1,-1,-1,-1
13,1,574.72412109375,539.6726684570312,115.8248291015625,245.84820556640625,-1,-1,-1,-1
14,1,583.0570678710938,544.9536743164062,117.90802001953125,251.45928955078125,-1,-1,-1,-1
15,1,586.669677734375,561.5432739257812,118.7305908203125,241.0240478515625,-1,-1,-1,-1
16,1,592.9805908203125,553.4986572265625,118.94927978515625,253.7786865234375,-1,-1,-1,-1
17,1,597.39453125,556.6530151367188,121.75506591796875,252.43524169921875,-1,-1,-1,-1
18,1,600.4900512695312,555.0010375976562,123.06903076171875,257.244384765625,-1,-1,-1,-1
19,1,598.875,558.1007690429688,127.25927734375,261.28192138671875,-1,-1,-1,-1
20,1,597.2115478515625,559.7758178710938,126.17352294921875,265.85162353515625,-1,-1,-1,-1
21,1,595.0419921875,546.041748046875,126.93121337890625,272.05853271484375,-1,-1,-1,-1
22,1,592.38623046875,528.4072265625,128.8975830078125,280.65350341796875,-1,-1,-1,-1
23,1,588.9559936523438,515.75244140625,131.88031005859375,285.979736328125,-1,-1,-1,-1
24,1,578.6016235351562,495.16278076171875,138.6380615234375,294.40362548828125,-1,-1,-1,-1
25,1,567.0645751953125,469.8466796875,146.550537109375,301.183837890625,-1,-1,-1,-1
26,1,554.4581909179688,450.9381103515625,148.0489501953125,308.938232421875,-1,-1,-1,-1
27,1,541.2337646484375,434.7748107910156,153.39990234375,319.2185974121094,-1,-1,-1,-1
28,1,526.4520263671875,424.87921142578125,159.435546875,327.42626953125,-1,-1,-1,-1
29,1,511.817626953125,418.6428527832031,163.05645751953125,333.8785095214844,-1,-1,-1,-1
30,1,498.4461975097656,401.5787658691406,173.52725219726562,347.0990295410156,-1,-1,-1,-1
31,1,480.9874572753906,388.7503356933594,189.10342407226562,369.5993957519531,-1,-1,-1,-1
32,1,479.1076965332031,371.74285888671875,188.42599487304688,398.77716064453125,-1,-1,-1,-1
33,1,472.8153381347656,347.9672546386719,192.25442504882812,429.3569030761719,-1,-1,-1,-1
34,1,459.66302490234375,325.7294616699219,202.37152099609375,450.0439758300781,-1,-1,-1,-1
35,1,450.09417724609375,302.9073791503906,208.58306884765625,470.9532165527344,-1,-1,-1,-1
36,1,446.1221008300781,291.8148498535156,210.66867065429688,481.1117248535156,-1,-1,-1,-1
37,1,432.52630615234375,283.6164855957031,219.689453125,491.9626159667969,-1,-1,-1,-1
38,1,413.6075134277344,278.18939208984375,230.33102416992188,501.1932373046875,-1,-1,-1,-1
39,1,392.59906005859375,298.6441650390625,237.21533203125,487.11474609375,-1,-1,-1,-1
40,1,362.51641845703125,305.07391357421875,253.66998291015625,499.50286865234375,-1,-1,-1,-1
41,1,322.0135803222656,297.06451416015625,283.1358947753906,559.1195678710938,-1,-1,-1,-1
42,1,275.91259765625,316.6949462890625,323.336181640625,590.587646484375,-1,-1,-1,-1
43,1,217.08837890625,314.8730773925781,370.44775390625,636.67822265625,-1,-1,-1,-1
44,1,158.2796630859375,347.6681823730469,421.40985107421875,638.5885009765625,-1,-1,-1,-1
45,1,84.87460327148438,320.3058166503906,481.2032775878906,682.7447509765625,-1,-1,-1,-1
46,1,13.191606521606445,326.35626220703125,505.7549133300781,694.9280395507812,-1,-1,-1,-1
47,1,-13.477783203125,319.74249267578125,468.4400329589844,720.1784057617188,-1,-1,-1,-1
48,1,-181.1884002685547,331.7920227050781,567.6397705078125,736.4390869140625,-1,-1,-1,-1
49,1,-221.91285705566406,327.198974609375,593.8855590820312,879.2392578125,-1,-1,-1,-1
50,1,-267.6044006347656,319.2708740234375,659.308349609375,1098.2950439453125,-1,-1,-1,-1
51,1,-109.40312194824219,558.55322265625,480.35699462890625,890.0904541015625,-1,-1,-1,-1
52,1,-13.585729598999023,718.1351928710938,347.46685791015625,711.8660278320312,-1,-1,-1,-1
53,1,0.8072280883789062,727.39111328125,783.0452270507812,738.743896484375,-1,-1,-1,-1
54,1,18.32870101928711,793.1624145507812,758.902099609375,667.2011108398438,-1,-1,-1,-1
55,1,16.853370666503906,821.47021484375,735.3790283203125,638.7562255859375,-1,-1,-1,-1
56,1,9.9549560546875,811.1865844726562,711.3046875,657.1200561523438,-1,-1,-1,-1
57,1,-13.036996841430664,794.8955078125,704.259033203125,705.678955078125,-1,-1,-1,-1
1,2,931.9935302734375,483.12628173828125,97.0687255859375,280.42364501953125,-1,-1,-1,-1
2,2,932.559326171875,489.1787109375,97.447509765625,279.0015869140625,-1,-1,-1,-1
3,2,933.219970703125,489.2647705078125,99.3184814453125,280.6373291015625,-1,-1,-1,-1
4,2,931.9819946289062,490.63897705078125,103.01654052734375,283.8809814453125,-1,-1,-1,-1
5,2,932.7918701171875,492.834228515625,102.0880126953125,287.62811279296875,-1,-1,-1,-1
6,2,930.502685546875,491.42437744140625,100.478515625,288.8614501953125,-1,-1,-1,-1
7,2,925.1658935546875,486.25860595703125,102.409912109375,289.2080078125,-1,-1,-1,-1
8,2,921.7379150390625,479.57403564453125,103.13031005859375,293.04058837890625,-1,-1,-1,-1
9,2,921.638671875,476.4581298828125,105.7125244140625,293.85577392578125,-1,-1,-1,-1
10,2,922.5930786132812,477.7903137207031,107.41900634765625,294.7960510253906,-1,-1,-1,-1
11,2,926.4841918945312,478.1081237792969,109.16387939453125,299.4046325683594,-1,-1,-1,-1
12,2,936.2380981445312,485.3141784667969,110.71099853515625,299.0729064941406,-1,-1,-1,-1
13,2,949.26171875,488.7006530761719,110.64013671875,306.7590026855469,-1,-1,-1,-1
14,2,961.1784057617188,500.0343933105469,111.64007568359375,307.6327209472656,-1,-1,-1,-1
15,2,968.50390625,505.5802307128906,113.84619140625,311.4624328613281,-1,-1,-1,-1
16,2,977.66357421875,505.7220458984375,116.9862060546875,320.6978759765625,-1,-1,-1,-1
17,2,986.94482421875,510.0560607910156,120.919921875,324.4842834472656,-1,-1,-1,-1
18,2,997.8280029296875,513.1024169921875,122.7469482421875,328.11492919921875,-1,-1,-1,-1
19,2,1001.2950439453125,518.4981689453125,128.62646484375,333.607177734375,-1,-1,-1,-1
20,2,1002.7228393554688,527.0026245117188,132.91424560546875,335.849853515625,-1,-1,-1,-1
21,2,1007.3768310546875,517.14013671875,139.7525634765625,342.6641845703125,-1,-1,-1,-1
22,2,1011.6693115234375,503.2443542480469,146.3382568359375,349.6161193847656,-1,-1,-1,-1
23,2,1014.7109375,489.33514404296875,155.73388671875,357.9180908203125,-1,-1,-1,-1
24,2,1015.6515502929688,466.70172119140625,164.04290771484375,367.01446533203125,-1,-1,-1,-1
25,2,1013.884521484375,438.89361572265625,173.5042724609375,376.19195556640625,-1,-1,-1,-1
26,2,1012.679931640625,418.454833984375,181.77734375,384.80218505859375,-1,-1,-1,-1
27,2,1005.0189819335938,402.95599365234375,196.84283447265625,395.72979736328125,-1,-1,-1,-1
28,2,1000.9478759765625,390.93133544921875,207.35302734375,404.6370849609375,-1,-1,-1,-1
29,2,997.9771118164062,380.26727294921875,216.30841064453125,417.35125732421875,-1,-1,-1,-1
30,2,1003.5601196289062,374.1608581542969,220.46392822265625,420.6907043457031,-1,-1,-1,-1
31,2,1013.0293579101562,358.5459899902344,225.14678955078125,432.6416320800781,-1,-1,-1,-1
32,2,1023.9423217773438,336.38092041015625,231.46759033203125,450.24188232421875,-1,-1,-1,-1
33,2,1033.1474609375,318.87457275390625,241.057373046875,459.228271484375,-1,-1,-1,-1
34,2,1042.88330078125,288.28973388671875,245.36279296875,473.7171630859375,-1,-1,-1,-1
35,2,1054.757568359375,267.6205139160156,250.3526611328125,483.4309387207031,-1,-1,-1,-1
36,2,1069.2120361328125,261.16131591796875,254.677734375,491.58563232421875,-1,-1,-1,-1
37,2,1078.9923095703125,249.59445190429688,256.556884765625,506.3548889160156,-1,-1,-1,-1
38,2,1083.415771484375,246.6938018798828,261.9912109375,514.0322875976562,-1,-1,-1,-1
39,2,1091.803466796875,250.97125244140625,267.269287109375,516.6660766601562,-1,-1,-1,-1
40,2,1096.7574462890625,256.2678985595703,275.0682373046875,522.7933959960938,-1,-1,-1,-1
41,2,1106.6973876953125,263.0926818847656,278.09521484375,524.1986083984375,-1,-1,-1,-1
42,2,1112.7586669921875,271.5581970214844,280.7691650390625,525.29345703125,-1,-1,-1,-1
43,2,1116.7095947265625,278.59075927734375,284.5909423828125,532.9400024414062,-1,-1,-1,-1
44,2,1119.1436767578125,284.37060546875,285.48291015625,541.9718017578125,-1,-1,-1,-1
45,2,1120.3179931640625,303.3428039550781,290.0498046875,542.2305908203125,-1,-1,-1,-1
46,2,1123.9901123046875,300.2002868652344,289.2843017578125,564.8922119140625,-1,-1,-1,-1
47,2,1124.9949951171875,317.5513610839844,291.1134033203125,565.7462158203125,-1,-1,-1,-1
48,2,1133.5789794921875,298.5343322753906,298.796875,606.4637451171875,-1,-1,-1,-1
49,2,1138.000244140625,357.7162780761719,284.461181640625,561.1927490234375,-1,-1,-1,-1
50,2,1145.748046875,336.6745910644531,280.24072265625,610.43017578125,-1,-1,-1,-1
51,2,1158.3193359375,355.5999450683594,274.7303466796875,626.23486328125,-1,-1,-1,-1
52,2,1177.27392578125,375.322509765625,254.535888671875,649.5577392578125,-1,-1,-1,-1
53,2,1190.47607421875,310.1197814941406,281.547607421875,762.2230224609375,-1,-1,-1,-1
54,2,1191.654541015625,280.5964050292969,340.3870849609375,822.3077392578125,-1,-1,-1,-1
55,2,1199.921142578125,287.8115234375,394.6170654296875,756.3018798828125,-1,-1,-1,-1
56,2,1213.1923828125,291.9265441894531,369.5499267578125,748.9178466796875,-1,-1,-1,-1
57,2,1210.9271240234375,248.44708251953125,392.05615234375,795.8610229492188,-1,-1,-1,-1
58,2,1193.9991455078125,212.01751708984375,429.9088134765625,869.0098266601562,-1,-1,-1,-1
59,2,1172.05517578125,184.10562133789062,474.817138671875,921.9774169921875,-1,-1,-1,-1
100,3,-93.06429290771484,345.2987365722656,189.15420532226562,446.9838562011719,-1,-1,-1,-1
101,3,-25.170581817626953,314.3454895019531,198.0218048095703,512.2859802246094,-1,-1,-1,-1
102,3,73.23991394042969,289.87255859375,193.8396453857422,473.5614013671875,-1,-1,-1,-1
103,3,189.69534301757812,291.3393859863281,177.98037719726562,438.9166564941406,-1,-1,-1,-1
104,3,292.0342712402344,306.3340759277344,171.05502319335938,411.3846740722656,-1,-1,-1,-1
105,3,375.630615234375,329.8437194824219,174.3294677734375,390.1053771972656,-1,-1,-1,-1
106,3,447.2049865722656,360.87725830078125,178.41439819335938,373.795654296875,-1,-1,-1,-1
107,3,501.29296875,389.29071044921875,170.79644775390625,357.4046630859375,-1,-1,-1,-1
108,3,546.4005126953125,404.4796142578125,163.93756103515625,348.3565673828125,-1,-1,-1,-1
109,3,588.6693725585938,416.58001708984375,150.3487548828125,338.52099609375,-1,-1,-1,-1
110,3,612.7437133789062,427.51104736328125,148.61407470703125,328.35772705078125,-1,-1,-1,-1
111,3,647.3599853515625,448.52947998046875,137.461181640625,309.12164306640625,-1,-1,-1,-1
112,3,687.916015625,446.09564208984375,127.85418701171875,312.958251953125,-1,-1,-1,-1
113,3,741.5679321289062,437.18890380859375,110.434326171875,314.04913330078125,-1,-1,-1,-1
114,3,774.5294799804688,427.1597900390625,102.2813720703125,318.06085205078125,-1,-1,-1,-1
115,3,795.857177734375,413.8427429199219,110.74420166015625,320.1885070800781,-1,-1,-1,-1
116,3,812.8220825195312,405.5242614746094,120.11676025390625,318.9138488769531,-1,-1,-1,-1
117,3,821.30859375,400.51220703125,134.65478515625,319.5382080078125,-1,-1,-1,-1
118,3,825.1278686523438,402.4421691894531,143.3348388671875,316.3935852050781,-1,-1,-1,-1
119,3,822.419189453125,403.05035400390625,150.97869873046875,316.45684814453125,-1,-1,-1,-1
120,3,811.3609008789062,410.8119812011719,154.2376708984375,314.1567077636719,-1,-1,-1,-1
121,3,799.541015625,432.28460693359375,157.203125,306.22442626953125,-1,-1,-1,-1
122,3,793.2481689453125,440.046630859375,160.57318115234375,307.99017333984375,-1,-1,-1,-1
123,3,797.2744750976562,446.8740539550781,154.60809326171875,309.2635192871094,-1,-1,-1,-1
124,3,806.5203857421875,446.21710205078125,141.40478515625,311.38116455078125,-1,-1,-1,-1
125,3,795.4982299804688,443.5755615234375,154.09112548828125,313.17303466796875,-1,-1,-1,-1
126,3,787.33154296875,446.29473876953125,172.56201171875,314.525146484375,-1,-1,-1,-1
127,3,788.3328857421875,449.5775146484375,188.686279296875,317.6519775390625,-1,-1,-1,-1
128,3,788.7183227539062,458.2004699707031,200.54669189453125,316.7189025878906,-1,-1,-1,-1
129,3,811.9482421875,477.09539794921875,179.13043212890625,315.7633056640625,-1,-1,-1,-1
130,3,821.81005859375,506.8620300292969,171.3492431640625,314.0531921386719,-1,-1,-1,-1
131,3,835.0764770507812,550.6654052734375,165.2247314453125,315.19842529296875,-1,-1,-1,-1
132,3,845.6553344726562,591.9137573242188,161.65325927734375,312.8450927734375,-1,-1,-1,-1
133,3,851.4967651367188,619.5517578125,158.47857666015625,314.035888671875,-1,-1,-1,-1
134,3,861.3287353515625,645.3934326171875,148.08819580078125,321.06549072265625,-1,-1,-1,-1
135,3,870.6056518554688,667.6455688476562,142.35797119140625,322.470703125,-1,-1,-1,-1
136,3,881.2763671875,672.6837768554688,135.84381103515625,320.6484375,-1,-1,-1,-1
137,3,892.1449584960938,671.8615112304688,127.16497802734375,318.34814453125,-1,-1,-1,-1
138,3,897.85009765625,676.5512084960938,124.9588623046875,317.85125732421875,-1,-1,-1,-1
139,3,897.0770874023438,684.1762084960938,126.6656494140625,319.6375732421875,-1,-1,-1,-1
140,3,900.6156616210938,688.509033203125,129.86846923828125,324.6029052734375,-1,-1,-1,-1
141,3,906.70166015625,695.0042114257812,132.183837890625,328.00811767578125,-1,-1,-1,-1
142,3,907.71533203125,697.64013671875,137.5511474609375,335.091064453125,-1,-1,-1,-1
143,3,908.6912841796875,700.2127075195312,141.88623046875,337.89581298828125,-1,-1,-1,-1
144,3,911.7139282226562,697.3783569335938,143.65496826171875,341.67010498046875,-1,-1,-1,-1
145,3,914.5545654296875,688.6173095703125,144.334716796875,346.8125,-1,-1,-1,-1
146,3,920.2975463867188,682.8538818359375,144.61761474609375,353.0018310546875,-1,-1,-1,-1
147,3,924.9354858398438,674.3077392578125,145.06597900390625,359.1185302734375,-1,-1,-1,-1
148,3,933.11279296875,660.143798828125,143.79736328125,365.8167724609375,-1,-1,-1,-1
149,3,943.5086059570312,645.1676025390625,139.14813232421875,367.10955810546875,-1,-1,-1,-1
150,3,954.3075561523438,629.597412109375,138.56158447265625,367.731201171875,-1,-1,-1,-1
151,3,968.77880859375,621.9617919921875,135.1302490234375,375.309326171875,-1,-1,-1,-1
152,3,977.5359497070312,617.0453491210938,136.04083251953125,381.83770751953125,-1,-1,-1,-1
153,3,985.7780151367188,607.3975830078125,139.87066650390625,390.52734375,-1,-1,-1,-1
154,3,992.2037963867188,602.4887084960938,146.82232666015625,397.07708740234375,-1,-1,-1,-1
155,3,999.3046264648438,602.3785400390625,151.54400634765625,411.0155029296875,-1,-1,-1,-1
156,3,1003.0853881835938,604.3514404296875,160.52947998046875,426.2415771484375,-1,-1,-1,-1
157,3,1012.1959228515625,607.6737060546875,167.70751953125,442.3974609375,-1,-1,-1,-1
158,3,1022.9031372070312,613.3180541992188,178.41741943359375,463.06365966796875,-1,-1,-1,-1
159,3,1040.728759765625,618.6052856445312,187.00048828125,485.71575927734375,-1,-1,-1,-1
160,3,1062.69873046875,621.4751586914062,194.780517578125,505.69598388671875,-1,-1,-1,-1
161,3,1080.2509765625,609.9537353515625,206.40185546875,523.77001953125,-1,-1,-1,-1
162,3,1093.14208984375,602.5674438476562,213.422607421875,535.6898803710938,-1,-1,-1,-1
163,3,1101.5592041015625,600.9979858398438,223.598388671875,545.5203247070312,-1,-1,-1,-1
164,3,1109.5926513671875,596.750244140625,242.697509765625,565.7801513671875,-1,-1,-1,-1
165,3,1118.22509765625,591.9844360351562,266.486328125,590.2623901367188,-1,-1,-1,-1
166,3,1127.50732421875,605.4668579101562,280.6317138671875,605.1600952148438,-1,-1,-1,-1
167,3,1141.65380859375,611.902587890625,295.192626953125,621.1656494140625,-1,-1,-1,-1
168,3,1148.433349609375,612.7787475585938,307.91650390625,599.9999389648438,-1,-1,-1,-1
169,3,1152.6019287109375,605.37255859375,326.2171630859375,622.3526611328125,-1,-1,-1,-1
170,3,1133.711181640625,606.1583862304688,393.2841796875,673.8578491210938,-1,-1,-1,-1
171,3,1127.671875,618.115966796875,438.4989013671875,722.4237060546875,-1,-1,-1,-1
172,3,1153.2501220703125,636.2152099609375,413.54296875,755.731201171875,-1,-1,-1,-1
173,3,1189.1964111328125,569.4916381835938,434.3787841796875,865.8549194335938,-1,-1,-1,-1
174,3,1147.9801025390625,516.0222778320312,522.9609375,921.5187377929688,-1,-1,-1,-1
175,3,1154.4249267578125,502.64556884765625,510.1263427734375,938.0109252929688,-1,-1,-1,-1
102,4,-16.716453552246094,346.8270568847656,120.08203887939453,327.5834045410156,-1,-1,-1,-1
103,4,53.50433349609375,321.5894775390625,152.11903381347656,333.2467041015625,-1,-1,-1,-1
104,4,135.12539672851562,331.0000915527344,159.34591674804688,320.2192077636719,-1,-1,-1,-1
105,4,207.42735290527344,348.3312072753906,156.44874572753906,313.2431945800781,-1,-1,-1,-1
106,4,269.22418212890625,381.8334655761719,152.357421875,299.5385437011719,-1,-1,-1,-1
107,4,315.5755920410156,412.230712890625,149.75564575195312,284.95819091796875,-1,-1,-1,-1
108,4,348.15997314453125,424.3465881347656,148.21328735351562,278.7470397949219,-1,-1,-1,-1
109,4,374.4853515625,430.04852294921875,144.15826416015625,273.8289794921875,-1,-1,-1,-1
110,4,401.41650390625,435.08087158203125,141.3541259765625,270.68231201171875,-1,-1,-1,-1
111,4,428.12432861328125,439.92059326171875,142.9375,268.78582763671875,-1,-1,-1,-1
112,4,465.769775390625,444.73980712890625,134.54132080078125,266.8690185546875,-1,-1,-1,-1
113,4,495.60272216796875,437.6256408691406,135.33941650390625,269.6849060058594,-1,-1,-1,-1
114,4,513.527587890625,431.2414245605469,133.7177734375,271.8518371582031,-1,-1,-1,-1
115,4,522.2307739257812,419.180908203125,132.5439453125,276.07257080078125,-1,-1,-1,-1
116,4,524.3534545898438,415.2025146484375,132.10028076171875,274.7313232421875,-1,-1,-1,-1
117,4,531.428466796875,404.0346984863281,129.33538818359375,283.5498962402344,-1,-1,-1,-1
118,4,538.913330078125,397.1209716796875,127.17266845703125,286.49041748046875,-1,-1,-1,-1
119,4,538.6555786132812,394.06805419921875,123.71307373046875,290.78240966796875,-1,-1,-1,-1
120,4,526.2279663085938,395.23291015625,131.26580810546875,296.65460205078125,-1,-1,-1,-1
121,4,512.5166015625,411.3695983886719,132.36187744140625,294.9295959472656,-1,-1,-1,-1
122,4,499.0013122558594,416.7381896972656,137.36862182617188,294.4318542480469,-1,-1,-1,-1
123,4,487.0429382324219,417.8550720214844,136.61215209960938,302.6844787597656,-1,-1,-1,-1
124,4,469.5478515625,417.5652770996094,137.5206298828125,307.0502014160156,-1,-1,-1,-1
125,4,453.86029052734375,413.9713134765625,138.720703125,313.1180419921875,-1,-1,-1,-1
126,4,440.4363708496094,416.8763122558594,144.40652465820312,320.0514221191406,-1,-1,-1,-1
127,4,430.5009460449219,421.574951171875,146.63619995117188,322.517578125,-1,-1,-1,-1
128,4,421.54144287109375,429.64703369140625,151.3895263671875,323.37908935546875,-1,-1,-1,-1
129,4,412.5534362792969,445.5888366699219,154.53524780273438,326.3972473144531,-1,-1,-1,-1
130,4,407.58990478515625,474.8447265625,153.802490234375,328.98797607421875,-1,-1,-1,-1
131,4,403.2530517578125,525.873046875,160.119384765625,326.22222900390625,-1,-1,-1,-1
132,4,406.2051696777344,566.15771484375,159.04342651367188,330.465576171875,-1,-1,-1,-1
133,4,404.8752746582031,600.6906127929688,157.65725708007812,332.62237548828125,-1,-1,-1,-1
134,4,400.90325927734375,628.80078125,160.65185546875,346.67657470703125,-1,-1,-1,-1
135,4,393.75384521484375,650.1207885742188,167.941650390625,367.72015380859375,-1,-1,-1,-1
136,4,392.8021545410156,658.55712890625,170.11483764648438,387.0111083984375,-1,-1,-1,-1
137,4,389.2593688964844,663.3950805664062,175.69833374023438,398.80926513671875,-1,-1,-1,-1
138,4,385.7854919433594,672.4324951171875,178.67324829101562,414.488037109375,-1,-1,-1,-1
139,4,371.6229248046875,680.85693359375,191.4827880859375,433.832763671875,-1,-1,-1,-1
140,4,368.97607421875,684.6129150390625,195.14935302734375,448.00341796875,-1,-1,-1,-1
141,4,366.7019958496094,689.1795043945312,198.88577270507812,458.48870849609375,-1,-1,-1,-1
142,4,359.7095031738281,687.26806640625,206.23348999023438,470.2667236328125,-1,-1,-1,-1
143,4,348.7702941894531,683.3338012695312,216.41152954101562,482.93572998046875,-1,-1,-1,-1
144,4,332.2363586425781,671.8279418945312,230.31564331054688,500.53411865234375,-1,-1,-1,-1
145,4,320.87750244140625,660.7803955078125,237.28826904296875,514.5615234375,-1,-1,-1,-1
146,4,303.02142333984375,649.5033569335938,250.55712890625,570.8590698242188,-1,-1,-1,-1
147,4,286.662841796875,638.8773803710938,261.76995849609375,626.9129028320312,-1,-1,-1,-1
148,4,262.4698486328125,625.8807373046875,278.34710693359375,670.880126953125,-1,-1,-1,-1
149,4,237.99453735351562,608.4275512695312,292.0181579589844,704.6213989257812,-1,-1,-1,-1
150,4,211.13502502441406,595.7399291992188,308.62786865234375,736.9985961914062,-1,-1,-1,-1
151,4,179.852294921875,595.7078857421875,336.6131591796875,748.1785888671875,-1,-1,-1,-1
152,4,125.81429290771484,583.1993408203125,382.7848205566406,770.072509765625,-1,-1,-1,-1
153,4,84.78028869628906,571.9693603515625,398.14508056640625,787.7957763671875,-1,-1,-1,-1
154,4,27.61062240600586,558.0834350585938,421.7391357421875,834.2896118164062,-1,-1,-1,-1
155,4,-21.107463836669922,548.175537109375,447.71209716796875,865.748779296875,-1,-1,-1,-1
156,4,-22.89463233947754,543.59765625,420.7667236328125,874.3228759765625,-1,-1,-1,-1
157,4,-95.464111328125,540.3662719726562,452.7979736328125,873.2525024414062,-1,-1,-1,-1
158,4,-169.5228271484375,525.1636962890625,530.4494018554688,894.452392578125,-1,-1,-1,-1
159,4,-173.62747192382812,608.1900634765625,556.7146606445312,817.080078125,-1,-1,-1,-1
160,4,-31.45101547241211,707.737060546875,421.5249938964844,718.90478515625,-1,-1,-1,-1
104,5,-180.7440643310547,307.17950439453125,364.51434326171875,734.5494995117188,-1,-1,-1,-1
105,5,-200.83038330078125,345.9233703613281,406.85235595703125,710.5390625,-1,-1,-1,-1
106,5,-147.41810607910156,371.23199462890625,411.9326171875,693.0216674804688,-1,-1,-1,-1
107,5,-31.100448608398438,530.4580688476562,341.8826904296875,536.7720336914062,-1,-1,-1,-1
108,5,-51.9522590637207,475.1084289550781,386.9695129394531,597.7529296875,-1,-1,-1,-1
109,5,-46.51165771484375,475.3166198730469,385.73614501953125,595.384765625,-1,-1,-1,-1
110,5,-57.86695861816406,477.24591064453125,381.56475830078125,587.1748657226562,-1,-1,-1,-1
111,5,-44.85084533691406,480.6365661621094,344.6319580078125,576.3646240234375,-1,-1,-1,-1
112,5,-16.084903717041016,498.94085693359375,290.4210510253906,547.1683959960938,-1,-1,-1,-1
113,5,-4.602029800415039,512.3118286132812,269.0937194824219,516.9467163085938,-1,-1,-1,-1
114,5,-11.86310863494873,466.28125,259.7398681640625,556.7124633789062,-1,-1,-1,-1
115,5,-40.42852783203125,469.8321228027344,291.11700439453125,537.94384765625,-1,-1,-1,-1
116,5,-41.59012985229492,443.5142517089844,294.4977111816406,558.523193359375,-1,-1,-1,-1
117,5,-66.6546630859375,411.3810119628906,316.7334899902344,589.5662841796875,-1,-1,-1,-1
118,5,-102.18894958496094,391.6751403808594,342.3515625,611.2039794921875,-1,-1,-1,-1
119,5,-131.2760009765625,460.54931640625,351.0950622558594,546.578857421875,-1,-1,-1,-1
120,5,-169.41650390625,472.44305419921875,347.0726318359375,551.2477416992188,-1,-1,-1,-1
121,5,-223.3942413330078,438.1637268066406,450.050537109375,740.2083740234375,-1,-1,-1,-1
116,6,1286.3153076171875,578.2353515625,40.2293701171875,62.96258544921875,-1,-1,-1,-1
117,6,1291.667236328125,579.367919921875,42.620849609375,61.42486572265625,-1,-1,-1,-1
118,6,1293.9200439453125,579.4479370117188,43.0072021484375,62.1114501953125,-1,-1,-1,-1
119,6,1291.0853271484375,581.8558959960938,44.29150390625,61.96331787109375,-1,-1,-1,-1
120,6,1281.5172119140625,586.770751953125,44.6944580078125,62.127197265625,-1,-1,-1,-1
121,6,1261.3245849609375,599.098388671875,42.6654052734375,62.95166015625,-1,-1,-1,-1
122,6,1242.951904296875,609.9527587890625,44.158447265625,62.07635498046875,-1,-1,-1,-1
123,6,1230.0982666015625,617.3123779296875,41.6265869140625,62.732177734375,-1,-1,-1,-1
124,6,1211.417724609375,615.4623413085938,43.9609375,61.24822998046875,-1,-1,-1,-1
125,6,1195.491455078125,611.1401977539062,44.2681884765625,62.03668212890625,-1,-1,-1,-1
126,6,1183.4908447265625,612.8489990234375,41.891845703125,61.2943115234375,-1,-1,-1,-1
127,6,1175.5577392578125,616.6842651367188,41.4720458984375,62.598388671875,-1,-1,-1,-1
128,6,1174.179443359375,624.093505859375,39.0390625,59.92108154296875,-1,-1,-1,-1
129,6,1169.3564453125,636.9722290039062,41.71044921875,61.108642578125,-1,-1,-1,-1
130,6,1168.222900390625,657.7255859375,41.689453125,61.63677978515625,-1,-1,-1,-1
131,6,1176.3157958984375,693.5153198242188,39.080322265625,60.226318359375,-1,-1,-1,-1
132,6,1185.886962890625,721.154296875,37.3243408203125,62.02569580078125,-1,-1,-1,-1
133,6,1192.0950927734375,739.038818359375,34.9688720703125,63.517333984375,-1,-1,-1,-1
134,6,1200.833984375,764.4616088867188,35.7769775390625,62.97906494140625,-1,-1,-1,-1
135,6,1210.3387451171875,782.8439331054688,34.229248046875,66.99700927734375,-1,-1,-1,-1
136,6,1221.8255615234375,788.72021484375,30.7738037109375,64.2056884765625,-1,-1,-1,-1
137,6,1231.5072021484375,780.6876831054688,33.72314453125,66.2015380859375,-1,-1,-1,-1
138,6,1237.1705322265625,785.0863037109375,32.9869384765625,67.9248046875,-1,-1,-1,-1
139,6,1240.023193359375,793.534912109375,33.1883544921875,68.22479248046875,-1,-1,-1,-1
140,6,1243.5025634765625,798.9634399414062,35.4229736328125,68.33013916015625,-1,-1,-1,-1
141,6,1253.7496337890625,805.9832153320312,33.70361328125,68.2999267578125,-1,-1,-1,-1
142,6,1256.196044921875,811.0088500976562,38.4732666015625,68.97607421875,-1,-1,-1,-1
143,6,1259.059326171875,816.1875,39.8765869140625,69.90625,-1,-1,-1,-1
145,6,1256.915771484375,810.0968017578125,39.4932861328125,69.03228759765625,-1,-1,-1,-1
146,6,1257.50927734375,809.2525634765625,39.18896484375,68.9259033203125,-1,-1,-1,-1
149,6,1258.5181884765625,781.71826171875,41.64404296875,66.57501220703125,-1,-1,-1,-1
150,6,1264.3609619140625,765.7013549804688,39.7137451171875,67.67724609375,-1,-1,-1,-1
151,6,1269.9248046875,758.187255859375,41.848388671875,72.364013671875,-1,-1,-1,-1
152,6,1277.6011962890625,749.8181762695312,42.3343505859375,75.5821533203125,-1,-1,-1,-1
153,6,1281.55615234375,747.6439819335938,44.3260498046875,73.88519287109375,-1,-1,-1,-1
154,6,1292.4205322265625,739.9920043945312,38.1943359375,74.4703369140625,-1,-1,-1,-1
155,6,1294.886474609375,745.4664306640625,39.0565185546875,72.87408447265625,-1,-1,-1,-1
156,6,1295.964111328125,749.5162353515625,42.1014404296875,71.75677490234375,-1,-1,-1,-1
157,6,1303.851318359375,751.1451416015625,42.661376953125,71.83184814453125,-1,-1,-1,-1
158,6,1316.43603515625,756.1712646484375,41.0032958984375,73.0157470703125,-1,-1,-1,-1
159,6,1319.6307373046875,677.699462890625,83.927978515625,159.411865234375,-1,-1,-1,-1
160,6,1336.1578369140625,623.2841796875,121.534912109375,241.60418701171875,-1,-1,-1,-1
161,6,1344.78173828125,616.1605834960938,129.264892578125,233.84429931640625,-1,-1,-1,-1
162,6,1343.29443359375,595.1158447265625,132.384033203125,244.3897705078125,-1,-1,-1,-1
163,6,1340.3953857421875,579.3719482421875,138.1834716796875,257.94476318359375,-1,-1,-1,-1
164,6,1326.7835693359375,557.2948608398438,165.4163818359375,320.46844482421875,-1,-1,-1,-1
123,7,1041.712158203125,446.6080017089844,32.6322021484375,69.61050415039062,-1,-1,-1,-1
124,7,1026.431884765625,446.70660400390625,32.1319580078125,68.54400634765625,-1,-1,-1,-1
125,7,1012.14111328125,441.421875,29.4344482421875,71.5987548828125,-1,-1,-1,-1
126,7,1000.44580078125,444.8146057128906,30.4595947265625,70.25003051757812,-1,-1,-1,-1
127,7,996.2548828125,450.01788330078125,28.0224609375,66.9842529296875,-1,-1,-1,-1
128,7,988.9251708984375,455.45391845703125,29.5428466796875,69.6568603515625,-1,-1,-1,-1
129,7,985.6761474609375,473.85076904296875,27.0716552734375,66.959716796875,-1,-1,-1,-1
130,7,982.7804565429688,496.2947692871094,26.181396484375,63.337921142578125,-1,-1,-1,-1
131,7,982.5478515625,537.8477172851562,26.1046142578125,61.97064208984375,-1,-1,-1,-1
132,7,981.6182250976562,570.8256225585938,27.72906494140625,66.30914306640625,-1,-1,-1,-1
133,7,984.1205444335938,599.4555053710938,25.01934814453125,59.839599609375,-1,-1,-1,-1
134,7,988.6554565429688,623.1010131835938,26.90289306640625,61.1434326171875,-1,-1,-1,-1
135,7,991.3169555664062,643.6039428710938,26.697998046875,66.4462890625,-1,-1,-1,-1
136,7,1000.1333618164062,644.9003295898438,26.21917724609375,66.511962890625,-1,-1,-1,-1
137,7,1005.396728515625,639.7930297851562,25.8739013671875,67.56719970703125,-1,-1,-1,-1
138,7,1010.53564453125,642.4614868164062,28.0390625,66.8900146484375,-1,-1,-1,-1
139,7,1011.72998046875,652.393310546875,26.1932373046875,62.3851318359375,-1,-1,-1,-1
140,7,1014.8619995117188,658.3685913085938,28.20025634765625,65.360107421875,-1,-1,-1,-1
141,7,1013.740234375,660.8815307617188,33.91943359375,77.758544921875,-1,-1,-1,-1
142,7,1026.3592529296875,668.0576782226562,27.0274658203125,62.72674560546875,-1,-1,-1,-1
143,7,1027.186767578125,670.1589965820312,26.1702880859375,56.202880859375,-1,-1,-1,-1
144,7,1028.7994384765625,670.0479736328125,22.9644775390625,40.744140625,-1,-1,-1,-1
145,7,1024.0154418945312,668.56689453125,33.28460693359375,69.77685546875,-1,-1,-1,-1
146,7,1020.1006469726562,663.3014526367188,37.17803955078125,77.62713623046875,-1,-1,-1,-1
147,7,1021.0009155273438,654.1801147460938,36.68975830078125,73.52294921875,-1,-1,-1,-1
148,7,1020.084716796875,644.5747680664062,39.63818359375,72.8953857421875,-1,-1,-1,-1
149,7,1018.25927734375,630.310302734375,45.1007080078125,70.9317626953125,-1,-1,-1,-1
150,7,1021.9016723632812,608.1213989257812,43.83380126953125,75.52178955078125,-1,-1,-1,-1
151,7,1021.1083984375,588.97705078125,47.5638427734375,90.00244140625,-1,-1,-1,-1
152,7,1027.099609375,589.6503295898438,49.1441650390625,85.37860107421875,-1,-1,-1,-1
211,8,-31.311565399169922,636.2197875976562,332.2460632324219,701.6002807617188,-1,-1,-1,-1
212,8,-3.0777511596679688,653.9027099609375,374.1856994628906,689.7034912109375,-1,-1,-1,-1
213,8,11.076570510864258,688.1235961914062,406.9706115722656,726.7326049804688,-1,-1,-1,-1
214,8,29.584205627441406,668.1754760742188,422.92333984375,749.1336059570312,-1,-1,-1,-1
215,8,67.05635070800781,657.0309448242188,405.63128662109375,760.4287719726562,-1,-1,-1,-1
216,8,115.12464141845703,645.07373046875,366.5801696777344,770.204833984375,-1,-1,-1,-1
217,8,142.7392578125,655.6961669921875,365.87738037109375,756.5128173828125,-1,-1,-1,-1
218,8,142.63021850585938,690.83447265625,393.2212219238281,719.73388671875,-1,-1,-1,-1
219,8,139.87945556640625,684.94287109375,417.24658203125,723.416259765625,-1,-1,-1,-1
220,8,119.35377502441406,651.4100341796875,460.65692138671875,757.9365234375,-1,-1,-1,-1
221,8,102.01516723632812,660.2021484375,493.7226867675781,745.2286376953125,-1,-1,-1,-1
222,8,94.43034362792969,647.7689208984375,518.1298828125,749.352294921875,-1,-1,-1,-1
223,8,70.73329162597656,632.5341796875,545.7403564453125,750.1971435546875,-1,-1,-1,-1
224,8,79.209228515625,625.214111328125,522.3851318359375,751.4658203125,-1,-1,-1,-1
225,8,55.86547088623047,621.5348510742188,509.7698974609375,744.6979370117188,-1,-1,-1,-1
226,8,32.11474609375,621.991455078125,486.3204345703125,762.334228515625,-1,-1,-1,-1
227,8,17.23639678955078,614.4129638671875,441.84881591796875,794.8016357421875,-1,-1,-1,-1
228,8,3.5846500396728516,620.760986328125,402.4374084472656,787.8797607421875,-1,-1,-1,-1
229,8,-3.125356674194336,630.9841918945312,392.5679626464844,775.3351440429688,-1,-1,-1,-1
230,8,-7.664979934692383,646.4036865234375,392.6648254394531,760.0855712890625,-1,-1,-1,-1
231,8,-36.896034240722656,656.8001708984375,409.84747314453125,754.52734375,-1,-1,-1,-1
232,8,-71.48136901855469,665.1146240234375,433.0794677734375,749.84814453125,-1,-1,-1,-1
233,8,-134.1090545654297,628.43798828125,506.6439208984375,793.87255859375,-1,-1,-1,-1
212,9,58.26778793334961,643.265380859375,260.2708740234375,557.286865234375,-1,-1,-1,-1
213,9,176.363037109375,643.2749633789062,220.72354125976562,518.9601440429688,-1,-1,-1,-1
214,9,275.1992492675781,638.041259765625,214.65756225585938,497.1915283203125,-1,-1,-1,-1
215,9,370.49884033203125,627.2568359375,217.92205810546875,479.0997314453125,-1,-1,-1,-1
216,9,460.88751220703125,628.48388671875,208.3927001953125,456.8084716796875,-1,-1,-1,-1
217,9,520.551513671875,626.011962890625,211.22344970703125,445.2120361328125,-1,-1,-1,-1
218,9,551.3453369140625,619.3903198242188,208.8079833984375,439.23236083984375,-1,-1,-1,-1
219,9,588.6483764648438,618.5409545898438,206.4246826171875,427.69769287109375,-1,-1,-1,-1
220,9,636.5026245117188,618.638671875,194.25091552734375,418.676025390625,-1,-1,-1,-1
221,9,687.6220703125,604.4014892578125,175.41705322265625,408.66790771484375,-1,-1,-1,-1
222,9,737.3825073242188,593.7136840820312,168.19439697265625,401.79876708984375,-1,-1,-1,-1
223,9,786.1869506835938,582.8714599609375,160.7744140625,406.65338134765625,-1,-1,-1,-1
224,9,831.319091796875,574.90185546875,151.04248046875,410.47998046875,-1,-1,-1,-1
225,9,855.9407348632812,570.46044921875,157.4053955078125,410.476806640625,-1,-1,-1,-1
226,9,874.810546875,563.7158813476562,164.121337890625,417.15655517578125,-1,-1,-1,-1
227,9,889.5970458984375,561.0263061523438,168.2677001953125,417.8089599609375,-1,-1,-1,-1
228,9,902.6375122070312,564.8565063476562,173.59906005859375,419.33551025390625,-1,-1,-1,-1
229,9,914.7454223632812,571.9850463867188,172.90386962890625,415.60845947265625,-1,-1,-1,-1
230,9,926.4508056640625,573.5761108398438,173.4696044921875,419.6849365234375,-1,-1,-1,-1
231,9,942.5234375,575.8470458984375,167.8226318359375,425.27557373046875,-1,-1,-1,-1
232,9,957.977783203125,580.7881469726562,163.7620849609375,420.99737548828125,-1,-1,-1,-1
233,9,965.2715454101562,584.1929321289062,160.47442626953125,413.28936767578125,-1,-1,-1,-1
234,9,973.1136474609375,578.2222290039062,157.9146728515625,409.64971923828125,-1,-1,-1,-1
235,9,982.1498413085938,573.1807861328125,157.52813720703125,402.22100830078125,-1,-1,-1,-1
236,9,995.2948608398438,575.6250610351562,158.11724853515625,405.95428466796875,-1,-1,-1,-1
237,9,1007.1209716796875,585.7286376953125,159.1046142578125,406.756103515625,-1,-1,-1,-1
238,9,1021.1859130859375,589.9916381835938,160.4095458984375,409.21453857421875,-1,-1,-1,-1
239,9,1029.70654296875,596.0071411132812,162.5830078125,409.32867431640625,-1,-1,-1,-1
240,9,1039.0872802734375,600.6170043945312,164.7716064453125,409.37750244140625,-1,-1,-1,-1
241,9,1052.35986328125,603.112548828125,165.05810546875,411.520263671875,-1,-1,-1,-1
242,9,1056.8822021484375,604.3732299804688,171.8145751953125,407.24371337890625,-1,-1,-1,-1
243,9,1069.18798828125,605.9972534179688,175.5390625,406.93499755859375,-1,-1,-1,-1
244,9,1101.965576171875,600.189208984375,158.53125,417.7301025390625,-1,-1,-1,-1
245,9,1138.5247802734375,600.526611328125,137.1917724609375,415.850830078125,-1,-1,-1,-1
246,9,1159.10595703125,588.6668090820312,123.68603515625,417.46954345703125,-1,-1,-1,-1
247,9,1171.551025390625,587.193603515625,125.1190185546875,406.44342041015625,-1,-1,-1,-1
248,9,1181.0692138671875,596.1968994140625,135.662353515625,401.66259765625,-1,-1,-1,-1
249,9,1185.5455322265625,606.7880249023438,139.812744140625,403.8377685546875,-1,-1,-1,-1
250,9,1186.1307373046875,613.3536987304688,150.3450927734375,404.3494873046875,-1,-1,-1,-1
251,9,1186.9532470703125,615.0633544921875,164.978515625,405.02783203125,-1,-1,-1,-1
252,9,1197.109619140625,616.0115356445312,170.9478759765625,402.06378173828125,-1,-1,-1,-1
253,9,1202.5565185546875,614.481689453125,182.8228759765625,403.4945068359375,-1,-1,-1,-1
254,9,1210.5478515625,602.5291748046875,189.105224609375,406.9969482421875,-1,-1,-1,-1
255,9,1223.725341796875,586.7488403320312,183.91259765625,408.56878662109375,-1,-1,-1,-1
256,9,1239.2845458984375,572.837890625,171.207275390625,419.7802734375,-1,-1,-1,-1
257,9,1261.8026123046875,569.00390625,147.9228515625,427.08868408203125,-1,-1,-1,-1
258,9,1271.3909912109375,570.4335327148438,137.07080078125,432.8770751953125,-1,-1,-1,-1
259,9,1280.537841796875,573.7615356445312,127.9112548828125,428.4544677734375,-1,-1,-1,-1
260,9,1293.5687255859375,568.4360961914062,120.2462158203125,390.71044921875,-1,-1,-1,-1
261,9,1316.3782958984375,574.0120849609375,103.6441650390625,379.17169189453125,-1,-1,-1,-1
262,9,1333.8758544921875,564.3543701171875,84.95068359375,400.4034423828125,-1,-1,-1,-1
214,10,128.20291900634766,692.4896850585938,155.86819458007812,285.68963623046875,-1,-1,-1,-1
215,10,207.00982666015625,678.9031372070312,152.10958862304688,279.520751953125,-1,-1,-1,-1
216,10,294.2933349609375,670.873779296875,141.73992919921875,281.3751220703125,-1,-1,-1,-1
217,10,352.48193359375,667.357666015625,133.50711059570312,270.24188232421875,-1,-1,-1,-1
218,10,389.97259521484375,659.4266357421875,128.7818603515625,267.3564453125,-1,-1,-1,-1
219,10,429.6455383300781,657.325439453125,121.01156616210938,265.47161865234375,-1,-1,-1,-1
220,10,468.7305908203125,657.6150512695312,119.55218505859375,259.48724365234375,-1,-1,-1,-1
221,10,497.73236083984375,647.3909301757812,120.53961181640625,256.16461181640625,-1,-1,-1,-1
222,10,527.72607421875,642.3939819335938,116.7952880859375,246.62762451171875,-1,-1,-1,-1
223,10,553.8062133789062,628.4998779296875,112.5653076171875,246.520751953125,-1,-1,-1,-1
224,10,571.4279174804688,619.7031860351562,113.638427734375,246.48388671875,-1,-1,-1,-1
225,10,586.2793579101562,619.1270141601562,113.384765625,242.14520263671875,-1,-1,-1,-1
226,10,595.6564331054688,609.9051513671875,115.92010498046875,247.475341796875,-1,-1,-1,-1
227,10,601.3703002929688,607.1121215820312,114.79736328125,247.70098876953125,-1,-1,-1,-1
228,10,608.6529541015625,616.3015747070312,111.85479736328125,242.31768798828125,-1,-1,-1,-1
229,10,610.79296875,607.1480712890625,108.64947509765625,256.86865234375,-1,-1,-1,-1
230,10,612.0414428710938,615.7216186523438,111.27947998046875,257.07720947265625,-1,-1,-1,-1
231,10,610.48974609375,623.8927001953125,115.77850341796875,264.85784912109375,-1,-1,-1,-1
232,10,608.4567260742188,630.3563232421875,118.5618896484375,273.61505126953125,-1,-1,-1,-1
233,10,603.9757690429688,632.3251342773438,118.11669921875,279.85614013671875,-1,-1,-1,-1
234,10,599.7754516601562,630.3699951171875,121.343017578125,279.71966552734375,-1,-1,-1,-1
235,10,599.5427856445312,627.9266357421875,122.78497314453125,282.56146240234375,-1,-1,-1,-1
236,10,602.8433837890625,629.9412841796875,120.331298828125,287.0450439453125,-1,-1,-1,-1
237,10,604.00830078125,633.2303466796875,119.366943359375,293.1163330078125,-1,-1,-1,-1
238,10,607.2413330078125,638.6254272460938,117.96282958984375,296.74102783203125,-1,-1,-1,-1
239,10,607.4576416015625,642.5167236328125,118.27996826171875,298.0738525390625,-1,-1,-1,-1
240,10,609.2053833007812,645.8916015625,122.599853515625,302.23980712890625,-1,-1,-1,-1
241,10,610.4337768554688,647.9797973632812,125.15338134765625,307.24200439453125,-1,-1,-1,-1
242,10,611.2111206054688,652.0523681640625,125.06878662109375,308.69482421875,-1,-1,-1,-1
243,10,611.153076171875,654.9542236328125,127.8748779296875,312.0546875,-1,-1,-1,-1
244,10,611.548095703125,657.5813598632812,128.70587158203125,314.02435302734375,-1,-1,-1,-1
245,10,611.72412109375,657.8316650390625,129.665283203125,318.25604248046875,-1,-1,-1,-1
246,10,608.7777709960938,658.2813720703125,130.67034912109375,320.66778564453125,-1,-1,-1,-1
247,10,604.66845703125,656.3831176757812,134.4508056640625,323.55413818359375,-1,-1,-1,-1
248,10,602.1026611328125,660.7266845703125,137.89105224609375,336.37518310546875,-1,-1,-1,-1
249,10,594.8068237304688,670.1467895507812,142.33685302734375,346.06744384765625,-1,-1,-1,-1
250,10,585.9765625,670.1033325195312,146.661865234375,361.80657958984375,-1,-1,-1,-1
251,10,580.52392578125,664.9396362304688,150.680419921875,370.99859619140625,-1,-1,-1,-1
252,10,577.8507080078125,664.8322143554688,154.01708984375,381.73651123046875,-1,-1,-1,-1
253,10,572.64208984375,665.6023559570312,158.67230224609375,388.81146240234375,-1,-1,-1,-1
254,10,564.9049072265625,658.817626953125,163.11029052734375,394.4765625,-1,-1,-1,-1
255,10,557.6033325195312,649.4593505859375,166.56146240234375,400.9041748046875,-1,-1,-1,-1
256,10,547.7720336914062,644.3348388671875,170.35235595703125,410.071533203125,-1,-1,-1,-1
257,10,537.0245971679688,647.16162109375,176.98675537109375,418.9510498046875,-1,-1,-1,-1
258,10,529.7724609375,646.2911987304688,180.7943115234375,424.42742919921875,-1,-1,-1,-1
259,10,524.2377319335938,643.5234375,184.0364990234375,429.593017578125,-1,-1,-1,-1
260,10,518.4122314453125,641.1738891601562,189.05279541015625,439.79852294921875,-1,-1,-1,-1
261,10,512.2642517089844,642.2512817382812,194.05215454101562,452.54888916015625,-1,-1,-1,-1
262,10,501.1670837402344,642.85302734375,204.59121704101562,467.1885986328125,-1,-1,-1,-1
263,10,501.02557373046875,640.319580078125,205.09979248046875,475.952392578125,-1,-1,-1,-1
264,10,496.0496826171875,633.416015625,209.77032470703125,486.478515625,-1,-1,-1,-1
265,10,488.23968505859375,641.6146240234375,215.801025390625,487.1385498046875,-1,-1,-1,-1
266,10,472.54559326171875,641.3209838867188,225.8585205078125,496.38336181640625,-1,-1,-1,-1
267,10,452.7587585449219,635.61376953125,231.88735961914062,504.9127197265625,-1,-1,-1,-1
268,10,425.13177490234375,631.7161254882812,239.08087158203125,515.4057006835938,-1,-1,-1,-1
269,10,388.2174987792969,629.3929443359375,253.27316284179688,531.3140869140625,-1,-1,-1,-1
270,10,343.9308166503906,622.3887329101562,273.1788635253906,593.8239135742188,-1,-1,-1,-1
271,10,301.19219970703125,616.4329223632812,291.61981201171875,667.5132446289062,-1,-1,-1,-1
272,10,260.0230712890625,616.9172973632812,307.89056396484375,735.7874145507812,-1,-1,-1,-1
273,10,214.2803192138672,634.3069458007812,328.07940673828125,755.7371215820312,-1,-1,-1,-1
274,10,163.84657287597656,615.5072631835938,354.99749755859375,787.2260131835938,-1,-1,-1,-1
275,10,98.46073913574219,595.0006103515625,392.7904052734375,813.02294921875,-1,-1,-1,-1
276,10,7.842710494995117,558.7532348632812,461.1143798828125,849.0386352539062,-1,-1,-1,-1
277,10,-28.921293258666992,553.0563354492188,465.33477783203125,858.2048950195312,-1,-1,-1,-1
278,10,-73.28331756591797,508.7726745605469,471.3318786621094,903.431396484375,-1,-1,-1,-1
279,10,-177.31304931640625,579.3395385742188,569.095458984375,829.0250854492188,-1,-1,-1,-1
280,10,-102.49925231933594,704.1464233398438,487.503662109375,676.1121215820312,-1,-1,-1,-1
281,10,-73.21060180664062,803.4172973632812,464.7923278808594,625.8703002929688,-1,-1,-1,-1
282,10,-26.665496826171875,881.1096801757812,433.6830749511719,564.4291381835938,-1,-1,-1,-1
334,11,548.9994506835938,609.2177734375,22.70343017578125,51.365234375,-1,-1,-1,-1
335,11,636.177490234375,610.607177734375,21.4632568359375,50.34283447265625,-1,-1,-1,-1
336,11,701.9512329101562,615.7728881835938,20.123779296875,51.39093017578125,-1,-1,-1,-1
337,11,754.8448486328125,625.8607177734375,23.50872802734375,48.48724365234375,-1,-1,-1,-1
338,11,809.4237060546875,632.73095703125,22.56829833984375,49.44122314453125,-1,-1,-1,-1
339,11,863.897705078125,636.1729736328125,22.37811279296875,48.84283447265625,-1,-1,-1,-1
340,11,915.2648315429688,637.5975341796875,24.03875732421875,51.45989990234375,-1,-1,-1,-1
341,11,967.4952392578125,643.419921875,24.24041748046875,53.91253662109375,-1,-1,-1,-1
342,11,1015.8126220703125,660.233642578125,20.9608154296875,49.42816162109375,-1,-1,-1,-1
343,11,1060.89501953125,678.4292602539062,25.078369140625,53.97998046875,-1,-1,-1,-1
344,11,1098.1329345703125,702.3082885742188,24.5010986328125,52.767822265625,-1,-1,-1,-1
345,11,1132.86083984375,717.1943359375,29.6356201171875,56.98004150390625,-1,-1,-1,-1
346,11,1162.4608154296875,721.6273193359375,30.5718994140625,58.9349365234375,-1,-1,-1,-1
347,11,1183.304443359375,728.1740112304688,30.396240234375,59.28729248046875,-1,-1,-1,-1
348,11,1196.5089111328125,731.8594970703125,30.5654296875,60.8165283203125,-1,-1,-1,-1
349,11,1203.9344482421875,727.7936401367188,30.82568359375,62.00054931640625,-1,-1,-1,-1
350,11,1213.010009765625,728.9537353515625,29.39208984375,59.5103759765625,-1,-1,-1,-1
351,11,1218.5269775390625,721.8464965820312,32.729248046875,61.26690673828125,-1,-1,-1,-1
352,11,1221.531494140625,719.5890502929688,32.1558837890625,62.48663330078125,-1,-1,-1,-1
353,11,1228.49462890625,719.6734619140625,33.1849365234375,62.75146484375,-1,-1,-1,-1
354,11,1230.426513671875,720.3150634765625,33.5738525390625,62.62811279296875,-1,-1,-1,-1
355,11,1231.31494140625,722.13623046875,33.5765380859375,64.46484375,-1,-1,-1,-1
356,11,1225.028564453125,725.609375,33.615478515625,64.98284912109375,-1,-1,-1,-1
357,11,1215.352294921875,728.251708984375,34.4818115234375,66.5966796875,-1,-1,-1,-1
358,11,1204.5704345703125,733.57763671875,32.552490234375,63.00494384765625,-1,-1,-1,-1
359,11,1188.724365234375,732.0654296875,33.7880859375,63.10430908203125,-1,-1,-1,-1
360,11,1180.7017822265625,736.9027099609375,32.9825439453125,63.3046875,-1,-1,-1,-1
361,11,1174.9178466796875,732.2589721679688,34.79931640625,63.65362548828125,-1,-1,-1,-1
362,11,1164.302734375,723.8447265625,33.4921875,61.96173095703125,-1,-1,-1,-1
363,11,1157.7926025390625,721.0504150390625,36.485595703125,62.10394287109375,-1,-1,-1,-1
364,11,1153.998291015625,717.30517578125,36.9412841796875,64.627685546875,-1,-1,-1,-1
365,11,1151.6685791015625,713.2149047851562,36.2923583984375,63.7276611328125,-1,-1,-1,-1
366,11,1149.7269287109375,717.380859375,34.592041015625,64.5633544921875,-1,-1,-1,-1
367,11,1150.8629150390625,722.8175048828125,34.568359375,63.5396728515625,-1,-1,-1,-1
368,11,1150.37451171875,725.5570068359375,35.603515625,62.784912109375,-1,-1,-1,-1
369,11,1150.3699951171875,736.2745361328125,32.832275390625,63.46832275390625,-1,-1,-1,-1
370,11,1144.742919921875,739.9635009765625,48.0372314453125,77.8858642578125,-1,-1,-1,-1
371,11,1151.8505859375,756.6488037109375,34.2779541015625,65.22650146484375,-1,-1,-1,-1
372,11,1157.2303466796875,762.6304321289062,38.3995361328125,64.172607421875,-1,-1,-1,-1
373,11,1162.4449462890625,756.154052734375,38.564208984375,67.58660888671875,-1,-1,-1,-1
374,11,1168.6690673828125,752.4761962890625,41.909912109375,67.1204833984375,-1,-1,-1,-1
375,11,1173.19873046875,753.28369140625,41.5302734375,63.5401611328125,-1,-1,-1,-1
376,11,1176.12451171875,748.38720703125,40.138916015625,63.51531982421875,-1,-1,-1,-1
377,11,1177.098876953125,742.8094482421875,37.1910400390625,66.94970703125,-1,-1,-1,-1
378,11,1175.809814453125,743.9888305664062,40.0235595703125,67.73907470703125,-1,-1,-1,-1
379,11,1180.285400390625,744.78125,40.4365234375,67.2215576171875,-1,-1,-1,-1
380,11,1180.1246337890625,740.3682861328125,44.2647705078125,67.2384033203125,-1,-1,-1,-1
381,11,1188.7806396484375,748.09033203125,44.1685791015625,65.9736328125,-1,-1,-1,-1
382,11,1191.216064453125,753.0811767578125,44.879638671875,70.40228271484375,-1,-1,-1,-1
384,11,1207.1004638671875,747.5220336914062,39.8037109375,72.0931396484375,-1,-1,-1,-1
385,11,1213.5035400390625,748.2503051757812,45.8397216796875,68.43377685546875,-1,-1,-1,-1
335,12,-120.95821380615234,555.3129272460938,267.06768798828125,484.62786865234375,-1,-1,-1,-1
336,12,-30.83808135986328,580.9024047851562,234.7711181640625,461.12005615234375,-1,-1,-1,-1
337,12,13.00796127319336,580.4904174804688,250.53414916992188,473.68231201171875,-1,-1,-1,-1
338,12,39.579002380371094,572.6461791992188,281.4212951660156,479.01959228515625,-1,-1,-1,-1
339,12,92.30699157714844,576.2412719726562,285.2718505859375,460.65655517578125,-1,-1,-1,-1
340,12,163.28575134277344,584.0938110351562,259.89569091796875,405.86151123046875,-1,-1,-1,-1
341,12,183.5234832763672,584.563720703125,279.86419677734375,447.2138671875,-1,-1,-1,-1
342,12,222.32044982910156,582.1940307617188,256.56114196777344,445.16912841796875,-1,-1,-1,-1
343,12,258.084228515625,594.328369140625,250.44256591796875,484.197998046875,-1,-1,-1,-1
337,13,72.14655303955078,585.1488647460938,164.15338134765625,277.64727783203125,-1,-1,-1,-1
338,13,152.34115600585938,585.1024169921875,146.51498413085938,268.20166015625,-1,-1,-1,-1
339,13,220.716064453125,599.783203125,132.23843383789062,250.0235595703125,-1,-1,-1,-1
340,13,276.8286437988281,608.4088745117188,131.136962890625,240.00390625,-1,-1,-1,-1
341,13,330.22711181640625,594.216796875,128.0921630859375,255.198486328125,-1,-1,-1,-1
342,13,383.2255859375,601.5189819335938,117.80523681640625,250.65606689453125,-1,-1,-1,-1
343,13,426.3682861328125,604.0812377929688,115.20098876953125,249.5670166015625,-1,-1,-1,-1
344,13,459.5628662109375,615.5484619140625,109.73150634765625,245.12139892578125,-1,-1,-1,-1
345,13,488.0239562988281,619.3988647460938,111.10348510742188,243.1759033203125,-1,-1,-1,-1
346,13,513.8629760742188,617.115966796875,107.11407470703125,241.892578125,-1,-1,-1,-1
347,13,532.9987182617188,622.648681640625,99.4534912109375,236.7252197265625,-1,-1,-1,-1
348,13,545.66455078125,625.8287353515625,93.14227294921875,237.5869140625,-1,-1,-1,-1
349,13,536.98779296875,632.1597290039062,98.3201904296875,239.55731201171875,-1,-1,-1,-1
350,13,562.2955322265625,659.3631591796875,87.39105224609375,196.123779296875,-1,-1,-1,-1
353,13,526.602783203125,622.0501098632812,139.01116943359375,268.6361083984375,-1,-1,-1,-1
354,13,520.1068725585938,627.165283203125,116.23052978515625,259.3553466796875,-1,-1,-1,-1
355,13,514.3013305664062,639.8477783203125,113.478515625,249.060302734375,-1,-1,-1,-1
356,13,500.41973876953125,625.7636108398438,117.27703857421875,262.47174072265625,-1,-1,-1,-1
357,13,485.64453125,621.159912109375,131.9791259765625,269.939208984375,-1,-1,-1,-1
358,13,464.987548828125,616.4005126953125,141.19830322265625,273.5296630859375,-1,-1,-1,-1
359,13,444.5660400390625,617.450927734375,144.0225830078125,265.9664306640625,-1,-1,-1,-1
360,13,428.03839111328125,608.1541748046875,139.5809326171875,280.71209716796875,-1,-1,-1,-1
361,13,413.22308349609375,602.2566528320312,136.7735595703125,286.2049560546875,-1,-1,-1,-1
362,13,395.9692077636719,590.623291015625,142.30770874023438,297.38763427734375,-1,-1,-1,-1
363,13,380.79754638671875,588.5081176757812,144.14453125,304.6260986328125,-1,-1,-1,-1
364,13,369.36383056640625,584.999267578125,143.60775756835938,315.15966796875,-1,-1,-1,-1
365,13,357.3724365234375,572.295654296875,142.0538330078125,330.14984130859375,-1,-1,-1,-1
366,13,346.65789794921875,571.8778076171875,140.90155029296875,336.334716796875,-1,-1,-1,-1
367,13,339.14605712890625,569.908935546875,137.9771728515625,349.89349365234375,-1,-1,-1,-1
368,13,329.70556640625,565.1870727539062,143.36151123046875,364.74456787109375,-1,-1,-1,-1
369,13,322.40142822265625,570.7964477539062,144.35214233398438,373.2672119140625,-1,-1,-1,-1
370,13,316.0266418457031,575.8263549804688,147.7073974609375,382.45037841796875,-1,-1,-1,-1
371,13,310.29266357421875,571.1803588867188,152.02963256835938,390.35565185546875,-1,-1,-1,-1
372,13,308.9508056640625,561.4616088867188,155.22421264648438,396.79608154296875,-1,-1,-1,-1
373,13,305.93975830078125,557.7155151367188,159.75390625,402.5675048828125,-1,-1,-1,-1
374,13,301.1719970703125,557.0042724609375,164.36746215820312,408.14337158203125,-1,-1,-1,-1
375,13,292.7032165527344,558.921142578125,165.930419921875,411.85650634765625,-1,-1,-1,-1
376,13,280.4983215332031,557.0069580078125,169.8201904296875,429.42449951171875,-1,-1,-1,-1
377,13,263.5678405761719,553.6223754882812,178.06375122070312,464.14385986328125,-1,-1,-1,-1
378,13,244.5068817138672,555.8756103515625,186.35267639160156,499.912841796875,-1,-1,-1,-1
379,13,226.17929077148438,548.389404296875,191.8387451171875,536.5638427734375,-1,-1,-1,-1
380,13,204.86154174804688,542.0929565429688,201.12091064453125,559.3423461914062,-1,-1,-1,-1
381,13,177.5086212158203,541.7885131835938,216.2853546142578,576.8245239257812,-1,-1,-1,-1
382,13,149.5296630859375,537.0659790039062,230.77337646484375,594.2488403320312,-1,-1,-1,-1
383,13,121.193603515625,524.2825317382812,250.73233032226562,610.9121704101562,-1,-1,-1,-1
384,13,95.70059967041016,515.5629272460938,267.0168151855469,619.3003540039062,-1,-1,-1,-1
385,13,70.41769409179688,508.1717529296875,274.3607177734375,632.6976318359375,-1,-1,-1,-1
386,13,40.68033981323242,505.39178466796875,290.22735595703125,645.5452270507812,-1,-1,-1,-1
387,13,15.397258758544922,486.3720703125,301.1787109375,666.088623046875,-1,-1,-1,-1
388,13,-1.8757381439208984,468.0688781738281,298.9564208984375,739.8367919921875,-1,-1,-1,-1
389,13,-4.02712345123291,474.9932861328125,279.9740295410156,800.993896484375,-1,-1,-1,-1
390,13,-1.4381723403930664,472.5968933105469,271.4643859863281,845.3341064453125,-1,-1,-1,-1
391,13,-7.428641319274902,470.2423400878906,262.79107666015625,881.9146728515625,-1,-1,-1,-1
392,13,-44.50602722167969,493.6711730957031,278.91546630859375,917.0654296875,-1,-1,-1,-1
393,13,-134.52139282226562,501.6720886230469,379.8029479980469,912.5665283203125,-1,-1,-1,-1
394,13,-69.28254699707031,562.3399658203125,220.53427124023438,652.3564453125,-1,-1,-1,-1
395,13,-100.95437622070312,631.4013671875,290.749755859375,688.265869140625,-1,-1,-1,-1
337,14,-85.61246490478516,782.5181274414062,228.1619873046875,394.19573974609375,-1,-1,-1,-1
338,14,-128.81297302246094,645.7576904296875,355.7599792480469,560.3094482421875,-1,-1,-1,-1
339,14,-70.99128723144531,555.58740234375,396.83770751953125,646.405029296875,-1,-1,-1,-1
340,14,39.780094146728516,558.2047119140625,360.3752746582031,638.7152099609375,-1,-1,-1,-1
341,14,122.11671447753906,569.8057861328125,341.338134765625,620.318115234375,-1,-1,-1,-1
342,14,196.01194763183594,567.9129028320312,293.4658203125,615.1735229492188,-1,-1,-1,-1
343,14,249.78761291503906,567.34912109375,264.8062744140625,602.5687255859375,-1,-1,-1,-1
344,14,287.5606994628906,571.0390625,246.06076049804688,590.33837890625,-1,-1,-1,-1
345,14,335.7879638671875,573.05029296875,221.08331298828125,577.5806884765625,-1,-1,-1,-1
346,14,393.94476318359375,573.776611328125,190.54266357421875,563.1868896484375,-1,-1,-1,-1
347,14,429.6604919433594,577.9607543945312,186.82974243164062,552.2952270507812,-1,-1,-1,-1
348,14,449.48095703125,582.51953125,210.36651611328125,543.7938232421875,-1,-1,-1,-1
349,14,469.0507507324219,588.9176635742188,244.04598999023438,542.4119262695312,-1,-1,-1,-1
350,14,487.4895935058594,591.8836059570312,259.1526184082031,546.0918579101562,-1,-1,-1,-1
351,14,490.5948791503906,593.7169799804688,273.5675964355469,546.3207397460938,-1,-1,-1,-1
352,14,490.25604248046875,596.04833984375,283.4034423828125,543.12841796875,-1,-1,-1,-1
353,14,494.21453857421875,596.4237670898438,282.01617431640625,540.9686889648438,-1,-1,-1,-1
354,14,509.5493469238281,595.59423828125,260.2017517089844,541.6126708984375,-1,-1,-1,-1
355,14,535.56689453125,590.3258666992188,228.260498046875,533.6564331054688,-1,-1,-1,-1
356,14,547.2544555664062,582.9089965820312,218.91082763671875,538.5834350585938,-1,-1,-1,-1
357,14,551.6498413085938,577.2467651367188,218.435302734375,552.6295776367188,-1,-1,-1,-1
358,14,548.7070922851562,569.3718872070312,218.86419677734375,563.1712036132812,-1,-1,-1,-1
359,14,542.328125,561.961181640625,219.17578125,574.138916015625,-1,-1,-1,-1
360,14,544.3326416015625,571.157470703125,212.86773681640625,579.436279296875,-1,-1,-1,-1
361,14,544.51123046875,572.0484619140625,211.3338623046875,583.6348876953125,-1,-1,-1,-1
362,14,542.9599609375,568.5449829101562,206.76885986328125,586.9067993164062,-1,-1,-1,-1
363,14,540.8038330078125,566.2723999023438,207.20947265625,587.5853881835938,-1,-1,-1,-1
364,14,545.781005859375,557.5579223632812,203.20538330078125,590.5119018554688,-1,-1,-1,-1
365,14,554.4227294921875,547.8906860351562,200.79278564453125,589.3960571289062,-1,-1,-1,-1
366,14,559.2330932617188,544.9243774414062,203.6737060546875,589.0117797851562,-1,-1,-1,-1
367,14,565.8068237304688,543.3989868164062,209.06597900390625,580.9202270507812,-1,-1,-1,-1
368,14,572.1099243164062,542.663330078125,207.997802734375,572.2967529296875,-1,-1,-1,-1
369,14,583.9522094726562,549.3284301757812,203.1474609375,576.8696899414062,-1,-1,-1,-1
370,14,592.9118041992188,562.4022216796875,215.5279541015625,588.6329345703125,-1,-1,-1,-1
371,14,606.1185302734375,570.051025390625,220.294189453125,596.814697265625,-1,-1,-1,-1
372,14,604.963134765625,569.0158081054688,226.604736328125,605.2160034179688,-1,-1,-1,-1
373,14,608.6630249023438,570.733642578125,244.4432373046875,607.902587890625,-1,-1,-1,-1
374,14,617.0283203125,571.17041015625,264.01513671875,605.9478759765625,-1,-1,-1,-1
375,14,631.6610107421875,570.8231811523438,271.2027587890625,597.3419799804688,-1,-1,-1,-1
376,14,651.503173828125,567.2382202148438,263.6597900390625,584.7518920898438,-1,-1,-1,-1
377,14,675.373779296875,557.317626953125,244.49444580078125,578.8358154296875,-1,-1,-1,-1
378,14,681.15966796875,557.2344970703125,237.82562255859375,592.5567626953125,-1,-1,-1,-1
379,14,675.9857177734375,548.2867431640625,243.473876953125,612.113037109375,-1,-1,-1,-1
380,14,670.6683959960938,542.88916015625,247.7637939453125,625.9881591796875,-1,-1,-1,-1
381,14,664.7973022460938,547.0341186523438,254.02374267578125,641.8530883789062,-1,-1,-1,-1
382,14,659.9191284179688,556.0170288085938,257.439208984375,653.9935913085938,-1,-1,-1,-1
383,14,657.0867919921875,558.843505859375,261.74664306640625,655.647216796875,-1,-1,-1,-1
384,14,663.0051879882812,554.3085327148438,260.93389892578125,645.1763305664062,-1,-1,-1,-1
385,14,672.5728149414062,553.7640991210938,257.34942626953125,636.1975708007812,-1,-1,-1,-1
386,14,683.6121215820312,548.2420043945312,249.4403076171875,629.9382934570312,-1,-1,-1,-1
387,14,695.103271484375,539.1402587890625,245.2559814453125,604.357177734375,-1,-1,-1,-1
388,14,710.6665649414062,528.842041015625,238.02789306640625,587.24462890625,-1,-1,-1,-1
389,14,720.4468383789062,527.4194946289062,230.4254150390625,598.2210083007812,-1,-1,-1,-1
390,14,729.8908081054688,523.4585571289062,219.8380126953125,617.6780395507812,-1,-1,-1,-1
391,14,739.2059936523438,514.927001953125,209.492919921875,633.18212890625,-1,-1,-1,-1
392,14,746.5065307617188,517.5499267578125,207.34100341796875,648.397705078125,-1,-1,-1,-1
393,14,758.4207153320312,530.5003662109375,205.90301513671875,660.0426025390625,-1,-1,-1,-1
394,14,757.5895385742188,539.25439453125,216.83453369140625,666.3782958984375,-1,-1,-1,-1
395,14,753.7674560546875,544.662109375,224.92425537109375,673.30859375,-1,-1,-1,-1
396,14,750.517578125,565.2139892578125,229.881591796875,678.6939697265625,-1,-1,-1,-1
397,14,747.4783935546875,581.627197265625,234.00091552734375,682.70947265625,-1,-1,-1,-1
398,14,737.8963623046875,588.7817993164062,239.06048583984375,673.9276733398438,-1,-1,-1,-1
399,14,726.8563842773438,585.6473388671875,252.49444580078125,677.5927734375,-1,-1,-1,-1
400,14,720.4183959960938,580.095458984375,272.957763671875,680.0101318359375,-1,-1,-1,-1
401,14,724.6221313476562,573.5319213867188,289.884765625,680.9292602539062,-1,-1,-1,-1
402,14,736.0257568359375,568.3660888671875,301.1490478515625,678.04638671875,-1,-1,-1,-1
403,14,752.6007080078125,569.2408447265625,312.3558349609375,665.360107421875,-1,-1,-1,-1
404,14,776.20556640625,570.14501953125,311.1282958984375,649.050537109375,-1,-1,-1,-1
405,14,802.021240234375,571.5739135742188,310.3507080078125,625.6986694335938,-1,-1,-1,-1
406,14,836.000244140625,554.9898681640625,303.94140625,627.0556640625,-1,-1,-1,-1
407,14,871.8856201171875,545.2506713867188,298.427490234375,638.7255249023438,-1,-1,-1,-1
408,14,913.96337890625,544.294677734375,290.931396484375,656.1781005859375,-1,-1,-1,-1
409,14,946.8699951171875,542.85302734375,299.6519775390625,674.162841796875,-1,-1,-1,-1
410,14,967.6427001953125,541.9276733398438,328.091552734375,690.2815551757812,-1,-1,-1,-1
411,14,990.0056762695312,544.7351684570312,351.32342529296875,705.9246215820312,-1,-1,-1,-1
412,14,999.1550903320312,554.8995971679688,379.17633056640625,719.2962036132812,-1,-1,-1,-1
413,14,1005.9189453125,558.4974365234375,401.32470703125,714.35986328125,-1,-1,-1,-1
414,14,998.3218994140625,555.5068359375,432.4359130859375,695.3856201171875,-1,-1,-1,-1
415,14,1010.7922973632812,552.9892578125,474.96575927734375,690.4022216796875,-1,-1,-1,-1
416,14,1018.2364501953125,543.2799072265625,502.6290283203125,709.9791259765625,-1,-1,-1,-1
417,14,1034.752197265625,532.3360595703125,525.9212646484375,735.3878173828125,-1,-1,-1,-1
418,14,1050.246826171875,531.1808471679688,515.3013916015625,737.8928833007812,-1,-1,-1,-1
419,14,1065.06103515625,583.858642578125,488.1776123046875,673.49267578125,-1,-1,-1,-1
420,14,1075.9188232421875,603.468017578125,485.5289306640625,664.3291015625,-1,-1,-1,-1
421,14,1089.8629150390625,573.3624877929688,480.7532958984375,695.5929565429688,-1,-1,-1,-1
422,14,1108.094482421875,543.182861328125,431.565673828125,733.1361083984375,-1,-1,-1,-1
423,14,1117.3487548828125,534.5858764648438,438.7540283203125,765.5310668945312,-1,-1,-1,-1
424,14,1049.8778076171875,536.440185546875,647.3863525390625,898.1060791015625,-1,-1,-1,-1
345,15,298.87347412109375,599.423583984375,180.50051879882812,445.5361328125,-1,-1,-1,-1
346,15,281.64111328125,598.500244140625,172.54678344726562,445.680419921875,-1,-1,-1,-1
347,15,284.7620849609375,601.2716674804688,177.57119750976562,449.54510498046875,-1,-1,-1,-1
348,15,263.93896484375,608.7739868164062,202.3990478515625,454.88006591796875,-1,-1,-1,-1
349,15,215.92477416992188,612.5082397460938,253.23519897460938,468.35577392578125,-1,-1,-1,-1
350,15,187.2469482421875,614.599365234375,285.00341796875,474.07470703125,-1,-1,-1,-1
351,15,185.7285919189453,625.9232177734375,286.25250244140625,475.0518798828125,-1,-1,-1,-1
352,15,175.75570678710938,628.3772583007812,284.5078430175781,484.04901123046875,-1,-1,-1,-1
353,15,153.64901733398438,629.177001953125,279.4945068359375,492.1695556640625,-1,-1,-1,-1
354,15,112.99325561523438,635.3009033203125,280.5199890136719,492.2293701171875,-1,-1,-1,-1
355,15,79.55464172363281,627.9071655273438,258.25927734375,500.98284912109375,-1,-1,-1,-1
356,15,36.74116516113281,619.81396484375,236.0253143310547,510.38818359375,-1,-1,-1,-1
357,15,2.36761474609375,611.8004150390625,210.1812286376953,524.6201171875,-1,-1,-1,-1
358,15,0.9217100143432617,613.5458984375,168.04295349121094,525.21533203125,-1,-1,-1,-1
359,15,-78.77220916748047,580.5444946289062,226.620849609375,553.6000366210938,-1,-1,-1,-1
360,15,-104.43999481201172,601.2066650390625,238.40103149414062,536.8865966796875,-1,-1,-1,-1
361,15,-113.97216796875,611.3689575195312,235.52394104003906,521.0525512695312,-1,-1,-1,-1
362,15,-115.29244995117188,623.715576171875,233.7726287841797,509.4859619140625,-1,-1,-1,-1
363,15,-108.90332794189453,644.3479614257812,220.83392333984375,496.12701416015625,-1,-1,-1,-1
364,15,-130.29917907714844,646.1187133789062,263.6253967285156,530.1599731445312,-1,-1,-1,-1
385,16,1132.3836669921875,727.1445922851562,35.4404296875,67.22137451171875,-1,-1,-1,-1
386,16,1138.883544921875,725.71337890625,34.4693603515625,67.54949951171875,-1,-1,-1,-1
387,16,1145.63134765625,720.1339721679688,35.9775390625,66.6168212890625,-1,-1,-1,-1
388,16,1154.0657958984375,719.91552734375,36.395751953125,65.95245361328125,-1,-1,-1,-1
389,16,1158.1217041015625,722.8143920898438,36.763916015625,69.52459716796875,-1,-1,-1,-1
390,16,1157.868408203125,725.9644775390625,37.692626953125,70.38006591796875,-1,-1,-1,-1
391,16,1158.9569091796875,722.636474609375,39.2489013671875,69.45343017578125,-1,-1,-1,-1
392,16,1160.3846435546875,726.439453125,38.131103515625,69.8492431640625,-1,-1,-1,-1
393,16,1157.982666015625,737.4984741210938,39.7811279296875,70.54595947265625,-1,-1,-1,-1
394,16,1152.23681640625,740.5991821289062,37.678466796875,69.10797119140625,-1,-1,-1,-1
395,16,1145.4620361328125,747.2257690429688,37.79150390625,67.1171875,-1,-1,-1,-1
396,16,1133.7734375,754.75537109375,43.0233154296875,69.391845703125,-1,-1,-1,-1
397,16,1134.0369873046875,760.1685180664062,38.8980712890625,68.72515869140625,-1,-1,-1,-1
398,16,1132.3912353515625,758.5813598632812,38.464599609375,68.724609375,-1,-1,-1,-1
399,16,1130.1380615234375,750.9584350585938,37.1868896484375,72.88836669921875,-1,-1,-1,-1
400,16,1134.33642578125,751.7189331054688,35.1353759765625,69.26641845703125,-1,-1,-1,-1
401,16,1143.04443359375,753.0113525390625,37.848388671875,71.78363037109375,-1,-1,-1,-1
402,16,1153.3887939453125,757.9966430664062,40.0894775390625,73.82196044921875,-1,-1,-1,-1
403,16,1168.5789794921875,766.5885620117188,38.6824951171875,73.3016357421875,-1,-1,-1,-1
404,16,1185.577392578125,774.7733764648438,39.34326171875,74.14453125,-1,-1,-1,-1
405,16,1204.705078125,781.4666748046875,42.0478515625,74.51617431640625,-1,-1,-1,-1
406,16,1230.6097412109375,768.3560791015625,40.316162109375,74.1900634765625,-1,-1,-1,-1
407,16,1255.7677001953125,758.5075073242188,48.021484375,81.4356689453125,-1,-1,-1,-1
408,16,1283.2127685546875,757.387451171875,46.392333984375,79.86279296875,-1,-1,-1,-1
409,16,1314.4005126953125,755.8248291015625,44.3629150390625,80.75653076171875,-1,-1,-1,-1
415,16,1113.932861328125,538.4859619140625,442.22119140625,583.094482421875,-1,-1,-1,-1
416,16,1166.431396484375,507.1021423339844,455.6895751953125,751.11572265625,-1,-1,-1,-1
417,16,1128.935546875,518.0177612304688,560.9549560546875,782.9070434570312,-1,-1,-1,-1
418,16,1196.69384765625,544.8186645507812,425.58642578125,769.5745239257812,-1,-1,-1,-1
419,16,1182.9720458984375,588.9191284179688,453.010986328125,732.3911743164062,-1,-1,-1,-1
420,16,1199.620361328125,617.2243041992188,419.724365234375,705.9395141601562,-1,-1,-1,-1
421,16,1155.530517578125,589.8768310546875,507.8526611328125,730.951904296875,-1,-1,-1,-1
422,16,1169.6829833984375,562.557861328125,479.518798828125,778.61279296875,-1,-1,-1,-1
423,16,1143.552490234375,544.8935546875,531.794921875,857.557373046875,-1,-1,-1,-1
424,16,1106.3680419921875,575.5972900390625,606.231689453125,900.7535400390625,-1,-1,-1,-1
433,17,5.206311225891113,558.8580322265625,153.0647430419922,291.25018310546875,-1,-1,-1,-1
434,17,128.92356872558594,573.1466674804688,148.2419891357422,276.09539794921875,-1,-1,-1,-1
435,17,210.2971954345703,585.4205322265625,133.9389190673828,263.154296875,-1,-1,-1,-1
436,17,244.22915649414062,580.6910400390625,130.44329833984375,268.88970947265625,-1,-1,-1,-1
437,17,270.9739685058594,579.3768920898438,124.6956787109375,268.05963134765625,-1,-1,-1,-1
438,17,298.5364685058594,577.522216796875,115.8648681640625,266.9156494140625,-1,-1,-1,-1
439,17,331.11053466796875,582.96142578125,109.2696533203125,270.71282958984375,-1,-1,-1,-1
440,17,367.16070556640625,586.5919189453125,105.22674560546875,280.513427734375,-1,-1,-1,-1
441,17,403.8796691894531,591.161376953125,105.5609130859375,285.13250732421875,-1,-1,-1,-1
442,17,443.9060974121094,595.0856323242188,99.81845092773438,279.8668212890625,-1,-1,-1,-1
443,17,481.6663818359375,593.1430053710938,99.406982421875,279.94342041015625,-1,-1,-1,-1
444,17,513.6043701171875,590.2803955078125,97.23846435546875,285.0360107421875,-1,-1,-1,-1
445,17,542.592529296875,590.8001708984375,98.06256103515625,288.13946533203125,-1,-1,-1,-1
446,17,581.8427124023438,592.6021118164062,97.69110107421875,285.45880126953125,-1,-1,-1,-1
447,17,637.33251953125,593.6144409179688,96.9979248046875,286.77740478515625,-1,-1,-1,-1
448,17,691.6338500976562,590.4161376953125,100.46392822265625,290.5303955078125,-1,-1,-1,-1
449,17,735.43310546875,580.9313354492188,105.2205810546875,291.0291748046875,-1,-1,-1,-1
450,17,765.997802734375,563.1527099609375,123.9071044921875,307.56890869140625,-1,-1,-1,-1
451,17,789.7659912109375,558.6043090820312,134.3037109375,325.81500244140625,-1,-1,-1,-1
452,17,800.669921875,545.7762451171875,146.3018798828125,341.2056884765625,-1,-1,-1,-1
453,17,802.3031616210938,547.459228515625,157.586181640625,341.38604736328125,-1,-1,-1,-1
454,17,804.9719848632812,548.0028076171875,166.0093994140625,352.40008544921875,-1,-1,-1,-1
455,17,805.8271484375,546.36962890625,172.560302734375,364.675537109375,-1,-1,-1,-1
456,17,804.77392578125,550.21826171875,173.64141845703125,368.772705078125,-1,-1,-1,-1
457,17,804.7037963867188,552.098876953125,166.48724365234375,370.21405029296875,-1,-1,-1,-1
458,17,804.4719848632812,547.357421875,153.826904296875,377.5982666015625,-1,-1,-1,-1
459,17,808.661865234375,547.415283203125,137.2261962890625,385.52886962890625,-1,-1,-1,-1
460,17,812.2593994140625,557.4237670898438,124.2540283203125,385.488037109375,-1,-1,-1,-1
461,17,807.72314453125,556.1571044921875,119.130859375,392.40667724609375,-1,-1,-1,-1
462,17,795.4461059570312,556.49072265625,128.44232177734375,407.989501953125,-1,-1,-1,-1
463,17,759.0089721679688,565.9867553710938,166.58489990234375,426.9034423828125,-1,-1,-1,-1
464,17,734.3364868164062,574.152587890625,191.90582275390625,436.435791015625,-1,-1,-1,-1
465,17,723.1034545898438,575.3653564453125,203.3045654296875,448.8594970703125,-1,-1,-1,-1
466,17,716.3555908203125,581.1943359375,207.0924072265625,460.6016845703125,-1,-1,-1,-1
467,17,707.2943725585938,584.2188720703125,208.625,469.256103515625,-1,-1,-1,-1
468,17,708.47998046875,584.6220703125,195.35870361328125,470.2357177734375,-1,-1,-1,-1
469,17,716.4771728515625,577.4156494140625,162.55780029296875,480.0350341796875,-1,-1,-1,-1
470,17,693.3468017578125,585.6055297851562,158.1864013671875,482.05377197265625,-1,-1,-1,-1
471,17,661.1549682617188,588.9895629882812,180.49444580078125,498.24676513671875,-1,-1,-1,-1
472,17,633.3946533203125,591.4402465820312,204.94635009765625,530.1757202148438,-1,-1,-1,-1
473,17,603.2547607421875,583.8126831054688,241.67523193359375,557.6074829101562,-1,-1,-1,-1
474,17,572.9151000976562,577.7888793945312,280.75970458984375,565.4982299804688,-1,-1,-1,-1
475,17,550.4977416992188,575.095458984375,302.98748779296875,565.2864990234375,-1,-1,-1,-1
476,17,530.0494384765625,585.1913452148438,315.570556640625,568.2575073242188,-1,-1,-1,-1
477,17,517.228515625,582.5560913085938,312.894775390625,575.4834594726562,-1,-1,-1,-1
478,17,519.5892333984375,580.214599609375,288.205810546875,573.3802490234375,-1,-1,-1,-1
479,17,555.792724609375,579.3629150390625,229.54998779296875,566.6505126953125,-1,-1,-1,-1
480,17,550.9716186523438,576.1362915039062,203.331298828125,520.1790161132812,-1,-1,-1,-1
481,17,541.9981079101562,568.6832275390625,231.48138427734375,536.80029296875,-1,-1,-1,-1
482,17,523.077880859375,539.060546875,297.4774169921875,665.649658203125,-1,-1,-1,-1
483,17,434.0140380859375,586.2804565429688,371.4346923828125,601.0750122070312,-1,-1,-1,-1
484,17,368.3306884765625,593.3508911132812,343.06036376953125,615.5840454101562,-1,-1,-1,-1
485,17,326.1473693847656,597.6689453125,396.8369445800781,630.955078125,-1,-1,-1,-1
486,17,286.45660400390625,603.513916015625,424.0472412109375,648.6683349609375,-1,-1,-1,-1
487,17,251.1002655029297,610.6802368164062,443.0362548828125,670.8654174804688,-1,-1,-1,-1
488,17,215.29168701171875,607.0620727539062,459.61187744140625,681.4751586914062,-1,-1,-1,-1
489,17,177.02259826660156,600.6920166015625,446.8026123046875,690.790771484375,-1,-1,-1,-1
490,17,135.20437622070312,596.009033203125,431.8780212402344,700.83154296875,-1,-1,-1,-1
491,17,130.63897705078125,581.50146484375,372.43280029296875,724.458984375,-1,-1,-1,-1
492,17,104.0914306640625,584.0364379882812,332.4288024902344,738.0773315429688,-1,-1,-1,-1
493,17,57.943538665771484,588.8407592773438,338.923828125,758.3554077148438,-1,-1,-1,-1
494,17,11.068954467773438,596.2127075195312,379.551025390625,761.4431762695312,-1,-1,-1,-1
495,17,-1.1900634765625,611.8627319335938,389.9581298828125,733.7218627929688,-1,-1,-1,-1
496,17,-1.9491291046142578,635.1845092773438,381.4834899902344,721.2639770507812,-1,-1,-1,-1
497,17,-90.9151382446289,631.3905029296875,451.2029113769531,773.166259765625,-1,-1,-1,-1
498,17,-142.62939453125,645.2903442382812,498.84991455078125,765.7808227539062,-1,-1,-1,-1
499,17,-98.87277221679688,651.7804565429688,406.6019592285156,758.3088989257812,-1,-1,-1,-1
500,17,-6.308464050292969,641.0718383789062,489.9582824707031,778.9910278320312,-1,-1,-1,-1
440,18,-88.17870330810547,657.0006103515625,188.36849975585938,424.258544921875,-1,-1,-1,-1
441,18,-19.569263458251953,656.4176025390625,147.01451110839844,418.59765625,-1,-1,-1,-1
442,18,6.190459251403809,653.7574462890625,159.33688354492188,409.00634765625,-1,-1,-1,-1
443,18,46.825477600097656,647.035400390625,162.16543579101562,396.7579345703125,-1,-1,-1,-1
444,18,92.84444427490234,645.1538696289062,155.907958984375,382.02288818359375,-1,-1,-1,-1
445,18,134.8243865966797,644.9745483398438,146.99037170410156,368.51568603515625,-1,-1,-1,-1
446,18,194.347412109375,641.3984375,135.58139038085938,351.07867431640625,-1,-1,-1,-1
447,18,268.16815185546875,641.5687866210938,125.55615234375,330.21148681640625,-1,-1,-1,-1
448,18,337.1432800292969,632.8922119140625,121.59234619140625,319.3507080078125,-1,-1,-1,-1
449,18,395.24285888671875,621.5575561523438,118.2928466796875,308.66851806640625,-1,-1,-1,-1
450,18,443.22479248046875,614.7590942382812,112.407470703125,300.09521484375,-1,-1,-1,-1
451,18,477.5274963378906,607.9207763671875,108.25344848632812,299.87078857421875,-1,-1,-1,-1
452,18,499.5233459472656,602.08740234375,107.99563598632812,296.089599609375,-1,-1,-1,-1
453,18,511.3414001464844,602.4139404296875,108.48080444335938,290.777099609375,-1,-1,-1,-1
454,18,520.44921875,600.428466796875,109.96734619140625,290.984375,-1,-1,-1,-1
455,18,527.8910522460938,600.0228271484375,111.6199951171875,287.713134765625,-1,-1,-1,-1
456,18,532.654296875,603.997314453125,114.869384765625,284.3441162109375,-1,-1,-1,-1
457,18,537.3814086914062,603.1478881835938,116.873291015625,283.4144287109375,-1,-1,-1,-1
458,18,538.1453247070312,600.8309936523438,121.23681640625,283.3870849609375,-1,-1,-1,-1
459,18,541.5880126953125,604.2376708984375,125.12298583984375,284.78997802734375,-1,-1,-1,-1
460,18,542.5035400390625,606.1438598632812,128.0653076171875,290.39990234375,-1,-1,-1,-1
461,18,540.6749877929688,605.070068359375,131.03216552734375,293.8199462890625,-1,-1,-1,-1
462,18,539.3474731445312,606.1092529296875,135.0087890625,295.97900390625,-1,-1,-1,-1
463,18,535.6180419921875,615.9979248046875,140.439453125,296.283935546875,-1,-1,-1,-1
464,18,535.7635498046875,619.8846435546875,135.432373046875,297.26611328125,-1,-1,-1,-1
465,18,538.7784423828125,614.69189453125,135.8065185546875,299.0166015625,-1,-1,-1,-1
466,18,542.8359985351562,609.16943359375,132.1312255859375,302.30596923828125,-1,-1,-1,-1
467,18,550.100341796875,613.7393188476562,123.063720703125,300.06134033203125,-1,-1,-1,-1
468,18,554.274169921875,609.584228515625,114.24212646484375,301.5521240234375,-1,-1,-1,-1
469,18,556.4882202148438,604.544677734375,116.43408203125,304.90655517578125,-1,-1,-1,-1
470,18,562.6307983398438,612.54736328125,118.7523193359375,303.07281494140625,-1,-1,-1,-1
471,18,567.9447631835938,616.6290283203125,118.71270751953125,305.1488037109375,-1,-1,-1,-1
472,18,574.9388427734375,618.88818359375,119.62841796875,301.809814453125,-1,-1,-1,-1
473,18,581.6558837890625,604.6713256835938,112.90380859375,307.617431640625,-1,-1,-1,-1
474,18,584.7445068359375,595.1993408203125,124.371337890625,306.88494873046875,-1,-1,-1,-1
475,18,603.538330078125,607.3722534179688,116.57666015625,279.33489990234375,-1,-1,-1,-1
476,18,614.747802734375,625.527099609375,131.92010498046875,251.87506103515625,-1,-1,-1,-1
477,18,622.05126953125,584.6224975585938,168.721435546875,342.82061767578125,-1,-1,-1,-1
478,18,584.5213623046875,582.1296997070312,192.6787109375,398.40972900390625,-1,-1,-1,-1
479,18,613.8077392578125,585.989013671875,146.2432861328125,330.47174072265625,-1,-1,-1,-1
480,18,652.23681640625,592.98583984375,118.1041259765625,309.1387939453125,-1,-1,-1,-1
481,18,661.2918090820312,606.592529296875,115.6048583984375,303.7421875,-1,-1,-1,-1
482,18,671.1614379882812,649.9920043945312,109.32373046875,191.84320068359375,-1,-1,-1,-1
483,18,707.3749389648438,638.626220703125,97.11456298828125,197.67919921875,-1,-1,-1,-1
486,18,672.185546875,602.4645385742188,152.0006103515625,315.84246826171875,-1,-1,-1,-1
487,18,678.9356689453125,600.0088500976562,141.05950927734375,329.56292724609375,-1,-1,-1,-1
488,18,681.0069580078125,596.119384765625,143.17608642578125,331.6669921875,-1,-1,-1,-1
489,18,681.3488159179688,597.393798828125,142.24163818359375,323.8380126953125,-1,-1,-1,-1
490,18,677.9835205078125,600.5145874023438,147.237548828125,325.38623046875,-1,-1,-1,-1
491,18,674.4052734375,598.34326171875,141.47137451171875,333.4564208984375,-1,-1,-1,-1
492,18,664.6156005859375,601.9721069335938,157.9071044921875,338.71942138671875,-1,-1,-1,-1
493,18,657.7868041992188,604.7173461914062,160.89208984375,352.67852783203125,-1,-1,-1,-1
494,18,647.577392578125,602.2470703125,163.2550048828125,363.0321044921875,-1,-1,-1,-1
495,18,643.444580078125,596.2056274414062,159.201171875,369.57269287109375,-1,-1,-1,-1
496,18,642.2473754882812,593.5161743164062,148.90460205078125,375.1253662109375,-1,-1,-1,-1
497,18,636.1834106445312,591.7992553710938,147.91790771484375,384.927978515625,-1,-1,-1,-1
498,18,624.71240234375,589.4058837890625,147.1314697265625,392.43988037109375,-1,-1,-1,-1
499,18,614.423828125,586.7113037109375,150.298583984375,397.9658203125,-1,-1,-1,-1
500,18,605.3406372070312,584.424072265625,154.4388427734375,406.519775390625,-1,-1,-1,-1
501,18,595.5909423828125,588.235595703125,159.50714111328125,411.585205078125,-1,-1,-1,-1
502,18,585.324462890625,583.2945556640625,161.827880859375,416.4921875,-1,-1,-1,-1
503,18,576.0728759765625,570.4485473632812,168.89373779296875,420.49505615234375,-1,-1,-1,-1
504,18,573.96923828125,561.8019409179688,173.5821533203125,433.12530517578125,-1,-1,-1,-1
505,18,572.789794921875,568.9134521484375,176.03778076171875,434.85009765625,-1,-1,-1,-1
506,18,568.1405639648438,570.9811401367188,184.00482177734375,436.904052734375,-1,-1,-1,-1
507,18,564.6978759765625,571.0475463867188,190.6768798828125,439.74993896484375,-1,-1,-1,-1
508,18,560.59912109375,566.689453125,192.4290771484375,443.5296630859375,-1,-1,-1,-1
509,18,550.1647338867188,559.5963745117188,203.0223388671875,447.23126220703125,-1,-1,-1,-1
510,18,548.2376708984375,547.372802734375,205.235595703125,457.679443359375,-1,-1,-1,-1
511,18,546.8461303710938,544.4028930664062,206.8131103515625,459.6185302734375,-1,-1,-1,-1
512,18,542.6661376953125,539.6932373046875,211.1761474609375,467.98944091796875,-1,-1,-1,-1
513,18,536.0667724609375,538.2896728515625,217.04736328125,476.69439697265625,-1,-1,-1,-1
514,18,526.493896484375,543.7152099609375,228.314208984375,482.4786376953125,-1,-1,-1,-1
515,18,516.5681762695312,541.11767578125,238.07867431640625,492.1722412109375,-1,-1,-1,-1
516,18,504.7677307128906,540.4515380859375,251.08297729492188,503.8394775390625,-1,-1,-1,-1
517,18,488.54510498046875,543.0540771484375,268.60089111328125,514.935791015625,-1,-1,-1,-1
518,18,465.981201171875,539.4791870117188,283.92474365234375,523.1721801757812,-1,-1,-1,-1
519,18,443.12322998046875,538.638671875,293.08282470703125,533.3218994140625,-1,-1,-1,-1
520,18,423.2286376953125,541.114013671875,294.5303955078125,544.2490234375,-1,-1,-1,-1
521,18,400.79254150390625,546.3076782226562,305.6087646484375,554.6741333007812,-1,-1,-1,-1
522,18,384.2945556640625,560.364013671875,311.24261474609375,560.27197265625,-1,-1,-1,-1
523,18,370.6875,574.616455078125,316.74884033203125,570.892822265625,-1,-1,-1,-1
524,18,350.74664306640625,586.0911254882812,321.71160888671875,580.4314575195312,-1,-1,-1,-1
525,18,327.8748779296875,597.5824584960938,329.12750244140625,598.3616333007812,-1,-1,-1,-1
526,18,311.3929443359375,614.7978515625,336.9046630859375,614.9208984375,-1,-1,-1,-1
527,18,298.9250793457031,638.1251220703125,344.7232971191406,629.9530029296875,-1,-1,-1,-1
528,18,287.6864013671875,650.5608520507812,349.473876953125,658.3512573242188,-1,-1,-1,-1
529,18,276.5726318359375,659.9055786132812,353.04864501953125,675.4208374023438,-1,-1,-1,-1
530,18,263.0802917480469,666.4140014648438,359.9731750488281,689.3667602539062,-1,-1,-1,-1
531,18,255.89627075195312,669.5283813476562,364.3804626464844,700.8912963867188,-1,-1,-1,-1
532,18,251.535888671875,657.2368774414062,367.30816650390625,723.5507202148438,-1,-1,-1,-1
533,18,249.5115966796875,682.7617797851562,368.0318603515625,708.7499389648438,-1,-1,-1,-1
534,18,242.31922912597656,701.6514892578125,369.64923095703125,699.7686767578125,-1,-1,-1,-1
535,18,235.72462463378906,681.6609497070312,370.32354736328125,724.0521850585938,-1,-1,-1,-1
536,18,230.966796875,653.4539184570312,373.07928466796875,753.6189575195312,-1,-1,-1,-1
537,18,225.4483642578125,625.825927734375,380.9376220703125,785.098876953125,-1,-1,-1,-1
538,18,209.0286865234375,617.3671875,396.70916748046875,794.8717041015625,-1,-1,-1,-1
539,18,190.81887817382812,619.39599609375,415.0986633300781,792.7568359375,-1,-1,-1,-1
540,18,165.84243774414062,616.144287109375,447.6511535644531,796.49951171875,-1,-1,-1,-1
541,18,135.671875,596.162109375,472.614013671875,820.0052490234375,-1,-1,-1,-1
542,18,106.7274169921875,604.4146728515625,482.8446044921875,809.22607421875,-1,-1,-1,-1
543,18,82.10958099365234,659.8984985351562,500.7818298339844,751.5912475585938,-1,-1,-1,-1
544,18,52.25959777832031,671.5777587890625,525.7750244140625,739.770751953125,-1,-1,-1,-1
545,18,20.509952545166016,656.3187255859375,548.2931518554688,754.635986328125,-1,-1,-1,-1
546,18,3.3251380920410156,545.869384765625,557.014892578125,864.9390869140625,-1,-1,-1,-1
547,18,-4.107595443725586,574.2922973632812,559.6162109375,835.9257202148438,-1,-1,-1,-1
548,18,-5.698320388793945,525.1110229492188,556.2532348632812,897.3997192382812,-1,-1,-1,-1
549,18,-9.691791534423828,522.3508911132812,554.4016723632812,907.4140014648438,-1,-1,-1,-1
550,18,-7.997169494628906,523.9835815429688,598.034912109375,911.0824584960938,-1,-1,-1,-1
551,18,-20.626562118530273,562.6868286132812,674.4354858398438,870.1738891601562,-1,-1,-1,-1
552,18,-50.20314025878906,536.4002075195312,584.5823974609375,890.9913940429688,-1,-1,-1,-1
553,18,-104.37705993652344,543.9913330078125,636.2546997070312,903.7103271484375,-1,-1,-1,-1
554,18,-131.61553955078125,535.9139404296875,648.644775390625,921.2755126953125,-1,-1,-1,-1
555,18,-191.38070678710938,572.853515625,711.6353759765625,878.6278076171875,-1,-1,-1,-1
556,18,-127.65542602539062,638.1572265625,681.616943359375,809.8687744140625,-1,-1,-1,-1
557,18,-108.54557800292969,680.5803833007812,672.4705200195312,751.1832885742188,-1,-1,-1,-1
558,18,-105.27277374267578,735.6932983398438,686.9876098632812,691.6914672851562,-1,-1,-1,-1
559,18,-71.64358520507812,798.1321411132812,622.7740478515625,632.8224487304688,-1,-1,-1,-1
560,18,-77.38249206542969,730.6488037109375,622.9924926757812,703.0848388671875,-1,-1,-1,-1
561,18,-69.17424011230469,723.6148681640625,623.4418334960938,713.258056640625,-1,-1,-1,-1
562,18,-82.93053436279297,640.8604736328125,669.03759765625,806.4049072265625,-1,-1,-1,-1
563,18,-42.18921661376953,599.5499267578125,688.907958984375,857.5782470703125,-1,-1,-1,-1
564,18,-35.21348571777344,566.121826171875,718.0385131835938,866.5638427734375,-1,-1,-1,-1
565,18,-55.76719665527344,507.41912841796875,743.8984985351562,938.2377319335938,-1,-1,-1,-1
566,18,31.780920028686523,572.8638916015625,690.0647583007812,869.0472412109375,-1,-1,-1,-1
567,18,113.7129898071289,577.0779418945312,613.988037109375,854.6482543945312,-1,-1,-1,-1
568,18,212.61106872558594,606.2351684570312,533.146240234375,817.4920043945312,-1,-1,-1,-1
569,18,292.16796875,607.953857421875,469.9970703125,814.56689453125,-1,-1,-1,-1
570,18,380.8842468261719,612.0887451171875,399.1399841308594,798.7340087890625,-1,-1,-1,-1
571,18,446.73858642578125,551.916748046875,363.76251220703125,832.2744140625,-1,-1,-1,-1
469,19,0.685455322265625,572.7959594726562,395.0093078613281,841.6338500976562,-1,-1,-1,-1
470,19,-1.2910652160644531,587.427734375,355.123779296875,824.75244140625,-1,-1,-1,-1
471,19,-0.3566627502441406,584.7761840820312,410.40380859375,830.0440063476562,-1,-1,-1,-1
472,19,-6.323360443115234,585.00390625,505.5078430175781,831.904541015625,-1,-1,-1,-1
473,19,2.123880386352539,576.272705078125,527.5563354492188,837.889404296875,-1,-1,-1,-1
474,19,32.44198417663574,567.1063842773438,698.2081909179688,848.1377563476562,-1,-1,-1,-1
475,19,94.33714294433594,554.5892333984375,651.09375,863.65185546875,-1,-1,-1,-1
476,19,164.3361358642578,545.6373291015625,581.9525146484375,867.2147216796875,-1,-1,-1,-1
477,19,233.17286682128906,539.4965209960938,509.5780029296875,872.9456176757812,-1,-1,-1,-1
478,19,271.91424560546875,533.36328125,465.68212890625,879.5394287109375,-1,-1,-1,-1
479,19,323.8979797363281,519.25048828125,425.3573913574219,891.31787109375,-1,-1,-1,-1
480,19,392.8583984375,514.3477172851562,367.59033203125,896.7631225585938,-1,-1,-1,-1
481,19,432.5207214355469,513.060302734375,388.5549621582031,897.5673828125,-1,-1,-1,-1
482,19,463.79278564453125,513.4769287109375,420.82159423828125,896.15771484375,-1,-1,-1,-1
483,19,422.7525939941406,515.983642578125,507.2768859863281,891.718017578125,-1,-1,-1,-1
484,19,372.0979309082031,521.5400390625,600.3631591796875,887.0845947265625,-1,-1,-1,-1
485,19,546.7689819335938,524.979248046875,464.270263671875,883.9710693359375,-1,-1,-1,-1
486,19,575.252685546875,527.777587890625,471.11181640625,883.0953369140625,-1,-1,-1,-1
487,19,601.097900390625,522.2127075195312,485.1795654296875,888.7634887695312,-1,-1,-1,-1
488,19,644.8009033203125,501.1930847167969,475.8125,911.227294921875,-1,-1,-1,-1
489,19,688.4033813476562,485.5328674316406,470.46075439453125,926.3603515625,-1,-1,-1,-1
490,19,712.4786376953125,481.9796447753906,489.14208984375,929.3529052734375,-1,-1,-1,-1
491,19,770.2251586914062,478.391357421875,468.71563720703125,932.115234375,-1,-1,-1,-1
492,19,804.0565795898438,479.3148193359375,473.32293701171875,930.9632568359375,-1,-1,-1,-1
493,19,842.6022338867188,492.38458251953125,474.38214111328125,918.2531127929688,-1,-1,-1,-1
494,19,839.1074829101562,499.5721435546875,508.05731201171875,911.377197265625,-1,-1,-1,-1
495,19,835.0703735351562,502.5117492675781,539.5552368164062,909.18017578125,-1,-1,-1,-1
496,19,832.769775390625,509.16412353515625,563.8509521484375,903.1635131835938,-1,-1,-1,-1
497,19,832.7944946289062,520.5479736328125,579.1942749023438,892.5966796875,-1,-1,-1,-1
498,19,823.2896728515625,524.5068969726562,588.2291259765625,888.9191284179688,-1,-1,-1,-1
499,19,857.268310546875,522.5521850585938,553.255859375,889.6426391601562,-1,-1,-1,-1
500,19,888.4804077148438,512.9797058105469,530.4718627929688,898.9864501953125,-1,-1,-1,-1
501,19,903.8814697265625,504.3578796386719,512.6766357421875,906.998779296875,-1,-1,-1,-1
502,19,948.9081420898438,475.64593505859375,464.08050537109375,933.8031616210938,-1,-1,-1,-1
503,19,1033.8092041015625,453.51446533203125,376.98388671875,888.3888549804688,-1,-1,-1,-1
504,19,1112.3834228515625,483.2994079589844,299.555908203125,851.8983154296875,-1,-1,-1,-1
505,19,1155.87744140625,443.325927734375,254.1363525390625,967.318603515625,-1,-1,-1,-1
506,19,1199.2470703125,473.51824951171875,221.1165771484375,939.8292846679688,-1,-1,-1,-1
507,19,1215.218017578125,453.40118408203125,208.8292236328125,961.9556274414062,-1,-1,-1,-1
508,19,1219.5023193359375,362.34588623046875,189.5322265625,1051.4326171875,-1,-1,-1,-1
509,19,1194.736572265625,308.63299560546875,365.9383544921875,1117.74609375,-1,-1,-1,-1
510,19,1213.6827392578125,291.67431640625,344.373291015625,1138.9345703125,-1,-1,-1,-1
511,19,1250.7542724609375,314.84857177734375,297.77685546875,1115.190185546875,-1,-1,-1,-1
512,19,1170.4510498046875,359.6100158691406,475.935791015625,1082.8470458984375,-1,-1,-1,-1
513,19,1130.4990234375,409.75518798828125,557.16943359375,1040.823974609375,-1,-1,-1,-1
518,19,1033.94873046875,536.6171875,747.0166015625,915.764404296875,-1,-1,-1,-1
519,19,889.532958984375,600.2186889648438,560.7457275390625,870.0001831054688,-1,-1,-1,-1
520,19,884.3922119140625,719.3525390625,528.8216552734375,693.665283203125,-1,-1,-1,-1
521,19,883.2046508789062,763.3912353515625,533.5575561523438,650.07861328125,-1,-1,-1,-1
522,19,869.438232421875,765.9357299804688,541.3660888671875,646.1935424804688,-1,-1,-1,-1
523,19,874.7836303710938,664.7976684570312,595.0271606445312,754.5997924804688,-1,-1,-1,-1
524,19,872.3829345703125,555.9080810546875,598.91552734375,869.477783203125,-1,-1,-1,-1
525,19,897.964111328125,572.0083618164062,513.05224609375,840.5967407226562,-1,-1,-1,-1
526,19,892.8866577148438,575.7858276367188,519.4453735351562,837.3733520507812,-1,-1,-1,-1
527,19,877.6796875,590.9188232421875,584.0816650390625,830.650146484375,-1,-1,-1,-1
528,19,879.9818115234375,649.0017700195312,545.120849609375,764.3036499023438,-1,-1,-1,-1
529,19,859.2094116210938,592.354736328125,566.9878540039062,822.3624267578125,-1,-1,-1,-1
530,19,844.0282592773438,520.5322875976562,630.4478149414062,903.8121948242188,-1,-1,-1,-1
531,19,804.4258422851562,715.365966796875,614.9609985351562,702.6494140625,-1,-1,-1,-1
532,19,778.1143798828125,840.637939453125,638.0269775390625,575.546142578125,-1,-1,-1,-1
533,19,756.8486938476562,884.6370849609375,658.9247436523438,530.9227294921875,-1,-1,-1,-1
534,19,778.8109130859375,886.3871459960938,631.990234375,527.0236206054688,-1,-1,-1,-1
535,19,797.8577880859375,968.495361328125,564.2803955078125,447.0230712890625,-1,-1,-1,-1
536,19,821.6001586914062,988.947265625,546.5105590820312,427.8082275390625,-1,-1,-1,-1
537,19,814.8449096679688,1025.1275634765625,565.7111206054688,390.857177734375,-1,-1,-1,-1
538,19,790.7587280273438,1040.727783203125,566.7639770507812,372.924560546875,-1,-1,-1,-1
539,19,773.602294921875,1025.2576904296875,592.88525390625,386.458740234375,-1,-1,-1,-1
540,19,776.8416748046875,1024.9696655273438,586.397705078125,386.94696044921875,-1,-1,-1,-1
541,19,773.6902465820312,1023.8171997070312,563.7550659179688,390.18389892578125,-1,-1,-1,-1
542,19,774.9741821289062,994.0265502929688,546.4431762695312,418.99017333984375,-1,-1,-1,-1
543,19,752.1384887695312,1006.1446533203125,612.7598266601562,405.1212158203125,-1,-1,-1,-1
544,19,775.6104125976562,994.112060546875,563.0968627929688,419.8406982421875,-1,-1,-1,-1
545,19,800.046142578125,960.778564453125,543.2420654296875,451.5986328125,-1,-1,-1,-1
546,19,835.662109375,961.255859375,487.2958984375,448.0323486328125,-1,-1,-1,-1
547,19,853.6438598632812,961.741943359375,554.4275512695312,447.713623046875,-1,-1,-1,-1
548,19,794.6093139648438,980.9830932617188,567.3884887695312,441.24017333984375,-1,-1,-1,-1
549,19,828.8645629882812,860.03955078125,607.2218627929688,562.1153564453125,-1,-1,-1,-1
550,19,886.3677368164062,836.18896484375,625.6560668945312,615.623291015625,-1,-1,-1,-1
551,19,904.0851440429688,764.6929931640625,585.0869750976562,674.490966796875,-1,-1,-1,-1
552,19,867.510498046875,712.5450439453125,645.4266357421875,746.7965087890625,-1,-1,-1,-1
567,20,-79.05069732666016,746.6357421875,163.15597534179688,286.4169921875,-1,-1,-1,-1
568,20,-16.337398529052734,716.7067260742188,166.36074829101562,285.71026611328125,-1,-1,-1,-1
569,20,72.57404327392578,680.3456420898438,151.96774291992188,282.63775634765625,-1,-1,-1,-1
570,20,166.0646209716797,648.676513671875,136.76588439941406,271.24810791015625,-1,-1,-1,-1
571,20,261.7786560058594,611.7227172851562,124.55206298828125,260.947021484375,-1,-1,-1,-1
