1,1,1287.5296630859375,523.5118408203125,243.9130859375,408.931396484375,-1,-1,-1,-1
1,2,644.2318115234375,408.83697509765625,144.12872314453125,332.4417724609375,-1,-1,-1,-1
2,2,704.6575927734375,393.91656494140625,141.87554931640625,340.93096923828125,-1,-1,-1,-1
3,2,759.0757446289062,385.6985168457031,150.52069091796875,353.3269958496094,-1,-1,-1,-1
4,2,805.731201171875,374.61419677734375,163.7447509765625,366.3677978515625,-1,-1,-1,-1
5,2,835.1331176757812,386.80389404296875,176.06591796875,363.1949462890625,-1,-1,-1,-1
6,2,860.649169921875,389.7765808105469,187.4837646484375,365.7395324707031,-1,-1,-1,-1
7,2,883.6710205078125,381.40545654296875,189.6727294921875,365.88397216796875,-1,-1,-1,-1
8,2,901.9846801757812,366.1919860839844,189.53411865234375,373.7953186035156,-1,-1,-1,-1
9,2,913.8634033203125,364.7355041503906,202.107666015625,383.5287780761719,-1,-1,-1,-1
10,2,900.2018432617188,369.77777099609375,204.04046630859375,392.7635498046875,-1,-1,-1,-1
11,2,869.3394165039062,381.3446044921875,192.36810302734375,404.231201171875,-1,-1,-1,-1
12,2,838.5668334960938,370.6383361816406,183.0908203125,411.8155822753906,-1,-1,-1,-1
13,2,806.7651977539062,366.0383605957031,178.8006591796875,419.7651672363281,-1,-1,-1,-1
14,2,780.0008544921875,353.9212341308594,172.38421630859375,426.1551818847656,-1,-1,-1,-1
15,2,760.3203125,362.85693359375,168.18505859375,435.8350830078125,-1,-1,-1,-1
16,2,745.6326904296875,386.11297607421875,159.73944091796875,430.90216064453125,-1,-1,-1,-1
17,2,734.3496704101562,416.9632263183594,152.2491455078125,419.6176452636719,-1,-1,-1,-1
18,2,720.434326171875,437.8763732910156,149.7569580078125,415.1367492675781,-1,-1,-1,-1
19,2,714.37451171875,440.5740966796875,161.47698974609375,414.693115234375,-1,-1,-1,-1
20,2,690.9266967773438,469.00811767578125,213.41973876953125,414.36822509765625,-1,-1,-1,-1
21,2,668.300048828125,475.17938232421875,252.61224365234375,418.2572021484375,-1,-1,-1,-1
22,2,641.8056640625,437.95977783203125,287.750732421875,428.31195068359375,-1,-1,-1,-1
23,2,609.99365234375,431.52691650390625,310.63836669921875,430.29583740234375,-1,-1,-1,-1
24,2,578.1445922851562,435.1072082519531,323.3426513671875,436.3316955566406,-1,-1,-1,-1
25,2,543.6078491210938,446.13275146484375,320.0126953125,437.65911865234375,-1,-1,-1,-1
26,2,506.7996826171875,445.18621826171875,311.7427978515625,438.96270751953125,-1,-1,-1,-1
27,2,461.4972229003906,438.5860595703125,289.9615173339844,442.824951171875,-1,-1,-1,-1
28,2,418.2384033203125,448.2431640625,261.39306640625,448.0838623046875,-1,-1,-1,-1
29,2,386.95361328125,458.3003845214844,235.59771728515625,466.3069763183594,-1,-1,-1,-1
30,2,363.3790588378906,450.80853271484375,222.25088500976562,489.74957275390625,-1,-1,-1,-1
31,2,349.62640380859375,450.7815246582031,214.60662841796875,499.1825256347656,-1,-1,-1,-1
32,2,325.3499450683594,456.2805480957031,232.65518188476562,498.2753601074219,-1,-1,-1,-1
33,2,312.3963623046875,457.7899169921875,240.56256103515625,497.11126708984375,-1,-1,-1,-1
34,2,316.9776306152344,463.0724792480469,235.37600708007812,498.7146301269531,-1,-1,-1,-1
35,2,315.3454284667969,467.04119873046875,235.68173217773438,506.57806396484375,-1,-1,-1,-1
36,2,313.1288146972656,451.7597351074219,237.49404907226562,516.6021728515625,-1,-1,-1,-1
37,2,316.10699462890625,438.91064453125,238.9132080078125,523.16357421875,-1,-1,-1,-1
38,2,326.43927001953125,431.434326171875,237.4320068359375,528.8482666015625,-1,-1,-1,-1
39,2,335.8513488769531,441.53106689453125,247.64382934570312,523.956787109375,-1,-1,-1,-1
40,2,344.4730529785156,415.4091796875,249.91488647460938,542.887939453125,-1,-1,-1,-1
41,2,349.70709228515625,395.53216552734375,272.8017578125,569.5001831054688,-1,-1,-1,-1
42,2,358.06109619140625,391.3454895019531,358.70501708984375,589.7388916015625,-1,-1,-1,-1
43,2,372.10552978515625,395.95037841796875,331.40020751953125,600.154296875,-1,-1,-1,-1
44,2,389.61859130859375,411.1389465332031,259.49005126953125,599.9205322265625,-1,-1,-1,-1
45,2,404.55914306640625,416.8958435058594,245.15240478515625,592.3297119140625,-1,-1,-1,-1
46,2,420.4100036621094,418.0372619628906,237.83834838867188,582.782958984375,-1,-1,-1,-1
47,2,440.5956115722656,419.21600341796875,235.58285522460938,572.5592651367188,-1,-1,-1,-1
48,2,453.6512756347656,417.2478942871094,242.65951538085938,563.482666015625,-1,-1,-1,-1
49,2,458.1943359375,407.18585205078125,258.14886474609375,559.4210205078125,-1,-1,-1,-1
50,2,454.82037353515625,408.6890563964844,276.81781005859375,560.635498046875,-1,-1,-1,-1
51,2,441.3147888183594,384.61895751953125,304.5990905761719,565.9281005859375,-1,-1,-1,-1
52,2,431.26190185546875,340.7388916015625,307.9354248046875,580.1741943359375,-1,-1,-1,-1
53,2,427.01116943359375,331.4330139160156,294.5853271484375,590.29541015625,-1,-1,-1,-1
54,2,433.0448303222656,344.2017517089844,286.1065368652344,608.191162109375,-1,-1,-1,-1
55,2,437.8528747558594,348.46429443359375,281.5110168457031,640.2562866210938,-1,-1,-1,-1
56,2,438.3879699707031,357.8741760253906,282.1059875488281,648.2950439453125,-1,-1,-1,-1
57,2,444.58203125,357.0373840332031,275.2877197265625,619.230712890625,-1,-1,-1,-1
58,2,442.8519287109375,336.2967529296875,266.66485595703125,601.6948852539062,-1,-1,-1,-1
59,2,447.0880432128906,348.3712158203125,243.31277465820312,583.6090087890625,-1,-1,-1,-1
60,2,448.88153076171875,334.6322326660156,229.770263671875,574.8956298828125,-1,-1,-1,-1
61,2,448.1268615722656,356.3515930175781,221.10617065429688,561.7618408203125,-1,-1,-1,-1
62,2,454.97576904296875,337.353515625,227.520263671875,551.6322021484375,-1,-1,-1,-1
63,2,462.3332824707031,327.1465148925781,243.78988647460938,542.748779296875,-1,-1,-1,-1
64,2,459.5688781738281,336.92974853515625,256.6708679199219,539.7332153320312,-1,-1,-1,-1
65,2,464.0811462402344,344.42218017578125,259.2657775878906,535.7451782226562,-1,-1,-1,-1
66,2,466.6163330078125,328.14813232421875,257.90765380859375,536.906005859375,-1,-1,-1,-1
67,2,448.93359375,331.0845031738281,257.9093017578125,533.5533447265625,-1,-1,-1,-1
68,2,424.12518310546875,323.4935607910156,256.6412353515625,516.9398193359375,-1,-1,-1,-1
69,2,404.48974609375,313.1134948730469,257.3486328125,510.1802673339844,-1,-1,-1,-1
70,2,390.876708984375,315.7247619628906,251.8668212890625,498.2582092285156,-1,-1,-1,-1
71,2,386.70269775390625,318.2117004394531,238.94134521484375,491.4929504394531,-1,-1,-1,-1
72,2,381.0118408203125,322.3304443359375,223.302001953125,485.83648681640625,-1,-1,-1,-1
73,2,374.79119873046875,305.2314453125,196.0118408203125,492.0093994140625,-1,-1,-1,-1
74,2,354.3314514160156,295.9794921875,181.94534301757812,497.0760498046875,-1,-1,-1,-1
75,2,330.35400390625,301.9625549316406,179.34127807617188,496.2137145996094,-1,-1,-1,-1
76,2,307.429443359375,318.9342041015625,171.82290649414062,491.13763427734375,-1,-1,-1,-1
77,2,279.80047607421875,331.3430480957031,177.30255126953125,487.5533752441406,-1,-1,-1,-1
78,2,254.7691650390625,335.9189453125,193.03439331054688,485.1790771484375,-1,-1,-1,-1
79,2,228.79769897460938,334.1954040527344,207.70675659179688,489.7314758300781,-1,-1,-1,-1
80,2,206.74624633789062,326.2816162109375,205.98410034179688,506.41107177734375,-1,-1,-1,-1
81,2,202.92385864257812,311.712890625,194.249755859375,522.1692504882812,-1,-1,-1,-1
82,2,205.15951538085938,291.3564758300781,206.22616577148438,538.3416748046875,-1,-1,-1,-1
83,2,224.08242797851562,263.4729309082031,209.81692504882812,538.7952880859375,-1,-1,-1,-1
84,2,246.78704833984375,276.7733154296875,207.87832641601562,523.5313720703125,-1,-1,-1,-1
85,2,271.4247131347656,304.06640625,211.60855102539062,506.75341796875,-1,-1,-1,-1
86,2,298.49383544921875,346.2935485839844,224.54595947265625,479.2497253417969,-1,-1,-1,-1
87,2,325.7268981933594,384.4444885253906,214.88186645507812,451.6418151855469,-1,-1,-1,-1
88,2,363.2607727050781,394.8663330078125,198.71212768554688,436.19091796875,-1,-1,-1,-1
89,2,390.9526062011719,398.47918701171875,179.23556518554688,435.10308837890625,-1,-1,-1,-1
90,2,423.6398620605469,399.33526611328125,160.21292114257812,440.08294677734375,-1,-1,-1,-1
91,2,451.4823913574219,406.0984191894531,140.78555297851562,446.8334045410156,-1,-1,-1,-1
92,2,469.9076843261719,409.1224670410156,134.55368041992188,450.4650573730469,-1,-1,-1,-1
93,2,478.9366149902344,409.6126403808594,148.26052856445312,452.2845153808594,-1,-1,-1,-1
94,2,476.8095397949219,422.734130859375,177.42221069335938,459.4212646484375,-1,-1,-1,-1
95,2,468.10943603515625,440.3267822265625,213.59796142578125,449.2822265625,-1,-1,-1,-1
96,2,466.800537109375,455.04608154296875,225.023193359375,439.04290771484375,-1,-1,-1,-1
97,2,471.7899169921875,473.371826171875,228.4407958984375,428.42694091796875,-1,-1,-1,-1
98,2,479.34173583984375,492.92266845703125,223.927978515625,422.78533935546875,-1,-1,-1,-1
99,2,488.5796203613281,494.3502197265625,230.04562377929688,422.391845703125,-1,-1,-1,-1
100,2,503.5988464355469,489.6183776855469,217.15805053710938,423.4740295410156,-1,-1,-1,-1
101,2,510.5419921875,485.4774475097656,203.6644287109375,431.9636535644531,-1,-1,-1,-1
102,2,518.349853515625,493.11407470703125,215.07647705078125,440.13067626953125,-1,-1,-1,-1
103,2,534.1716918945312,501.1056823730469,224.58294677734375,446.9896545410156,-1,-1,-1,-1
104,2,544.4782104492188,499.26043701171875,264.01202392578125,445.80963134765625,-1,-1,-1,-1
105,2,555.4553833007812,508.93359375,271.70684814453125,416.93951416015625,-1,-1,-1,-1
106,2,570.5971069335938,520.4866333007812,240.46075439453125,385.21014404296875,-1,-1,-1,-1
107,2,577.434326171875,537.246337890625,233.1851806640625,382.738037109375,-1,-1,-1,-1
108,2,582.1419677734375,547.6217041015625,225.01715087890625,386.8582763671875,-1,-1,-1,-1
109,2,583.8895874023438,553.5186767578125,235.58416748046875,373.90399169921875,-1,-1,-1,-1
110,2,595.8743286132812,564.5452270507812,262.031005859375,331.62005615234375,-1,-1,-1,-1
111,2,605.2144165039062,539.6539306640625,267.40032958984375,328.9998779296875,-1,-1,-1,-1
112,2,612.0099487304688,531.3492431640625,259.5880126953125,328.3905029296875,-1,-1,-1,-1
113,2,620.005615234375,533.0769653320312,243.58917236328125,334.380126953125,-1,-1,-1,-1
114,2,622.6270751953125,502.2144470214844,239.46185302734375,379.1101379394531,-1,-1,-1,-1
115,2,605.6929931640625,512.2826538085938,248.85516357421875,385.32110595703125,-1,-1,-1,-1
116,2,581.0941162109375,512.3960571289062,233.87078857421875,375.07928466796875,-1,-1,-1,-1
117,2,564.1265258789062,453.58758544921875,237.1795654296875,397.36541748046875,-1,-1,-1,-1
118,2,559.3834838867188,420.1163330078125,284.03240966796875,407.0152587890625,-1,-1,-1,-1
119,2,558.0308227539062,428.81280517578125,274.68267822265625,381.78558349609375,-1,-1,-1,-1
120,2,556.2278442382812,430.5032958984375,255.0159912109375,382.2156982421875,-1,-1,-1,-1
121,2,562.0695190429688,427.5789794921875,238.35333251953125,397.40777587890625,-1,-1,-1,-1
122,2,573.227783203125,468.99127197265625,217.7880859375,368.7791748046875,-1,-1,-1,-1
123,2,580.1356201171875,443.18572998046875,209.923828125,400.93463134765625,-1,-1,-1,-1
124,2,575.1802368164062,438.65911865234375,204.0611572265625,407.81890869140625,-1,-1,-1,-1
125,2,573.65625,432.4439392089844,202.21343994140625,405.6543273925781,-1,-1,-1,-1
126,2,577.0628662109375,436.6016540527344,206.73199462890625,405.8082580566406,-1,-1,-1,-1
127,2,579.771728515625,458.28515625,200.13702392578125,411.75762939453125,-1,-1,-1,-1
128,2,582.0386962890625,477.84124755859375,199.18206787109375,428.449951171875,-1,-1,-1,-1
129,2,589.0725708007812,495.6495361328125,202.83245849609375,444.0806884765625,-1,-1,-1,-1
130,2,597.4465942382812,499.3880310058594,199.98211669921875,457.0154113769531,-1,-1,-1,-1
131,2,609.6055297851562,506.7219543457031,203.38970947265625,465.0346374511719,-1,-1,-1,-1
132,2,627.7455444335938,502.9111633300781,275.34521484375,483.8580017089844,-1,-1,-1,-1
133,2,642.4512939453125,495.4938659667969,246.232666015625,492.4831237792969,-1,-1,-1,-1
134,2,657.6257934570312,482.7485046386719,235.80694580078125,504.6288146972656,-1,-1,-1,-1
135,2,662.12109375,476.2333984375,252.583251953125,513.9375610351562,-1,-1,-1,-1
136,2,671.40576171875,479.3100891113281,261.8076171875,514.5535888671875,-1,-1,-1,-1
137,2,686.0076293945312,482.44720458984375,273.74786376953125,506.4176025390625,-1,-1,-1,-1
138,2,700.876953125,476.5310363769531,286.04559326171875,495.0634460449219,-1,-1,-1,-1
139,2,751.2786865234375,474.1590881347656,258.922119140625,479.0848083496094,-1,-1,-1,-1
140,2,795.5248413085938,458.1514892578125,225.616455078125,472.0032958984375,-1,-1,-1,-1
141,2,810.5917358398438,447.30877685546875,208.610107421875,471.0791015625,-1,-1,-1,-1
142,2,802.4312133789062,454.1631164550781,197.21917724609375,471.9236755371094,-1,-1,-1,-1
143,2,782.807373046875,466.81463623046875,210.020263671875,472.7340087890625,-1,-1,-1,-1
144,2,751.9517822265625,476.40045166015625,229.96246337890625,472.8309326171875,-1,-1,-1,-1
145,2,742.2202758789062,475.2650146484375,232.3880615234375,474.3646240234375,-1,-1,-1,-1
146,2,743.0653076171875,513.3324584960938,221.60943603515625,450.19293212890625,-1,-1,-1,-1
147,2,730.6404418945312,524.467529296875,236.2127685546875,459.1112060546875,-1,-1,-1,-1
148,2,740.27001953125,497.94146728515625,244.1395263671875,491.9075927734375,-1,-1,-1,-1
149,2,769.8248291015625,436.3042297363281,249.7586669921875,540.662109375,-1,-1,-1,-1
150,2,800.650146484375,442.2759704589844,256.075927734375,547.5633544921875,-1,-1,-1,-1
151,2,808.1265869140625,409.7039794921875,249.529052734375,549.0232543945312,-1,-1,-1,-1
152,2,801.8408203125,407.8815002441406,283.4281005859375,553.800048828125,-1,-1,-1,-1
153,2,827.004638671875,412.8027648925781,296.5650634765625,558.757080078125,-1,-1,-1,-1
154,2,863.003662109375,421.80987548828125,302.758056640625,567.308349609375,-1,-1,-1,-1
155,2,871.1888427734375,440.4137878417969,325.5716552734375,574.0107421875,-1,-1,-1,-1
156,2,860.2306518554688,451.79949951171875,360.01031494140625,573.5149536132812,-1,-1,-1,-1
157,2,836.017333984375,446.64080810546875,379.472900390625,573.5117797851562,-1,-1,-1,-1
158,2,787.5192260742188,448.7060852050781,404.31378173828125,551.3895263671875,-1,-1,-1,-1
159,2,757.0836791992188,461.0973815917969,383.38067626953125,487.2002868652344,-1,-1,-1,-1
160,2,748.897216796875,450.8199462890625,319.89892578125,487.38311767578125,-1,-1,-1,-1
161,2,749.0441284179688,439.34588623046875,268.8779296875,505.9227294921875,-1,-1,-1,-1
162,2,719.2752685546875,433.165771484375,277.711181640625,506.70556640625,-1,-1,-1,-1
163,2,688.265625,442.2618713378906,284.3382568359375,495.2942810058594,-1,-1,-1,-1
164,2,676.0665283203125,452.9439697265625,272.871337890625,466.0098876953125,-1,-1,-1,-1
165,2,654.55126953125,445.94879150390625,237.81207275390625,455.12957763671875,-1,-1,-1,-1
166,2,655.09033203125,473.08172607421875,249.6905517578125,421.49554443359375,-1,-1,-1,-1
167,2,653.2334594726562,520.3661499023438,230.0377197265625,373.35809326171875,-1,-1,-1,-1
168,2,584.2366943359375,540.9009399414062,271.50537109375,357.10968017578125,-1,-1,-1,-1
1,3,326.4242858886719,461.5579833984375,132.17361450195312,230.23919677734375,-1,-1,-1,-1
2,3,382.5495300292969,446.3104553222656,126.7880859375,231.11923217773438,-1,-1,-1,-1
3,3,436.76641845703125,430.93353271484375,115.5133056640625,232.7421875,-1,-1,-1,-1
4,3,476.15533447265625,413.87274169921875,114.550537109375,234.71075439453125,-1,-1,-1,-1
5,3,501.6264343261719,417.0133972167969,110.79910278320312,234.58297729492188,-1,-1,-1,-1
6,3,517.4246826171875,414.6214599609375,113.25408935546875,240.15399169921875,-1,-1,-1,-1
7,3,522.8099365234375,395.8630065917969,115.60687255859375,246.17617797851562,-1,-1,-1,-1
8,3,524.474365234375,372.9570617675781,119.04156494140625,252.09048461914062,-1,-1,-1,-1
9,3,520.9706420898438,370.0700988769531,118.550048828125,253.48477172851562,-1,-1,-1,-1
10,3,492.51251220703125,376.6688537597656,120.8140869140625,256.9120788574219,-1,-1,-1,-1
11,3,446.14990234375,399.2458190917969,124.1654052734375,263.0193176269531,-1,-1,-1,-1
12,3,393.4530334472656,390.7195129394531,135.09628295898438,271.9998474121094,-1,-1,-1,-1
13,3,351.3572998046875,400.49908447265625,140.71783447265625,272.0096435546875,-1,-1,-1,-1
14,3,308.45269775390625,404.94677734375,150.78451538085938,276.2183837890625,-1,-1,-1,-1
15,3,275.6634826660156,420.6492614746094,157.18023681640625,281.4923400878906,-1,-1,-1,-1
16,3,246.67474365234375,435.7326354980469,168.21768188476562,283.8748474121094,-1,-1,-1,-1
17,3,220.6122589111328,459.3680114746094,171.66038513183594,286.7369689941406,-1,-1,-1,-1
18,3,192.090087890625,492.4964599609375,180.74948120117188,288.663330078125,-1,-1,-1,-1
19,3,175.55197143554688,501.583740234375,187.80581665039062,291.776123046875,-1,-1,-1,-1
20,3,152.56666564941406,545.241943359375,193.99815368652344,291.8726806640625,-1,-1,-1,-1
21,3,136.88983154296875,548.5090942382812,197.18658447265625,300.21160888671875,-1,-1,-1,-1
22,3,116.29713439941406,522.30810546875,204.4463348388672,301.70867919921875,-1,-1,-1,-1
23,3,88.54911041259766,530.27880859375,214.0477294921875,301.1923828125,-1,-1,-1,-1
24,3,58.275508880615234,559.3662109375,219.7606201171875,303.6195068359375,-1,-1,-1,-1
25,3,24.939311981201172,594.4644165039062,228.10987854003906,299.49652099609375,-1,-1,-1,-1
26,3,-2.373361587524414,608.4578857421875,221.0088348388672,299.1651611328125,-1,-1,-1,-1
27,3,-64.26995849609375,603.4890747070312,231.2120361328125,320.68280029296875,-1,-1,-1,-1
28,3,-92.36675262451172,648.7271118164062,216.2548828125,293.9796142578125,-1,-1,-1,-1
29,3,-103.59618377685547,588.2693481445312,210.6400604248047,376.22344970703125,-1,-1,-1,-1
30,3,-120.37916564941406,538.1004638671875,243.78152465820312,451.9439697265625,-1,-1,-1,-1
31,3,-117.25117492675781,504.6029357910156,237.52651977539062,494.8039855957031,-1,-1,-1,-1
32,3,-128.10220336914062,486.3086242675781,259.228515625,517.8746337890625,-1,-1,-1,-1
33,3,-126.13480377197266,470.6188049316406,255.29434204101562,526.693115234375,-1,-1,-1,-1
34,3,-120.72342681884766,495.760986328125,244.47129821777344,495.84039306640625,-1,-1,-1,-1
35,3,-120.66908264160156,492.0333557128906,244.36276245117188,515.1064453125,-1,-1,-1,-1
36,3,-114.90416717529297,488.65411376953125,232.83175659179688,511.219482421875,-1,-1,-1,-1
37,3,-106.96977233886719,484.87713623046875,216.9632110595703,500.51910400390625,-1,-1,-1,-1
38,3,-104.01412200927734,493.4043273925781,211.05184936523438,474.2480773925781,-1,-1,-1,-1
39,3,-98.8125991821289,493.3768005371094,200.64942932128906,460.9831848144531,-1,-1,-1,-1
40,3,-101.94489288330078,463.46148681640625,206.91336059570312,448.66461181640625,-1,-1,-1,-1
41,3,-79.19322204589844,436.86273193359375,161.96279907226562,426.255859375,-1,-1,-1,-1
42,3,-83.26222229003906,428.9379577636719,176.72268676757812,430.6169738769531,-1,-1,-1,-1
43,3,-79.49161529541016,534.0250854492188,170.903564453125,309.607421875,-1,-1,-1,-1
44,3,-41.67886734008789,529.70556640625,141.99830627441406,313.7711181640625,-1,-1,-1,-1
45,3,-4.029940128326416,505.38043212890625,111.188232421875,327.347900390625,-1,-1,-1,-1
46,3,-0.279327392578125,504.9201354980469,121.99278259277344,319.0845031738281,-1,-1,-1,-1
47,3,-1.8210725784301758,507.467529296875,144.4145050048828,295.7821044921875,-1,-1,-1,-1
48,3,0.6893839836120605,486.78546142578125,160.4476776123047,292.7071533203125,-1,-1,-1,-1
49,3,9.588095664978027,461.98712158203125,166.2012481689453,293.10687255859375,-1,-1,-1,-1
50,3,14.839808464050293,474.8760681152344,169.4259033203125,288.0816345214844,-1,-1,-1,-1
51,3,19.619930267333984,472.7810974121094,170.63104248046875,286.4591369628906,-1,-1,-1,-1
52,3,18.696741104125977,462.845703125,174.28245544433594,279.8955078125,-1,-1,-1,-1
53,3,19.87898063659668,468.0614013671875,170.9398193359375,279.45440673828125,-1,-1,-1,-1
54,3,26.611042022705078,487.22747802734375,172.15792846679688,274.2227783203125,-1,-1,-1,-1
55,3,30.66094207763672,502.19732666015625,173.44296264648438,276.6910400390625,-1,-1,-1,-1
56,3,39.90644073486328,518.857421875,175.58316040039062,267.84747314453125,-1,-1,-1,-1
57,3,55.696533203125,509.356201171875,176.99508666992188,261.52130126953125,-1,-1,-1,-1
58,3,67.72721862792969,487.09246826171875,177.85122680664062,258.2720947265625,-1,-1,-1,-1
59,3,84.53215789794922,473.8031921386719,171.887451171875,255.10415649414062,-1,-1,-1,-1
60,3,106.60124206542969,443.8537292480469,163.72682189941406,251.40682983398438,-1,-1,-1,-1
61,3,125.58898162841797,447.463134765625,157.4034423828125,253.30975341796875,-1,-1,-1,-1
62,3,145.419921875,436.8774719238281,161.29226684570312,245.89205932617188,-1,-1,-1,-1
63,3,161.3061065673828,432.0833435058594,163.98805236816406,236.36050415039062,-1,-1,-1,-1
64,3,166.27195739746094,444.4794921875,164.41749572753906,233.67572021484375,-1,-1,-1,-1
65,3,178.9951171875,446.8713073730469,163.2396240234375,237.22256469726562,-1,-1,-1,-1
66,3,187.90753173828125,443.05487060546875,159.5130615234375,230.57720947265625,-1,-1,-1,-1
67,3,179.06607055664062,453.90582275390625,154.78054809570312,229.56378173828125,-1,-1,-1,-1
68,3,156.11099243164062,435.7582702636719,156.31454467773438,235.55471801757812,-1,-1,-1,-1
69,3,133.81723022460938,417.43756103515625,158.0064697265625,239.17828369140625,-1,-1,-1,-1
70,3,116.8470230102539,400.43658447265625,157.66903686523438,240.289794921875,-1,-1,-1,-1
71,3,114.66537475585938,379.571044921875,146.16265869140625,243.73004150390625,-1,-1,-1,-1
72,3,117.45118713378906,368.0951232910156,141.45738220214844,246.96267700195312,-1,-1,-1,-1
73,3,113.50448608398438,369.8325500488281,136.93927001953125,236.24801635742188,-1,-1,-1,-1
74,3,98.28628540039062,375.2607421875,143.4833221435547,227.0146484375,-1,-1,-1,-1
75,3,85.9128189086914,373.74774169921875,140.11422729492188,234.0,-1,-1,-1,-1
76,3,66.54974365234375,385.707763671875,135.5091552734375,233.94677734375,-1,-1,-1,-1
77,3,43.627689361572266,391.8888244628906,130.823974609375,234.47714233398438,-1,-1,-1,-1
78,3,19.9702205657959,403.6159362792969,123.92049407958984,222.94937133789062,-1,-1,-1,-1
79,3,5.907469749450684,404.0982360839844,112.95590209960938,227.22341918945312,-1,-1,-1,-1
80,3,1.4095144271850586,402.71575927734375,91.94514465332031,238.56195068359375,-1,-1,-1,-1
81,3,0.10122036933898926,401.05023193359375,79.64986419677734,242.65045166015625,-1,-1,-1,-1
82,3,0.8620903491973877,401.1356201171875,78.0261001586914,234.9237060546875,-1,-1,-1,-1
83,3,2.3277406692504883,393.0462341308594,94.96809387207031,223.37179565429688,-1,-1,-1,-1
84,3,6.302082538604736,417.4004211425781,115.6399154663086,215.41036987304688,-1,-1,-1,-1
85,3,17.358142852783203,442.8623352050781,128.04261779785156,209.59231567382812,-1,-1,-1,-1
86,3,31.58701515197754,458.1771240234375,136.83250427246094,212.40313720703125,-1,-1,-1,-1
87,3,50.300052642822266,470.0216979980469,140.84780883789062,213.77078247070312,-1,-1,-1,-1
88,3,72.49629974365234,464.3934631347656,144.31558227539062,216.04757690429688,-1,-1,-1,-1
89,3,101.34825134277344,460.872802734375,141.0490264892578,214.34161376953125,-1,-1,-1,-1
90,3,126.01189422607422,463.3510437011719,136.439208984375,218.33602905273438,-1,-1,-1,-1
91,3,138.6575927734375,486.2936706542969,133.01318359375,216.48251342773438,-1,-1,-1,-1
92,3,140.3314208984375,492.43878173828125,135.42056274414062,216.91717529296875,-1,-1,-1,-1
93,3,144.22325134277344,487.82086181640625,136.1324005126953,212.30499267578125,-1,-1,-1,-1
94,3,143.80548095703125,484.2621765136719,134.83447265625,215.21224975585938,-1,-1,-1,-1
95,3,135.3304901123047,481.2517395019531,138.15196228027344,217.59371948242188,-1,-1,-1,-1
96,3,131.07176208496094,485.059326171875,138.91835021972656,215.89813232421875,-1,-1,-1,-1
97,3,125.587890625,499.8182067871094,142.64010620117188,215.59017944335938,-1,-1,-1,-1
98,3,129.80162048339844,513.0170288085938,139.5395050048828,211.57867431640625,-1,-1,-1,-1
99,3,126.73550415039062,504.27789306640625,142.300537109375,215.33477783203125,-1,-1,-1,-1
100,3,126.53610229492188,499.94036865234375,136.92086791992188,217.93896484375,-1,-1,-1,-1
101,3,125.65225982666016,500.5730285644531,135.02249145507812,218.76608276367188,-1,-1,-1,-1
102,3,133.78001403808594,512.1185607910156,136.44725036621094,216.60317993164062,-1,-1,-1,-1
103,3,154.98414611816406,530.731201171875,129.81434631347656,216.43621826171875,-1,-1,-1,-1
104,3,167.96096801757812,537.822998046875,130.39431762695312,216.805908203125,-1,-1,-1,-1
105,3,183.287109375,546.0265502929688,125.28866577148438,216.36822509765625,-1,-1,-1,-1
106,3,197.4410858154297,558.923095703125,119.84596252441406,216.643798828125,-1,-1,-1,-1
107,3,205.09130859375,569.8036499023438,120.81570434570312,213.10662841796875,-1,-1,-1,-1
108,3,208.8684844970703,559.2444458007812,119.85127258300781,215.4012451171875,-1,-1,-1,-1
109,3,230.87322998046875,533.8433837890625,108.50759887695312,218.0635986328125,-1,-1,-1,-1
110,3,253.87107849121094,497.89697265625,106.41059875488281,218.62615966796875,-1,-1,-1,-1
111,3,266.82659912109375,473.1304626464844,108.008544921875,220.97506713867188,-1,-1,-1,-1
112,3,277.80560302734375,468.3268737792969,107.76535034179688,220.86758422851562,-1,-1,-1,-1
113,3,289.2081604003906,477.18450927734375,106.52151489257812,219.5643310546875,-1,-1,-1,-1
114,3,298.7701416015625,489.1477966308594,104.9140625,219.42788696289062,-1,-1,-1,-1
115,3,301.13641357421875,504.4395446777344,108.370361328125,219.33224487304688,-1,-1,-1,-1
116,3,297.3079833984375,510.7727355957031,112.97134399414062,222.68496704101562,-1,-1,-1,-1
117,3,284.9991760253906,485.93682861328125,119.57455444335938,228.07110595703125,-1,-1,-1,-1
118,3,278.512939453125,462.67803955078125,121.08050537109375,229.52020263671875,-1,-1,-1,-1
119,3,272.33538818359375,450.13507080078125,124.23318481445312,232.43121337890625,-1,-1,-1,-1
120,3,262.00921630859375,450.83404541015625,129.18161010742188,231.5107421875,-1,-1,-1,-1
121,3,254.6057586669922,457.11279296875,132.51808166503906,232.478271484375,-1,-1,-1,-1
122,3,244.50827026367188,465.35302734375,137.52947998046875,232.22357177734375,-1,-1,-1,-1
123,3,234.76065063476562,465.25921630859375,140.06387329101562,237.053466796875,-1,-1,-1,-1
124,3,220.17855834960938,462.47735595703125,143.43515014648438,236.57275390625,-1,-1,-1,-1
125,3,212.8732452392578,450.2259521484375,144.83839416503906,241.9112548828125,-1,-1,-1,-1
126,3,211.58358764648438,457.4293212890625,143.19097900390625,241.57769775390625,-1,-1,-1,-1
127,3,211.0823211669922,483.42547607421875,144.12562561035156,243.6104736328125,-1,-1,-1,-1
128,3,213.36474609375,507.73291015625,144.1737060546875,243.651123046875,-1,-1,-1,-1
129,3,217.5092315673828,527.8478393554688,142.74073791503906,241.37994384765625,-1,-1,-1,-1
130,3,223.64627075195312,536.2024536132812,144.83160400390625,242.81219482421875,-1,-1,-1,-1
131,3,229.44839477539062,543.1065673828125,146.49569702148438,243.5780029296875,-1,-1,-1,-1
132,3,240.60662841796875,547.1390991210938,148.03884887695312,240.66644287109375,-1,-1,-1,-1
133,3,246.47694396972656,542.3486938476562,150.54454040527344,242.83404541015625,-1,-1,-1,-1
134,3,253.52325439453125,531.3530883789062,149.24905395507812,247.20819091796875,-1,-1,-1,-1
135,3,251.0419921875,519.0172119140625,145.48699951171875,253.05670166015625,-1,-1,-1,-1
136,3,252.39376831054688,513.0035400390625,139.45767211914062,260.63873291015625,-1,-1,-1,-1
137,3,256.5838928222656,504.63787841796875,139.727783203125,264.70709228515625,-1,-1,-1,-1
138,3,270.48773193359375,482.338623046875,135.13540649414062,267.6005859375,-1,-1,-1,-1
139,3,283.47509765625,472.87353515625,130.903564453125,270.06231689453125,-1,-1,-1,-1
140,3,282.55035400390625,466.3258056640625,129.4066162109375,276.3126220703125,-1,-1,-1,-1
141,3,256.87281799316406,469.07647705078125,137.49317932128906,284.96160888671875,-1,-1,-1,-1
142,3,224.10272216796875,492.6256103515625,146.30197143554688,288.84027099609375,-1,-1,-1,-1
143,3,196.8343963623047,501.376220703125,151.74024963378906,296.2642822265625,-1,-1,-1,-1
144,3,177.7127685546875,506.8121032714844,155.53097534179688,303.9021301269531,-1,-1,-1,-1
145,3,152.18069458007812,509.9319152832031,161.61026000976562,311.3754577636719,-1,-1,-1,-1
146,3,132.5042266845703,519.96240234375,165.77537536621094,316.68365478515625,-1,-1,-1,-1
147,3,124.79421997070312,532.6886596679688,167.60287475585938,318.50677490234375,-1,-1,-1,-1
148,3,143.71084594726562,529.4461669921875,167.35980224609375,315.062255859375,-1,-1,-1,-1
149,3,180.4326171875,509.91900634765625,167.88198852539062,314.26806640625,-1,-1,-1,-1
150,3,213.15480041503906,533.4916381835938,166.94679260253906,306.92901611328125,-1,-1,-1,-1
151,3,236.14984130859375,504.5212707519531,169.7398681640625,307.3324890136719,-1,-1,-1,-1
152,3,284.60955810546875,477.4943542480469,162.06109619140625,303.1479187011719,-1,-1,-1,-1
153,3,339.3742370605469,463.883544921875,156.08782958984375,298.8265380859375,-1,-1,-1,-1
154,3,386.33746337890625,474.69677734375,150.8623046875,292.296875,-1,-1,-1,-1
155,3,423.1679382324219,500.3602294921875,148.67745971679688,284.3843994140625,-1,-1,-1,-1
156,3,448.5437927246094,512.4845886230469,148.04776000976562,280.0875549316406,-1,-1,-1,-1
157,3,469.580078125,509.7437744140625,151.406982421875,278.715576171875,-1,-1,-1,-1
158,3,486.9102783203125,509.93963623046875,155.35430908203125,275.01849365234375,-1,-1,-1,-1
159,3,496.75347900390625,510.3818664550781,147.5677490234375,273.6106262207031,-1,-1,-1,-1
160,3,499.993896484375,519.3564453125,136.0567626953125,270.4412841796875,-1,-1,-1,-1
161,3,500.1128234863281,516.2035522460938,144.55911254882812,271.8427734375,-1,-1,-1,-1
162,3,503.4940490722656,524.4429931640625,138.28182983398438,267.421142578125,-1,-1,-1,-1
163,3,503.304443359375,538.7520751953125,133.35479736328125,265.744384765625,-1,-1,-1,-1
164,3,502.06842041015625,549.904052734375,136.96307373046875,262.357177734375,-1,-1,-1,-1
165,3,506.3586120605469,557.0108642578125,132.12393188476562,257.30267333984375,-1,-1,-1,-1
166,3,508.0069580078125,564.31494140625,134.15435791015625,254.95428466796875,-1,-1,-1,-1
167,3,509.45306396484375,579.8462524414062,129.73260498046875,241.94287109375,-1,-1,-1,-1
168,3,506.5004577636719,577.1068725585938,129.18759155273438,248.96099853515625,-1,-1,-1,-1
30,4,1290.6729736328125,424.6333923339844,149.6468505859375,373.0555725097656,-1,-1,-1,-1
31,4,1271.386474609375,422.297607421875,157.8304443359375,398.75250244140625,-1,-1,-1,-1
32,4,1260.853271484375,415.9557189941406,161.382568359375,400.4261169433594,-1,-1,-1,-1
33,4,1260.844970703125,413.2867431640625,160.7171630859375,404.40667724609375,-1,-1,-1,-1
34,4,1267.6435546875,418.1362609863281,168.5369873046875,408.5928649902344,-1,-1,-1,-1
35,4,1275.9862060546875,422.31573486328125,155.9779052734375,395.33624267578125,-1,-1,-1,-1
36,4,1281.700927734375,413.1991882324219,152.169189453125,424.8214416503906,-1,-1,-1,-1
37,4,1289.2122802734375,406.30999755859375,134.2442626953125,428.456787109375,-1,-1,-1,-1
38,4,1299.2247314453125,412.4835510253906,118.3902587890625,424.4601745605469,-1,-1,-1,-1
39,4,1297.16259765625,438.67547607421875,121.5067138671875,425.56292724609375,-1,-1,-1,-1
40,4,1292.005126953125,459.17376708984375,125.8004150390625,416.20953369140625,-1,-1,-1,-1
41,4,1272.854248046875,458.2100830078125,138.067626953125,404.64642333984375,-1,-1,-1,-1
42,4,1248.9810791015625,446.877197265625,166.5792236328125,409.8414306640625,-1,-1,-1,-1
43,4,1233.2498779296875,448.1066589355469,188.142578125,412.6207580566406,-1,-1,-1,-1
44,4,1228.0068359375,468.313720703125,187.8861083984375,408.837890625,-1,-1,-1,-1
45,4,1232.5887451171875,474.5884704589844,181.9508056640625,408.1256408691406,-1,-1,-1,-1
46,4,1236.5750732421875,482.1391906738281,173.74365234375,406.8680725097656,-1,-1,-1,-1
47,4,1241.067138671875,496.59979248046875,168.806884765625,407.048828125,-1,-1,-1,-1
48,4,1249.1455078125,514.123779296875,161.610107421875,407.92962646484375,-1,-1,-1,-1
49,4,1251.830078125,529.0340576171875,159.112548828125,398.65093994140625,-1,-1,-1,-1
50,4,1253.105712890625,525.6317138671875,153.960693359375,392.13983154296875,-1,-1,-1,-1
51,4,1251.998291015625,502.5414123535156,150.1279296875,389.8438415527344,-1,-1,-1,-1
52,4,1244.6533203125,471.22381591796875,144.11865234375,388.30511474609375,-1,-1,-1,-1
53,4,1233.838623046875,467.659423828125,140.5909423828125,390.8712158203125,-1,-1,-1,-1
54,4,1211.613037109375,470.25347900390625,152.57861328125,396.81390380859375,-1,-1,-1,-1
55,4,1188.228759765625,462.3038635253906,168.3392333984375,399.1230163574219,-1,-1,-1,-1
56,4,1178.9027099609375,437.6844787597656,170.0728759765625,400.4501647949219,-1,-1,-1,-1
57,4,1180.0755615234375,404.841796875,175.182861328125,403.33319091796875,-1,-1,-1,-1
58,4,1179.41748046875,369.3207092285156,180.9736328125,407.3341979980469,-1,-1,-1,-1
59,4,1182.8453369140625,378.2576599121094,178.6168212890625,413.3620910644531,-1,-1,-1,-1
60,4,1190.754638671875,386.90704345703125,161.1705322265625,411.01055908203125,-1,-1,-1,-1
61,4,1196.8765869140625,408.11370849609375,145.8155517578125,403.39825439453125,-1,-1,-1,-1
62,4,1214.0166015625,370.75531005859375,138.2386474609375,396.74578857421875,-1,-1,-1,-1
63,4,1223.355712890625,345.8895263671875,138.6187744140625,385.75494384765625,-1,-1,-1,-1
64,4,1207.8271484375,341.431640625,148.880615234375,376.4871826171875,-1,-1,-1,-1
65,4,1192.376708984375,350.52142333984375,164.8994140625,371.7608642578125,-1,-1,-1,-1
66,4,1179.9984130859375,347.0726318359375,179.4052734375,374.785888671875,-1,-1,-1,-1
67,4,1156.050048828125,359.5763244628906,180.7440185546875,371.6164245605469,-1,-1,-1,-1
68,4,1126.3892822265625,360.6568298339844,174.0616455078125,366.0195617675781,-1,-1,-1,-1
69,4,1101.1988525390625,357.1320495605469,167.528076171875,361.1348571777344,-1,-1,-1,-1
70,4,1075.3974609375,367.10784912109375,161.566162109375,358.3782958984375,-1,-1,-1,-1
71,4,1050.7735595703125,391.4864807128906,168.4688720703125,354.8285827636719,-1,-1,-1,-1
72,4,1035.0504150390625,415.1857604980469,168.45947265625,349.9842224121094,-1,-1,-1,-1
73,4,1000.0194091796875,393.6698303222656,183.5166015625,354.8484802246094,-1,-1,-1,-1
74,4,966.8897705078125,386.95654296875,195.8681640625,348.68902587890625,-1,-1,-1,-1
75,4,936.8843994140625,399.5098876953125,201.4744873046875,340.3150634765625,-1,-1,-1,-1
76,4,912.6238403320312,415.5689697265625,191.73260498046875,332.01531982421875,-1,-1,-1,-1
77,4,886.6920776367188,425.06329345703125,184.85308837890625,330.8721923828125,-1,-1,-1,-1
78,4,862.5966796875,422.2541198730469,178.97119140625,333.8201599121094,-1,-1,-1,-1
79,4,841.583984375,415.5285949707031,173.88525390625,331.2531433105469,-1,-1,-1,-1
80,4,817.6510620117188,405.1325988769531,176.56292724609375,341.4197692871094,-1,-1,-1,-1
81,4,805.5701904296875,419.1481628417969,184.93145751953125,334.9493103027344,-1,-1,-1,-1
82,4,802.07666015625,429.6254577636719,186.01806640625,331.5195007324219,-1,-1,-1,-1
83,4,811.1216430664062,416.34637451171875,188.22491455078125,329.74383544921875,-1,-1,-1,-1
84,4,827.5408325195312,406.43072509765625,194.083251953125,329.228271484375,-1,-1,-1,-1
85,4,842.7005004882812,415.0758361816406,194.23126220703125,323.7284851074219,-1,-1,-1,-1
86,4,857.9840087890625,437.57818603515625,194.8857421875,320.00738525390625,-1,-1,-1,-1
87,4,873.9596557617188,456.1936950683594,196.06341552734375,312.9009704589844,-1,-1,-1,-1
88,4,891.6580810546875,461.42462158203125,199.2886962890625,309.43743896484375,-1,-1,-1,-1
89,4,899.11328125,479.0542907714844,213.3565673828125,309.9541931152344,-1,-1,-1,-1
90,4,886.268798828125,488.06805419921875,244.00439453125,317.68609619140625,-1,-1,-1,-1
91,4,866.2198486328125,488.53875732421875,277.0609130859375,323.90191650390625,-1,-1,-1,-1
92,4,851.1038208007812,481.59381103515625,290.86688232421875,328.53802490234375,-1,-1,-1,-1
93,4,830.149658203125,490.6889953613281,288.92822265625,300.4911193847656,-1,-1,-1,-1
94,4,825.1690063476562,497.77874755859375,253.90179443359375,277.88372802734375,-1,-1,-1,-1
95,4,816.97314453125,488.88177490234375,248.5543212890625,283.88140869140625,-1,-1,-1,-1
96,4,805.7718505859375,487.3887023925781,240.2191162109375,285.2274475097656,-1,-1,-1,-1
97,4,790.9578247070312,485.99542236328125,229.14776611328125,282.79620361328125,-1,-1,-1,-1
98,4,788.549072265625,495.3043518066406,213.64697265625,271.0611267089844,-1,-1,-1,-1
99,4,788.3660278320312,489.08502197265625,182.25830078125,262.2100830078125,-1,-1,-1,-1
100,4,784.1104736328125,483.1634216308594,139.1077880859375,260.4703063964844,-1,-1,-1,-1
101,4,775.501220703125,487.5982666015625,113.4805908203125,262.98138427734375,-1,-1,-1,-1
102,4,754.9031982421875,505.57666015625,131.7283935546875,260.8658447265625,-1,-1,-1,-1
103,4,733.5460205078125,527.4025268554688,151.1470947265625,256.55511474609375,-1,-1,-1,-1
104,4,712.08447265625,542.9434814453125,155.85113525390625,241.0316162109375,-1,-1,-1,-1
105,4,695.727294921875,562.0938720703125,142.40045166015625,226.19012451171875,-1,-1,-1,-1
106,4,710.3469848632812,576.9061279296875,120.919921875,221.3607177734375,-1,-1,-1,-1
107,4,703.05908203125,590.1727905273438,117.5511474609375,214.9095458984375,-1,-1,-1,-1
108,4,693.7935791015625,595.0117797851562,124.16168212890625,212.46124267578125,-1,-1,-1,-1
109,4,696.9354248046875,594.1218872070312,124.55255126953125,213.88922119140625,-1,-1,-1,-1
110,4,708.145751953125,577.3822021484375,145.8157958984375,207.196044921875,-1,-1,-1,-1
111,4,713.1204833984375,557.6751708984375,165.7430419921875,210.7110595703125,-1,-1,-1,-1
112,4,715.9989013671875,553.8251342773438,156.92926025390625,208.4984130859375,-1,-1,-1,-1
113,4,716.096435546875,561.8220825195312,152.56048583984375,205.2901611328125,-1,-1,-1,-1
114,4,731.2011108398438,576.724853515625,137.2301025390625,203.653076171875,-1,-1,-1,-1
115,4,744.656982421875,577.2846069335938,123.34375,216.20220947265625,-1,-1,-1,-1
116,4,760.3724365234375,574.2688598632812,114.21044921875,217.5712890625,-1,-1,-1,-1
117,4,762.327392578125,534.3975830078125,110.12298583984375,228.398193359375,-1,-1,-1,-1
118,4,753.8863525390625,505.79193115234375,117.84967041015625,236.927978515625,-1,-1,-1,-1
119,4,746.4794311523438,482.1837463378906,128.26251220703125,248.24136352539062,-1,-1,-1,-1
120,4,749.8790893554688,462.0250244140625,129.8426513671875,250.81378173828125,-1,-1,-1,-1
121,4,746.9518432617188,451.0105895996094,141.7369384765625,257.3766174316406,-1,-1,-1,-1
122,4,745.9934692382812,450.44482421875,141.64373779296875,257.79669189453125,-1,-1,-1,-1
123,4,741.1319580078125,447.8182678222656,140.83087158203125,258.2868347167969,-1,-1,-1,-1
124,4,736.9137573242188,440.7694091796875,136.98590087890625,261.05963134765625,-1,-1,-1,-1
125,4,729.02392578125,432.62359619140625,142.4107666015625,265.18218994140625,-1,-1,-1,-1
126,4,724.6725463867188,445.8078918457031,149.663330078125,264.2562561035156,-1,-1,-1,-1
127,4,721.00390625,475.7244567871094,156.930908203125,259.3606872558594,-1,-1,-1,-1
128,4,725.0364379882812,503.20452880859375,158.3582763671875,255.38458251953125,-1,-1,-1,-1
129,4,728.3543701171875,523.3829956054688,166.9503173828125,258.03363037109375,-1,-1,-1,-1
130,4,724.5530395507812,526.9281616210938,180.8304443359375,264.21636962890625,-1,-1,-1,-1
131,4,698.579345703125,514.3497314453125,221.8409423828125,287.20477294921875,-1,-1,-1,-1
132,4,699.9212646484375,529.412841796875,204.64288330078125,269.02734375,-1,-1,-1,-1
133,4,738.068115234375,573.4110717773438,155.99688720703125,214.82305908203125,-1,-1,-1,-1
134,4,740.6707763671875,555.14013671875,150.31219482421875,219.07159423828125,-1,-1,-1,-1
136,4,675.2722778320312,482.919189453125,252.63287353515625,332.15118408203125,-1,-1,-1,-1
137,4,685.4814453125,482.00445556640625,274.37322998046875,375.18585205078125,-1,-1,-1,-1
136,5,671.0694580078125,487.90802001953125,161.6981201171875,261.90887451171875,-1,-1,-1,-1
137,5,676.7181396484375,487.63067626953125,154.4366455078125,264.114501953125,-1,-1,-1,-1
138,5,687.3480834960938,479.893310546875,151.62176513671875,260.81561279296875,-1,-1,-1,-1
139,5,668.4291381835938,477.91510009765625,169.2391357421875,254.1346435546875,-1,-1,-1,-1
140,5,655.9482421875,461.8770751953125,190.29913330078125,271.78204345703125,-1,-1,-1,-1
141,5,639.49462890625,457.08270263671875,193.460205078125,270.80560302734375,-1,-1,-1,-1
142,5,594.4700317382812,470.589599609375,200.9105224609375,268.83160400390625,-1,-1,-1,-1
143,5,550.7178955078125,479.1791687011719,197.0399169921875,270.3445739746094,-1,-1,-1,-1
144,5,524.8378295898438,480.2821960449219,166.809326171875,276.0127258300781,-1,-1,-1,-1
145,5,504.4806213378906,475.562744140625,151.20449829101562,281.80328369140625,-1,-1,-1,-1
146,5,479.4117431640625,482.66595458984375,152.03131103515625,284.99786376953125,-1,-1,-1,-1
147,5,459.6395263671875,498.62847900390625,161.35693359375,287.293212890625,-1,-1,-1,-1
148,5,444.7774658203125,497.92633056640625,178.1334228515625,289.05181884765625,-1,-1,-1,-1
149,5,439.1856689453125,484.4518127441406,204.9970703125,289.6496276855469,-1,-1,-1,-1
150,5,451.821044921875,509.78375244140625,208.81329345703125,287.63812255859375,-1,-1,-1,-1
151,5,453.0450134277344,481.7254333496094,216.56900024414062,286.0426330566406,-1,-1,-1,-1
152,5,467.0937805175781,464.3475646972656,231.58908081054688,278.2611999511719,-1,-1,-1,-1
153,5,495.8230895996094,453.6407775878906,219.50955200195312,275.5610046386719,-1,-1,-1,-1
154,5,514.5926513671875,459.33233642578125,215.572509765625,274.1904296875,-1,-1,-1,-1
155,5,533.7051391601562,484.0869140625,204.81573486328125,269.08380126953125,-1,-1,-1,-1
156,5,541.7757568359375,502.2592468261719,199.65472412109375,258.4947814941406,-1,-1,-1,-1
157,5,554.3055419921875,504.74383544921875,191.86981201171875,248.9969482421875,-1,-1,-1,-1
158,5,550.0755004882812,512.2213439941406,201.4462890625,242.11196899414062,-1,-1,-1,-1
159,5,554.3488159179688,520.3121337890625,202.8558349609375,236.305908203125,-1,-1,-1,-1
160,5,555.2945556640625,532.5281372070312,202.48272705078125,230.7694091796875,-1,-1,-1,-1
161,5,560.3163452148438,539.4571533203125,198.94573974609375,223.5184326171875,-1,-1,-1,-1
162,5,561.9692993164062,546.6448974609375,192.955322265625,222.4775390625,-1,-1,-1,-1
163,5,566.0140380859375,561.3606567382812,190.34796142578125,214.66314697265625,-1,-1,-1,-1
164,5,557.6339111328125,569.9874267578125,201.034423828125,214.52496337890625,-1,-1,-1,-1
165,5,563.4671630859375,575.7684326171875,201.6556396484375,209.65789794921875,-1,-1,-1,-1
166,5,562.0126953125,566.4096069335938,204.79217529296875,222.888427734375,-1,-1,-1,-1
167,5,572.701904296875,591.4557495117188,203.24896240234375,201.5123291015625,-1,-1,-1,-1
168,5,576.2564697265625,579.8828735351562,196.5418701171875,214.2205810546875,-1,-1,-1,-1
