1,1,4.567392349243164,380.497802734375,235.5,512.7391967773438,-1,-1,-1,-1
2,1,-31.648887634277344,377.7673645019531,213.26547241210938,543.0230712890625,-1,-1,-1,-1
3,1,-101.08119201660156,389.3017883300781,239.67283630371094,574.5179443359375,-1,-1,-1,-1
4,1,-141.6454620361328,386.56365966796875,286.39306640625,623.9065551757812,-1,-1,-1,-1
5,1,-148.98643493652344,344.8973388671875,301.5074157714844,623.8067016601562,-1,-1,-1,-1
1,2,1243.064208984375,405.9174499511719,174.418701171875,470.7980041503906,-1,-1,-1,-1
2,2,1206.463134765625,420.05560302734375,202.11474609375,468.50408935546875,-1,-1,-1,-1
3,2,1174.64111328125,433.0241394042969,243.0074462890625,471.8424377441406,-1,-1,-1,-1
4,2,1132.5286865234375,430.8287048339844,307.3094482421875,470.6578063964844,-1,-1,-1,-1
5,2,1087.2589111328125,431.55938720703125,321.2354736328125,475.94183349609375,-1,-1,-1,-1
6,2,1015.7449951171875,429.5046081542969,350.486328125,450.1732482910156,-1,-1,-1,-1
7,2,948.8541259765625,416.65655517578125,353.9278564453125,445.00494384765625,-1,-1,-1,-1
8,2,904.921142578125,419.04339599609375,339.6083984375,435.16650390625,-1,-1,-1,-1
9,2,890.18701171875,424.4932861328125,348.9476318359375,443.54302978515625,-1,-1,-1,-1
10,2,895.773681640625,436.5689392089844,347.2630615234375,430.3023986816406,-1,-1,-1,-1
11,2,897.6102905273438,450.450439453125,358.81793212890625,459.44439697265625,-1,-1,-1,-1
12,2,851.5299682617188,411.59759521484375,380.92779541015625,505.846435546875,-1,-1,-1,-1
13,2,788.6288452148438,403.67669677734375,387.02789306640625,528.1529541015625,-1,-1,-1,-1
14,2,814.3486938476562,412.4676513671875,317.98712158203125,536.0032958984375,-1,-1,-1,-1
15,2,817.9961547851562,439.43121337890625,273.12225341796875,537.403564453125,-1,-1,-1,-1
16,2,797.6263427734375,440.9917297363281,249.7166748046875,547.3985595703125,-1,-1,-1,-1
17,2,728.2434692382812,414.76824951171875,270.31658935546875,568.9284057617188,-1,-1,-1,-1
18,2,658.0376586914062,387.60028076171875,334.24969482421875,600.4193725585938,-1,-1,-1,-1
19,2,579.0526123046875,383.4533386230469,398.723388671875,635.1326904296875,-1,-1,-1,-1
20,2,583.6634521484375,380.2237243652344,343.6031494140625,644.2301025390625,-1,-1,-1,-1
21,2,598.0408325195312,382.40240478515625,293.3970947265625,637.902587890625,-1,-1,-1,-1
22,2,638.7855224609375,398.3037414550781,276.6759033203125,628.7598876953125,-1,-1,-1,-1
23,2,640.4602661132812,413.22381591796875,281.55218505859375,623.3462524414062,-1,-1,-1,-1
24,2,605.6834106445312,444.6725769042969,306.21026611328125,612.98779296875,-1,-1,-1,-1
25,2,589.465576171875,467.919677734375,360.1005859375,617.1610107421875,-1,-1,-1,-1
26,2,598.3385009765625,477.24761962890625,330.3505859375,606.5485229492188,-1,-1,-1,-1
27,2,566.1779174804688,481.5644226074219,304.1881103515625,613.2108154296875,-1,-1,-1,-1
28,2,551.0968627929688,488.483642578125,281.04705810546875,631.9700927734375,-1,-1,-1,-1
29,2,552.9073486328125,504.3423156738281,309.72564697265625,556.098388671875,-1,-1,-1,-1
30,2,555.7495727539062,512.9289855957031,322.9210205078125,581.3536376953125,-1,-1,-1,-1
31,2,567.5385131835938,517.4288330078125,332.970703125,654.403076171875,-1,-1,-1,-1
32,2,552.2235107421875,543.5984497070312,428.37408447265625,649.7505493164062,-1,-1,-1,-1
33,2,536.4323120117188,526.7813720703125,468.74371337890625,683.5201416015625,-1,-1,-1,-1
34,2,478.426025390625,521.0919189453125,499.514404296875,714.8748779296875,-1,-1,-1,-1
35,2,476.3070983886719,519.5841064453125,476.6119689941406,737.7686767578125,-1,-1,-1,-1
36,2,266.186767578125,496.260986328125,670.9754638671875,780.469482421875,-1,-1,-1,-1
37,2,232.54434204101562,492.2701110839844,668.519287109375,912.1766357421875,-1,-1,-1,-1
38,2,263.3565979003906,484.117431640625,666.1170654296875,921.966552734375,-1,-1,-1,-1
39,2,422.9666442871094,482.7287902832031,545.33642578125,925.908203125,-1,-1,-1,-1
40,2,469.6504211425781,488.3800048828125,555.116943359375,877.179443359375,-1,-1,-1,-1
41,2,498.8163757324219,478.70794677734375,526.2796630859375,834.1593627929688,-1,-1,-1,-1
42,2,554.4296875,507.7293701171875,562.2855224609375,860.694091796875,-1,-1,-1,-1
43,2,669.815185546875,428.9752502441406,744.1199951171875,964.274658203125,-1,-1,-1,-1
44,2,779.3911743164062,491.790283203125,716.2114868164062,917.018310546875,-1,-1,-1,-1
45,2,934.3746337890625,387.17138671875,626.881591796875,965.13232421875,-1,-1,-1,-1
46,2,1027.2862548828125,395.7653503417969,614.9786376953125,957.7066650390625,-1,-1,-1,-1
1,3,822.9432373046875,353.16851806640625,190.28741455078125,355.7398681640625,-1,-1,-1,-1
2,3,792.6983642578125,354.2313232421875,177.769287109375,351.866943359375,-1,-1,-1,-1
3,3,767.25048828125,354.0621032714844,168.1405029296875,352.4006652832031,-1,-1,-1,-1
4,3,731.1554565429688,347.6349792480469,163.6600341796875,347.2852478027344,-1,-1,-1,-1
5,3,684.0806274414062,334.0253601074219,156.754638671875,349.5250549316406,-1,-1,-1,-1
6,3,618.5565795898438,330.4803771972656,148.71710205078125,349.3219299316406,-1,-1,-1,-1
7,3,538.01171875,325.0771179199219,142.1337890625,351.6667785644531,-1,-1,-1,-1
8,3,461.2527160644531,330.0800476074219,142.37710571289062,356.0432434082031,-1,-1,-1,-1
9,3,396.0584716796875,343.1871337890625,158.540283203125,365.5225830078125,-1,-1,-1,-1
10,3,345.2643127441406,366.7167663574219,177.59915161132812,372.6440734863281,-1,-1,-1,-1
11,3,296.92742919921875,431.513427734375,202.20660400390625,375.98431396484375,-1,-1,-1,-1
12,3,213.68898010253906,452.0572509765625,235.2526092529297,393.36785888671875,-1,-1,-1,-1
13,3,125.88941955566406,486.670654296875,262.97412109375,408.3082275390625,-1,-1,-1,-1
14,3,48.90250778198242,542.0824584960938,279.1266174316406,425.39581298828125,-1,-1,-1,-1
15,3,-5.936400413513184,599.42529296875,275.1803283691406,441.98779296875,-1,-1,-1,-1
16,3,-8.196823120117188,610.1446533203125,198.617919921875,478.133056640625,-1,-1,-1,-1
17,3,-118.5058822631836,593.7996215820312,321.5492858886719,466.42340087890625,-1,-1,-1,-1
45,4,-7.440810203552246,474.6352233886719,160.86599731445312,326.1488952636719,-1,-1,-1,-1
46,4,96.35215759277344,458.2854309082031,182.7587127685547,312.5013122558594,-1,-1,-1,-1
47,4,212.58261108398438,439.0415954589844,178.01962280273438,311.0255432128906,-1,-1,-1,-1
48,4,325.4908447265625,433.61376953125,174.09063720703125,309.23687744140625,-1,-1,-1,-1
49,4,408.70587158203125,446.883544921875,180.5616455078125,305.685791015625,-1,-1,-1,-1
50,4,474.7035217285156,490.52349853515625,188.71493530273438,300.41766357421875,-1,-1,-1,-1
51,4,531.9913330078125,533.3305053710938,178.80633544921875,298.12640380859375,-1,-1,-1,-1
52,4,587.067626953125,558.4137573242188,163.93121337890625,291.05169677734375,-1,-1,-1,-1
53,4,617.2645263671875,561.3834838867188,163.24371337890625,295.070068359375,-1,-1,-1,-1
54,4,633.5254516601562,556.9430541992188,167.03692626953125,295.3011474609375,-1,-1,-1,-1
55,4,665.0262451171875,567.72998046875,170.0025634765625,301.70550537109375,-1,-1,-1,-1
56,4,723.305419921875,579.94921875,183.3968505859375,305.0347900390625,-1,-1,-1,-1
57,4,805.9192504882812,574.8499145507812,199.36370849609375,312.317138671875,-1,-1,-1,-1
58,4,846.0088500976562,560.23779296875,227.62359619140625,324.49139404296875,-1,-1,-1,-1
59,4,853.648193359375,549.1224365234375,263.932373046875,330.2769775390625,-1,-1,-1,-1
60,4,839.783203125,532.0172729492188,302.017822265625,344.99871826171875,-1,-1,-1,-1
61,4,795.8695678710938,509.2721862792969,333.16058349609375,357.1130676269531,-1,-1,-1,-1
62,4,740.0928955078125,505.2044677734375,335.2618408203125,367.980224609375,-1,-1,-1,-1
63,4,712.9075317382812,501.77508544921875,328.12994384765625,375.7117919921875,-1,-1,-1,-1
64,4,714.727783203125,485.4297790527344,304.1234130859375,387.6936340332031,-1,-1,-1,-1
65,4,749.6511840820312,478.2430725097656,241.402587890625,404.2635803222656,-1,-1,-1,-1
66,4,831.4990234375,472.6641845703125,199.129150390625,419.8719482421875,-1,-1,-1,-1
67,4,1033.935791015625,456.7628173828125,202.076171875,448.747314453125,-1,-1,-1,-1
68,4,699.7684936523438,517.4031982421875,227.1033935546875,423.09063720703125,-1,-1,-1,-1
49,5,-100.56900024414062,513.14013671875,204.989990234375,350.17742919921875,-1,-1,-1,-1
50,5,-33.68230438232422,547.3688354492188,210.734130859375,317.03924560546875,-1,-1,-1,-1
51,5,18.966203689575195,556.653564453125,221.94619750976562,416.97882080078125,-1,-1,-1,-1
52,5,62.525638580322266,559.6483764648438,236.95101928710938,431.8538818359375,-1,-1,-1,-1
53,5,93.63752746582031,574.89013671875,244.21302795410156,432.78741455078125,-1,-1,-1,-1
54,5,110.72979736328125,586.3690185546875,253.63973999023438,436.65020751953125,-1,-1,-1,-1
55,5,134.09727478027344,609.9054565429688,257.86553955078125,434.42596435546875,-1,-1,-1,-1
56,5,190.11575317382812,627.285888671875,253.4493408203125,416.88525390625,-1,-1,-1,-1
57,5,265.09442138671875,631.03125,247.19314575195312,399.7886962890625,-1,-1,-1,-1
58,5,285.0658264160156,630.6060791015625,272.5312805175781,391.149169921875,-1,-1,-1,-1
59,5,260.9941101074219,615.7264404296875,304.2933654785156,394.46392822265625,-1,-1,-1,-1
60,5,199.13168334960938,609.4552001953125,342.0769348144531,404.5069580078125,-1,-1,-1,-1
61,5,91.0511474609375,614.7061157226562,362.5295104980469,430.34271240234375,-1,-1,-1,-1
62,5,-27.690231323242188,643.0321655273438,340.54473876953125,398.77679443359375,-1,-1,-1,-1
63,5,-90.83238983154297,604.9700317382812,271.1231689453125,503.78741455078125,-1,-1,-1,-1
64,5,-131.60513305664062,644.3094482421875,274.72332763671875,478.02685546875,-1,-1,-1,-1
65,5,-153.8663330078125,635.2033081054688,310.7552490234375,532.1095581054688,-1,-1,-1,-1
66,5,-114.06584167480469,712.6795043945312,231.7550048828125,392.80560302734375,-1,-1,-1,-1
67,5,-85.75630950927734,534.24951171875,311.8849182128906,472.2672119140625,-1,-1,-1,-1
68,5,91.15103912353516,515.5526123046875,377.2066955566406,459.25115966796875,-1,-1,-1,-1
69,5,341.5124206542969,465.80413818359375,326.9364318847656,398.99798583984375,-1,-1,-1,-1
70,5,430.16632080078125,453.887939453125,304.1556396484375,381.31103515625,-1,-1,-1,-1
71,5,437.80438232421875,463.16265869140625,302.980224609375,386.05328369140625,-1,-1,-1,-1
72,5,471.3416442871094,459.9827880859375,249.41806030273438,393.85009765625,-1,-1,-1,-1
73,5,474.820068359375,459.462646484375,258.4200439453125,395.9063720703125,-1,-1,-1,-1
74,5,447.4109802246094,453.3614807128906,283.5301208496094,415.4756774902344,-1,-1,-1,-1
75,5,454.7241516113281,470.653564453125,283.4431457519531,417.07275390625,-1,-1,-1,-1
76,5,463.22174072265625,485.4136657714844,272.8946533203125,449.4358215332031,-1,-1,-1,-1
77,5,450.5613098144531,514.5233764648438,306.9463195800781,445.66717529296875,-1,-1,-1,-1
78,5,384.39251708984375,534.9328002929688,397.1107177734375,422.693603515625,-1,-1,-1,-1
79,5,370.4381103515625,568.0053100585938,412.5220947265625,402.90216064453125,-1,-1,-1,-1
80,5,390.2190856933594,578.16650390625,359.0591735839844,406.8131103515625,-1,-1,-1,-1
81,5,431.29644775390625,537.0325317382812,275.59759521484375,434.29217529296875,-1,-1,-1,-1
82,5,423.7879943847656,539.4229736328125,259.3745422363281,423.257080078125,-1,-1,-1,-1
83,5,399.254638671875,514.434326171875,271.43011474609375,429.402587890625,-1,-1,-1,-1
84,5,379.99127197265625,520.3499145507812,279.26776123046875,407.931396484375,-1,-1,-1,-1
85,5,353.2030029296875,549.8966674804688,311.1639404296875,381.3150634765625,-1,-1,-1,-1
86,5,296.4863586425781,555.882568359375,354.8437194824219,383.31695556640625,-1,-1,-1,-1
87,5,195.07965087890625,584.9188842773438,388.04730224609375,401.922119140625,-1,-1,-1,-1
88,5,90.12272644042969,623.0789184570312,376.3636474609375,440.58270263671875,-1,-1,-1,-1
89,5,-67.53507995605469,648.930419921875,396.71710205078125,487.810546875,-1,-1,-1,-1
90,5,-162.93701171875,584.2803955078125,376.5388488769531,524.7574462890625,-1,-1,-1,-1
91,5,-183.44369506835938,511.81231689453125,370.638916015625,691.3209838867188,-1,-1,-1,-1
63,6,-150.0572967529297,611.6678466796875,316.3252258300781,510.34521484375,-1,-1,-1,-1
64,6,-168.99923706054688,621.3445434570312,341.08984375,535.9598999023438,-1,-1,-1,-1
93,7,1239.521484375,456.6507873535156,173.922119140625,379.2106018066406,-1,-1,-1,-1
94,7,1102.420166015625,476.890869140625,172.7626953125,343.58935546875,-1,-1,-1,-1
95,7,1004.0709228515625,477.6317443847656,161.55810546875,330.4277648925781,-1,-1,-1,-1
96,7,948.78271484375,480.33343505859375,164.289306640625,345.646484375,-1,-1,-1,-1
97,7,915.4522094726562,469.83795166015625,173.98333740234375,352.8638916015625,-1,-1,-1,-1
98,7,879.8716430664062,473.61712646484375,190.64630126953125,351.202880859375,-1,-1,-1,-1
99,7,897.0962524414062,461.6219787597656,214.57427978515625,357.0430603027344,-1,-1,-1,-1
100,7,970.3255004882812,421.9269104003906,239.67108154296875,373.2016906738281,-1,-1,-1,-1
101,7,1082.3564453125,401.3583984375,246.8232421875,401.170166015625,-1,-1,-1,-1
102,7,1184.1376953125,391.98992919921875,231.070556640625,432.77996826171875,-1,-1,-1,-1
103,7,1276.4361572265625,333.923583984375,206.2381591796875,473.3836669921875,-1,-1,-1,-1
104,7,1303.4345703125,324.2267761230469,211.82080078125,457.9259948730469,-1,-1,-1,-1
104,8,-115.88034057617188,491.64697265625,234.8061065673828,376.409912109375,-1,-1,-1,-1
105,8,-176.90924072265625,405.83721923828125,361.458740234375,436.45965576171875,-1,-1,-1,-1
106,8,-126.41432189941406,376.9382019042969,350.82745361328125,445.5160217285156,-1,-1,-1,-1
107,8,-116.9128189086914,373.5753173828125,378.38079833984375,440.2601318359375,-1,-1,-1,-1
108,8,-19.65678596496582,404.8251953125,329.7621154785156,400.974853515625,-1,-1,-1,-1
109,8,65.23985290527344,413.0087890625,328.9560546875,384.77984619140625,-1,-1,-1,-1
110,8,149.22085571289062,426.279296875,313.0252990722656,369.63330078125,-1,-1,-1,-1
111,8,178.7789306640625,426.03057861328125,309.13690185546875,370.92706298828125,-1,-1,-1,-1
112,8,159.66622924804688,422.7965087890625,314.7877502441406,389.14422607421875,-1,-1,-1,-1
113,8,70.90227508544922,412.58734130859375,339.5331726074219,409.33367919921875,-1,-1,-1,-1
114,8,-21.33218002319336,416.67950439453125,340.1538391113281,440.084228515625,-1,-1,-1,-1
115,8,-119.05162048339844,424.53643798828125,359.012939453125,472.8255615234375,-1,-1,-1,-1
116,8,-140.958740234375,448.0328674316406,357.1246643066406,500.5495300292969,-1,-1,-1,-1
117,8,-157.65194702148438,469.55224609375,346.50732421875,510.5888671875,-1,-1,-1,-1
118,8,-171.33493041992188,456.8481750488281,345.966796875,551.4488525390625,-1,-1,-1,-1
119,8,-175.46371459960938,445.54510498046875,353.96148681640625,604.5090942382812,-1,-1,-1,-1
120,8,-208.26820373535156,423.5003967285156,419.56561279296875,832.4456787109375,-1,-1,-1,-1
121,8,-324.3142395019531,265.2837829589844,651.6538696289062,1174.6810302734375,-1,-1,-1,-1
122,8,-322.2178955078125,298.77410888671875,647.4613037109375,1152.87060546875,-1,-1,-1,-1
123,8,-205.47592163085938,487.6492919921875,413.97412109375,594.3245849609375,-1,-1,-1,-1
124,8,-224.03053283691406,468.5608825683594,451.0849609375,686.64208984375,-1,-1,-1,-1
127,8,-235.7076873779297,340.74920654296875,474.4393310546875,929.5747680664062,-1,-1,-1,-1
128,8,-248.8402099609375,362.9103698730469,500.7030334472656,939.8311767578125,-1,-1,-1,-1
129,8,-272.8194580078125,257.2726745605469,548.6611328125,1135.460205078125,-1,-1,-1,-1
130,8,-250.21237182617188,295.2275390625,503.44580078125,1016.4976806640625,-1,-1,-1,-1
131,8,-199.36131286621094,316.0960998535156,401.75311279296875,774.21875,-1,-1,-1,-1
132,8,-6.555356025695801,350.564453125,255.0166778564453,712.0960693359375,-1,-1,-1,-1
133,8,121.56040954589844,342.6395263671875,262.4547119140625,693.298583984375,-1,-1,-1,-1
134,8,176.6321258544922,332.78009033203125,287.1993408203125,690.7811889648438,-1,-1,-1,-1
135,8,182.75743103027344,343.6019592285156,337.24945068359375,675.7894287109375,-1,-1,-1,-1
136,8,200.5913543701172,381.242431640625,305.9365234375,632.3804321289062,-1,-1,-1,-1
137,8,258.1030578613281,436.9996337890625,240.38577270507812,573.2468872070312,-1,-1,-1,-1
138,8,303.2099304199219,446.1133728027344,219.30294799804688,530.764892578125,-1,-1,-1,-1
139,8,298.4371032714844,436.7745361328125,244.07156372070312,522.5615844726562,-1,-1,-1,-1
140,8,282.34478759765625,396.912841796875,278.68353271484375,520.386962890625,-1,-1,-1,-1
141,8,294.25823974609375,389.37103271484375,302.35791015625,504.59716796875,-1,-1,-1,-1
142,8,303.9538879394531,416.18646240234375,278.0679626464844,450.37811279296875,-1,-1,-1,-1
143,8,304.8352966308594,435.9158935546875,240.29556274414062,437.9705810546875,-1,-1,-1,-1
144,8,300.3507385253906,452.9178771972656,209.59457397460938,432.6025085449219,-1,-1,-1,-1
145,8,296.4146423339844,476.18316650390625,249.70211791992188,429.3775634765625,-1,-1,-1,-1
146,8,275.265869140625,500.6846923828125,265.091064453125,432.31378173828125,-1,-1,-1,-1
147,8,241.123291015625,515.9556884765625,258.7244873046875,437.1640625,-1,-1,-1,-1
148,8,208.40567016601562,499.8338317871094,256.543701171875,455.4599304199219,-1,-1,-1,-1
149,8,161.38882446289062,470.1445617675781,266.4690856933594,481.5937194824219,-1,-1,-1,-1
150,8,95.9653091430664,431.2784423828125,288.3569641113281,430.0906982421875,-1,-1,-1,-1
151,8,26.286659240722656,433.14019775390625,330.1261291503906,434.26153564453125,-1,-1,-1,-1
152,8,-5.2183837890625,440.0630798339844,344.21917724609375,570.5565185546875,-1,-1,-1,-1
153,8,-4.094020843505859,473.36798095703125,310.3302307128906,577.0769653320312,-1,-1,-1,-1
154,8,-53.31962203979492,499.05963134765625,316.33270263671875,469.77984619140625,-1,-1,-1,-1
155,8,-154.86126708984375,555.5399169921875,382.83453369140625,462.0850830078125,-1,-1,-1,-1
156,8,-168.83839416503906,559.9691162109375,347.123291015625,490.3902587890625,-1,-1,-1,-1
157,8,-187.9034881591797,517.14013671875,378.8287048339844,556.727783203125,-1,-1,-1,-1
158,8,-134.85145568847656,492.47845458984375,273.23382568359375,550.8070678710938,-1,-1,-1,-1
117,9,1274.5096435546875,460.20849609375,189.6068115234375,349.70489501953125,-1,-1,-1,-1
118,9,1251.173583984375,477.4884338378906,193.092041015625,362.6868591308594,-1,-1,-1,-1
119,9,1258.0130615234375,490.6339416503906,180.79345703125,381.4742126464844,-1,-1,-1,-1
120,9,1255.8836669921875,506.392822265625,184.19580078125,391.7325439453125,-1,-1,-1,-1
121,9,1211.8631591796875,506.3164367675781,202.44970703125,382.6255187988281,-1,-1,-1,-1
122,9,1140.9332275390625,518.9453125,218.1380615234375,370.3526611328125,-1,-1,-1,-1
123,9,1082.69482421875,525.1663818359375,226.949951171875,356.666259765625,-1,-1,-1,-1
124,9,1019.7803955078125,493.75140380859375,228.119384765625,348.8675537109375,-1,-1,-1,-1
125,9,990.095458984375,466.311767578125,221.7376708984375,351.65203857421875,-1,-1,-1,-1
126,9,956.8584594726562,425.15704345703125,215.29168701171875,351.92083740234375,-1,-1,-1,-1
127,9,926.7713012695312,393.9126281738281,205.34136962890625,355.0324401855469,-1,-1,-1,-1
128,9,877.5492553710938,363.0026550292969,199.13067626953125,352.8325500488281,-1,-1,-1,-1
129,9,847.1651611328125,348.52740478515625,187.8026123046875,352.30120849609375,-1,-1,-1,-1
130,9,864.3345947265625,350.8006591796875,185.7611083984375,358.76422119140625,-1,-1,-1,-1
131,9,911.0643310546875,356.57818603515625,197.187744140625,367.39923095703125,-1,-1,-1,-1
132,9,973.9273071289062,372.77996826171875,208.31011962890625,368.38250732421875,-1,-1,-1,-1
133,9,1027.5833740234375,390.5667724609375,225.558837890625,370.88531494140625,-1,-1,-1,-1
134,9,1061.3572998046875,398.3575439453125,231.9832763671875,372.981201171875,-1,-1,-1,-1
135,9,1048.8345947265625,403.43927001953125,226.9481201171875,372.66357421875,-1,-1,-1,-1
136,9,1006.7020263671875,421.0852355957031,223.505859375,372.6018981933594,-1,-1,-1,-1
137,9,971.3469848632812,453.4621887207031,233.86480712890625,370.4520568847656,-1,-1,-1,-1
138,9,940.951171875,454.6336669921875,242.7457275390625,358.091796875,-1,-1,-1,-1
139,9,923.7874755859375,462.8466796875,243.1910400390625,338.917724609375,-1,-1,-1,-1
140,9,893.642822265625,451.40899658203125,229.4571533203125,319.65509033203125,-1,-1,-1,-1
141,9,882.571533203125,464.1790466308594,211.7303466796875,302.2721252441406,-1,-1,-1,-1
142,9,868.0108642578125,479.32391357421875,199.50146484375,287.74578857421875,-1,-1,-1,-1
143,9,835.110107421875,488.2709045410156,200.6341552734375,280.6523132324219,-1,-1,-1,-1
144,9,810.5466918945312,488.6968994140625,211.9908447265625,279.85223388671875,-1,-1,-1,-1
145,9,787.4478759765625,494.1046447753906,235.53265380859375,283.5119934082031,-1,-1,-1,-1
146,9,759.3950805664062,500.7159118652344,254.02569580078125,290.0948181152344,-1,-1,-1,-1
147,9,725.890869140625,502.02886962890625,273.4107666015625,293.65338134765625,-1,-1,-1,-1
148,9,718.0579833984375,502.61273193359375,275.153564453125,294.96527099609375,-1,-1,-1,-1
149,9,730.1658935546875,482.38446044921875,253.588623046875,300.54876708984375,-1,-1,-1,-1
150,9,718.2503051757812,464.412109375,236.97821044921875,302.28436279296875,-1,-1,-1,-1
151,9,692.1193237304688,453.60845947265625,239.15948486328125,360.20208740234375,-1,-1,-1,-1
152,9,679.3250122070312,451.3041076660156,259.95404052734375,403.1367492675781,-1,-1,-1,-1
153,9,686.4143676757812,480.50665283203125,272.8729248046875,446.2626953125,-1,-1,-1,-1
154,9,717.7628173828125,480.9042053222656,245.41851806640625,468.3019714355469,-1,-1,-1,-1
155,9,739.05322265625,473.8033752441406,261.419189453125,491.0218200683594,-1,-1,-1,-1
156,9,731.299072265625,471.98809814453125,317.46044921875,502.0142822265625,-1,-1,-1,-1
157,9,696.4552001953125,489.29669189453125,397.976318359375,602.7680053710938,-1,-1,-1,-1
158,9,645.92431640625,524.4634399414062,482.87158203125,684.9490356445312,-1,-1,-1,-1
159,9,605.1082153320312,565.0521850585938,540.5557250976562,724.0995483398438,-1,-1,-1,-1
160,9,637.6705932617188,538.5217895507812,495.27398681640625,766.6244506835938,-1,-1,-1,-1
161,9,664.7470092773438,488.8993835449219,417.22076416015625,837.5748291015625,-1,-1,-1,-1
162,9,666.5557250976562,427.0412902832031,573.4415893554688,944.60400390625,-1,-1,-1,-1
163,9,629.608154296875,336.7486572265625,653.3709716796875,1057.697021484375,-1,-1,-1,-1
164,9,643.5923461914062,295.458251953125,734.3717651367188,1055.488037109375,-1,-1,-1,-1
165,9,766.6321411132812,240.244873046875,665.0609741210938,1093.5924072265625,-1,-1,-1,-1
166,9,997.7982177734375,293.3760681152344,466.2445068359375,1046.6763916015625,-1,-1,-1,-1
149,10,822.1458740234375,502.36932373046875,24.9156494140625,51.13140869140625,-1,-1,-1,-1
150,10,788.0026245117188,479.59454345703125,27.25103759765625,47.29376220703125,-1,-1,-1,-1
151,10,749.7719116210938,486.75140380859375,24.6851806640625,47.39715576171875,-1,-1,-1,-1
152,10,724.608154296875,502.4781188964844,25.0369873046875,48.630218505859375,-1,-1,-1,-1
153,10,715.16552734375,545.2598266601562,23.7608642578125,47.8070068359375,-1,-1,-1,-1
154,10,680.996337890625,557.95947265625,22.50885009765625,44.03118896484375,-1,-1,-1,-1
155,10,641.084716796875,563.633056640625,25.37078857421875,44.9654541015625,-1,-1,-1,-1
156,10,619.9786376953125,559.1866455078125,25.90826416015625,45.923828125,-1,-1,-1,-1
157,10,613.6837158203125,558.6541748046875,24.2392578125,43.86602783203125,-1,-1,-1,-1
158,10,578.8821411132812,573.509521484375,24.9327392578125,43.07269287109375,-1,-1,-1,-1
159,10,557.0021362304688,593.1251831054688,23.37835693359375,43.85791015625,-1,-1,-1,-1
160,10,563.1760864257812,572.0751342773438,22.59857177734375,44.1119384765625,-1,-1,-1,-1
161,10,548.50439453125,576.7645874023438,22.453125,44.9632568359375,-1,-1,-1,-1
162,10,543.939697265625,587.679931640625,22.7113037109375,42.760498046875,-1,-1,-1,-1
163,10,557.2730712890625,578.9389038085938,25.628662109375,45.32989501953125,-1,-1,-1,-1
164,10,597.0851440429688,582.3719482421875,26.410888671875,45.873046875,-1,-1,-1,-1
165,10,855.5540771484375,533.802978515625,96.220947265625,66.26934814453125,-1,-1,-1,-1
171,10,802.373046875,511.7767333984375,70.5555419921875,100.3587646484375,-1,-1,-1,-1
172,10,913.2267456054688,496.1898193359375,50.32476806640625,105.93389892578125,-1,-1,-1,-1
173,10,1008.9515991210938,465.3981018066406,64.73907470703125,108.05313110351562,-1,-1,-1,-1
150,11,113.9300537109375,434.3795471191406,270.9939270019531,413.0787048339844,-1,-1,-1,-1
167,12,-90.48934173583984,534.54931640625,286.60565185546875,352.41644287109375,-1,-1,-1,-1
168,12,-1.7288093566894531,553.7452392578125,421.5160217285156,287.99346923828125,-1,-1,-1,-1
169,12,144.7017822265625,580.0360107421875,409.0460205078125,270.04754638671875,-1,-1,-1,-1
170,12,223.23748779296875,599.3170776367188,395.70477294921875,307.73040771484375,-1,-1,-1,-1
171,12,328.2452087402344,580.692138671875,325.4721984863281,273.4378662109375,-1,-1,-1,-1
172,12,388.5220947265625,554.711181640625,279.98907470703125,273.74530029296875,-1,-1,-1,-1
173,12,429.7926330566406,544.0208740234375,280.3269958496094,278.29290771484375,-1,-1,-1,-1
174,12,499.8496398925781,537.6828002929688,269.5933532714844,299.87908935546875,-1,-1,-1,-1
175,12,512.51708984375,530.9208984375,299.1168212890625,335.50067138671875,-1,-1,-1,-1
176,12,514.7598876953125,561.1171875,285.25152587890625,338.82049560546875,-1,-1,-1,-1
177,12,523.5797119140625,606.1946411132812,256.85980224609375,324.3626708984375,-1,-1,-1,-1
178,12,529.3082275390625,632.6021728515625,224.4586181640625,324.80328369140625,-1,-1,-1,-1
179,12,541.9752197265625,607.6502075195312,235.81475830078125,344.661865234375,-1,-1,-1,-1
180,12,556.5018310546875,577.9659423828125,232.55517578125,380.76348876953125,-1,-1,-1,-1
181,12,559.6956787109375,570.3413696289062,206.944580078125,405.95025634765625,-1,-1,-1,-1
182,12,576.89599609375,552.130126953125,216.22967529296875,369.7489013671875,-1,-1,-1,-1
183,12,574.059326171875,533.9611206054688,211.78314208984375,408.2242431640625,-1,-1,-1,-1
184,12,559.3275146484375,560.5,215.62835693359375,424.20452880859375,-1,-1,-1,-1
185,12,496.6559753417969,586.3831787109375,277.2922058105469,425.641845703125,-1,-1,-1,-1
186,12,487.4126281738281,587.211181640625,277.8935852050781,444.1748046875,-1,-1,-1,-1
187,12,531.618896484375,564.1663208007812,244.21240234375,464.68572998046875,-1,-1,-1,-1
188,12,554.32958984375,551.4635009765625,232.55731201171875,490.8433837890625,-1,-1,-1,-1
189,12,581.48388671875,535.9286499023438,232.88824462890625,507.66082763671875,-1,-1,-1,-1
190,12,604.5263061523438,496.98779296875,253.96826171875,496.0242919921875,-1,-1,-1,-1
191,12,599.6735229492188,501.35137939453125,307.34234619140625,497.34814453125,-1,-1,-1,-1
192,12,605.6947631835938,509.4345397949219,350.2664794921875,519.62939453125,-1,-1,-1,-1
193,12,621.6763916015625,522.515380859375,349.630615234375,538.9552001953125,-1,-1,-1,-1
194,12,606.8118896484375,529.7507934570312,359.8271484375,555.9406127929688,-1,-1,-1,-1
195,12,590.4752197265625,534.723876953125,351.291259765625,576.3531494140625,-1,-1,-1,-1
196,12,574.611572265625,524.9016723632812,343.82855224609375,571.9031372070312,-1,-1,-1,-1
197,12,535.3101806640625,507.4203796386719,332.9422607421875,530.4176025390625,-1,-1,-1,-1
198,12,500.839599609375,482.7791442871094,322.0091552734375,532.0489501953125,-1,-1,-1,-1
199,12,472.105224609375,537.01416015625,315.64837646484375,555.64990234375,-1,-1,-1,-1
200,12,458.9140319824219,573.1732177734375,327.5872497558594,564.3314208984375,-1,-1,-1,-1
201,12,452.38555908203125,598.8723754882812,333.87969970703125,551.8629760742188,-1,-1,-1,-1
202,12,441.5238037109375,614.5079956054688,348.74176025390625,527.5005493164062,-1,-1,-1,-1
203,12,418.17218017578125,649.8079833984375,380.5655517578125,516.640625,-1,-1,-1,-1
204,12,382.3611755371094,652.8278198242188,424.4922790527344,512.5708618164062,-1,-1,-1,-1
205,12,321.6973571777344,619.408935546875,500.4696350097656,530.0015869140625,-1,-1,-1,-1
206,12,232.998779296875,579.1669921875,621.51806640625,568.286865234375,-1,-1,-1,-1
207,12,122.15223693847656,564.0985107421875,766.00927734375,634.85498046875,-1,-1,-1,-1
208,12,37.82195281982422,496.66119384765625,823.8419799804688,719.3818969726562,-1,-1,-1,-1
209,12,2.4799461364746094,438.54779052734375,801.7260131835938,797.7473754882812,-1,-1,-1,-1
210,12,-14.875904083251953,402.70928955078125,790.3807373046875,1007.1465454101562,-1,-1,-1,-1
211,12,-30.800567626953125,393.9240417480469,818.5,1020.5401611328125,-1,-1,-1,-1
212,12,-14.674613952636719,424.0443420410156,793.3790893554688,989.5224609375,-1,-1,-1,-1
213,12,13.32645034790039,445.6114196777344,737.9894409179688,966.2178955078125,-1,-1,-1,-1
214,12,12.65170669555664,465.56640625,719.955810546875,945.5472412109375,-1,-1,-1,-1
215,12,-27.649749755859375,458.376953125,811.899658203125,960.051025390625,-1,-1,-1,-1
216,12,-33.37818908691406,441.0681457519531,871.4259033203125,971.269287109375,-1,-1,-1,-1
217,12,5.470680236816406,436.1385803222656,854.660888671875,955.73681640625,-1,-1,-1,-1
218,12,68.01408386230469,454.6438903808594,715.9563598632812,796.5145263671875,-1,-1,-1,-1
219,12,188.06082153320312,471.8641052246094,636.9764404296875,806.184326171875,-1,-1,-1,-1
220,12,313.1392822265625,498.3817443847656,495.25787353515625,724.8505859375,-1,-1,-1,-1
176,13,64.7708740234375,827.7529296875,39.225914001464844,63.65447998046875,-1,-1,-1,-1
177,13,114.01058197021484,842.9985961914062,40.747962951660156,69.72198486328125,-1,-1,-1,-1
178,13,152.95167541503906,821.5050048828125,33.6976318359375,66.05413818359375,-1,-1,-1,-1
179,13,193.70790100097656,776.373291015625,41.39796447753906,72.13189697265625,-1,-1,-1,-1
180,13,239.798828125,746.2390747070312,36.057586669921875,65.94091796875,-1,-1,-1,-1
181,13,282.10052490234375,736.15185546875,31.707000732421875,67.482177734375,-1,-1,-1,-1
182,13,322.8264465332031,708.6510009765625,29.018890380859375,66.8626708984375,-1,-1,-1,-1
183,13,355.448974609375,671.093017578125,32.232147216796875,65.00341796875,-1,-1,-1,-1
184,13,378.8652038574219,666.5211181640625,29.403533935546875,67.3154296875,-1,-1,-1,-1
185,13,400.2080993652344,659.7410888671875,28.40155029296875,62.243896484375,-1,-1,-1,-1
184,14,223.21939086914062,681.5543823242188,29.983352661132812,68.3023681640625,-1,-1,-1,-1
185,14,397.73345947265625,659.1360473632812,33.79705810546875,61.93084716796875,-1,-1,-1,-1
186,14,405.1222229003906,654.2787475585938,28.0526123046875,66.6234130859375,-1,-1,-1,-1
187,14,424.89422607421875,632.8461303710938,28.862213134765625,65.30181884765625,-1,-1,-1,-1
188,14,434.5633239746094,624.4283447265625,29.83447265625,67.9549560546875,-1,-1,-1,-1
189,14,454.0740051269531,614.58740234375,32.535797119140625,69.9793701171875,-1,-1,-1,-1
190,14,485.3849182128906,580.5028076171875,32.245941162109375,67.9466552734375,-1,-1,-1,-1
191,14,499.4887390136719,596.0072631835938,30.793304443359375,66.6578369140625,-1,-1,-1,-1
192,14,528.2752685546875,592.8197631835938,30.45281982421875,66.49163818359375,-1,-1,-1,-1
193,14,555.1963500976562,598.5042724609375,32.57586669921875,66.89959716796875,-1,-1,-1,-1
194,14,563.2513427734375,596.7883911132812,27.2890625,67.15447998046875,-1,-1,-1,-1
195,14,558.8980102539062,597.8848876953125,29.892578125,71.599365234375,-1,-1,-1,-1
196,14,546.576171875,601.2697143554688,30.01507568359375,71.96856689453125,-1,-1,-1,-1
197,14,509.28759765625,606.8959350585938,29.18798828125,64.47698974609375,-1,-1,-1,-1
198,14,473.62078857421875,601.388916015625,32.00933837890625,74.90716552734375,-1,-1,-1,-1
199,14,445.5262451171875,660.515869140625,30.96710205078125,70.60491943359375,-1,-1,-1,-1
200,14,417.2149658203125,686.327880859375,36.60101318359375,76.0291748046875,-1,-1,-1,-1
201,14,398.48309326171875,687.238525390625,46.354949951171875,85.5628662109375,-1,-1,-1,-1
202,14,391.0085754394531,665.2666625976562,57.7542724609375,90.88958740234375,-1,-1,-1,-1
203,14,391.7841796875,679.5025024414062,58.422515869140625,92.84820556640625,-1,-1,-1,-1
204,14,404.8151550292969,682.2074584960938,41.99468994140625,78.77392578125,-1,-1,-1,-1
209,14,17.918609619140625,459.94140625,756.3480224609375,625.57861328125,-1,-1,-1,-1
210,14,12.435646057128906,416.4433288574219,755.1047973632812,844.99072265625,-1,-1,-1,-1
197,15,339.00482177734375,621.1016845703125,38.50750732421875,72.78363037109375,-1,-1,-1,-1
198,15,299.6290588378906,624.1876831054688,38.541748046875,71.8544921875,-1,-1,-1,-1
199,15,267.01312255859375,687.705810546875,41.1536865234375,74.77215576171875,-1,-1,-1,-1
200,15,239.94017028808594,732.2760009765625,45.63706970214844,74.118896484375,-1,-1,-1,-1
201,15,221.738525390625,748.0835571289062,51.43670654296875,74.83258056640625,-1,-1,-1,-1
202,15,216.96463012695312,743.1018676757812,52.9024658203125,78.66552734375,-1,-1,-1,-1
204,15,222.6429443359375,736.82421875,55.278228759765625,78.61248779296875,-1,-1,-1,-1
205,15,254.3564453125,697.537353515625,50.34796142578125,73.8480224609375,-1,-1,-1,-1
206,15,221.61749267578125,690.46728515625,47.2479248046875,80.65875244140625,-1,-1,-1,-1
219,16,-70.82017517089844,351.56500244140625,242.1249542236328,563.7310180664062,-1,-1,-1,-1
220,16,8.657763481140137,353.33123779296875,261.943359375,554.5578002929688,-1,-1,-1,-1
