1,1,592.348388671875,477.3581848144531,247.10296630859375,403.5503234863281,-1,-1,-1,-1
2,1,594.0736083984375,476.72808837890625,251.88751220703125,408.66082763671875,-1,-1,-1,-1
3,1,608.4492797851562,477.8604431152344,256.0206298828125,417.4356994628906,-1,-1,-1,-1
4,1,610.9236450195312,479.6980895996094,263.42962646484375,427.9607849121094,-1,-1,-1,-1
5,1,599.9163818359375,478.8377685546875,276.1968994140625,431.24945068359375,-1,-1,-1,-1
6,1,593.4483642578125,465.02972412109375,256.53448486328125,424.9049072265625,-1,-1,-1,-1
7,1,578.2791137695312,447.8744201660156,225.58062744140625,423.0112609863281,-1,-1,-1,-1
8,1,574.1170043945312,452.7355041503906,216.8753662109375,440.1344299316406,-1,-1,-1,-1
9,1,570.931640625,450.356201171875,210.1968994140625,444.732666015625,-1,-1,-1,-1
10,1,557.9661254882812,448.0010070800781,210.920166015625,435.4374694824219,-1,-1,-1,-1
11,1,522.1034545898438,466.2631530761719,237.325927734375,424.5996398925781,-1,-1,-1,-1
12,1,466.560546875,472.28900146484375,284.7457275390625,419.103515625,-1,-1,-1,-1
13,1,444.480712890625,479.5187683105469,305.1722412109375,413.6000671386719,-1,-1,-1,-1
14,1,462.583740234375,483.0716552734375,309.7017822265625,416.2974853515625,-1,-1,-1,-1
15,1,447.9761962890625,469.1806945800781,354.31201171875,434.0370788574219,-1,-1,-1,-1
16,1,423.0091857910156,447.9920654296875,417.6933898925781,457.9627685546875,-1,-1,-1,-1
17,1,391.7778625488281,441.8353271484375,432.2098083496094,472.9664306640625,-1,-1,-1,-1
18,1,363.306640625,436.4075012207031,424.1444091796875,488.5528259277344,-1,-1,-1,-1
19,1,368.7413024902344,415.03692626953125,403.8877868652344,513.2003173828125,-1,-1,-1,-1
20,1,376.9456481933594,403.2470397949219,347.3741760253906,523.33154296875,-1,-1,-1,-1
21,1,375.697265625,441.3293151855469,324.423095703125,525.7967529296875,-1,-1,-1,-1
22,1,392.3215637207031,437.0487976074219,346.9677429199219,519.079345703125,-1,-1,-1,-1
23,1,405.72332763671875,434.00732421875,377.29718017578125,519.166015625,-1,-1,-1,-1
24,1,398.5433044433594,440.6804504394531,431.7549133300781,538.146240234375,-1,-1,-1,-1
25,1,425.9185485839844,448.4378356933594,436.3399353027344,532.859130859375,-1,-1,-1,-1
26,1,399.025146484375,430.3250427246094,447.93536376953125,533.1854248046875,-1,-1,-1,-1
27,1,410.5839538574219,447.4547119140625,404.3146057128906,512.3311767578125,-1,-1,-1,-1
28,1,406.4422912597656,413.4228210449219,392.9480895996094,542.99853515625,-1,-1,-1,-1
29,1,408.8678894042969,386.5712585449219,435.9488830566406,570.283935546875,-1,-1,-1,-1
30,1,326.862548828125,346.8232727050781,554.7408447265625,607.764892578125,-1,-1,-1,-1
31,1,354.71160888671875,326.5869445800781,548.5601196289062,635.7371826171875,-1,-1,-1,-1
32,1,379.9913330078125,326.52728271484375,513.6077880859375,642.3764038085938,-1,-1,-1,-1
33,1,403.835693359375,340.98138427734375,416.99041748046875,656.7781372070312,-1,-1,-1,-1
34,1,403.01629638671875,336.74371337890625,467.36260986328125,687.21923828125,-1,-1,-1,-1
35,1,455.35009765625,333.78302001953125,491.879638671875,719.2800903320312,-1,-1,-1,-1
36,1,510.9945373535156,342.2123718261719,477.7121276855469,730.5096435546875,-1,-1,-1,-1
37,1,504.61224365234375,386.9004211425781,479.772705078125,708.207763671875,-1,-1,-1,-1
38,1,326.3713684082031,360.97943115234375,532.13671875,769.6757202148438,-1,-1,-1,-1
39,1,394.62359619140625,469.45111083984375,464.62542724609375,642.0609741210938,-1,-1,-1,-1
40,1,290.7090148925781,530.6380004882812,563.026611328125,566.6599731445312,-1,-1,-1,-1
41,1,209.36279296875,546.0234985351562,647.1377563476562,532.2278442382812,-1,-1,-1,-1
42,1,216.76275634765625,545.7890625,716.13525390625,514.899658203125,-1,-1,-1,-1
43,1,159.125,545.222412109375,769.8915405273438,498.4151611328125,-1,-1,-1,-1
44,1,140.8957977294922,517.517822265625,789.3310546875,634.6973876953125,-1,-1,-1,-1
45,1,133.93020629882812,386.6295166015625,808.615234375,1012.4937744140625,-1,-1,-1,-1
46,1,120.93694305419922,351.04595947265625,817.6820068359375,1055.87939453125,-1,-1,-1,-1
47,1,35.111942291259766,269.2897033691406,921.7470092773438,1115.7193603515625,-1,-1,-1,-1
48,1,146.61231994628906,192.68316650390625,847.554443359375,1097.637939453125,-1,-1,-1,-1
49,1,355.2840576171875,110.7879638671875,704.2342529296875,1051.1458740234375,-1,-1,-1,-1
1,2,91.45285034179688,497.8056945800781,220.7467041015625,359.6473083496094,-1,-1,-1,-1
2,2,83.38580322265625,493.98028564453125,238.02627563476562,356.74407958984375,-1,-1,-1,-1
3,2,72.98731994628906,490.46307373046875,261.35015869140625,360.1417236328125,-1,-1,-1,-1
4,2,56.22905731201172,488.8494873046875,255.86383056640625,366.9190673828125,-1,-1,-1,-1
5,2,43.937889099121094,482.35638427734375,231.06442260742188,374.3499755859375,-1,-1,-1,-1
6,2,44.17035675048828,458.5866394042969,224.06607055664062,390.3486633300781,-1,-1,-1,-1
7,2,30.960779190063477,460.44549560546875,225.38987731933594,391.11029052734375,-1,-1,-1,-1
8,2,27.21021270751953,469.65289306640625,231.9918212890625,391.5213623046875,-1,-1,-1,-1
9,2,22.390182495117188,472.58038330078125,242.07591247558594,391.87646484375,-1,-1,-1,-1
10,2,14.459625244140625,478.7106628417969,246.07345581054688,403.2325744628906,-1,-1,-1,-1
11,2,11.994691848754883,490.31317138671875,243.32403564453125,414.655029296875,-1,-1,-1,-1
12,2,8.114936828613281,483.18145751953125,232.10369873046875,422.689208984375,-1,-1,-1,-1
13,2,1.5354728698730469,479.6755676269531,241.74240112304688,414.5798645019531,-1,-1,-1,-1
14,2,-4.214167594909668,474.4473876953125,271.560546875,408.60601806640625,-1,-1,-1,-1
15,2,-23.531139373779297,460.8013916015625,318.4237060546875,406.59881591796875,-1,-1,-1,-1
16,2,-11.011297225952148,438.9435119628906,333.901611328125,410.7835998535156,-1,-1,-1,-1
17,2,-10.442538261413574,422.86962890625,363.2375183105469,414.09112548828125,-1,-1,-1,-1
18,2,-5.678168296813965,422.8471374511719,363.00787353515625,416.7903747558594,-1,-1,-1,-1
19,2,-11.997018814086914,413.15313720703125,386.0992431640625,423.69476318359375,-1,-1,-1,-1
20,2,6.286037445068359,417.764404296875,363.6866149902344,433.86676025390625,-1,-1,-1,-1
21,2,54.693397521972656,455.35333251953125,303.6631164550781,426.49566650390625,-1,-1,-1,-1
22,2,121.30178833007812,442.00140380859375,280.2590637207031,428.55633544921875,-1,-1,-1,-1
23,2,169.5207061767578,430.2108154296875,284.75244140625,429.01104736328125,-1,-1,-1,-1
24,2,194.2858428955078,424.92718505859375,325.7664794921875,442.76361083984375,-1,-1,-1,-1
25,2,214.61326599121094,414.1346740722656,340.6341552734375,438.7267761230469,-1,-1,-1,-1
26,2,235.79869079589844,400.62396240234375,380.9422607421875,432.34149169921875,-1,-1,-1,-1
27,2,255.751220703125,420.8522644042969,305.53582763671875,398.3269958496094,-1,-1,-1,-1
28,2,277.8362121582031,415.2646484375,341.3230895996094,404.81719970703125,-1,-1,-1,-1
29,2,295.7577819824219,391.7035217285156,366.0787048339844,445.5091247558594,-1,-1,-1,-1
30,2,322.6630859375,361.5888671875,383.13006591796875,485.2283935546875,-1,-1,-1,-1
31,2,357.805419921875,347.6197814941406,379.885009765625,504.0102233886719,-1,-1,-1,-1
32,2,351.48773193359375,342.59869384765625,379.72491455078125,523.1703491210938,-1,-1,-1,-1
33,2,372.3444519042969,376.27313232421875,361.7832946777344,499.70941162109375,-1,-1,-1,-1
34,2,415.77734375,352.0867004394531,353.86566162109375,520.510498046875,-1,-1,-1,-1
35,2,464.11968994140625,347.933349609375,365.20086669921875,594.5227661132812,-1,-1,-1,-1
36,2,509.33062744140625,357.9305725097656,373.01263427734375,627.01123046875,-1,-1,-1,-1
37,2,517.561767578125,381.1257629394531,366.52105712890625,644.0841064453125,-1,-1,-1,-1
1,3,413.3852844238281,478.589599609375,124.74472045898438,267.90301513671875,-1,-1,-1,-1
2,3,436.79461669921875,474.8782043457031,109.2716064453125,266.2570495605469,-1,-1,-1,-1
3,3,459.3170166015625,471.18218994140625,99.9305419921875,271.82171630859375,-1,-1,-1,-1
4,3,476.00396728515625,472.6851806640625,103.75238037109375,274.06396484375,-1,-1,-1,-1
5,3,496.7097473144531,474.7199401855469,124.26846313476562,275.6109924316406,-1,-1,-1,-1
6,3,515.7816162109375,472.9527282714844,109.287109375,274.1853332519531,-1,-1,-1,-1
7,3,525.8289794921875,472.0769348144531,93.11639404296875,272.9009094238281,-1,-1,-1,-1
8,3,543.8317260742188,511.67376708984375,96.40203857421875,248.48797607421875,-1,-1,-1,-1
9,3,554.165771484375,494.44256591796875,97.39678955078125,263.550048828125,-1,-1,-1,-1
10,3,556.69775390625,481.92877197265625,98.82720947265625,270.9736328125,-1,-1,-1,-1
11,3,554.3699340820312,495.540771484375,110.38897705078125,262.77996826171875,-1,-1,-1,-1
12,3,567.8558959960938,478.927734375,107.60052490234375,272.89215087890625,-1,-1,-1,-1
14,3,558.6856689453125,485.6158447265625,188.0782470703125,308.87957763671875,-1,-1,-1,-1
15,3,595.095947265625,479.5578308105469,195.59765625,302.0271301269531,-1,-1,-1,-1
16,3,636.4356689453125,466.8124694824219,194.86083984375,309.8022155761719,-1,-1,-1,-1
17,3,675.3731689453125,467.47247314453125,182.68341064453125,313.48284912109375,-1,-1,-1,-1
18,3,694.7897338867188,471.5303955078125,172.82562255859375,314.69488525390625,-1,-1,-1,-1
19,3,730.8114013671875,461.2244873046875,161.02099609375,323.8662109375,-1,-1,-1,-1
20,3,768.76220703125,471.9665832519531,153.92657470703125,311.7862854003906,-1,-1,-1,-1
21,3,811.1239013671875,487.44805908203125,151.2781982421875,339.74090576171875,-1,-1,-1,-1
22,3,864.7255249023438,467.8878173828125,161.072998046875,355.50433349609375,-1,-1,-1,-1
23,3,928.4454956054688,457.2156982421875,175.34210205078125,367.14422607421875,-1,-1,-1,-1
24,3,995.2293090820312,470.8517761230469,195.42437744140625,387.6827697753906,-1,-1,-1,-1
25,3,1073.3355712890625,475.25091552734375,225.3231201171875,414.51251220703125,-1,-1,-1,-1
26,3,1166.9346923828125,506.2283630371094,261.023681640625,437.4595031738281,-1,-1,-1,-1
27,3,1250.591552734375,472.2207336425781,252.072265625,459.0877380371094,-1,-1,-1,-1
28,3,1237.167236328125,447.04437255859375,344.6436767578125,538.8768920898438,-1,-1,-1,-1
39,4,567.9940795898438,330.3631591796875,269.1103515625,474.46917724609375,-1,-1,-1,-1
40,4,567.0701904296875,329.9389343261719,272.2529296875,473.1234436035156,-1,-1,-1,-1
41,4,570.4835815429688,351.03253173828125,313.48162841796875,457.12335205078125,-1,-1,-1,-1
42,4,545.2300415039062,355.8990783691406,257.31329345703125,469.4709777832031,-1,-1,-1,-1
43,4,626.7686767578125,365.43292236328125,166.67041015625,458.1900634765625,-1,-1,-1,-1
44,4,628.7015991210938,367.0599365234375,179.6229248046875,477.277587890625,-1,-1,-1,-1
45,4,514.5340576171875,361.1809387207031,426.08514404296875,554.4140625,-1,-1,-1,-1
46,4,475.11431884765625,356.3658752441406,472.66998291015625,548.6109619140625,-1,-1,-1,-1
47,4,333.091064453125,276.0295715332031,629.9229736328125,748.9073486328125,-1,-1,-1,-1
48,4,387.51849365234375,200.3145751953125,609.61181640625,997.2337646484375,-1,-1,-1,-1
49,4,474.8708190917969,115.36955261230469,574.54736328125,1050.09521484375,-1,-1,-1,-1
50,4,529.4943237304688,106.7379150390625,555.7832641601562,1003.8262939453125,-1,-1,-1,-1
51,4,532.8470458984375,116.82113647460938,570.592041015625,1001.4998779296875,-1,-1,-1,-1
52,4,541.152587890625,152.36703491210938,594.3515625,1009.3912353515625,-1,-1,-1,-1
53,4,624.2545776367188,170.5360565185547,551.0883178710938,1028.186279296875,-1,-1,-1,-1
54,4,648.5421142578125,139.00421142578125,588.4522705078125,1077.597412109375,-1,-1,-1,-1
55,4,629.1729125976562,128.9046630859375,656.0851440429688,1100.41259765625,-1,-1,-1,-1
56,4,668.8984375,123.25738525390625,674.705810546875,1132.748779296875,-1,-1,-1,-1
57,4,727.9322509765625,121.63522338867188,668.675048828125,1175.56494140625,-1,-1,-1,-1
58,4,705.2361450195312,267.8026123046875,704.7431030273438,1071.723388671875,-1,-1,-1,-1
59,4,637.1083984375,241.3952178955078,771.85888671875,1165.90625,-1,-1,-1,-1
60,4,424.3088684082031,286.7849426269531,1040.9783935546875,1131.63232421875,-1,-1,-1,-1
44,5,551.4166259765625,434.14886474609375,27.61529541015625,49.22705078125,-1,-1,-1,-1
45,5,653.4671020507812,463.00537109375,143.8260498046875,124.77490234375,-1,-1,-1,-1
46,5,504.1395568847656,360.7110595703125,441.5287170410156,399.79730224609375,-1,-1,-1,-1
47,5,432.84063720703125,277.2703857421875,539.5853271484375,537.0081787109375,-1,-1,-1,-1
48,5,447.54400634765625,207.33670043945312,552.0294189453125,763.9283447265625,-1,-1,-1,-1
49,5,559.8023071289062,144.4232177734375,488.73504638671875,825.7491455078125,-1,-1,-1,-1
52,6,563.9173583984375,431.2475280761719,258.4661865234375,441.4220275878906,-1,-1,-1,-1
53,6,560.9534912109375,438.36737060546875,268.487060546875,431.25543212890625,-1,-1,-1,-1
54,6,575.9287109375,407.8251953125,364.29730224609375,531.6696166992188,-1,-1,-1,-1
55,6,560.603759765625,388.7854919433594,386.96124267578125,556.5452880859375,-1,-1,-1,-1
56,6,524.768798828125,385.07183837890625,420.6373291015625,569.0465087890625,-1,-1,-1,-1
57,6,491.7734375,394.76263427734375,413.25311279296875,537.2506713867188,-1,-1,-1,-1
58,6,487.3133850097656,432.3533935546875,401.0483093261719,469.801025390625,-1,-1,-1,-1
59,6,499.1575622558594,463.0078125,444.7612609863281,439.97259521484375,-1,-1,-1,-1
60,6,494.2073059082031,475.6037292480469,481.2598571777344,436.9311218261719,-1,-1,-1,-1
61,6,481.6341552734375,470.8895568847656,509.1663818359375,443.9956359863281,-1,-1,-1,-1
62,6,514.9198608398438,456.2277526855469,468.80950927734375,469.6520690917969,-1,-1,-1,-1
63,6,594.7206420898438,460.2459716796875,392.030517578125,477.02752685546875,-1,-1,-1,-1
64,6,621.9647216796875,464.84185791015625,332.6865234375,480.4993896484375,-1,-1,-1,-1
65,6,512.8182373046875,461.3396911621094,419.5567626953125,499.1051330566406,-1,-1,-1,-1
66,6,451.2984313964844,453.2071533203125,543.1383056640625,518.4558715820312,-1,-1,-1,-1
67,6,480.1248779296875,481.0015563964844,573.1082763671875,524.387451171875,-1,-1,-1,-1
68,6,529.0634765625,440.8230895996094,572.9373779296875,550.767333984375,-1,-1,-1,-1
69,6,613.2778930664062,480.1136474609375,512.8139038085938,522.0628662109375,-1,-1,-1,-1
70,6,713.0364990234375,420.6398620605469,398.1929931640625,581.5208740234375,-1,-1,-1,-1
71,6,758.2631225585938,435.8741760253906,288.87969970703125,543.924560546875,-1,-1,-1,-1
72,6,770.4898071289062,470.3107604980469,281.69390869140625,515.693603515625,-1,-1,-1,-1
73,6,770.7803955078125,419.19781494140625,348.1221923828125,604.6864013671875,-1,-1,-1,-1
74,6,718.761474609375,441.4383239746094,456.8388671875,604.3206787109375,-1,-1,-1,-1
75,6,660.3108520507812,366.4583740234375,558.4160766601562,704.6884765625,-1,-1,-1,-1
76,6,649.4428100585938,366.8414001464844,552.6030883789062,734.179443359375,-1,-1,-1,-1
77,6,650.6214599609375,386.9695739746094,488.97998046875,687.4285888671875,-1,-1,-1,-1
78,6,647.3992309570312,413.9700622558594,486.23870849609375,592.2080078125,-1,-1,-1,-1
79,6,690.099853515625,433.6638488769531,378.376708984375,577.6114501953125,-1,-1,-1,-1
80,6,717.8367309570312,453.06463623046875,300.57647705078125,598.5967407226562,-1,-1,-1,-1
81,6,750.7130126953125,475.4545593261719,262.34722900390625,603.4232177734375,-1,-1,-1,-1
82,6,774.7843627929688,481.5313720703125,256.93231201171875,566.5775146484375,-1,-1,-1,-1
83,6,818.2879638671875,510.4914245605469,258.2275390625,500.8978576660156,-1,-1,-1,-1
84,6,876.6644287109375,503.61981201171875,247.867431640625,484.98626708984375,-1,-1,-1,-1
85,6,889.7333984375,499.01605224609375,280.14208984375,501.0595703125,-1,-1,-1,-1
86,6,910.7780151367188,468.50152587890625,274.67523193359375,501.05841064453125,-1,-1,-1,-1
87,6,945.1051025390625,483.6226501464844,252.934326171875,476.1823425292969,-1,-1,-1,-1
88,6,984.7794189453125,485.6159973144531,237.45654296875,502.9995422363281,-1,-1,-1,-1
89,6,1010.5006713867188,476.9742126464844,265.05181884765625,514.42724609375,-1,-1,-1,-1
90,6,1005.6133422851562,488.4544677734375,294.84954833984375,502.61865234375,-1,-1,-1,-1
91,6,962.2467651367188,481.6565856933594,323.62286376953125,501.1772155761719,-1,-1,-1,-1
92,6,935.3193969726562,525.8896484375,393.30450439453125,501.540771484375,-1,-1,-1,-1
93,6,1048.3184814453125,525.327880859375,380.27392578125,531.86376953125,-1,-1,-1,-1
75,7,-107.89329528808594,490.01605224609375,219.40866088867188,301.15838623046875,-1,-1,-1,-1
76,7,-101.61104583740234,510.2734375,248.75399780273438,308.90625,-1,-1,-1,-1
77,7,-72.35328674316406,505.8142395019531,250.00877380371094,308.5033264160156,-1,-1,-1,-1
78,7,-17.730010986328125,491.47528076171875,207.79856872558594,331.81109619140625,-1,-1,-1,-1
79,7,-100.78734588623047,489.77783203125,313.37237548828125,328.06915283203125,-1,-1,-1,-1
80,7,-79.99967956542969,530.754638671875,292.662841796875,302.86053466796875,-1,-1,-1,-1
81,7,-91.21001434326172,532.4437255859375,311.8593444824219,306.82452392578125,-1,-1,-1,-1
82,7,-19.385210037231445,538.3787841796875,243.908447265625,284.6119384765625,-1,-1,-1,-1
83,7,36.646060943603516,547.12060546875,255.34646606445312,283.196533203125,-1,-1,-1,-1
84,7,56.997657775878906,523.9252319335938,293.238037109375,310.57208251953125,-1,-1,-1,-1
85,7,66.0584945678711,517.25048828125,300.4497985839844,331.45928955078125,-1,-1,-1,-1
86,7,25.446102142333984,511.4910888671875,317.0693664550781,356.537109375,-1,-1,-1,-1
87,7,-6.226187705993652,514.8328247070312,303.628173828125,370.9793701171875,-1,-1,-1,-1
88,7,-23.516094207763672,520.0115356445312,277.29742431640625,373.237060546875,-1,-1,-1,-1
89,7,-45.52832794189453,500.974853515625,291.91259765625,371.4090576171875,-1,-1,-1,-1
90,7,-101.54794311523438,476.8085021972656,361.94354248046875,400.5422058105469,-1,-1,-1,-1
91,7,-151.21678161621094,489.73431396484375,382.95440673828125,425.09381103515625,-1,-1,-1,-1
92,7,-139.63214111328125,510.94732666015625,352.77734375,399.2415771484375,-1,-1,-1,-1
93,7,-42.38551330566406,494.7030944824219,318.57049560546875,394.4911193847656,-1,-1,-1,-1
94,7,189.37374877929688,469.5594482421875,259.5171813964844,368.02392578125,-1,-1,-1,-1
95,7,407.3309631347656,490.68328857421875,213.67147827148438,314.02191162109375,-1,-1,-1,-1
96,7,431.70361328125,460.585205078125,248.94207763671875,345.91998291015625,-1,-1,-1,-1
97,7,436.1726379394531,435.0902099609375,253.84750366210938,355.205078125,-1,-1,-1,-1
98,7,459.67840576171875,423.8678894042969,232.00225830078125,353.8564147949219,-1,-1,-1,-1
99,7,503.73797607421875,442.5105285644531,183.43865966796875,335.4856872558594,-1,-1,-1,-1
100,7,505.40570068359375,461.74871826171875,176.6124267578125,323.35650634765625,-1,-1,-1,-1
101,7,478.3079833984375,462.6121826171875,231.630615234375,323.69378662109375,-1,-1,-1,-1
102,7,482.8247985839844,471.8038024902344,263.0978698730469,302.8157043457031,-1,-1,-1,-1
103,7,496.178466796875,471.451171875,267.16961669921875,316.80267333984375,-1,-1,-1,-1
104,7,561.0548095703125,465.9565734863281,223.25018310546875,319.0793151855469,-1,-1,-1,-1
105,7,627.5687255859375,468.04571533203125,167.67913818359375,315.76171875,-1,-1,-1,-1
106,7,656.1835327148438,478.85894775390625,126.22271728515625,324.44854736328125,-1,-1,-1,-1
107,7,640.0783081054688,487.3470764160156,147.4727783203125,333.1849670410156,-1,-1,-1,-1
108,7,661.5836181640625,518.4752807617188,166.43731689453125,332.193359375,-1,-1,-1,-1
109,7,706.675048828125,504.44012451171875,158.6304931640625,339.71295166015625,-1,-1,-1,-1
110,7,741.902099609375,493.03271484375,188.807861328125,345.42431640625,-1,-1,-1,-1
111,7,801.011962890625,470.8130187988281,227.735107421875,362.5726013183594,-1,-1,-1,-1
112,7,870.630615234375,468.7564697265625,248.4307861328125,376.041015625,-1,-1,-1,-1
113,7,973.4500122070312,459.60833740234375,275.26068115234375,393.84942626953125,-1,-1,-1,-1
114,7,1103.1258544921875,491.266845703125,311.6932373046875,423.462890625,-1,-1,-1,-1
115,7,821.8630981445312,444.1091003417969,438.53985595703125,462.8174133300781,-1,-1,-1,-1
105,8,-105.718017578125,453.0423278808594,224.27853393554688,425.4617614746094,-1,-1,-1,-1
106,8,-65.25798034667969,481.71087646484375,216.01797485351562,404.94219970703125,-1,-1,-1,-1
107,8,-53.60871887207031,481.10235595703125,208.94927978515625,413.352294921875,-1,-1,-1,-1
108,8,15.506768226623535,490.4976501464844,191.2037811279297,416.5233459472656,-1,-1,-1,-1
109,8,50.89430236816406,474.08624267578125,199.0166778564453,421.09307861328125,-1,-1,-1,-1
110,8,126.9921875,437.3993225097656,191.12979125976562,420.2528381347656,-1,-1,-1,-1
111,8,217.28634643554688,389.78216552734375,182.4022216796875,421.3587646484375,-1,-1,-1,-1
112,8,291.29522705078125,366.19189453125,182.94195556640625,422.6240234375,-1,-1,-1,-1
113,8,400.38592529296875,346.019287109375,167.2442626953125,420.81658935546875,-1,-1,-1,-1
114,8,525.9651489257812,348.6025390625,144.40277099609375,421.655517578125,-1,-1,-1,-1
115,8,643.4741821289062,351.94952392578125,144.47149658203125,430.99249267578125,-1,-1,-1,-1
116,8,806.0951538085938,369.5682678222656,184.7420654296875,449.1590881347656,-1,-1,-1,-1
117,8,1033.861328125,374.8248596191406,231.5498046875,503.5828552246094,-1,-1,-1,-1
118,8,600.03466796875,548.158935546875,314.809814453125,597.8846435546875,-1,-1,-1,-1
110,9,734.0663452148438,490.6048278808594,191.41650390625,296.9712829589844,-1,-1,-1,-1
111,9,814.702392578125,477.63470458984375,194.7962646484375,282.20269775390625,-1,-1,-1,-1
112,9,877.2943725585938,475.1424560546875,232.12481689453125,297.43084716796875,-1,-1,-1,-1
113,9,973.57373046875,463.9268493652344,251.305419921875,318.1774597167969,-1,-1,-1,-1
116,9,920.82080078125,364.5782470703125,240.8243408203125,406.97503662109375,-1,-1,-1,-1
122,10,-33.67046356201172,531.046142578125,408.6650390625,508.27734375,-1,-1,-1,-1
123,10,70.49899291992188,485.4949035644531,390.7525939941406,490.2769470214844,-1,-1,-1,-1
124,10,191.68603515625,469.02783203125,345.63018798828125,464.8671875,-1,-1,-1,-1
125,10,284.21575927734375,471.6754455566406,321.5408935546875,447.1081237792969,-1,-1,-1,-1
126,10,333.12652587890625,477.8197326660156,325.82757568359375,442.2154846191406,-1,-1,-1,-1
127,10,369.9876708984375,469.71673583984375,341.97308349609375,452.325927734375,-1,-1,-1,-1
128,10,394.2281799316406,440.4750671386719,349.8568420410156,475.4642028808594,-1,-1,-1,-1
129,10,394.59326171875,423.67401123046875,375.234375,496.5721435546875,-1,-1,-1,-1
130,10,414.2405090332031,426.64239501953125,359.9602966308594,489.47943115234375,-1,-1,-1,-1
131,10,443.79144287109375,464.92059326171875,313.30645751953125,456.5025634765625,-1,-1,-1,-1
132,10,462.8692932128906,484.3312683105469,310.8274841308594,432.7525329589844,-1,-1,-1,-1
133,10,467.38348388671875,529.4637451171875,299.39752197265625,426.7325439453125,-1,-1,-1,-1
134,10,478.70867919921875,530.044921875,294.8310546875,418.01275634765625,-1,-1,-1,-1
135,10,506.3091125488281,524.716796875,301.8938903808594,419.6494140625,-1,-1,-1,-1
136,10,529.0208129882812,487.5757751464844,334.33233642578125,425.8002014160156,-1,-1,-1,-1
137,10,512.8164672851562,435.469970703125,404.0633544921875,437.0882568359375,-1,-1,-1,-1
138,10,490.6253356933594,392.401123046875,515.7933349609375,491.737548828125,-1,-1,-1,-1
139,10,468.5671081542969,374.27801513671875,591.0272216796875,554.0252685546875,-1,-1,-1,-1
140,10,434.26263427734375,368.7772521972656,630.6250610351562,591.5235595703125,-1,-1,-1,-1
141,10,455.424072265625,382.7216491699219,596.0263671875,579.869140625,-1,-1,-1,-1
142,10,469.422607421875,479.20684814453125,579.9130859375,487.11285400390625,-1,-1,-1,-1
143,10,438.71392822265625,517.1773681640625,688.8895874023438,480.8458251953125,-1,-1,-1,-1
144,10,377.5523986816406,523.1210327148438,828.3394775390625,541.5493774414062,-1,-1,-1,-1
145,10,387.1843566894531,538.95263671875,881.1768798828125,562.35400390625,-1,-1,-1,-1
146,10,417.4111328125,500.65911865234375,915.1591796875,663.0578002929688,-1,-1,-1,-1
147,10,525.053955078125,499.31732177734375,665.39306640625,681.3800659179688,-1,-1,-1,-1
148,10,612.67236328125,551.8809814453125,760.053955078125,714.9609375,-1,-1,-1,-1
149,10,543.7051391601562,552.824462890625,825.3681030273438,691.4930419921875,-1,-1,-1,-1
150,10,557.1575927734375,558.3650512695312,813.13037109375,736.3595581054688,-1,-1,-1,-1
151,10,603.8275756835938,502.92041015625,768.9774780273438,859.095947265625,-1,-1,-1,-1
152,10,540.8712158203125,438.510498046875,790.96484375,948.9085693359375,-1,-1,-1,-1
153,10,473.9727783203125,367.22216796875,899.8677978515625,1031.3831787109375,-1,-1,-1,-1
154,10,361.64129638671875,326.7142028808594,1019.5316772460938,1035.3470458984375,-1,-1,-1,-1
155,10,206.5341796875,369.03912353515625,995.3099365234375,1037.650634765625,-1,-1,-1,-1
156,10,-13.847381591796875,208.5566864013672,1041.5455322265625,1115.5679931640625,-1,-1,-1,-1
155,11,200.98483276367188,275.041259765625,676.0450439453125,939.8336181640625,-1,-1,-1,-1
156,11,40.99750518798828,172.30780029296875,656.7289428710938,999.0007934570312,-1,-1,-1,-1
157,11,-100.72480010986328,187.6143798828125,657.6893920898438,1137.8594970703125,-1,-1,-1,-1
158,11,-61.27671813964844,217.8970184326172,495.41302490234375,1061.396728515625,-1,-1,-1,-1
159,11,-128.93405151367188,222.3763885498047,457.610595703125,991.4326782226562,-1,-1,-1,-1
160,11,-209.40145874023438,295.1705322265625,475.1391906738281,971.3302001953125,-1,-1,-1,-1
161,11,-197.0929718017578,310.39691162109375,430.1583251953125,975.6027221679688,-1,-1,-1,-1
162,11,-212.7327117919922,466.3626708984375,439.3048095703125,764.5853271484375,-1,-1,-1,-1
163,11,-164.3941650390625,635.8050537109375,446.88201904296875,507.7906494140625,-1,-1,-1,-1
164,11,-209.07931518554688,546.8516845703125,507.6949157714844,624.20947265625,-1,-1,-1,-1
165,11,-247.9320831298828,597.2818603515625,502.94366455078125,581.1107177734375,-1,-1,-1,-1
166,11,-222.6282196044922,619.2041625976562,448.442138671875,569.7590942382812,-1,-1,-1,-1
167,11,-205.0054931640625,614.626708984375,413.3455810546875,570.865234375,-1,-1,-1,-1
168,11,-187.81614685058594,616.4036865234375,378.7981262207031,583.60498046875,-1,-1,-1,-1
169,11,-207.944091796875,524.4434204101562,418.91473388671875,714.6591186523438,-1,-1,-1,-1
156,12,1079.76953125,431.66650390625,209.1771240234375,341.13311767578125,-1,-1,-1,-1
157,12,953.8222045898438,451.0670166015625,173.01177978515625,320.6689453125,-1,-1,-1,-1
158,12,869.4581298828125,441.4200744628906,139.4090576171875,308.2802429199219,-1,-1,-1,-1
159,12,790.508544921875,442.1728210449219,126.684814453125,302.5625305175781,-1,-1,-1,-1
160,12,735.822509765625,432.21240234375,123.27227783203125,303.432373046875,-1,-1,-1,-1
161,12,696.4334106445312,423.8074645996094,130.32623291015625,308.6700744628906,-1,-1,-1,-1
162,12,666.0908203125,446.3882141113281,133.147705078125,307.9661560058594,-1,-1,-1,-1
163,12,681.6187133789062,461.1672058105469,125.41632080078125,311.7452087402344,-1,-1,-1,-1
164,12,668.2877197265625,471.9303283691406,124.22161865234375,316.5909118652344,-1,-1,-1,-1
165,12,649.0545043945312,468.8859558105469,118.7293701171875,322.9836730957031,-1,-1,-1,-1
166,12,642.2968139648438,468.0849914550781,112.960205078125,333.4379577636719,-1,-1,-1,-1
167,12,646.415771484375,467.5836486816406,121.400146484375,339.7452087402344,-1,-1,-1,-1
168,12,648.3402709960938,467.73504638671875,120.72100830078125,349.07232666015625,-1,-1,-1,-1
169,12,633.361083984375,464.3948059082031,123.44952392578125,361.5616760253906,-1,-1,-1,-1
170,12,619.7291259765625,462.4624328613281,133.7822265625,370.8123474121094,-1,-1,-1,-1
171,12,597.1798095703125,466.2498474121094,153.40765380859375,383.7751159667969,-1,-1,-1,-1
172,12,573.412353515625,460.37445068359375,167.98486328125,398.03753662109375,-1,-1,-1,-1
173,12,588.046142578125,440.99896240234375,142.6085205078125,413.6158447265625,-1,-1,-1,-1
174,12,565.510986328125,430.955810546875,151.70904541015625,429.525634765625,-1,-1,-1,-1
175,12,525.688232421875,431.5159606933594,167.323486328125,444.2669982910156,-1,-1,-1,-1
176,12,501.7197570800781,441.3592834472656,168.94631958007812,457.9398498535156,-1,-1,-1,-1
177,12,457.1009521484375,435.48486328125,183.21661376953125,475.19207763671875,-1,-1,-1,-1
178,12,423.0423278808594,438.255126953125,213.53829956054688,496.1429443359375,-1,-1,-1,-1
179,12,359.76849365234375,461.3970642089844,250.94891357421875,495.4553527832031,-1,-1,-1,-1
180,12,293.88690185546875,481.70684814453125,293.37738037109375,483.81365966796875,-1,-1,-1,-1
181,12,228.44102478027344,495.9495544433594,319.23260498046875,485.3561706542969,-1,-1,-1,-1
182,12,143.04367065429688,510.3016357421875,353.28369140625,499.46856689453125,-1,-1,-1,-1
183,12,23.24639892578125,555.4351806640625,419.8235778808594,506.7154541015625,-1,-1,-1,-1
184,12,-43.541831970214844,579.4049682617188,413.0704345703125,519.5274047851562,-1,-1,-1,-1
185,12,-37.085880279541016,730.365478515625,365.95501708984375,396.5098876953125,-1,-1,-1,-1
186,12,-79.54157257080078,794.5330200195312,412.862548828125,264.44378662109375,-1,-1,-1,-1
187,12,1.5226850509643555,856.0775146484375,242.14602661132812,259.3038330078125,-1,-1,-1,-1
188,12,6.062549591064453,978.4478149414062,144.44898986816406,224.55267333984375,-1,-1,-1,-1
191,12,-263.11370849609375,750.385009765625,670.7467041015625,678.8577880859375,-1,-1,-1,-1
192,12,-380.0508728027344,688.8025512695312,851.781494140625,778.0151977539062,-1,-1,-1,-1
157,13,1140.58984375,543.5719604492188,276.1201171875,318.92364501953125,-1,-1,-1,-1
158,13,1043.683349609375,505.3793640136719,235.800537109375,304.0029602050781,-1,-1,-1,-1
159,13,949.5709228515625,487.4090576171875,199.0113525390625,301.60113525390625,-1,-1,-1,-1
160,13,862.64599609375,460.3974609375,196.6041259765625,307.19378662109375,-1,-1,-1,-1
161,13,814.577392578125,449.98895263671875,197.6085205078125,309.929443359375,-1,-1,-1,-1
162,13,776.32470703125,462.14764404296875,190.29931640625,312.38726806640625,-1,-1,-1,-1
163,13,779.6939697265625,478.6800537109375,190.41900634765625,315.75408935546875,-1,-1,-1,-1
164,13,764.8071899414062,498.2220458984375,190.9339599609375,304.98931884765625,-1,-1,-1,-1
165,13,740.1309204101562,492.85888671875,178.533935546875,308.94580078125,-1,-1,-1,-1
166,13,736.072021484375,490.46221923828125,169.94879150390625,315.90447998046875,-1,-1,-1,-1
167,13,744.0850219726562,485.6772155761719,176.53961181640625,327.4225769042969,-1,-1,-1,-1
168,13,750.2660522460938,485.4398498535156,175.41522216796875,337.7871398925781,-1,-1,-1,-1
169,13,739.4786376953125,480.51177978515625,181.27740478515625,350.30401611328125,-1,-1,-1,-1
170,13,728.1718139648438,480.1759948730469,195.77398681640625,361.6607360839844,-1,-1,-1,-1
171,13,719.7674560546875,487.3065490722656,212.044921875,372.5232849121094,-1,-1,-1,-1
172,13,701.426513671875,486.6802673339844,232.4337158203125,382.3869934082031,-1,-1,-1,-1
173,13,693.6334838867188,473.8641357421875,249.537841796875,392.84503173828125,-1,-1,-1,-1
174,13,667.0264282226562,473.8790283203125,270.33807373046875,396.5391845703125,-1,-1,-1,-1
175,13,641.3386840820312,485.8563232421875,282.58746337890625,398.9423828125,-1,-1,-1,-1
176,13,617.9692993164062,506.3504333496094,306.8551025390625,394.6128234863281,-1,-1,-1,-1
177,13,587.5684814453125,516.822265625,336.20166015625,392.26800537109375,-1,-1,-1,-1
178,13,570.478515625,527.7625732421875,372.19677734375,399.88629150390625,-1,-1,-1,-1
179,13,569.1790161132812,530.5910034179688,401.29595947265625,422.37225341796875,-1,-1,-1,-1
180,13,561.760009765625,522.7833251953125,433.61456298828125,445.78411865234375,-1,-1,-1,-1
181,13,554.6605834960938,514.0625,455.05291748046875,463.10723876953125,-1,-1,-1,-1
182,13,565.611572265625,492.6682434082031,453.33099365234375,490.0595397949219,-1,-1,-1,-1
183,13,589.95947265625,493.3984680175781,445.9088134765625,542.6737060546875,-1,-1,-1,-1
184,13,600.4910278320312,467.88916015625,457.77606201171875,594.7041015625,-1,-1,-1,-1
185,13,534.555419921875,460.2834777832031,550.186279296875,642.7130126953125,-1,-1,-1,-1
186,13,513.4471435546875,425.3473815917969,564.3475341796875,682.78271484375,-1,-1,-1,-1
187,13,513.8904418945312,402.6658020019531,504.10211181640625,717.3648681640625,-1,-1,-1,-1
188,13,571.1049194335938,379.80242919921875,441.910400390625,758.2675170898438,-1,-1,-1,-1
189,13,638.5038452148438,412.73223876953125,416.29278564453125,752.6422729492188,-1,-1,-1,-1
190,13,605.045166015625,337.58392333984375,485.7747802734375,882.0466918945312,-1,-1,-1,-1
191,13,562.0750122070312,270.7374267578125,568.9070434570312,997.9266357421875,-1,-1,-1,-1
192,13,593.25390625,264.3782653808594,751.21484375,1043.6845703125,-1,-1,-1,-1
193,13,637.1844482421875,264.0862731933594,728.115966796875,1031.2220458984375,-1,-1,-1,-1
194,13,713.7077026367188,308.7704772949219,625.6923217773438,882.9805908203125,-1,-1,-1,-1
195,13,748.3832397460938,369.2108154296875,497.58319091796875,775.6832275390625,-1,-1,-1,-1
196,13,733.4266967773438,325.2908630371094,334.23175048828125,802.283447265625,-1,-1,-1,-1
197,13,715.701416015625,347.78857421875,360.1712646484375,817.3597412109375,-1,-1,-1,-1
198,13,691.8396606445312,421.8816833496094,358.68524169921875,677.23779296875,-1,-1,-1,-1
199,13,635.0390014648438,397.3692932128906,302.65753173828125,634.8858642578125,-1,-1,-1,-1
200,13,458.97479248046875,447.6750183105469,251.0499267578125,547.7254638671875,-1,-1,-1,-1
201,13,60.17292022705078,514.0908203125,355.8087463378906,535.263427734375,-1,-1,-1,-1
202,13,232.90798950195312,572.44970703125,450.7839050292969,640.3951416015625,-1,-1,-1,-1
193,14,1037.349365234375,494.68231201171875,27.228759765625,62.5941162109375,-1,-1,-1,-1
194,14,1008.4813232421875,514.2804565429688,26.7388916015625,58.6148681640625,-1,-1,-1,-1
203,16,1153.4959716796875,535.0850830078125,224.7298583984375,354.7021484375,-1,-1,-1,-1
204,16,992.061767578125,516.123291015625,202.1544189453125,321.1593017578125,-1,-1,-1,-1
205,16,949.1920776367188,503.4657897949219,183.34002685546875,313.1975402832031,-1,-1,-1,-1
206,16,914.7279663085938,475.8492431640625,174.50958251953125,306.4254150390625,-1,-1,-1,-1
207,16,874.3203125,487.613525390625,170.0546875,301.8892822265625,-1,-1,-1,-1
208,16,828.041748046875,481.49700927734375,164.42144775390625,300.5296630859375,-1,-1,-1,-1
209,16,788.742431640625,499.515869140625,160.39990234375,296.726318359375,-1,-1,-1,-1
210,16,753.0238037109375,491.0504455566406,159.47174072265625,299.6351013183594,-1,-1,-1,-1
211,16,721.0013427734375,481.99261474609375,165.99981689453125,302.59637451171875,-1,-1,-1,-1
212,16,690.893310546875,462.69207763671875,157.59124755859375,309.10809326171875,-1,-1,-1,-1
213,16,668.6011962890625,470.8216857910156,154.56915283203125,313.4172058105469,-1,-1,-1,-1
214,16,650.5001831054688,476.3031005859375,157.64776611328125,320.274658203125,-1,-1,-1,-1
215,16,622.8900146484375,494.6624755859375,159.5494384765625,329.783203125,-1,-1,-1,-1
216,16,613.0894165039062,498.397705078125,167.92547607421875,338.0933837890625,-1,-1,-1,-1
217,16,609.2808837890625,497.20513916015625,171.982177734375,346.3897705078125,-1,-1,-1,-1
218,16,598.182861328125,506.39129638671875,178.16864013671875,358.18267822265625,-1,-1,-1,-1
219,16,588.9039306640625,514.6822509765625,184.17987060546875,366.3023681640625,-1,-1,-1,-1
220,16,566.9285888671875,515.1671142578125,189.9044189453125,373.06402587890625,-1,-1,-1,-1
221,16,551.9860229492188,531.98046875,195.7388916015625,379.7193603515625,-1,-1,-1,-1
222,16,528.9287109375,546.4694213867188,204.51239013671875,387.1405029296875,-1,-1,-1,-1
223,16,511.09112548828125,540.8699340820312,211.2113037109375,397.92584228515625,-1,-1,-1,-1
224,16,498.0263366699219,533.7285766601562,213.83352661132812,415.1390380859375,-1,-1,-1,-1
225,16,484.4808349609375,521.7151489257812,222.943115234375,438.09503173828125,-1,-1,-1,-1
226,16,485.77838134765625,510.324951171875,232.25213623046875,457.85650634765625,-1,-1,-1,-1
227,16,494.881591796875,499.81842041015625,243.916015625,480.7845458984375,-1,-1,-1,-1
228,16,501.4535827636719,492.387939453125,250.25479125976562,511.75726318359375,-1,-1,-1,-1
229,16,498.064208984375,489.5727844238281,265.25927734375,545.6824951171875,-1,-1,-1,-1
230,16,490.6483459472656,500.89422607421875,283.8966369628906,582.1986694335938,-1,-1,-1,-1
231,16,507.0752258300781,468.18084716796875,298.5565490722656,613.9741821289062,-1,-1,-1,-1
232,16,501.5377197265625,444.60736083984375,325.7236328125,648.6423950195312,-1,-1,-1,-1
233,16,483.98028564453125,423.3041687011719,355.3631591796875,678.4832763671875,-1,-1,-1,-1
234,16,475.2967834472656,402.31243896484375,371.8862609863281,698.0933227539062,-1,-1,-1,-1
235,16,461.6492004394531,392.49395751953125,375.3754577636719,722.3551635742188,-1,-1,-1,-1
236,16,381.6827697753906,391.42279052734375,456.2646789550781,758.3231811523438,-1,-1,-1,-1
237,16,256.44664001464844,330.8978576660156,606.2598876953125,817.84375,-1,-1,-1,-1
238,16,293.64788818359375,279.13995361328125,598.6981201171875,895.3341674804688,-1,-1,-1,-1
239,16,227.37667846679688,264.89007568359375,671.664794921875,998.6537475585938,-1,-1,-1,-1
240,16,171.42845153808594,280.4054260253906,744.350830078125,1007.92626953125,-1,-1,-1,-1
241,16,150.92578125,357.22320556640625,764.7010498046875,995.9053344726562,-1,-1,-1,-1
242,16,68.16300964355469,386.5572814941406,750.292236328125,1037.188720703125,-1,-1,-1,-1
243,16,36.42851257324219,332.7084655761719,639.9178466796875,1097.901611328125,-1,-1,-1,-1
244,16,53.25950622558594,386.1882019042969,584.154296875,757.528564453125,-1,-1,-1,-1
245,16,63.963443756103516,421.53338623046875,633.16455078125,626.8329467773438,-1,-1,-1,-1
246,16,104.59542846679688,405.5777282714844,605.0701904296875,622.4039306640625,-1,-1,-1,-1
247,16,180.0692901611328,433.4029541015625,543.1066284179688,585.072021484375,-1,-1,-1,-1
248,16,259.34521484375,440.4953308105469,468.94952392578125,542.9793701171875,-1,-1,-1,-1
249,16,281.6679992675781,411.62841796875,471.7507629394531,508.0654296875,-1,-1,-1,-1
250,16,230.45907592773438,419.3916015625,481.0838317871094,531.0556030273438,-1,-1,-1,-1
251,16,308.85321044921875,378.4847412109375,363.1446533203125,522.4749755859375,-1,-1,-1,-1
252,16,328.17974853515625,362.628662109375,374.0479736328125,527.2393188476562,-1,-1,-1,-1
253,16,326.4040832519531,384.61474609375,386.1192932128906,511.779296875,-1,-1,-1,-1
254,16,351.5746154785156,364.7995910644531,322.5319519042969,539.1812744140625,-1,-1,-1,-1
255,16,253.11788940429688,380.80975341796875,333.0928039550781,552.2304077148438,-1,-1,-1,-1
256,16,-21.03765106201172,433.31396484375,393.2144470214844,588.5548706054688,-1,-1,-1,-1
257,16,-159.6509246826172,392.5031433105469,638.5011596679688,1042.6181640625,-1,-1,-1,-1
204,17,1214.80078125,557.1734619140625,223.0281982421875,296.03594970703125,-1,-1,-1,-1
205,17,1149.9918212890625,521.3848876953125,238.38623046875,319.85235595703125,-1,-1,-1,-1
206,17,1074.253662109375,463.432861328125,248.614990234375,303.8155517578125,-1,-1,-1,-1
207,17,1019.837158203125,467.13427734375,232.6668701171875,289.34332275390625,-1,-1,-1,-1
208,17,932.8744506835938,464.7491455078125,247.91705322265625,280.1378173828125,-1,-1,-1,-1
209,17,876.2335815429688,493.4443664550781,244.48883056640625,265.0176086425781,-1,-1,-1,-1
210,17,850.8169555664062,505.14324951171875,214.85040283203125,252.31353759765625,-1,-1,-1,-1
211,17,820.1537475585938,503.1495056152344,194.24993896484375,248.16397094726562,-1,-1,-1,-1
212,17,774.8705444335938,487.32061767578125,188.6754150390625,245.42120361328125,-1,-1,-1,-1
213,17,769.748046875,490.4327697753906,161.92852783203125,248.46701049804688,-1,-1,-1,-1
214,17,746.4168701171875,488.0246887207031,165.4517822265625,258.9198303222656,-1,-1,-1,-1
215,17,717.0133666992188,502.48919677734375,166.990966796875,264.22088623046875,-1,-1,-1,-1
216,17,713.7114868164062,501.92510986328125,167.09149169921875,264.34124755859375,-1,-1,-1,-1
217,17,715.7643432617188,495.8141174316406,166.78436279296875,273.2409973144531,-1,-1,-1,-1
218,17,707.5440673828125,507.89007568359375,167.77313232421875,282.78857421875,-1,-1,-1,-1
219,17,696.4769287109375,514.388916015625,177.4691162109375,283.7113037109375,-1,-1,-1,-1
220,17,680.2691650390625,512.0995483398438,184.942626953125,285.83367919921875,-1,-1,-1,-1
221,17,673.9024047851562,519.7990112304688,185.39739990234375,293.87359619140625,-1,-1,-1,-1
222,17,659.6277465820312,527.2642211914062,191.0189208984375,303.22882080078125,-1,-1,-1,-1
223,17,652.63720703125,513.0711669921875,195.55731201171875,312.8092041015625,-1,-1,-1,-1
224,17,645.1937255859375,510.9781494140625,203.7423095703125,320.8115234375,-1,-1,-1,-1
225,17,638.8411865234375,503.49169921875,214.3848876953125,324.6365966796875,-1,-1,-1,-1
226,17,650.0646362304688,496.4561767578125,224.66790771484375,331.87896728515625,-1,-1,-1,-1
227,17,666.5126953125,494.1385498046875,243.51141357421875,340.84832763671875,-1,-1,-1,-1
228,17,673.1262817382812,502.79888916015625,272.909423828125,352.8035888671875,-1,-1,-1,-1
229,17,669.7716064453125,513.7799072265625,304.30682373046875,351.38848876953125,-1,-1,-1,-1
230,17,675.2462768554688,542.48486328125,324.343505859375,363.297607421875,-1,-1,-1,-1
231,17,704.437744140625,520.4644775390625,349.1092529296875,384.92059326171875,-1,-1,-1,-1
232,17,733.5826416015625,499.0250244140625,369.7589111328125,407.17828369140625,-1,-1,-1,-1
233,17,755.0836791992188,478.025146484375,426.50238037109375,422.2845458984375,-1,-1,-1,-1
234,17,826.3870849609375,473.23614501953125,459.8253173828125,422.666748046875,-1,-1,-1,-1
235,17,839.282958984375,484.3733825683594,545.385986328125,453.5675354003906,-1,-1,-1,-1
236,17,950.1407470703125,448.9925537109375,478.8004150390625,543.2991943359375,-1,-1,-1,-1
237,17,1059.9945068359375,422.7861328125,463.5562744140625,623.7303466796875,-1,-1,-1,-1
238,17,1106.602783203125,553.466796875,330.1397705078125,567.9925537109375,-1,-1,-1,-1
264,18,1153.5911865234375,453.608154296875,215.7857666015625,476.38116455078125,-1,-1,-1,-1
265,18,1002.815673828125,433.8766784667969,175.8975830078125,439.1254577636719,-1,-1,-1,-1
266,18,828.1813354492188,436.2873229980469,170.321044921875,423.5443420410156,-1,-1,-1,-1
267,18,667.5702514648438,415.0186767578125,184.12542724609375,427.01776123046875,-1,-1,-1,-1
268,18,515.2825927734375,411.1519470214844,197.79901123046875,433.2580871582031,-1,-1,-1,-1
269,18,401.3755187988281,426.85479736328125,199.64736938476562,442.08184814453125,-1,-1,-1,-1
270,18,340.51129150390625,454.599853515625,217.75347900390625,437.885498046875,-1,-1,-1,-1
271,18,333.5959167480469,456.2243347167969,216.61441040039062,437.6786804199219,-1,-1,-1,-1
272,18,338.2818603515625,437.68377685546875,245.48883056640625,450.32183837890625,-1,-1,-1,-1
273,18,336.11505126953125,447.56982421875,298.29327392578125,453.5556640625,-1,-1,-1,-1
274,18,331.7599182128906,459.645751953125,330.4808044433594,455.8572998046875,-1,-1,-1,-1
275,18,362.7904968261719,437.8224182128906,335.3988342285156,452.2901306152344,-1,-1,-1,-1
276,18,411.34771728515625,439.55181884765625,320.0208740234375,441.35382080078125,-1,-1,-1,-1
277,18,444.62786865234375,446.725341796875,304.90008544921875,443.5166015625,-1,-1,-1,-1
278,18,461.4035339355469,434.33984375,294.3198547363281,446.06988525390625,-1,-1,-1,-1
279,18,472.9378967285156,422.1963806152344,283.6239929199219,466.8025207519531,-1,-1,-1,-1
280,18,466.8148498535156,395.4928283691406,281.9040832519531,488.7272033691406,-1,-1,-1,-1
281,18,461.2410888671875,375.23565673828125,293.1719970703125,509.019287109375,-1,-1,-1,-1
282,18,455.36212158203125,369.1760559082031,305.83905029296875,519.3480224609375,-1,-1,-1,-1
283,18,462.29150390625,371.6126403808594,298.73870849609375,543.125,-1,-1,-1,-1
284,18,478.91802978515625,371.5691223144531,277.1083984375,560.679931640625,-1,-1,-1,-1
285,18,485.10943603515625,372.86328125,235.262451171875,579.6558227539062,-1,-1,-1,-1
286,18,491.7786865234375,384.41796875,222.11749267578125,591.8409423828125,-1,-1,-1,-1
287,18,504.6653747558594,402.1522521972656,215.50308227539062,599.65185546875,-1,-1,-1,-1
288,18,490.8400573730469,429.84783935546875,227.11599731445312,613.1419067382812,-1,-1,-1,-1
289,18,461.11309814453125,446.04034423828125,267.08447265625,612.8023071289062,-1,-1,-1,-1
290,18,388.6936340332031,465.2289123535156,325.4095764160156,632.572998046875,-1,-1,-1,-1
291,18,202.20150756835938,483.6925048828125,379.7232971191406,694.947998046875,-1,-1,-1,-1
292,18,20.703710556030273,480.0203552246094,386.64276123046875,776.8603515625,-1,-1,-1,-1
293,18,-14.449772834777832,463.250244140625,316.8492431640625,821.87353515625,-1,-1,-1,-1
294,18,0.4303598403930664,477.32305908203125,274.92376708984375,810.4630737304688,-1,-1,-1,-1
295,18,-1.9996089935302734,492.3408203125,256.6000213623047,775.280029296875,-1,-1,-1,-1
296,18,-23.145248413085938,504.17376708984375,252.2998809814453,720.7651977539062,-1,-1,-1,-1
297,18,-37.57686233520508,486.378662109375,254.3671875,679.2933349609375,-1,-1,-1,-1
298,18,-38.68923568725586,496.5441589355469,316.2822570800781,629.784912109375,-1,-1,-1,-1
299,18,-48.87956237792969,519.6602783203125,363.8497314453125,570.1707763671875,-1,-1,-1,-1
300,18,-45.50133514404297,557.3714599609375,354.16156005859375,525.737060546875,-1,-1,-1,-1
301,18,-41.25593566894531,583.8749389648438,328.84259033203125,509.51739501953125,-1,-1,-1,-1
302,18,-43.647613525390625,599.5734252929688,319.7314147949219,488.50811767578125,-1,-1,-1,-1
303,18,-56.8748664855957,602.41748046875,322.092041015625,486.4049072265625,-1,-1,-1,-1
304,18,-50.28727340698242,605.5410766601562,297.3192443847656,402.44580078125,-1,-1,-1,-1
305,18,-27.4596004486084,631.8545532226562,277.8444519042969,340.42010498046875,-1,-1,-1,-1
306,18,-16.121158599853516,618.2527465820312,257.4669189453125,340.87103271484375,-1,-1,-1,-1
307,18,-97.18205261230469,620.9419555664062,309.784423828125,358.7569580078125,-1,-1,-1,-1
308,18,-107.80843353271484,584.0256958007812,307.1216125488281,386.911376953125,-1,-1,-1,-1
309,18,-95.24278259277344,581.9822998046875,302.41571044921875,382.3206787109375,-1,-1,-1,-1
310,18,-114.24588012695312,559.7783203125,313.649169921875,384.80023193359375,-1,-1,-1,-1
311,18,-151.93618774414062,545.7672729492188,360.52130126953125,420.2298583984375,-1,-1,-1,-1
312,18,-111.72199249267578,542.4589233398438,327.877685546875,375.6051025390625,-1,-1,-1,-1
313,18,-120.78560638427734,531.366943359375,370.4158630371094,545.637451171875,-1,-1,-1,-1
314,18,-48.92715835571289,534.20361328125,322.41693115234375,538.49658203125,-1,-1,-1,-1
315,18,-67.32593536376953,526.497314453125,344.1624755859375,543.8021240234375,-1,-1,-1,-1
316,18,-91.8714599609375,500.2060241699219,395.7896728515625,561.345703125,-1,-1,-1,-1
317,18,-80.62250518798828,474.357421875,419.0188903808594,567.347900390625,-1,-1,-1,-1
318,18,-51.07735824584961,462.1440734863281,400.2506408691406,578.5418701171875,-1,-1,-1,-1
319,18,-17.71935272216797,449.0808410644531,378.3203430175781,592.7830810546875,-1,-1,-1,-1
320,18,3.9136505126953125,447.10943603515625,367.3585205078125,602.0095825195312,-1,-1,-1,-1
321,18,61.541603088378906,438.5518798828125,363.1281433105469,616.3612060546875,-1,-1,-1,-1
322,18,102.17350769042969,441.9338073730469,373.772216796875,628.200927734375,-1,-1,-1,-1
323,18,178.025146484375,437.654296875,369.791259765625,594.2601318359375,-1,-1,-1,-1
324,18,293.6593017578125,454.50933837890625,349.46954345703125,543.0689086914062,-1,-1,-1,-1
325,18,348.62420654296875,468.74639892578125,348.3604736328125,528.9185791015625,-1,-1,-1,-1
326,18,383.0442199707031,461.6151123046875,333.8642883300781,523.3878784179688,-1,-1,-1,-1
327,18,423.3629150390625,462.8161315917969,311.57122802734375,517.4454345703125,-1,-1,-1,-1
328,18,439.1529235839844,486.2498779296875,312.2214050292969,506.948974609375,-1,-1,-1,-1
329,18,422.6078186035156,516.758056640625,342.9928894042969,504.5726318359375,-1,-1,-1,-1
330,18,379.13458251953125,525.61376953125,377.69281005859375,505.8177490234375,-1,-1,-1,-1
331,18,323.9438171386719,507.1619873046875,414.5634460449219,515.7423095703125,-1,-1,-1,-1
332,18,276.5330505371094,492.36822509765625,445.2803649902344,501.7752685546875,-1,-1,-1,-1
333,18,60.315948486328125,555.8890991210938,566.52978515625,509.00054931640625,-1,-1,-1,-1
334,18,-95.76654052734375,561.9508056640625,529.5986328125,441.67724609375,-1,-1,-1,-1
335,18,-142.253662109375,554.8944091796875,392.7894287109375,583.8431396484375,-1,-1,-1,-1
267,19,1136.86572265625,469.0481872558594,168.938720703125,293.8842468261719,-1,-1,-1,-1
268,19,960.9625854492188,447.8760986328125,147.72406005859375,263.301025390625,-1,-1,-1,-1
269,19,831.68017578125,448.89251708984375,133.624755859375,235.77838134765625,-1,-1,-1,-1
270,19,761.3087768554688,462.8214111328125,144.61871337890625,225.74420166015625,-1,-1,-1,-1
271,19,735.9217529296875,476.9833984375,156.517333984375,220.1328125,-1,-1,-1,-1
272,19,728.0523681640625,472.26611328125,164.5689697265625,222.47613525390625,-1,-1,-1,-1
273,19,719.5061645507812,473.006591796875,169.80694580078125,228.9119873046875,-1,-1,-1,-1
274,19,713.819580078125,484.7939758300781,166.206787109375,237.45321655273438,-1,-1,-1,-1
275,19,750.3064575195312,454.19580078125,152.544189453125,248.10369873046875,-1,-1,-1,-1
276,19,792.5848388671875,428.552490234375,157.21807861328125,262.7742919921875,-1,-1,-1,-1
277,19,829.1943969726562,423.9124450683594,143.14666748046875,273.0135803222656,-1,-1,-1,-1
278,19,861.1010131835938,401.1866455078125,127.43756103515625,287.28594970703125,-1,-1,-1,-1
279,19,874.046630859375,388.38592529296875,123.205322265625,310.03753662109375,-1,-1,-1,-1
280,19,871.1688232421875,375.75146484375,136.468505859375,319.31451416015625,-1,-1,-1,-1
281,19,871.9190063476562,362.3070068359375,148.02911376953125,325.53424072265625,-1,-1,-1,-1
282,19,866.7803955078125,348.9998474121094,157.87835693359375,333.0713195800781,-1,-1,-1,-1
283,19,876.4287109375,373.0085754394531,169.500244140625,334.5242004394531,-1,-1,-1,-1
284,19,898.410400390625,378.142578125,183.1141357421875,342.5142822265625,-1,-1,-1,-1
285,19,914.916259765625,380.3765563964844,202.574462890625,349.9236755371094,-1,-1,-1,-1
286,19,930.771728515625,395.9476013183594,222.7130126953125,348.6500549316406,-1,-1,-1,-1
287,19,951.1357421875,408.22467041015625,241.00390625,348.69622802734375,-1,-1,-1,-1
288,19,970.1048583984375,427.78375244140625,239.1153564453125,343.05694580078125,-1,-1,-1,-1
289,19,955.0658569335938,420.3885192871094,237.51666259765625,345.1184997558594,-1,-1,-1,-1
290,19,884.5172119140625,404.67181396484375,234.1051025390625,341.31805419921875,-1,-1,-1,-1
291,19,725.3804321289062,389.6585693359375,234.23089599609375,338.77978515625,-1,-1,-1,-1
292,19,586.8307495117188,383.8274841308594,231.16497802734375,336.2577819824219,-1,-1,-1,-1
293,19,540.2311401367188,376.3300476074219,227.90106201171875,340.9166564941406,-1,-1,-1,-1
294,19,562.7767333984375,395.43084716796875,214.930419921875,327.365966796875,-1,-1,-1,-1
295,19,568.0037231445312,413.24200439453125,213.5360107421875,326.5377197265625,-1,-1,-1,-1
296,19,559.7763061523438,425.58251953125,216.7470703125,332.13641357421875,-1,-1,-1,-1
297,19,547.3259887695312,449.111572265625,212.82501220703125,338.1324462890625,-1,-1,-1,-1
298,19,554.5436401367188,459.2904052734375,221.38433837890625,350.744140625,-1,-1,-1,-1
299,19,545.2853393554688,460.3061828613281,225.2830810546875,364.5700378417969,-1,-1,-1,-1
300,19,532.2259521484375,474.7795715332031,217.94183349609375,372.5193176269531,-1,-1,-1,-1
301,19,548.3003540039062,482.7555847167969,210.43878173828125,382.7157287597656,-1,-1,-1,-1
302,19,575.0625,477.36785888671875,204.30645751953125,392.6693115234375,-1,-1,-1,-1
303,19,589.7798461914062,483.787841796875,197.06964111328125,397.0765380859375,-1,-1,-1,-1
304,19,610.1578979492188,485.71185302734375,226.7462158203125,394.18829345703125,-1,-1,-1,-1
305,19,627.2147216796875,488.5032043457031,222.2200927734375,383.8302307128906,-1,-1,-1,-1
306,19,633.7501220703125,487.527587890625,212.0657958984375,368.2288818359375,-1,-1,-1,-1
307,19,612.1947021484375,486.40545654296875,212.1845703125,372.5252685546875,-1,-1,-1,-1
308,19,589.8092651367188,484.3845520019531,221.73077392578125,383.1445617675781,-1,-1,-1,-1
309,19,571.2532348632812,465.6708984375,233.259521484375,394.95684814453125,-1,-1,-1,-1
310,19,557.5620727539062,416.009765625,241.91705322265625,425.313232421875,-1,-1,-1,-1
311,19,562.3733520507812,395.43994140625,252.1820068359375,457.19830322265625,-1,-1,-1,-1
312,19,578.7385864257812,372.75396728515625,250.9093017578125,482.0732421875,-1,-1,-1,-1
313,19,598.8724365234375,366.50115966796875,253.0419921875,493.2276611328125,-1,-1,-1,-1
314,19,588.8291015625,370.3614196777344,290.005126953125,494.1659240722656,-1,-1,-1,-1
315,19,556.4618530273438,378.9599304199219,333.36077880859375,487.0107727050781,-1,-1,-1,-1
316,19,556.9873657226562,381.90643310546875,358.53033447265625,481.35028076171875,-1,-1,-1,-1
317,19,585.2196655273438,380.73748779296875,363.93353271484375,494.88055419921875,-1,-1,-1,-1
318,19,612.0052490234375,384.65301513671875,366.4090576171875,511.76165771484375,-1,-1,-1,-1
319,19,663.9254760742188,390.93804931640625,351.03485107421875,526.88671875,-1,-1,-1,-1
320,19,736.3732299804688,410.0124816894531,298.53253173828125,526.7205810546875,-1,-1,-1,-1
321,19,806.3170166015625,410.0616149902344,263.91064453125,528.095458984375,-1,-1,-1,-1
322,19,845.653076171875,402.4408264160156,268.7861328125,527.057861328125,-1,-1,-1,-1
323,19,885.929931640625,412.1665344238281,303.4970703125,534.19775390625,-1,-1,-1,-1
324,19,959.71875,451.13189697265625,360.8795166015625,543.3399658203125,-1,-1,-1,-1
325,19,1026.47412109375,486.8514404296875,363.7144775390625,537.8038940429688,-1,-1,-1,-1
326,19,1048.4881591796875,508.3861083984375,372.0482177734375,533.7562255859375,-1,-1,-1,-1
327,19,1094.380859375,548.1544189453125,320.4912109375,430.98455810546875,-1,-1,-1,-1
328,19,1135.2430419921875,563.4712524414062,331.64306640625,426.04803466796875,-1,-1,-1,-1
329,19,1178.506591796875,529.5743408203125,307.90673828125,580.2803955078125,-1,-1,-1,-1
330,19,1172.13427734375,476.5636901855469,347.55029296875,604.6793212890625,-1,-1,-1,-1
331,19,1148.290283203125,484.1286315917969,425.400146484375,478.9187316894531,-1,-1,-1,-1
332,19,1132.41259765625,459.0079345703125,487.5948486328125,513.3716430664062,-1,-1,-1,-1
333,19,1082.1260986328125,457.5123291015625,435.06982421875,479.27215576171875,-1,-1,-1,-1
334,19,926.3230590820312,402.7045593261719,518.1364135742188,587.28466796875,-1,-1,-1,-1
335,19,833.17529296875,393.9769592285156,460.9134521484375,569.180908203125,-1,-1,-1,-1
336,19,826.8504638671875,351.07080078125,363.294189453125,585.8319091796875,-1,-1,-1,-1
337,19,812.9727783203125,297.0713806152344,303.8258056640625,611.194580078125,-1,-1,-1,-1
338,19,788.3997192382812,294.44293212890625,236.30596923828125,613.584228515625,-1,-1,-1,-1
339,19,752.9545288085938,304.3594055175781,222.95074462890625,611.6065673828125,-1,-1,-1,-1
340,19,714.66064453125,329.8202819824219,281.31353759765625,601.8016357421875,-1,-1,-1,-1
341,19,680.615966796875,362.3198547363281,304.3521728515625,588.4708251953125,-1,-1,-1,-1
342,19,645.1483764648438,404.18536376953125,301.88848876953125,566.5189208984375,-1,-1,-1,-1
343,19,609.821533203125,438.2490234375,301.603515625,557.1832885742188,-1,-1,-1,-1
344,19,559.3021850585938,461.0792541503906,321.92669677734375,553.19580078125,-1,-1,-1,-1
345,19,531.7405395507812,479.3450012207031,357.26446533203125,540.727294921875,-1,-1,-1,-1
346,19,506.97528076171875,491.9854736328125,386.697265625,531.3323974609375,-1,-1,-1,-1
347,19,529.6492919921875,478.9796447753906,419.12322998046875,522.09326171875,-1,-1,-1,-1
348,19,436.92425537109375,497.2768859863281,561.3981323242188,541.2034912109375,-1,-1,-1,-1
349,19,377.76812744140625,494.0458068847656,650.4297485351562,571.5184326171875,-1,-1,-1,-1
350,19,344.78924560546875,606.9794311523438,731.7905883789062,532.2954711914062,-1,-1,-1,-1
351,19,234.03492736816406,528.62841796875,781.291259765625,817.4478759765625,-1,-1,-1,-1
352,19,20.64234161376953,522.9813232421875,819.7796630859375,897.0701904296875,-1,-1,-1,-1
353,19,-44.07910919189453,509.607421875,641.65576171875,936.2637939453125,-1,-1,-1,-1
354,19,-4.467584609985352,865.2537231445312,510.6053466796875,555.0790405273438,-1,-1,-1,-1
355,19,-9.535442352294922,964.0440063476562,401.5042724609375,446.32159423828125,-1,-1,-1,-1
361,19,-1.6158905029296875,824.2000732421875,453.52734375,587.7752685546875,-1,-1,-1,-1
358,20,963.1631469726562,633.9576416015625,450.18768310546875,487.4901123046875,-1,-1,-1,-1
359,20,855.2662353515625,659.1910400390625,459.07958984375,479.7735595703125,-1,-1,-1,-1
360,20,760.5836791992188,638.6458740234375,426.70562744140625,461.4017333984375,-1,-1,-1,-1
361,20,692.493408203125,609.5855712890625,403.107421875,452.75927734375,-1,-1,-1,-1
362,20,665.3171997070312,573.855712890625,381.28607177734375,467.4786376953125,-1,-1,-1,-1
363,20,636.158447265625,536.3577880859375,365.91900634765625,472.88616943359375,-1,-1,-1,-1
364,20,605.3621826171875,520.61279296875,362.7391357421875,479.5626220703125,-1,-1,-1,-1
365,20,591.831787109375,543.7561645507812,341.4033203125,498.18255615234375,-1,-1,-1,-1
366,20,577.00732421875,559.3067016601562,301.0186767578125,528.5892944335938,-1,-1,-1,-1
367,20,501.2845764160156,562.9459838867188,377.3336486816406,533.6682739257812,-1,-1,-1,-1
368,20,580.138671875,569.1717529296875,274.1112060546875,552.48876953125,-1,-1,-1,-1
369,20,593.6788330078125,586.638916015625,255.7384033203125,598.20751953125,-1,-1,-1,-1
370,20,552.2684326171875,542.5263671875,263.18438720703125,616.3746337890625,-1,-1,-1,-1
371,20,447.0487060546875,493.95050048828125,290.1392822265625,655.6210327148438,-1,-1,-1,-1
372,20,335.63641357421875,468.5331115722656,316.5882568359375,705.228759765625,-1,-1,-1,-1
373,20,228.95359802246094,454.1480712890625,355.473876953125,757.0430908203125,-1,-1,-1,-1
374,20,120.30697631835938,454.43817138671875,398.2726745605469,813.0009155273438,-1,-1,-1,-1
375,20,49.03539276123047,444.86016845703125,430.5326232910156,855.8483276367188,-1,-1,-1,-1
376,20,4.403133392333984,461.87384033203125,442.9039306640625,879.0756225585938,-1,-1,-1,-1
377,20,-6.602321624755859,458.19244384765625,436.9076843261719,903.8862915039062,-1,-1,-1,-1
378,20,-12.926889419555664,448.89617919921875,433.4962158203125,953.3298950195312,-1,-1,-1,-1
379,20,-30.419052124023438,438.7723388671875,437.85784912109375,931.9775390625,-1,-1,-1,-1
380,20,-9.666236877441406,388.16107177734375,394.5227355957031,1019.1857299804688,-1,-1,-1,-1
381,20,-178.42752075195312,478.4638671875,544.0723876953125,932.32373046875,-1,-1,-1,-1
382,20,-261.20416259765625,507.9607849121094,659.077392578125,917.5601806640625,-1,-1,-1,-1
383,20,-157.1398468017578,624.0634765625,566.4540405273438,891.3599853515625,-1,-1,-1,-1
386,20,-55.66193389892578,626.102783203125,424.5425720214844,783.18994140625,-1,-1,-1,-1
365,21,1210.3636474609375,558.4473876953125,195.74853515625,359.4385986328125,-1,-1,-1,-1
366,21,1170.07958984375,551.866943359375,184.7877197265625,345.20233154296875,-1,-1,-1,-1
367,21,1188.6873779296875,533.8436889648438,161.462158203125,338.66253662109375,-1,-1,-1,-1
368,21,1164.005615234375,507.52679443359375,157.66796875,339.17413330078125,-1,-1,-1,-1
369,21,1146.692138671875,469.8330383300781,154.119140625,341.6061706542969,-1,-1,-1,-1
370,21,1090.3896484375,442.0580139160156,171.4752197265625,336.0205383300781,-1,-1,-1,-1
371,21,957.278076171875,435.3241882324219,206.3226318359375,319.6073913574219,-1,-1,-1,-1
372,21,858.98388671875,427.72027587890625,212.895751953125,309.3701171875,-1,-1,-1,-1
373,21,793.5424194335938,433.439697265625,199.21630859375,300.179443359375,-1,-1,-1,-1
374,21,741.81591796875,452.3304138183594,183.6802978515625,288.0705871582031,-1,-1,-1,-1
375,21,718.1871948242188,459.1104431152344,171.42864990234375,285.7619934082031,-1,-1,-1,-1
376,21,705.1082763671875,482.3892822265625,165.31500244140625,290.7281494140625,-1,-1,-1,-1
377,21,713.153076171875,486.8489074707031,168.1319580078125,300.5289611816406,-1,-1,-1,-1
378,21,707.8892822265625,483.6272277832031,175.82208251953125,309.5843200683594,-1,-1,-1,-1
379,21,695.765869140625,474.26763916015625,187.725341796875,317.4586181640625,-1,-1,-1,-1
380,21,666.8781127929688,486.33154296875,214.20794677734375,321.30303955078125,-1,-1,-1,-1
381,21,638.2910766601562,507.7613830566406,223.05194091796875,320.2508850097656,-1,-1,-1,-1
382,21,605.1173706054688,534.6920166015625,230.13507080078125,314.9315185546875,-1,-1,-1,-1
383,21,568.3649291992188,546.566162109375,237.726806640625,314.55377197265625,-1,-1,-1,-1
384,21,529.2203369140625,567.27392578125,239.43145751953125,322.0205078125,-1,-1,-1,-1
385,21,340.52716064453125,555.3984375,280.90985107421875,369.65106201171875,-1,-1,-1,-1
386,21,213.89450073242188,724.9041137695312,322.6233825683594,434.42279052734375,-1,-1,-1,-1
387,22,960.8733520507812,514.5321044921875,217.03668212890625,277.2021484375,-1,-1,-1,-1
388,22,786.51513671875,524.330078125,161.0692138671875,254.20703125,-1,-1,-1,-1
389,22,742.8817138671875,522.1093139648438,147.490234375,253.03497314453125,-1,-1,-1,-1
390,22,753.7567749023438,512.6084289550781,148.069091796875,260.1303405761719,-1,-1,-1,-1
391,22,774.3014526367188,512.5903015136719,151.6524658203125,263.1146545410156,-1,-1,-1,-1
392,22,857.0809326171875,520.111328125,152.82891845703125,256.6837158203125,-1,-1,-1,-1
393,22,1095.04248046875,455.6933898925781,173.951416015625,224.20169067382812,-1,-1,-1,-1
395,23,182.61207580566406,457.6684265136719,373.23822021484375,537.45458984375,-1,-1,-1,-1
396,23,261.4528503417969,469.1327819824219,350.2898864746094,522.712158203125,-1,-1,-1,-1
397,23,257.5257263183594,469.60931396484375,357.3111267089844,548.5126342773438,-1,-1,-1,-1
398,23,279.11407470703125,449.7020263671875,361.67840576171875,573.33837890625,-1,-1,-1,-1
399,23,303.2826232910156,442.7601623535156,377.9648742675781,564.434326171875,-1,-1,-1,-1
400,23,341.85137939453125,441.734375,384.81427001953125,545.8432006835938,-1,-1,-1,-1
401,23,373.7782897949219,481.20013427734375,389.5617980957031,528.5496215820312,-1,-1,-1,-1
402,23,383.384765625,495.6870422363281,417.02410888671875,526.6788330078125,-1,-1,-1,-1
403,23,368.4122619628906,489.2992248535156,451.2077941894531,552.804931640625,-1,-1,-1,-1
404,23,343.49896240234375,449.4942932128906,512.2343139648438,621.518798828125,-1,-1,-1,-1
405,23,301.0661926269531,412.8683166503906,577.9659423828125,636.20654296875,-1,-1,-1,-1
406,23,254.38922119140625,361.3717346191406,644.1677856445312,610.70556640625,-1,-1,-1,-1
407,23,222.372802734375,327.3559265136719,684.5203857421875,749.8309326171875,-1,-1,-1,-1
408,23,161.771728515625,298.46820068359375,709.120849609375,837.1807250976562,-1,-1,-1,-1
409,23,95.86241149902344,295.9144592285156,748.4940795898438,948.967529296875,-1,-1,-1,-1
410,23,28.245502471923828,326.3766174316406,838.603515625,1083.3956298828125,-1,-1,-1,-1
411,23,-70.99128723144531,368.1045227050781,934.1937255859375,1048.83935546875,-1,-1,-1,-1
412,23,-83.24472045898438,348.4848937988281,918.3997802734375,1071.1136474609375,-1,-1,-1,-1
413,23,-33.88340759277344,371.03704833984375,895.529296875,1041.9189453125,-1,-1,-1,-1
414,23,31.413692474365234,331.7862243652344,893.8005981445312,1078.930419921875,-1,-1,-1,-1
415,23,144.41268920898438,248.65386962890625,941.9112548828125,1144.501708984375,-1,-1,-1,-1
416,23,588.7100830078125,174.43521118164062,716.1982421875,908.7406005859375,-1,-1,-1,-1
417,23,813.82666015625,230.99871826171875,601.89501953125,902.3563842773438,-1,-1,-1,-1
418,23,901.56591796875,271.19970703125,548.54541015625,980.663818359375,-1,-1,-1,-1
419,23,1014.25927734375,439.33544921875,449.094482421875,703.72607421875,-1,-1,-1,-1
420,23,1097.799072265625,456.3102111816406,508.6971435546875,784.546630859375,-1,-1,-1,-1
416,24,2.332366943359375,620.3887329101562,379.6587219238281,522.0154418945312,-1,-1,-1,-1
417,24,31.49681854248047,515.3645629882812,437.138916015625,546.9097290039062,-1,-1,-1,-1
418,24,158.14739990234375,445.2603759765625,342.3548889160156,582.4075927734375,-1,-1,-1,-1
419,24,270.4724426269531,434.75238037109375,321.4038391113281,581.3777465820312,-1,-1,-1,-1
420,24,439.017822265625,409.1142578125,245.717529296875,599.9888916015625,-1,-1,-1,-1
421,24,556.4457397460938,388.8612060546875,241.04730224609375,605.3246459960938,-1,-1,-1,-1
422,24,675.7821655273438,392.3382263183594,249.878173828125,620.4603271484375,-1,-1,-1,-1
423,24,778.1643676757812,391.4466247558594,270.56829833984375,667.6319580078125,-1,-1,-1,-1
424,24,885.6748657226562,393.3902893066406,285.86553955078125,722.5042724609375,-1,-1,-1,-1
425,24,960.840576171875,392.0715637207031,323.4921875,778.2169189453125,-1,-1,-1,-1
426,24,1023.6475219726562,363.4542541503906,358.83636474609375,829.6527099609375,-1,-1,-1,-1
427,24,1059.901611328125,342.9953308105469,388.4180908203125,880.13671875,-1,-1,-1,-1
428,24,1085.87841796875,350.49993896484375,382.1343994140625,916.9592895507812,-1,-1,-1,-1
429,24,1115.8233642578125,374.951171875,419.34423828125,772.8544921875,-1,-1,-1,-1
430,24,1135.4993896484375,357.2059020996094,484.6776123046875,848.705078125,-1,-1,-1,-1
421,26,-65.13495635986328,531.8809814453125,264.72442626953125,333.088623046875,-1,-1,-1,-1
422,26,79.71343994140625,553.3997802734375,261.9652404785156,302.541015625,-1,-1,-1,-1
423,26,203.05422973632812,550.3107299804688,238.7225341796875,287.075439453125,-1,-1,-1,-1
424,26,312.338623046875,546.701904296875,210.61383056640625,271.22314453125,-1,-1,-1,-1
425,26,387.3885192871094,551.8304443359375,198.94076538085938,266.3431396484375,-1,-1,-1,-1
426,26,442.96600341796875,539.5850830078125,189.29351806640625,261.9344482421875,-1,-1,-1,-1
427,26,470.4999694824219,532.1392211914062,186.17214965820312,256.84423828125,-1,-1,-1,-1
428,26,491.216796875,515.7976684570312,187.66143798828125,266.37042236328125,-1,-1,-1,-1
429,26,503.1619873046875,514.2689208984375,203.10699462890625,275.27288818359375,-1,-1,-1,-1
430,26,517.6231689453125,513.2996826171875,215.1845703125,282.27923583984375,-1,-1,-1,-1
431,26,548.7554321289062,503.9376220703125,224.76385498046875,298.2242431640625,-1,-1,-1,-1
432,26,581.8002319335938,519.2445068359375,213.546630859375,299.53497314453125,-1,-1,-1,-1
433,26,608.0946655273438,516.3074340820312,198.0452880859375,308.86273193359375,-1,-1,-1,-1
434,26,632.1246948242188,502.6746826171875,169.62628173828125,331.178466796875,-1,-1,-1,-1
435,26,643.7713012695312,516.0322265625,158.470703125,326.0919189453125,-1,-1,-1,-1
436,26,660.5127563476562,494.7943115234375,160.91815185546875,342.77447509765625,-1,-1,-1,-1
437,26,639.87744140625,502.9819641113281,188.7373046875,337.9541931152344,-1,-1,-1,-1
438,26,631.939697265625,497.4324951171875,194.37127685546875,346.1201171875,-1,-1,-1,-1
439,26,638.1654663085938,495.6706848144531,169.31280517578125,350.2552185058594,-1,-1,-1,-1
440,26,636.0557861328125,533.7843627929688,137.421630859375,339.11541748046875,-1,-1,-1,-1
441,26,625.6194458007812,525.9241943359375,128.7188720703125,338.92340087890625,-1,-1,-1,-1
442,26,608.2728271484375,503.5029296875,141.5413818359375,345.66497802734375,-1,-1,-1,-1
443,26,615.7884521484375,489.77105712890625,126.722412109375,370.6123046875,-1,-1,-1,-1
444,26,615.4268188476562,494.9881896972656,124.4490966796875,377.9331359863281,-1,-1,-1,-1
445,26,620.5552368164062,486.18585205078125,126.6728515625,378.800537109375,-1,-1,-1,-1
446,26,628.121826171875,473.62286376953125,132.73760986328125,371.64776611328125,-1,-1,-1,-1
447,26,626.761962890625,454.8177185058594,126.194580078125,372.4632873535156,-1,-1,-1,-1
448,26,615.0194091796875,425.66180419921875,131.829345703125,376.55157470703125,-1,-1,-1,-1
449,26,604.0511474609375,420.94287109375,139.54425048828125,378.7540283203125,-1,-1,-1,-1
450,26,610.4430541992188,417.18634033203125,130.512939453125,370.0679931640625,-1,-1,-1,-1
451,26,604.82861328125,429.6522521972656,139.74102783203125,352.8448791503906,-1,-1,-1,-1
452,26,581.28955078125,458.6800842285156,158.978515625,316.0049743652344,-1,-1,-1,-1
453,26,563.8031005859375,465.3759460449219,171.92071533203125,327.2114562988281,-1,-1,-1,-1
454,26,574.8260498046875,503.3580627441406,167.1336669921875,342.1752624511719,-1,-1,-1,-1
455,26,583.1609497070312,493.72784423828125,158.37493896484375,349.5528564453125,-1,-1,-1,-1
456,26,596.4560546875,472.54241943359375,152.7735595703125,366.93817138671875,-1,-1,-1,-1
457,26,606.4622802734375,465.9378967285156,155.3350830078125,363.1706848144531,-1,-1,-1,-1
458,26,611.1552734375,476.9267578125,159.54132080078125,343.39654541015625,-1,-1,-1,-1
459,26,623.5975341796875,512.0939331054688,157.5394287109375,311.9212646484375,-1,-1,-1,-1
460,26,642.5139770507812,512.9425659179688,157.42840576171875,319.11468505859375,-1,-1,-1,-1
461,26,648.1017456054688,504.35406494140625,158.33575439453125,330.027587890625,-1,-1,-1,-1
462,26,638.9586791992188,505.48583984375,160.75518798828125,333.24688720703125,-1,-1,-1,-1
463,26,635.8519897460938,507.9251708984375,161.45989990234375,342.0439453125,-1,-1,-1,-1
464,26,630.765380859375,509.8899841308594,162.56884765625,347.9986877441406,-1,-1,-1,-1
465,26,619.7530517578125,518.8629150390625,171.63995361328125,350.2305908203125,-1,-1,-1,-1
466,26,620.7607421875,530.9775390625,162.54345703125,333.73895263671875,-1,-1,-1,-1
467,26,624.0304565429688,514.5716552734375,149.88836669921875,341.7884521484375,-1,-1,-1,-1
468,26,609.6971435546875,523.7371826171875,151.38433837890625,326.0802001953125,-1,-1,-1,-1
469,26,602.2627563476562,465.542724609375,157.67059326171875,375.7265625,-1,-1,-1,-1
470,26,596.9031982421875,475.44464111328125,165.10504150390625,363.56719970703125,-1,-1,-1,-1
471,26,591.6948852539062,501.70855712890625,170.61322021484375,346.18316650390625,-1,-1,-1,-1
472,26,589.2787475585938,513.7415771484375,169.4278564453125,338.90692138671875,-1,-1,-1,-1
473,26,589.4152221679688,473.32373046875,171.72637939453125,378.57891845703125,-1,-1,-1,-1
474,26,588.7705078125,459.32861328125,172.1041259765625,389.88043212890625,-1,-1,-1,-1
475,26,594.5026245117188,446.5652160644531,165.3734130859375,397.3676452636719,-1,-1,-1,-1
476,26,596.6990356445312,434.14898681640625,163.32861328125,406.0975341796875,-1,-1,-1,-1
477,26,585.4490966796875,418.94140625,187.08819580078125,411.77850341796875,-1,-1,-1,-1
478,26,589.2112426757812,410.086181640625,199.66534423828125,414.1143798828125,-1,-1,-1,-1
479,26,592.7437133789062,424.9411926269531,195.58673095703125,402.7415466308594,-1,-1,-1,-1
480,26,592.0071411132812,451.23138427734375,190.05645751953125,387.0673828125,-1,-1,-1,-1
481,26,594.666015625,461.0916748046875,188.2001953125,391.16180419921875,-1,-1,-1,-1
482,26,607.3397827148438,473.2123718261719,184.87322998046875,386.3314514160156,-1,-1,-1,-1
483,26,612.6175537109375,456.98492431640625,186.8448486328125,399.8194580078125,-1,-1,-1,-1
484,26,613.5887451171875,453.2637939453125,191.78729248046875,401.1142578125,-1,-1,-1,-1
485,26,618.9860229492188,453.84619140625,199.57977294921875,398.481689453125,-1,-1,-1,-1
486,26,619.4364013671875,457.89801025390625,214.4149169921875,388.14471435546875,-1,-1,-1,-1
487,26,615.3379516601562,459.11376953125,228.86114501953125,377.1121826171875,-1,-1,-1,-1
488,26,609.7222900390625,464.066162109375,240.1776123046875,366.6849365234375,-1,-1,-1,-1
489,26,614.6179809570312,452.9969177246094,256.0020751953125,378.5022888183594,-1,-1,-1,-1
490,26,637.4961547851562,447.6787414550781,265.3677978515625,393.9216003417969,-1,-1,-1,-1
491,26,656.7675170898438,445.5748596191406,263.24957275390625,402.1189880371094,-1,-1,-1,-1
492,26,674.5638427734375,434.6946716308594,237.4404296875,418.5953063964844,-1,-1,-1,-1
493,26,685.440673828125,422.4034423828125,210.42864990234375,431.97039794921875,-1,-1,-1,-1
494,26,693.1533813476562,409.1723327636719,179.188232421875,440.9199523925781,-1,-1,-1,-1
495,26,702.8594360351562,386.50018310546875,187.34454345703125,452.279541015625,-1,-1,-1,-1
496,26,718.922607421875,379.9208068847656,191.10467529296875,452.8816833496094,-1,-1,-1,-1
497,26,717.3084716796875,375.0908203125,217.22088623046875,455.05377197265625,-1,-1,-1,-1
498,26,726.1415405273438,380.2794494628906,226.44964599609375,449.5088195800781,-1,-1,-1,-1
499,26,741.5323486328125,379.7875671386719,220.13726806640625,448.6288146972656,-1,-1,-1,-1
500,26,742.8486938476562,384.14178466796875,217.3741455078125,447.826904296875,-1,-1,-1,-1
501,26,726.2173461914062,390.5999755859375,216.7138671875,453.14373779296875,-1,-1,-1,-1
502,26,711.2423706054688,387.94384765625,188.0679931640625,456.50531005859375,-1,-1,-1,-1
503,26,708.4769287109375,379.34228515625,188.2353515625,462.0205078125,-1,-1,-1,-1
504,26,684.5772705078125,379.90826416015625,214.842041015625,463.12841796875,-1,-1,-1,-1
505,26,671.2979736328125,383.67138671875,221.96295166015625,459.45916748046875,-1,-1,-1,-1
506,26,662.709716796875,392.6781005859375,212.650634765625,452.7503662109375,-1,-1,-1,-1
507,26,660.7869873046875,410.5471496582031,199.05523681640625,444.9969177246094,-1,-1,-1,-1
508,26,656.8804321289062,416.5799865722656,190.6671142578125,440.3991394042969,-1,-1,-1,-1
509,26,657.3289184570312,418.0232238769531,188.96429443359375,443.8542175292969,-1,-1,-1,-1
510,26,655.3134765625,416.668701171875,189.39971923828125,451.80950927734375,-1,-1,-1,-1
511,26,640.82177734375,409.01690673828125,191.10101318359375,460.4019775390625,-1,-1,-1,-1
512,26,625.7944946289062,403.3106994628906,195.41546630859375,462.4654846191406,-1,-1,-1,-1
513,26,613.4599609375,399.8697509765625,198.1402587890625,462.07989501953125,-1,-1,-1,-1
514,26,610.9201049804688,397.967041015625,204.18963623046875,466.9105224609375,-1,-1,-1,-1
515,26,614.3092651367188,402.4630432128906,227.01177978515625,470.6361999511719,-1,-1,-1,-1
516,26,600.3817749023438,416.53369140625,274.4893798828125,473.94976806640625,-1,-1,-1,-1
517,26,586.9039916992188,403.21484375,319.9959716796875,481.9859619140625,-1,-1,-1,-1
518,26,573.7098388671875,433.658203125,353.86810302734375,479.48321533203125,-1,-1,-1,-1
519,26,590.4453125,433.5419921875,351.767333984375,480.618408203125,-1,-1,-1,-1
520,26,611.0369262695312,416.21929931640625,331.90045166015625,489.52984619140625,-1,-1,-1,-1
521,26,622.5375366210938,404.7822265625,291.08001708984375,505.64715576171875,-1,-1,-1,-1
522,26,636.451904296875,384.9088134765625,256.65478515625,525.4674072265625,-1,-1,-1,-1
523,26,642.9725341796875,359.460205078125,229.73638916015625,543.9390869140625,-1,-1,-1,-1
524,26,644.728759765625,348.1077880859375,205.7249755859375,562.4927978515625,-1,-1,-1,-1
525,26,636.5291748046875,342.4769287109375,223.6181640625,574.3438110351562,-1,-1,-1,-1
526,26,621.00244140625,348.06170654296875,251.11572265625,586.186279296875,-1,-1,-1,-1
527,26,602.495361328125,375.249755859375,272.6962890625,584.3153076171875,-1,-1,-1,-1
528,26,583.6383056640625,389.2131652832031,296.6988525390625,592.7880859375,-1,-1,-1,-1
529,26,573.6907958984375,396.69073486328125,307.4390869140625,599.302490234375,-1,-1,-1,-1
530,26,564.4680786132812,402.2923583984375,315.10638427734375,601.7845458984375,-1,-1,-1,-1
531,26,569.7838745117188,415.1072998046875,323.09814453125,599.6837768554688,-1,-1,-1,-1
532,26,584.6515502929688,447.0970764160156,311.06103515625,582.887451171875,-1,-1,-1,-1
533,26,584.6687622070312,473.56378173828125,304.29193115234375,562.3853149414062,-1,-1,-1,-1
534,26,583.4288330078125,493.5864562988281,318.2303466796875,536.929443359375,-1,-1,-1,-1
535,26,583.5545654296875,490.059814453125,354.09765625,513.152587890625,-1,-1,-1,-1
536,26,576.9760131835938,462.898193359375,387.0257568359375,541.8802490234375,-1,-1,-1,-1
537,26,571.5733642578125,440.48529052734375,411.11224365234375,572.2876586914062,-1,-1,-1,-1
538,26,558.08154296875,408.021728515625,431.088623046875,620.570068359375,-1,-1,-1,-1
539,26,524.1259155273438,357.825439453125,519.5696411132812,698.048583984375,-1,-1,-1,-1
540,26,500.26025390625,276.22662353515625,684.99609375,824.3312377929688,-1,-1,-1,-1
541,26,556.9140625,216.36805725097656,805.5697021484375,971.1953125,-1,-1,-1,-1
542,26,641.074951171875,201.7981719970703,760.5474853515625,1028.98974609375,-1,-1,-1,-1
543,26,665.42822265625,175.24911499023438,732.954833984375,1099.178955078125,-1,-1,-1,-1
544,26,730.0028076171875,159.67515563964844,683.9969482421875,1154.85009765625,-1,-1,-1,-1
545,26,843.5459594726562,145.79940795898438,608.5701293945312,1170.899169921875,-1,-1,-1,-1
546,26,911.5707397460938,158.33233642578125,643.0850219726562,1181.337158203125,-1,-1,-1,-1
547,26,931.824951171875,181.0620574951172,536.3707275390625,1077.4498291015625,-1,-1,-1,-1
548,26,944.7922973632812,229.42120361328125,477.84063720703125,835.6978149414062,-1,-1,-1,-1
549,26,943.0262451171875,235.61474609375,455.3145751953125,778.4464111328125,-1,-1,-1,-1
550,26,932.1278076171875,213.19970703125,416.8826904296875,769.0578002929688,-1,-1,-1,-1
551,26,921.8798828125,232.04946899414062,354.129150390625,737.442138671875,-1,-1,-1,-1
552,26,914.1934204101562,274.2430725097656,295.72967529296875,674.21044921875,-1,-1,-1,-1
553,26,898.0154418945312,328.1271057128906,259.90386962890625,581.97509765625,-1,-1,-1,-1
554,26,874.6527709960938,365.218994140625,262.33148193359375,503.99102783203125,-1,-1,-1,-1
555,26,848.7494506835938,391.16253662109375,275.03607177734375,440.6474609375,-1,-1,-1,-1
556,26,826.1722412109375,413.8121032714844,270.824951171875,410.9078674316406,-1,-1,-1,-1
557,26,798.3463134765625,431.9086608886719,265.2518310546875,409.4220886230469,-1,-1,-1,-1
558,26,763.8753051757812,439.34222412109375,251.3238525390625,408.80877685546875,-1,-1,-1,-1
559,26,725.0460815429688,437.68487548828125,247.863037109375,414.453369140625,-1,-1,-1,-1
560,26,680.7031860351562,457.4922790527344,253.10791015625,409.7392272949219,-1,-1,-1,-1
561,26,637.9525756835938,473.66729736328125,263.63018798828125,410.10833740234375,-1,-1,-1,-1
562,26,616.5511474609375,488.083251953125,261.8614501953125,415.808837890625,-1,-1,-1,-1
563,26,610.1929931640625,504.03692626953125,254.58905029296875,399.27203369140625,-1,-1,-1,-1
564,26,610.1544189453125,505.0048828125,242.2164306640625,430.5997314453125,-1,-1,-1,-1
565,26,581.9694213867188,491.072265625,251.75164794921875,391.9222412109375,-1,-1,-1,-1
566,26,559.38330078125,472.6904296875,261.46630859375,416.15924072265625,-1,-1,-1,-1
567,26,552.25048828125,454.1036376953125,252.624267578125,448.0028076171875,-1,-1,-1,-1
568,26,539.185546875,438.0069580078125,241.02813720703125,471.552734375,-1,-1,-1,-1
569,26,526.3226318359375,420.78936767578125,249.3533935546875,491.64105224609375,-1,-1,-1,-1
570,26,534.6163940429688,428.022216796875,230.45855712890625,477.46307373046875,-1,-1,-1,-1
571,26,536.08544921875,456.6982727050781,294.1214599609375,500.6590881347656,-1,-1,-1,-1
572,26,509.74639892578125,447.4772033691406,372.58477783203125,551.7332763671875,-1,-1,-1,-1
573,26,451.53515625,411.06329345703125,456.774169921875,610.300048828125,-1,-1,-1,-1
574,26,396.9583740234375,353.28515625,520.0432739257812,689.2601318359375,-1,-1,-1,-1
575,26,352.4588317871094,313.7479248046875,564.2674560546875,765.978271484375,-1,-1,-1,-1
576,26,306.4446105957031,282.807861328125,625.9991455078125,840.2298583984375,-1,-1,-1,-1
577,26,305.83203125,307.5982360839844,601.750732421875,917.7447509765625,-1,-1,-1,-1
578,26,302.09320068359375,350.2733154296875,544.1294555664062,838.7333984375,-1,-1,-1,-1
579,26,330.9509582519531,312.3370056152344,541.85546875,1017.8533935546875,-1,-1,-1,-1
580,26,309.11785888671875,244.09713745117188,587.6167602539062,1002.0291748046875,-1,-1,-1,-1
581,26,274.6042785644531,185.12411499023438,622.8409423828125,1032.9547119140625,-1,-1,-1,-1
582,26,264.5773620605469,174.60679626464844,565.4373779296875,1025.357421875,-1,-1,-1,-1
583,26,292.7079162597656,162.0253448486328,554.8494873046875,1016.2960815429688,-1,-1,-1,-1
584,26,315.15069580078125,150.80462646484375,600.001708984375,1102.899658203125,-1,-1,-1,-1
585,26,381.6205749511719,166.8018035888672,558.929931640625,1232.6005859375,-1,-1,-1,-1
586,26,388.8016052246094,166.9816131591797,518.907470703125,1134.2254638671875,-1,-1,-1,-1
587,26,352.1904602050781,237.25717163085938,503.7476501464844,1086.4974365234375,-1,-1,-1,-1
588,26,340.9112548828125,365.00439453125,474.3421630859375,1016.504150390625,-1,-1,-1,-1
589,26,345.3393249511719,399.8846435546875,420.2957458496094,924.6632080078125,-1,-1,-1,-1
590,26,350.026123046875,482.3175048828125,370.233154296875,745.448486328125,-1,-1,-1,-1
591,26,350.0767822265625,450.93280029296875,343.55316162109375,754.6209106445312,-1,-1,-1,-1
592,26,340.7883605957031,470.9939880371094,328.2414245605469,792.67724609375,-1,-1,-1,-1
593,26,318.15618896484375,469.56109619140625,324.275146484375,812.4423217773438,-1,-1,-1,-1
594,26,291.4114990234375,505.3876647949219,335.93597412109375,809.4876708984375,-1,-1,-1,-1
595,26,272.13128662109375,567.2891235351562,357.33819580078125,775.4378051757812,-1,-1,-1,-1
596,26,241.61819458007812,624.106689453125,383.3911437988281,734.5352783203125,-1,-1,-1,-1
597,26,205.0954132080078,610.9174194335938,411.63299560546875,697.5803833007812,-1,-1,-1,-1
598,26,180.59324645996094,569.7088012695312,428.91455078125,671.5957641601562,-1,-1,-1,-1
599,26,169.02178955078125,545.4400634765625,395.4949951171875,690.097412109375,-1,-1,-1,-1
600,26,157.54702758789062,546.132080078125,363.0766906738281,706.1986083984375,-1,-1,-1,-1
601,26,154.06988525390625,564.5004272460938,331.9737243652344,708.8626098632812,-1,-1,-1,-1
443,27,754.4478759765625,834.5184936523438,603.9019775390625,578.0914916992188,-1,-1,-1,-1
444,27,723.005615234375,791.7918701171875,688.990234375,621.78564453125,-1,-1,-1,-1
445,27,704.8602905273438,731.1619873046875,727.5797729492188,689.370849609375,-1,-1,-1,-1
446,27,706.6854248046875,662.5147094726562,739.536865234375,762.6542358398438,-1,-1,-1,-1
447,27,674.6578369140625,587.978515625,765.5186767578125,830.1048583984375,-1,-1,-1,-1
448,27,659.845458984375,552.7636108398438,768.0281982421875,862.6240844726562,-1,-1,-1,-1
449,27,627.1483764648438,559.1099243164062,845.7249145507812,859.0316772460938,-1,-1,-1,-1
450,27,597.2222290039062,620.2298583984375,824.3480834960938,792.4063720703125,-1,-1,-1,-1
451,27,615.7615966796875,679.9580078125,819.2252197265625,733.723876953125,-1,-1,-1,-1
452,27,638.7568359375,600.253662109375,784.774169921875,814.375244140625,-1,-1,-1,-1
453,27,639.5899047851562,499.47076416015625,849.4551391601562,930.6481323242188,-1,-1,-1,-1
454,27,653.9072875976562,553.5914916992188,748.8585815429688,859.3585815429688,-1,-1,-1,-1
455,27,672.7501220703125,532.8229370117188,739.210205078125,877.6220092773438,-1,-1,-1,-1
456,27,679.0458984375,504.158447265625,731.9189453125,906.8436279296875,-1,-1,-1,-1
457,27,704.2749633789062,539.4448852539062,702.9183959960938,874.2013549804688,-1,-1,-1,-1
458,27,716.4462890625,602.8865966796875,697.860595703125,810.0626220703125,-1,-1,-1,-1
459,27,697.0833740234375,673.7019653320312,672.1558837890625,750.1642456054688,-1,-1,-1,-1
460,27,714.392333984375,727.538818359375,708.4149169921875,689.572998046875,-1,-1,-1,-1
461,27,705.48876953125,867.1246948242188,670.87109375,543.5202026367188,-1,-1,-1,-1
462,27,685.2396850585938,987.5810546875,480.88165283203125,427.2703857421875,-1,-1,-1,-1
463,27,636.2645874023438,1006.3781127929688,624.5630493164062,415.89251708984375,-1,-1,-1,-1
582,28,1233.901611328125,531.863037109375,203.742919921875,354.877197265625,-1,-1,-1,-1
583,28,1233.8240966796875,451.06915283203125,201.0794677734375,371.506591796875,-1,-1,-1,-1
584,28,1232.0831298828125,394.8112487792969,191.42822265625,368.7478942871094,-1,-1,-1,-1
585,28,1217.1748046875,379.075439453125,179.1690673828125,356.49359130859375,-1,-1,-1,-1
586,28,1171.324951171875,342.6666564941406,208.74658203125,374.7265930175781,-1,-1,-1,-1
587,28,1114.973388671875,372.94866943359375,213.05224609375,368.844482421875,-1,-1,-1,-1
588,28,1072.7681884765625,436.6119079589844,198.0516357421875,364.0234680175781,-1,-1,-1,-1
589,28,1026.8233642578125,442.15252685546875,191.713134765625,359.76708984375,-1,-1,-1,-1
590,28,978.1511840820312,440.501708984375,189.73468017578125,359.19720458984375,-1,-1,-1,-1
591,28,946.9013671875,469.90478515625,184.3363037109375,358.0738525390625,-1,-1,-1,-1
592,28,918.680419921875,493.056884765625,177.8795166015625,357.45928955078125,-1,-1,-1,-1
593,28,882.4730224609375,503.11492919921875,177.9749755859375,354.36224365234375,-1,-1,-1,-1
594,28,852.7752685546875,528.9140625,171.64129638671875,356.2733154296875,-1,-1,-1,-1
595,28,829.2567138671875,548.415771484375,166.889404296875,359.881103515625,-1,-1,-1,-1
596,28,804.7095947265625,590.3428344726562,163.7943115234375,362.13470458984375,-1,-1,-1,-1
597,28,775.537841796875,582.82373046875,161.7752685546875,362.0244140625,-1,-1,-1,-1
598,28,753.8306884765625,554.9970703125,162.54638671875,364.82098388671875,-1,-1,-1,-1
599,28,742.361083984375,534.724853515625,161.8843994140625,369.667724609375,-1,-1,-1,-1
600,28,732.6821899414062,532.2645263671875,164.7493896484375,371.8587646484375,-1,-1,-1,-1
601,28,728.9168701171875,540.7601928710938,165.01092529296875,375.0322265625,-1,-1,-1,-1
589,29,1254.240966796875,473.21746826171875,155.6351318359375,282.72808837890625,-1,-1,-1,-1
590,29,1197.7069091796875,466.3888244628906,167.9613037109375,275.9947204589844,-1,-1,-1,-1
591,29,1153.93115234375,488.5375671386719,174.6148681640625,272.4738464355469,-1,-1,-1,-1
592,29,1117.821044921875,512.432861328125,170.828369140625,265.12933349609375,-1,-1,-1,-1
593,29,1075.7012939453125,518.2396240234375,167.5245361328125,261.603515625,-1,-1,-1,-1
594,29,1039.493896484375,539.4413452148438,163.9677734375,255.61181640625,-1,-1,-1,-1
595,29,1011.4752197265625,553.2085571289062,162.90087890625,252.6600341796875,-1,-1,-1,-1
596,29,984.8564453125,591.6792602539062,160.5302734375,251.39617919921875,-1,-1,-1,-1
597,29,949.7960815429688,588.893798828125,158.51251220703125,246.1851806640625,-1,-1,-1,-1
598,29,923.404296875,567.9310913085938,155.2364501953125,245.62554931640625,-1,-1,-1,-1
599,29,907.4159545898438,548.4942626953125,155.34832763671875,247.252197265625,-1,-1,-1,-1
600,29,894.602783203125,543.6634521484375,155.31494140625,247.8997802734375,-1,-1,-1,-1
601,29,892.4703369140625,546.9995727539062,152.83642578125,247.3709716796875,-1,-1,-1,-1
