1,1,918.01220703125,547.6315307617188,91.28289794921875,243.21588134765625,-1,-1,-1,-1
2,1,919.5138549804688,533.3161010742188,95.76019287109375,247.10211181640625,-1,-1,-1,-1
3,1,923.519287109375,504.26287841796875,94.7001953125,248.9073486328125,-1,-1,-1,-1
4,1,920.5184326171875,464.27716064453125,97.44012451171875,251.71246337890625,-1,-1,-1,-1
5,1,918.775390625,433.2910461425781,99.94964599609375,255.63790893554688,-1,-1,-1,-1
6,1,918.4747314453125,425.5128173828125,99.9647216796875,255.712646484375,-1,-1,-1,-1
7,1,915.0289306640625,432.45361328125,98.42254638671875,253.6884765625,-1,-1,-1,-1
8,1,908.2634887695312,458.47802734375,99.30078125,248.33416748046875,-1,-1,-1,-1
9,1,903.8942260742188,487.9237976074219,97.29010009765625,246.99508666992188,-1,-1,-1,-1
10,1,895.6028442382812,514.2675170898438,97.66656494140625,240.45550537109375,-1,-1,-1,-1
11,1,889.2068481445312,522.8515014648438,96.52557373046875,235.79766845703125,-1,-1,-1,-1
12,1,874.9840087890625,511.6665954589844,94.55255126953125,232.06936645507812,-1,-1,-1,-1
13,1,835.7387084960938,465.9678955078125,97.1268310546875,244.11279296875,-1,-1,-1,-1
14,1,776.33984375,430.2637634277344,94.3056640625,239.65261840820312,-1,-1,-1,-1
15,1,708.1307373046875,415.48077392578125,94.91143798828125,240.13604736328125,-1,-1,-1,-1
16,1,645.4494018554688,412.4447937011719,96.49359130859375,243.02450561523438,-1,-1,-1,-1
17,1,582.8341064453125,413.2005920410156,99.665283203125,243.93032836914062,-1,-1,-1,-1
18,1,512.8634033203125,414.249267578125,106.1146240234375,247.23736572265625,-1,-1,-1,-1
19,1,455.9480895996094,424.69989013671875,108.76968383789062,251.6651611328125,-1,-1,-1,-1
20,1,418.83203125,432.8526306152344,110.46044921875,257.0771179199219,-1,-1,-1,-1
21,1,398.52606201171875,444.2774658203125,112.042236328125,255.94036865234375,-1,-1,-1,-1
22,1,385.72589111328125,452.06689453125,113.12158203125,255.7689208984375,-1,-1,-1,-1
23,1,377.3482971191406,449.7655029296875,113.70889282226562,258.002197265625,-1,-1,-1,-1
24,1,380.529052734375,454.4240417480469,114.63864135742188,258.1795349121094,-1,-1,-1,-1
25,1,397.229248046875,462.26300048828125,114.90167236328125,260.278564453125,-1,-1,-1,-1
26,1,427.06304931640625,474.683837890625,115.10064697265625,254.248046875,-1,-1,-1,-1
27,1,463.70849609375,474.1969299316406,114.5677490234375,256.0077209472656,-1,-1,-1,-1
28,1,492.4722900390625,467.3964538574219,114.1033935546875,264.0666198730469,-1,-1,-1,-1
29,1,496.9735412597656,452.39434814453125,128.33145141601562,282.577392578125,-1,-1,-1,-1
30,1,522.3372802734375,464.0328063964844,113.62603759765625,263.6919860839844,-1,-1,-1,-1
33,1,578.2619018554688,476.39862060546875,139.4122314453125,299.51177978515625,-1,-1,-1,-1
34,1,603.7537231445312,496.7256774902344,126.848388671875,302.5741882324219,-1,-1,-1,-1
35,1,629.51025390625,506.17327880859375,146.00518798828125,303.29949951171875,-1,-1,-1,-1
36,1,641.6117553710938,487.57501220703125,166.51849365234375,314.96014404296875,-1,-1,-1,-1
37,1,619.7573852539062,475.73846435546875,202.12615966796875,337.871826171875,-1,-1,-1,-1
38,1,597.9044189453125,461.301025390625,263.6943359375,353.9617919921875,-1,-1,-1,-1
39,1,588.4962768554688,442.7186584472656,206.3109130859375,370.7372131347656,-1,-1,-1,-1
40,1,534.6994018554688,425.7769775390625,280.56170654296875,448.5675048828125,-1,-1,-1,-1
41,1,448.4489440917969,401.09259033203125,350.3670959472656,543.2678833007812,-1,-1,-1,-1
42,1,499.2326965332031,436.7933349609375,312.5462341308594,419.131591796875,-1,-1,-1,-1
43,1,502.3208923339844,451.7825012207031,296.8624572753906,456.3309020996094,-1,-1,-1,-1
44,1,485.22515869140625,444.982421875,293.28900146484375,492.7752685546875,-1,-1,-1,-1
45,1,459.0884094238281,431.36895751953125,306.2644348144531,560.3787841796875,-1,-1,-1,-1
46,1,406.0566711425781,415.96600341796875,360.8515319824219,637.1932983398438,-1,-1,-1,-1
47,1,349.8795471191406,382.67999267578125,443.8252258300781,687.6599731445312,-1,-1,-1,-1
48,1,280.0069274902344,366.22454833984375,541.85009765625,699.4277954101562,-1,-1,-1,-1
49,1,138.28346252441406,391.2974548339844,661.3222045898438,812.337890625,-1,-1,-1,-1
50,1,-6.170116424560547,365.3262939453125,721.6873168945312,965.2353515625,-1,-1,-1,-1
51,1,-13.043039321899414,423.21026611328125,586.7823486328125,987.1091918945312,-1,-1,-1,-1
52,1,-140.78689575195312,435.1866760253906,648.40966796875,981.5789794921875,-1,-1,-1,-1
53,1,-178.68838500976562,436.0155334472656,415.08489990234375,790.354736328125,-1,-1,-1,-1
54,1,-120.45919799804688,438.7438049316406,338.94439697265625,573.9554443359375,-1,-1,-1,-1
1,2,519.52197265625,601.6417236328125,124.04608154296875,288.21014404296875,-1,-1,-1,-1
2,2,523.7123413085938,589.1943969726562,125.59478759765625,293.60882568359375,-1,-1,-1,-1
3,2,525.561767578125,561.3701782226562,127.2276611328125,298.4525146484375,-1,-1,-1,-1
4,2,524.321044921875,527.2597045898438,131.727783203125,301.67547607421875,-1,-1,-1,-1
5,2,524.8226928710938,502.55426025390625,131.6553955078125,304.792236328125,-1,-1,-1,-1
6,2,525.8089599609375,492.5447998046875,134.7105712890625,306.86663818359375,-1,-1,-1,-1
7,2,526.17138671875,500.4009094238281,137.030029296875,307.3594665527344,-1,-1,-1,-1
8,2,525.0172729492188,518.0662231445312,144.38720703125,308.78558349609375,-1,-1,-1,-1
9,2,525.297119140625,547.4216918945312,146.645263671875,305.85418701171875,-1,-1,-1,-1
10,2,523.6751708984375,570.7815551757812,151.0511474609375,305.02203369140625,-1,-1,-1,-1
11,2,519.345458984375,574.7456665039062,158.03863525390625,306.3985595703125,-1,-1,-1,-1
12,2,505.0697326660156,563.9345092773438,166.99423217773438,307.730224609375,-1,-1,-1,-1
13,2,466.43402099609375,535.07373046875,176.73504638671875,311.63946533203125,-1,-1,-1,-1
14,2,398.0332946777344,489.937255859375,182.68295288085938,332.4842529296875,-1,-1,-1,-1
15,2,324.2418518066406,468.9679260253906,183.25094604492188,365.8570861816406,-1,-1,-1,-1
16,2,256.14508056640625,461.19378662109375,196.66845703125,399.8121337890625,-1,-1,-1,-1
17,2,192.53924560546875,456.6912841796875,225.11550903320312,433.041748046875,-1,-1,-1,-1
18,2,119.43409729003906,459.8130187988281,247.8667449951172,459.7304382324219,-1,-1,-1,-1
19,2,62.811302185058594,480.73577880859375,251.93618774414062,468.6553955078125,-1,-1,-1,-1
20,2,33.190956115722656,488.3410339355469,253.0584716796875,481.7928771972656,-1,-1,-1,-1
21,2,24.957197189331055,494.7430725097656,260.964599609375,489.6773986816406,-1,-1,-1,-1
22,2,23.389802932739258,483.0519714355469,295.36083984375,510.5685729980469,-1,-1,-1,-1
23,2,28.60589027404785,459.2451171875,332.9795227050781,561.4727783203125,-1,-1,-1,-1
24,2,44.09771728515625,433.1462097167969,367.14404296875,612.260009765625,-1,-1,-1,-1
25,2,82.24249267578125,434.680908203125,364.7693786621094,634.031005859375,-1,-1,-1,-1
26,2,138.67410278320312,438.49053955078125,333.2112121582031,639.4773559570312,-1,-1,-1,-1
27,2,203.4657440185547,435.4720458984375,327.47369384765625,641.3873291015625,-1,-1,-1,-1
28,2,253.04563903808594,425.40936279296875,371.25439453125,666.0484008789062,-1,-1,-1,-1
29,2,287.8055725097656,405.660400390625,406.4539489746094,746.2855224609375,-1,-1,-1,-1
30,2,323.4266662597656,374.53363037109375,425.6109313964844,837.6361694335938,-1,-1,-1,-1
31,2,370.1571960449219,371.08282470703125,443.5236511230469,923.2107543945312,-1,-1,-1,-1
32,2,423.94427490234375,353.0705261230469,483.58856201171875,1010.00048828125,-1,-1,-1,-1
33,2,477.0870666503906,329.09100341796875,497.3914489746094,1079.906982421875,-1,-1,-1,-1
34,2,570.5433349609375,312.911376953125,506.505859375,1098.2979736328125,-1,-1,-1,-1
35,2,735.3203125,450.8938903808594,464.64208984375,956.66796875,-1,-1,-1,-1
36,2,787.2362060546875,454.8153381347656,301.6092529296875,590.4493408203125,-1,-1,-1,-1
37,2,778.717529296875,434.6114501953125,304.7366943359375,544.4497680664062,-1,-1,-1,-1
38,2,714.8607177734375,432.5083923339844,233.6649169921875,568.245361328125,-1,-1,-1,-1
39,2,653.9238891601562,400.51751708984375,293.83355712890625,578.3328857421875,-1,-1,-1,-1
40,2,516.0012817382812,380.6181945800781,385.7099609375,618.3062744140625,-1,-1,-1,-1
41,2,414.2876281738281,392.86309814453125,414.6144714355469,640.1676635742188,-1,-1,-1,-1
42,2,346.50811767578125,419.515380859375,378.00677490234375,641.2362060546875,-1,-1,-1,-1
43,2,257.6728515625,442.8544006347656,344.2083740234375,646.58447265625,-1,-1,-1,-1
44,2,221.80426025390625,446.4805603027344,262.19183349609375,651.5548095703125,-1,-1,-1,-1
45,2,174.647216796875,446.13525390625,277.5149841308594,672.36962890625,-1,-1,-1,-1
46,2,85.3934326171875,467.2783203125,341.0799560546875,689.9591064453125,-1,-1,-1,-1
47,2,10.737604141235352,472.2325744628906,385.8419189453125,672.3104248046875,-1,-1,-1,-1
48,2,-6.583396911621094,496.3988952636719,382.07806396484375,599.2869873046875,-1,-1,-1,-1
49,2,-8.143982887268066,494.3626708984375,265.44256591796875,558.2666015625,-1,-1,-1,-1
50,2,-6.681964874267578,408.4071960449219,610.5867309570312,744.676513671875,-1,-1,-1,-1
51,2,-11.135881423950195,382.57635498046875,576.73974609375,749.5303344726562,-1,-1,-1,-1
52,2,-109.9942398071289,417.8052673339844,567.0653686523438,787.0479736328125,-1,-1,-1,-1
53,2,-92.64904022216797,462.1210632324219,288.1041259765625,523.6239013671875,-1,-1,-1,-1
54,2,-92.3616714477539,442.3785400390625,306.0896301269531,534.9867553710938,-1,-1,-1,-1
55,2,4.34440803527832,460.37689208984375,261.87139892578125,517.3079833984375,-1,-1,-1,-1
56,2,90.05107879638672,495.8404541015625,257.62957763671875,489.32440185546875,-1,-1,-1,-1
57,2,199.8150634765625,520.4192504882812,236.89242553710938,457.94580078125,-1,-1,-1,-1
58,2,282.8962707519531,528.235107421875,240.21109008789062,430.15594482421875,-1,-1,-1,-1
59,2,327.8168640136719,528.2680053710938,242.36721801757812,410.4554443359375,-1,-1,-1,-1
60,2,382.8678894042969,520.6962280273438,247.65194702148438,399.21124267578125,-1,-1,-1,-1
61,2,463.0005798339844,534.2085571289062,237.24838256835938,395.55194091796875,-1,-1,-1,-1
62,2,561.9899291992188,533.517578125,225.664306640625,391.4681396484375,-1,-1,-1,-1
63,2,693.0137329101562,510.20263671875,206.61639404296875,398.1278076171875,-1,-1,-1,-1
64,2,823.2838134765625,505.5909423828125,189.9287109375,416.19024658203125,-1,-1,-1,-1
65,2,899.6069946289062,517.85888671875,186.33782958984375,437.32647705078125,-1,-1,-1,-1
66,2,897.1399536132812,499.764892578125,213.91741943359375,466.58837890625,-1,-1,-1,-1
67,2,888.1162109375,487.7511291503906,261.8499755859375,486.4233703613281,-1,-1,-1,-1
68,2,888.4080810546875,461.6049499511719,305.3028564453125,514.9547119140625,-1,-1,-1,-1
69,2,916.3240966796875,447.72308349609375,303.052734375,530.4406127929688,-1,-1,-1,-1
70,2,955.98291015625,451.3688049316406,305.6214599609375,543.602294921875,-1,-1,-1,-1
71,2,1001.1929321289062,442.0340270996094,287.89288330078125,565.595458984375,-1,-1,-1,-1
72,2,1038.254150390625,404.6167907714844,267.759521484375,594.322021484375,-1,-1,-1,-1
73,2,1028.4576416015625,412.3516845703125,311.3992919921875,626.9525146484375,-1,-1,-1,-1
74,2,1016.6917724609375,420.8479919433594,342.5460205078125,657.566162109375,-1,-1,-1,-1
75,2,993.1119995117188,432.9870910644531,355.09820556640625,672.1951904296875,-1,-1,-1,-1
76,2,955.3749389648438,429.01373291015625,361.22589111328125,674.4902954101562,-1,-1,-1,-1
77,2,919.3746337890625,425.6268310546875,359.7412109375,690.834716796875,-1,-1,-1,-1
78,2,890.8189697265625,430.7253112792969,345.89453125,711.980224609375,-1,-1,-1,-1
79,2,872.5142822265625,412.10992431640625,317.1748046875,739.2521362304688,-1,-1,-1,-1
80,2,852.5213623046875,411.04510498046875,277.7764892578125,753.5935668945312,-1,-1,-1,-1
81,2,794.0408325195312,440.9024658203125,297.58026123046875,760.8482666015625,-1,-1,-1,-1
82,2,688.3731079101562,441.57281494140625,366.18280029296875,771.5846557617188,-1,-1,-1,-1
83,2,607.7232055664062,417.1477355957031,457.80316162109375,804.19775390625,-1,-1,-1,-1
84,2,583.01220703125,396.1079406738281,492.8157958984375,848.1151123046875,-1,-1,-1,-1
85,2,552.0670776367188,379.1263427734375,523.8040161132812,892.4305419921875,-1,-1,-1,-1
86,2,534.770263671875,371.7548522949219,490.65069580078125,904.86279296875,-1,-1,-1,-1
87,2,506.6252746582031,370.86865234375,426.2964782714844,924.8294677734375,-1,-1,-1,-1
88,2,454.32086181640625,376.0576477050781,343.20745849609375,937.21826171875,-1,-1,-1,-1
89,2,382.51641845703125,468.8674621582031,382.89154052734375,824.4935302734375,-1,-1,-1,-1
90,2,259.6592102050781,315.1260681152344,516.1531982421875,1004.9901123046875,-1,-1,-1,-1
91,2,80.70191192626953,305.359375,674.5946044921875,1083.3634033203125,-1,-1,-1,-1
92,2,-3.8731765747070312,259.7708740234375,702.224365234375,1155.400146484375,-1,-1,-1,-1
93,2,-13.830659866333008,256.80596923828125,596.093017578125,1163.053466796875,-1,-1,-1,-1
94,2,-36.640350341796875,274.4542236328125,509.6983642578125,1147.5985107421875,-1,-1,-1,-1
95,2,-32.27033996582031,261.5299377441406,531.6962280273438,1163.51318359375,-1,-1,-1,-1
96,2,-34.16207504272461,258.16070556640625,479.3003845214844,1152.131103515625,-1,-1,-1,-1
97,2,-222.51919555664062,318.82958984375,594.5858764648438,1098.8175048828125,-1,-1,-1,-1
98,2,-269.4822692871094,357.9109802246094,701.8153076171875,1077.5706787109375,-1,-1,-1,-1
99,2,-248.78451538085938,537.40625,531.6572265625,813.226318359375,-1,-1,-1,-1
100,2,-239.11451721191406,565.821044921875,500.54095458984375,855.6219482421875,-1,-1,-1,-1
101,2,-249.7112579345703,633.1698608398438,505.2187194824219,798.9295043945312,-1,-1,-1,-1
102,2,-282.410888671875,650.669921875,574.7825317382812,801.2301025390625,-1,-1,-1,-1
103,2,-268.6463317871094,567.7857055664062,540.526611328125,853.3432006835938,-1,-1,-1,-1
104,2,-47.31659698486328,345.1950988769531,450.561767578125,1033.599609375,-1,-1,-1,-1
105,2,-5.989219665527344,191.0898895263672,476.7388610839844,1057.9796142578125,-1,-1,-1,-1
106,2,39.17108154296875,157.16073608398438,522.6196899414062,1012.7275390625,-1,-1,-1,-1
107,2,258.1405029296875,148.97842407226562,483.36260986328125,936.7978515625,-1,-1,-1,-1
108,2,433.96099853515625,199.30792236328125,482.9515380859375,898.2113647460938,-1,-1,-1,-1
109,2,598.3822021484375,244.46546936035156,482.9266357421875,933.6971435546875,-1,-1,-1,-1
110,2,721.4671630859375,279.5907897949219,478.130615234375,1005.353271484375,-1,-1,-1,-1
111,2,862.6823120117188,301.9679260253906,489.21575927734375,1075.5341796875,-1,-1,-1,-1
112,2,1046.77734375,360.96697998046875,378.572509765625,1052.750732421875,-1,-1,-1,-1
113,2,1145.651611328125,430.6806640625,350.822509765625,928.4385986328125,-1,-1,-1,-1
114,2,1277.114501953125,484.3074645996094,229.904541015625,749.7994384765625,-1,-1,-1,-1
115,2,1248.1785888671875,508.6524658203125,322.5638427734375,657.55615234375,-1,-1,-1,-1
119,2,1310.15478515625,585.232177734375,198.669921875,375.84912109375,-1,-1,-1,-1
121,2,1315.552490234375,573.1819458007812,187.845947265625,375.23333740234375,-1,-1,-1,-1
122,2,1329.4588623046875,599.7376098632812,158.4200439453125,282.5826416015625,-1,-1,-1,-1
16,3,1258.404296875,464.58697509765625,302.1632080078125,577.4513549804688,-1,-1,-1,-1
17,3,1236.9166259765625,354.59765625,182.190185546875,653.6983032226562,-1,-1,-1,-1
18,3,1162.767822265625,329.570556640625,232.22021484375,646.530029296875,-1,-1,-1,-1
19,3,1114.307861328125,339.851318359375,201.0380859375,624.298828125,-1,-1,-1,-1
20,3,1063.5595703125,366.6431579589844,206.6995849609375,595.09814453125,-1,-1,-1,-1
21,3,1012.4078979492188,394.64984130859375,226.10955810546875,559.3214721679688,-1,-1,-1,-1
22,3,951.6248779296875,413.1460876464844,263.8511962890625,532.830322265625,-1,-1,-1,-1
23,3,905.4989013671875,423.7385559082031,302.7613525390625,505.6416320800781,-1,-1,-1,-1
24,3,886.956298828125,438.7716979980469,314.3873291015625,487.9225158691406,-1,-1,-1,-1
25,3,907.62548828125,454.822021484375,295.7283935546875,480.8812255859375,-1,-1,-1,-1
26,3,902.2562866210938,463.7840881347656,313.96258544921875,493.0519714355469,-1,-1,-1,-1
27,3,925.644775390625,472.6172790527344,315.4615478515625,498.6836853027344,-1,-1,-1,-1
28,3,956.408447265625,468.7811279296875,306.5927734375,505.00933837890625,-1,-1,-1,-1
29,3,976.967529296875,457.6805114746094,290.447021484375,511.2781066894531,-1,-1,-1,-1
30,3,952.2352905273438,461.76397705078125,286.56011962890625,502.57720947265625,-1,-1,-1,-1
31,3,941.1007080078125,490.39105224609375,255.1082763671875,505.51556396484375,-1,-1,-1,-1
32,3,830.6185302734375,499.6603088378906,368.6754150390625,519.458740234375,-1,-1,-1,-1
33,3,836.7442016601562,490.96240234375,353.58087158203125,541.4334716796875,-1,-1,-1,-1
34,3,813.9727783203125,475.8212890625,406.57080078125,576.9012451171875,-1,-1,-1,-1
35,3,751.157470703125,475.6805114746094,442.51806640625,709.7646484375,-1,-1,-1,-1
36,3,786.803466796875,448.61328125,293.250244140625,527.5850219726562,-1,-1,-1,-1
62,4,9.370597839355469,558.1409301757812,85.49065399169922,170.29461669921875,-1,-1,-1,-1
63,4,206.01795959472656,507.16534423828125,78.37068176269531,161.72491455078125,-1,-1,-1,-1
64,4,389.898193359375,490.7763671875,60.582305908203125,123.75732421875,-1,-1,-1,-1
65,4,510.1163330078125,484.6889343261719,28.06341552734375,82.00430297851562,-1,-1,-1,-1
66,4,559.4660034179688,487.3096618652344,33.2308349609375,80.27944946289062,-1,-1,-1,-1
67,4,625.0203857421875,488.1092224121094,32.852294921875,84.25430297851562,-1,-1,-1,-1
68,4,689.4044189453125,482.459228515625,29.93084716796875,76.5196533203125,-1,-1,-1,-1
69,4,736.1693725585938,479.28802490234375,31.4334716796875,77.0946044921875,-1,-1,-1,-1
70,4,800.0712890625,485.17578125,30.90338134765625,75.9549560546875,-1,-1,-1,-1
71,4,843.0921630859375,494.3206787109375,34.3004150390625,80.94146728515625,-1,-1,-1,-1
72,4,871.488525390625,486.02508544921875,34.34375,82.84332275390625,-1,-1,-1,-1
73,4,913.1943969726562,498.376708984375,33.1468505859375,78.11944580078125,-1,-1,-1,-1
74,4,939.5748291015625,512.8170776367188,36.867431640625,81.4180908203125,-1,-1,-1,-1
75,4,941.1739501953125,523.4012451171875,37.960205078125,88.4141845703125,-1,-1,-1,-1
76,4,924.7506103515625,514.6260986328125,39.93353271484375,92.44415283203125,-1,-1,-1,-1
77,4,901.9630126953125,509.9918212890625,43.921630859375,95.060546875,-1,-1,-1,-1
64,5,57.43993377685547,469.6895751953125,181.34579467773438,331.07843017578125,-1,-1,-1,-1
65,5,172.33502197265625,461.7182312011719,162.14553833007812,307.3066101074219,-1,-1,-1,-1
66,5,240.07669067382812,455.09088134765625,138.68850708007812,292.7269287109375,-1,-1,-1,-1
67,5,339.4019775390625,447.30078125,105.73037719726562,277.1668701171875,-1,-1,-1,-1
68,5,415.7567443847656,447.494873046875,92.48263549804688,261.95135498046875,-1,-1,-1,-1
69,5,467.3173828125,444.3932189941406,91.2940673828125,245.32278442382812,-1,-1,-1,-1
70,5,529.0660400390625,445.69879150390625,92.6651611328125,231.91717529296875,-1,-1,-1,-1
71,5,573.0099487304688,449.6413879394531,96.8131103515625,221.65701293945312,-1,-1,-1,-1
72,5,607.6476440429688,446.8655700683594,88.75689697265625,218.09866333007812,-1,-1,-1,-1
73,5,645.2020263671875,463.4572448730469,93.12835693359375,213.93862915039062,-1,-1,-1,-1
74,5,674.9666748046875,484.951171875,92.15460205078125,206.21661376953125,-1,-1,-1,-1
75,5,679.6864013671875,502.63702392578125,90.63763427734375,201.1378173828125,-1,-1,-1,-1
76,5,666.1111450195312,497.7975158691406,90.68731689453125,196.74765014648438,-1,-1,-1,-1
77,5,639.5493774414062,496.5316467285156,95.599365234375,198.78817749023438,-1,-1,-1,-1
78,5,619.3975830078125,503.4766540527344,101.1446533203125,200.27786254882812,-1,-1,-1,-1
79,5,608.9055786132812,492.3139953613281,110.37066650390625,206.25369262695312,-1,-1,-1,-1
80,5,600.39501953125,490.4200134277344,134.2996826171875,206.14431762695312,-1,-1,-1,-1
81,5,619.4804077148438,518.8539428710938,119.63885498046875,186.604736328125,-1,-1,-1,-1
82,5,617.1170654296875,515.3017578125,191.63421630859375,196.5111083984375,-1,-1,-1,-1
83,5,564.813232421875,453.85791015625,295.5107421875,398.570556640625,-1,-1,-1,-1
67,6,-82.40391540527344,406.51324462890625,206.43426513671875,406.89337158203125,-1,-1,-1,-1
68,6,-7.0373382568359375,385.3280334472656,210.02024841308594,435.5473937988281,-1,-1,-1,-1
69,6,35.49977111816406,373.530517578125,245.53343200683594,451.9091796875,-1,-1,-1,-1
70,6,123.28182220458984,371.3873596191406,240.45980834960938,443.7192077636719,-1,-1,-1,-1
71,6,207.52032470703125,388.5120849609375,227.97854614257812,419.00018310546875,-1,-1,-1,-1
72,6,271.5047302246094,404.05450439453125,213.53778076171875,407.63861083984375,-1,-1,-1,-1
73,6,336.3079833984375,421.89520263671875,202.88800048828125,392.2772216796875,-1,-1,-1,-1
74,6,371.6979064941406,434.8394470214844,215.93087768554688,388.0915222167969,-1,-1,-1,-1
75,6,378.39776611328125,444.14300537109375,249.97369384765625,394.27557373046875,-1,-1,-1,-1
76,6,370.432373046875,432.5028381347656,272.99017333984375,403.9346618652344,-1,-1,-1,-1
77,6,380.7808837890625,436.21771240234375,271.3621826171875,408.92962646484375,-1,-1,-1,-1
78,6,407.4237060546875,448.4954833984375,276.1837158203125,407.5013427734375,-1,-1,-1,-1
79,6,459.2462463378906,447.65948486328125,270.4385681152344,410.6783447265625,-1,-1,-1,-1
80,6,469.11865234375,446.3153991699219,295.09259033203125,424.4034729003906,-1,-1,-1,-1
81,6,487.030029296875,451.5528564453125,308.08197021484375,439.3919677734375,-1,-1,-1,-1
82,6,519.23974609375,432.1307373046875,306.7783203125,454.15985107421875,-1,-1,-1,-1
83,6,558.7839965820312,419.88055419921875,310.56268310546875,448.78570556640625,-1,-1,-1,-1
84,6,597.93310546875,409.5527038574219,320.281494140625,488.6042175292969,-1,-1,-1,-1
85,6,625.5601196289062,435.09747314453125,240.20733642578125,438.2659912109375,-1,-1,-1,-1
86,6,671.8814697265625,502.6908264160156,108.3935546875,282.8238220214844,-1,-1,-1,-1
88,6,517.7388916015625,444.99652099609375,251.016357421875,475.464599609375,-1,-1,-1,-1
69,7,467.6018981933594,448.13525390625,68.72647094726562,143.9649658203125,-1,-1,-1,-1
70,7,532.9108276367188,453.2430725097656,66.4290771484375,138.20138549804688,-1,-1,-1,-1
71,7,586.242919921875,457.4422302246094,73.21807861328125,148.44308471679688,-1,-1,-1,-1
72,7,616.3102416992188,454.7037658691406,69.30718994140625,155.49942016601562,-1,-1,-1,-1
73,7,656.126708984375,469.3988037109375,75.76104736328125,148.45477294921875,-1,-1,-1,-1
74,7,680.87890625,492.43707275390625,75.61651611328125,152.82977294921875,-1,-1,-1,-1
75,7,684.2454833984375,510.9078063964844,64.6376953125,152.14285278320312,-1,-1,-1,-1
76,7,667.796875,503.1519775390625,66.65179443359375,168.27191162109375,-1,-1,-1,-1
77,7,641.1670532226562,503.3793029785156,79.53692626953125,175.92343139648438,-1,-1,-1,-1
86,8,760.4776000976562,418.68804931640625,223.0616455078125,529.9346313476562,-1,-1,-1,-1
87,8,816.9613647460938,427.50848388671875,197.01470947265625,552.4371948242188,-1,-1,-1,-1
88,8,656.856689453125,501.124267578125,157.4844970703125,351.5477294921875,-1,-1,-1,-1
89,8,664.7412719726562,513.2681274414062,152.91119384765625,213.49920654296875,-1,-1,-1,-1
90,8,659.7498779296875,482.16790771484375,159.16259765625,246.1995849609375,-1,-1,-1,-1
91,8,664.8583984375,473.7027893066406,161.717041015625,274.1608581542969,-1,-1,-1,-1
92,8,683.625244140625,473.6747131347656,163.72296142578125,295.6672668457031,-1,-1,-1,-1
93,8,710.5904541015625,463.02850341796875,167.14202880859375,311.02484130859375,-1,-1,-1,-1
94,8,741.0185546875,453.4569091796875,171.238525390625,321.50946044921875,-1,-1,-1,-1
95,8,781.900390625,448.7242126464844,179.1099853515625,362.0335998535156,-1,-1,-1,-1
96,8,818.842529296875,425.32257080078125,217.5540771484375,439.71856689453125,-1,-1,-1,-1
97,8,856.8438720703125,429.956787109375,291.397216796875,526.123046875,-1,-1,-1,-1
98,8,919.2103271484375,459.76495361328125,371.1947021484375,568.5812377929688,-1,-1,-1,-1
99,8,953.8993530273438,510.5630187988281,491.81829833984375,579.3946533203125,-1,-1,-1,-1
100,8,1013.2334594726562,489.7894287109375,512.0060424804688,613.7745361328125,-1,-1,-1,-1
88,9,847.587158203125,416.68255615234375,221.2037353515625,586.0632934570312,-1,-1,-1,-1
89,9,857.8532104492188,383.18853759765625,310.81121826171875,643.6149291992188,-1,-1,-1,-1
90,9,894.1350708007812,341.825439453125,392.58636474609375,707.405517578125,-1,-1,-1,-1
91,9,951.1249389648438,319.72540283203125,447.86676025390625,775.7443237304688,-1,-1,-1,-1
92,9,1043.9013671875,355.9524230957031,364.907958984375,785.3299560546875,-1,-1,-1,-1
93,9,1126.489990234375,424.5093078613281,381.240966796875,773.585205078125,-1,-1,-1,-1
111,10,1.6691312789916992,400.8829650878906,218.92897033691406,506.1055603027344,-1,-1,-1,-1
112,10,263.54461669921875,444.2968444824219,190.82290649414062,402.6495666503906,-1,-1,-1,-1
113,10,476.0164794921875,479.61505126953125,141.3519287109375,332.96673583984375,-1,-1,-1,-1
114,10,593.281005859375,504.0923156738281,117.1864013671875,299.5794372558594,-1,-1,-1,-1
115,10,661.191162109375,531.5806274414062,104.46539306640625,262.61041259765625,-1,-1,-1,-1
116,10,718.5819091796875,537.1041259765625,104.0780029296875,254.09039306640625,-1,-1,-1,-1
117,10,773.5595092773438,546.9381713867188,106.8472900390625,252.22320556640625,-1,-1,-1,-1
118,10,838.0628051757812,561.4098510742188,118.75115966796875,232.9818115234375,-1,-1,-1,-1
119,10,883.0714721679688,561.7197265625,127.86474609375,223.1239013671875,-1,-1,-1,-1
120,10,904.3278198242188,564.6410522460938,112.86529541015625,215.04388427734375,-1,-1,-1,-1
121,10,903.8257446289062,566.6294555664062,99.87493896484375,214.0352783203125,-1,-1,-1,-1
122,10,891.8500366210938,569.2060546875,90.69287109375,203.6536865234375,-1,-1,-1,-1
123,10,852.503173828125,546.0181274414062,91.1068115234375,210.0677490234375,-1,-1,-1,-1
124,10,821.8817749023438,538.892822265625,81.56158447265625,210.10955810546875,-1,-1,-1,-1
125,10,796.1863403320312,536.26806640625,76.3770751953125,208.39599609375,-1,-1,-1,-1
126,10,772.2730102539062,530.7515258789062,77.8778076171875,209.04241943359375,-1,-1,-1,-1
127,10,754.4662475585938,520.5916748046875,78.3468017578125,206.191162109375,-1,-1,-1,-1
128,10,739.4227294921875,524.023193359375,80.54510498046875,203.82379150390625,-1,-1,-1,-1
129,10,720.7862548828125,518.7408447265625,84.28094482421875,201.1845703125,-1,-1,-1,-1
130,10,704.1546630859375,514.8798828125,83.48992919921875,194.5115966796875,-1,-1,-1,-1
131,10,687.2409057617188,522.2384643554688,80.844482421875,182.64117431640625,-1,-1,-1,-1
132,10,671.3519897460938,519.0052490234375,80.2513427734375,185.6317138671875,-1,-1,-1,-1
133,10,658.183837890625,513.6698608398438,83.59552001953125,190.45526123046875,-1,-1,-1,-1
134,10,648.4487915039062,510.15533447265625,87.6622314453125,197.40435791015625,-1,-1,-1,-1
135,10,642.0693969726562,509.01080322265625,85.79705810546875,201.26141357421875,-1,-1,-1,-1
136,10,629.9103393554688,504.0842590332031,89.18377685546875,207.71310424804688,-1,-1,-1,-1
137,10,617.8176879882812,507.7550048828125,91.21826171875,207.78179931640625,-1,-1,-1,-1
138,10,605.1082763671875,510.43603515625,94.7159423828125,208.25067138671875,-1,-1,-1,-1
139,10,596.153076171875,514.8300170898438,97.5135498046875,208.4107666015625,-1,-1,-1,-1
140,10,590.8396606445312,521.3582763671875,98.92132568359375,205.41571044921875,-1,-1,-1,-1
141,10,587.5833740234375,524.4892578125,101.45648193359375,203.43359375,-1,-1,-1,-1
142,10,586.8563232421875,518.83154296875,104.9593505859375,210.78668212890625,-1,-1,-1,-1
143,10,585.9492797851562,510.47467041015625,111.50531005859375,215.2613525390625,-1,-1,-1,-1
144,10,595.482177734375,499.2349853515625,114.64111328125,221.01385498046875,-1,-1,-1,-1
145,10,609.5008544921875,497.279296875,118.19769287109375,233.3746337890625,-1,-1,-1,-1
146,10,592.5349731445312,486.5942077636719,160.6341552734375,272.5155334472656,-1,-1,-1,-1
147,10,634.364013671875,552.9138793945312,173.35595703125,281.85040283203125,-1,-1,-1,-1
148,10,632.222412109375,496.31524658203125,255.93353271484375,407.49639892578125,-1,-1,-1,-1
149,10,633.98974609375,481.2931823730469,349.76715087890625,498.7218322753906,-1,-1,-1,-1
150,10,584.3638916015625,484.8671569824219,450.1180419921875,525.7357177734375,-1,-1,-1,-1
151,10,697.0916748046875,456.0813903808594,435.4044189453125,706.794677734375,-1,-1,-1,-1
113,11,12.267264366149902,498.20599365234375,167.19813537597656,378.62677001953125,-1,-1,-1,-1
114,11,124.2911376953125,525.8749389648438,184.84298706054688,343.689697265625,-1,-1,-1,-1
115,11,199.58688354492188,521.5560913085938,196.14352416992188,330.05291748046875,-1,-1,-1,-1
116,11,267.21173095703125,528.159423828125,200.7767333984375,318.4305419921875,-1,-1,-1,-1
117,11,334.6661376953125,552.14599609375,197.57080078125,306.768798828125,-1,-1,-1,-1
118,11,412.12017822265625,562.0043334960938,183.834716796875,296.346923828125,-1,-1,-1,-1
119,11,475.7365417480469,561.3380737304688,161.26913452148438,287.62591552734375,-1,-1,-1,-1
120,11,505.1300048828125,557.5048217773438,144.05419921875,283.61041259765625,-1,-1,-1,-1
121,11,513.1538696289062,561.78076171875,127.81378173828125,280.237548828125,-1,-1,-1,-1
122,11,499.9250183105469,562.6279296875,120.06301879882812,278.80084228515625,-1,-1,-1,-1
123,11,464.2992248535156,546.5243530273438,119.47232055664062,283.29913330078125,-1,-1,-1,-1
124,11,428.99993896484375,546.8848876953125,125.3621826171875,292.2291259765625,-1,-1,-1,-1
125,11,406.14508056640625,558.8478393554688,134.60302734375,298.6279296875,-1,-1,-1,-1
126,11,388.4342346191406,561.5333251953125,156.48519897460938,310.78521728515625,-1,-1,-1,-1
127,11,372.4686584472656,553.6036376953125,159.48788452148438,317.9151611328125,-1,-1,-1,-1
128,11,361.19134521484375,553.8192138671875,162.4832763671875,321.24578857421875,-1,-1,-1,-1
129,11,349.6202087402344,539.4190063476562,186.64108276367188,327.17767333984375,-1,-1,-1,-1
130,11,321.2668762207031,527.6840209960938,224.06723022460938,329.405517578125,-1,-1,-1,-1
131,11,294.8888244628906,515.1723022460938,243.94815063476562,347.025634765625,-1,-1,-1,-1
132,11,279.0630798339844,497.5837097167969,243.92648315429688,381.1965026855469,-1,-1,-1,-1
133,11,278.49200439453125,481.1347961425781,236.54833984375,413.2959289550781,-1,-1,-1,-1
134,11,282.8218688964844,476.9705505371094,235.80233764648438,438.9396057128906,-1,-1,-1,-1
135,11,286.9470520019531,480.039794921875,233.37960815429688,455.5731201171875,-1,-1,-1,-1
136,11,287.0739440917969,480.5806884765625,228.04953002929688,458.393798828125,-1,-1,-1,-1
137,11,291.0995788574219,479.6916809082031,216.06051635742188,465.7890930175781,-1,-1,-1,-1
138,11,293.5182800292969,474.8416748046875,203.80377197265625,474.27423095703125,-1,-1,-1,-1
139,11,299.5277099609375,456.7476806640625,210.18478393554688,494.87799072265625,-1,-1,-1,-1
140,11,310.5083923339844,442.2047119140625,232.19027709960938,544.4217529296875,-1,-1,-1,-1
141,11,326.6146545410156,428.9804992675781,269.1150207519531,582.9002685546875,-1,-1,-1,-1
142,11,349.1208801269531,419.066650390625,287.6962585449219,617.3284912109375,-1,-1,-1,-1
143,11,369.84832763671875,412.5098876953125,276.68414306640625,650.70556640625,-1,-1,-1,-1
144,11,398.6986389160156,402.5726013183594,258.8549499511719,662.319580078125,-1,-1,-1,-1
145,11,420.51568603515625,389.86248779296875,275.37652587890625,681.7500610351562,-1,-1,-1,-1
146,11,429.5144958496094,372.9704895019531,366.7940979003906,750.415283203125,-1,-1,-1,-1
147,11,444.54962158203125,347.857666015625,453.449951171875,846.7132568359375,-1,-1,-1,-1
148,11,464.0343017578125,330.3555908203125,439.52142333984375,929.5146484375,-1,-1,-1,-1
149,11,514.9391479492188,304.2035217285156,492.0517578125,997.0660400390625,-1,-1,-1,-1
150,11,578.0712890625,285.46307373046875,581.6043701171875,1056.919921875,-1,-1,-1,-1
151,11,684.9752807617188,253.44610595703125,521.8267211914062,1116.4384765625,-1,-1,-1,-1
152,11,789.764892578125,249.79766845703125,450.7130126953125,1107.3857421875,-1,-1,-1,-1
153,11,873.3607788085938,226.537353515625,516.3599243164062,1185.974609375,-1,-1,-1,-1
154,11,864.8411254882812,286.7147521972656,549.8143920898438,1129.1082763671875,-1,-1,-1,-1
155,11,979.103271484375,411.6693115234375,434.094482421875,668.5306396484375,-1,-1,-1,-1
156,11,1017.3949584960938,444.6748352050781,442.24639892578125,708.874267578125,-1,-1,-1,-1
157,11,1081.020263671875,459.7742004394531,475.5833740234375,726.437744140625,-1,-1,-1,-1
128,12,1205.4539794921875,443.8380432128906,206.2769775390625,716.7110595703125,-1,-1,-1,-1
129,12,1168.466552734375,460.43438720703125,257.724609375,680.6325073242188,-1,-1,-1,-1
130,12,1109.121826171875,458.3470458984375,277.3316650390625,681.760986328125,-1,-1,-1,-1
131,12,1060.28515625,467.3340148925781,281.0760498046875,796.19580078125,-1,-1,-1,-1
132,12,1024.1405029296875,479.23529052734375,276.6502685546875,781.5226440429688,-1,-1,-1,-1
133,12,1005.4567260742188,483.3821716308594,258.79534912109375,779.7572021484375,-1,-1,-1,-1
134,12,1002.5238647460938,486.7340087890625,241.35430908203125,782.5595703125,-1,-1,-1,-1
135,12,999.089599609375,489.3577575683594,236.0682373046875,770.8662109375,-1,-1,-1,-1
136,12,992.3848266601562,483.51312255859375,216.33355712890625,711.2726440429688,-1,-1,-1,-1
137,12,947.3101196289062,474.7572326660156,218.59820556640625,657.1922607421875,-1,-1,-1,-1
138,12,885.861572265625,475.52685546875,242.599853515625,578.827392578125,-1,-1,-1,-1
139,12,850.8660888671875,461.8084716796875,271.412109375,587.63232421875,-1,-1,-1,-1
140,12,845.99560546875,455.3623046875,276.5943603515625,576.1595458984375,-1,-1,-1,-1
141,12,845.0033569335938,450.35736083984375,275.94293212890625,569.2207641601562,-1,-1,-1,-1
142,12,838.7548217773438,451.85455322265625,277.66461181640625,548.7828979492188,-1,-1,-1,-1
143,12,829.4083862304688,463.3229064941406,256.93597412109375,503.7053527832031,-1,-1,-1,-1
144,12,816.702392578125,449.7918395996094,232.04931640625,476.3321838378906,-1,-1,-1,-1
145,12,815.931884765625,439.8813781738281,180.896728515625,483.1229553222656,-1,-1,-1,-1
146,12,773.8215942382812,441.74493408203125,223.51416015625,491.8638916015625,-1,-1,-1,-1
147,12,715.563232421875,446.5138854980469,285.6317138671875,496.2333679199219,-1,-1,-1,-1
148,12,693.4808959960938,461.5313720703125,301.99102783203125,498.578125,-1,-1,-1,-1
149,12,684.8660278320312,516.730712890625,330.47747802734375,449.98486328125,-1,-1,-1,-1
150,12,827.5869750976562,576.8488159179688,297.29241943359375,214.637451171875,-1,-1,-1,-1
151,12,749.5214233398438,644.5484008789062,254.69085693359375,134.23614501953125,-1,-1,-1,-1
150,13,572.1071166992188,505.2781066894531,181.736328125,305.6670227050781,-1,-1,-1,-1
151,13,574.1422729492188,500.1197509765625,182.87164306640625,321.63421630859375,-1,-1,-1,-1
152,13,554.0441284179688,484.632080078125,179.1966552734375,343.26824951171875,-1,-1,-1,-1
153,13,533.6455078125,475.35772705078125,193.1121826171875,367.357177734375,-1,-1,-1,-1
154,13,510.4061279296875,464.49542236328125,192.078857421875,388.74371337890625,-1,-1,-1,-1
155,13,487.2937927246094,468.75732421875,206.09335327148438,422.82159423828125,-1,-1,-1,-1
156,13,460.8089294433594,461.1365661621094,262.2292785644531,490.1800842285156,-1,-1,-1,-1
157,13,433.9110107421875,417.1080627441406,260.36029052734375,543.3538818359375,-1,-1,-1,-1
158,13,380.8648681640625,381.5758972167969,283.97991943359375,581.34375,-1,-1,-1,-1
159,13,308.317626953125,366.70452880859375,313.7406005859375,645.1653442382812,-1,-1,-1,-1
160,13,247.2676239013672,334.12884521484375,350.8349609375,737.6691284179688,-1,-1,-1,-1
161,13,116.0160140991211,237.23391723632812,512.0806579589844,851.219482421875,-1,-1,-1,-1
162,13,-12.96192741394043,72.3072280883789,667.4278564453125,1100.9459228515625,-1,-1,-1,-1
152,14,663.76513671875,457.4306640625,201.6002197265625,549.2332763671875,-1,-1,-1,-1
153,14,622.119384765625,472.2870788574219,230.68109130859375,585.576904296875,-1,-1,-1,-1
154,14,545.1004028320312,496.6336669921875,290.70758056640625,616.1514892578125,-1,-1,-1,-1
155,14,524.9542846679688,490.3210754394531,311.10626220703125,656.393798828125,-1,-1,-1,-1
156,14,499.74432373046875,457.86309814453125,335.35198974609375,717.3915405273438,-1,-1,-1,-1
157,14,472.1700439453125,421.8557434082031,361.0247802734375,761.881103515625,-1,-1,-1,-1
158,14,395.0857849121094,376.2532958984375,404.3557434082031,857.0841064453125,-1,-1,-1,-1
159,14,313.2802734375,354.1246643066406,431.4805908203125,958.7568359375,-1,-1,-1,-1
160,14,252.9921875,313.70819091796875,473.136474609375,1048.842529296875,-1,-1,-1,-1
161,14,107.38426971435547,222.16099548339844,583.2570190429688,1162.4033203125,-1,-1,-1,-1
162,14,-16.28934097290039,66.23931884765625,675.7850952148438,1337.70068359375,-1,-1,-1,-1
163,14,-3.908487319946289,160.12210083007812,678.8931884765625,1259.4649658203125,-1,-1,-1,-1
164,14,-16.205039978027344,325.449951171875,706.8753051757812,1097.310546875,-1,-1,-1,-1
165,14,2.5930118560791016,417.93170166015625,680.9727783203125,997.4031372070312,-1,-1,-1,-1
166,14,-14.698678970336914,589.0767822265625,678.0314331054688,816.2923583984375,-1,-1,-1,-1
167,14,-24.73198699951172,595.3270263671875,689.8211059570312,826.17822265625,-1,-1,-1,-1
168,14,-6.685489654541016,648.4544067382812,660.3626098632812,778.5548706054688,-1,-1,-1,-1
169,14,11.721248626708984,668.1962890625,602.5175170898438,751.846435546875,-1,-1,-1,-1
170,14,-47.11631393432617,653.6527099609375,614.4359741210938,779.5196533203125,-1,-1,-1,-1
171,14,-193.58763122558594,728.0413818359375,672.2581787109375,702.4599609375,-1,-1,-1,-1
172,14,-253.541259765625,721.3287963867188,710.5613403320312,724.2390747070312,-1,-1,-1,-1
173,14,-291.2578125,724.301513671875,656.3566284179688,693.55419921875,-1,-1,-1,-1
177,14,-277.9273681640625,600.1682739257812,776.5890502929688,822.6094360351562,-1,-1,-1,-1
178,14,-255.06625366210938,566.3529052734375,746.646484375,861.0677490234375,-1,-1,-1,-1
179,14,-271.5263671875,567.0287475585938,756.8357543945312,863.6127319335938,-1,-1,-1,-1
180,14,-239.11949157714844,565.3985595703125,702.9653930664062,865.990966796875,-1,-1,-1,-1
181,14,-229.38966369628906,552.4105224609375,723.7291870117188,878.9674072265625,-1,-1,-1,-1
182,14,-299.13909912109375,537.6502075195312,731.6412353515625,918.1438598632812,-1,-1,-1,-1
184,14,-155.4184112548828,567.580810546875,316.61126708984375,619.322509765625,-1,-1,-1,-1
185,14,2.1594533920288086,538.3031616210938,240.8118896484375,552.5702514648438,-1,-1,-1,-1
186,14,138.64447021484375,528.5834350585938,252.2574462890625,481.71893310546875,-1,-1,-1,-1
187,14,257.9299621582031,498.0207824707031,241.11422729492188,461.4823303222656,-1,-1,-1,-1
188,14,343.1524963378906,496.4100036621094,230.47817993164062,428.3937683105469,-1,-1,-1,-1
189,14,423.6230773925781,481.54205322265625,218.42153930664062,411.87725830078125,-1,-1,-1,-1
190,14,534.9298095703125,496.9062805175781,180.59130859375,393.5938415527344,-1,-1,-1,-1
191,14,626.0217895507812,485.8931884765625,157.9290771484375,395.3516845703125,-1,-1,-1,-1
192,14,744.542236328125,488.54180908203125,129.75689697265625,401.0347900390625,-1,-1,-1,-1
193,14,856.7805786132812,502.1183776855469,133.42498779296875,408.0852355957031,-1,-1,-1,-1
194,14,912.7102661132812,524.9003295898438,164.95697021484375,419.221923828125,-1,-1,-1,-1
195,14,938.0924072265625,533.4323120117188,207.6220703125,424.0845947265625,-1,-1,-1,-1
196,14,971.6912841796875,525.0340576171875,257.015380859375,428.26715087890625,-1,-1,-1,-1
197,14,1012.6424560546875,525.8206787109375,293.383544921875,434.51068115234375,-1,-1,-1,-1
198,14,1060.17333984375,521.73583984375,295.098388671875,433.192138671875,-1,-1,-1,-1
199,14,1101.540283203125,506.0064392089844,271.218505859375,434.4574890136719,-1,-1,-1,-1
200,14,1138.9979248046875,509.1309509277344,235.106689453125,426.4179992675781,-1,-1,-1,-1
201,14,1168.193359375,506.87884521484375,197.6920166015625,426.08795166015625,-1,-1,-1,-1
202,14,1185.7122802734375,502.28594970703125,171.47607421875,427.3463134765625,-1,-1,-1,-1
203,14,1197.18896484375,514.8680419921875,145.72412109375,430.98040771484375,-1,-1,-1,-1
204,14,1200.7972412109375,521.9017333984375,142.4713134765625,433.8662109375,-1,-1,-1,-1
205,14,1198.384521484375,534.1779174804688,144.8641357421875,431.55841064453125,-1,-1,-1,-1
206,14,1195.9375,558.1121826171875,145.44775390625,429.1661376953125,-1,-1,-1,-1
207,14,1209.724365234375,577.320068359375,142.1778564453125,432.185302734375,-1,-1,-1,-1
208,14,1210.445556640625,585.4817504882812,147.2208251953125,423.7802734375,-1,-1,-1,-1
209,14,1211.4239501953125,605.927001953125,163.1143798828125,403.890625,-1,-1,-1,-1
210,14,1206.6025390625,619.3989868164062,189.91259765625,386.40643310546875,-1,-1,-1,-1
211,14,1212.241943359375,631.184326171875,201.5621337890625,365.4959716796875,-1,-1,-1,-1
212,14,1233.341552734375,619.2498779296875,193.2578125,365.31500244140625,-1,-1,-1,-1
213,14,1231.0948486328125,595.5841064453125,203.2803955078125,379.46185302734375,-1,-1,-1,-1
214,14,1218.361572265625,556.7134399414062,226.9649658203125,396.77239990234375,-1,-1,-1,-1
215,14,1217.7879638671875,531.4402465820312,275.6380615234375,419.10137939453125,-1,-1,-1,-1
216,14,940.8277587890625,381.7303466796875,508.919677734375,664.72265625,-1,-1,-1,-1
169,15,976.1923828125,358.5672302246094,24.817626953125,52.220001220703125,-1,-1,-1,-1
170,15,997.734375,401.33343505859375,24.3642578125,49.13287353515625,-1,-1,-1,-1
171,15,1026.345458984375,436.9058532714844,25.0791015625,52.93829345703125,-1,-1,-1,-1
172,15,1075.12939453125,459.3101501464844,26.348388671875,55.248931884765625,-1,-1,-1,-1
173,15,1129.781982421875,464.77093505859375,28.75341796875,55.5113525390625,-1,-1,-1,-1
174,15,1167.9072265625,510.86962890625,29.512939453125,66.4635009765625,-1,-1,-1,-1
175,15,1203.930908203125,570.5803833007812,30.382568359375,67.16058349609375,-1,-1,-1,-1
176,15,1240.354248046875,634.5863647460938,40.525634765625,62.6739501953125,-1,-1,-1,-1
177,15,1294.08935546875,667.1654052734375,33.4720458984375,67.1888427734375,-1,-1,-1,-1
178,15,1344.371337890625,689.067138671875,36.54296875,66.6737060546875,-1,-1,-1,-1
190,16,-5.557919502258301,489.3909606933594,82.54210662841797,234.29934692382812,-1,-1,-1,-1
191,16,75.39997863769531,486.73956298828125,89.06831359863281,224.22784423828125,-1,-1,-1,-1
192,16,197.78126525878906,488.1151428222656,84.02476501464844,202.51211547851562,-1,-1,-1,-1
193,16,329.4595947265625,508.294921875,74.49169921875,187.42352294921875,-1,-1,-1,-1
194,16,418.082763671875,540.6097412109375,71.799072265625,175.318115234375,-1,-1,-1,-1
195,16,475.17724609375,542.67041015625,68.86090087890625,181.06585693359375,-1,-1,-1,-1
196,16,516.4239501953125,534.7100830078125,66.53582763671875,181.0919189453125,-1,-1,-1,-1
197,16,551.2838745117188,534.1762084960938,68.814697265625,183.0267333984375,-1,-1,-1,-1
198,16,582.4107055664062,527.3623046875,71.6771240234375,181.0928955078125,-1,-1,-1,-1
199,16,596.8059692382812,517.4362182617188,72.28094482421875,182.44818115234375,-1,-1,-1,-1
200,16,606.208984375,512.6283264160156,73.839111328125,183.39437866210938,-1,-1,-1,-1
201,16,612.6764526367188,503.5977783203125,75.37030029296875,184.20367431640625,-1,-1,-1,-1
202,16,615.0628051757812,492.7532043457031,74.61376953125,188.21292114257812,-1,-1,-1,-1
203,16,620.3803100585938,485.2534484863281,73.66845703125,191.90786743164062,-1,-1,-1,-1
204,16,626.4558715820312,495.8801574707031,69.94232177734375,181.78683471679688,-1,-1,-1,-1
205,16,641.3060302734375,511.7430114746094,58.3564453125,155.88168334960938,-1,-1,-1,-1
206,16,639.96630859375,536.70703125,90.13336181640625,152.841064453125,-1,-1,-1,-1
208,16,613.4100952148438,539.7366333007812,89.7781982421875,187.01263427734375,-1,-1,-1,-1
192,17,-69.13858795166016,511.65576171875,141.30116271972656,326.40966796875,-1,-1,-1,-1
193,17,25.935455322265625,476.7109680175781,160.42575073242188,344.3165588378906,-1,-1,-1,-1
194,17,136.37557983398438,509.4769592285156,176.92996215820312,318.6994934082031,-1,-1,-1,-1
195,17,208.09750366210938,517.9483032226562,186.93798828125,308.59576416015625,-1,-1,-1,-1
196,17,263.4968566894531,503.83172607421875,194.10256958007812,315.482421875,-1,-1,-1,-1
197,17,320.47430419921875,501.63671875,187.19009399414062,328.296875,-1,-1,-1,-1
198,17,373.0578918457031,488.356689453125,182.18710327148438,339.98968505859375,-1,-1,-1,-1
199,17,409.03375244140625,477.6509094238281,176.26934814453125,353.8164978027344,-1,-1,-1,-1
200,17,434.8323059082031,473.63299560546875,169.04611206054688,357.2926025390625,-1,-1,-1,-1
201,17,465.4798583984375,464.7913513183594,156.1904296875,360.7947082519531,-1,-1,-1,-1
202,17,487.5608825683594,452.98138427734375,146.53750610351562,365.96044921875,-1,-1,-1,-1
203,17,518.2348022460938,444.7023620605469,127.70648193359375,370.2869567871094,-1,-1,-1,-1
204,17,538.6964111328125,438.6746520996094,135.89324951171875,383.7297058105469,-1,-1,-1,-1
205,17,545.02783203125,430.4315185546875,155.59600830078125,422.69891357421875,-1,-1,-1,-1
206,17,545.540771484375,429.08221435546875,190.9530029296875,454.7969970703125,-1,-1,-1,-1
207,17,554.7865600585938,433.22021484375,220.92572021484375,478.0191650390625,-1,-1,-1,-1
208,17,570.4218139648438,443.7601623535156,225.783203125,496.7733459472656,-1,-1,-1,-1
209,17,596.35546875,466.54278564453125,232.31402587890625,501.90850830078125,-1,-1,-1,-1
210,17,641.4555053710938,466.10821533203125,250.4027099609375,515.0820922851562,-1,-1,-1,-1
211,17,708.2491455078125,463.110595703125,289.30389404296875,538.5919189453125,-1,-1,-1,-1
212,17,755.8162841796875,442.5614013671875,342.9224853515625,605.81591796875,-1,-1,-1,-1
213,17,765.2861328125,407.71685791015625,433.408447265625,687.3624877929688,-1,-1,-1,-1
214,17,801.1805419921875,370.6321716308594,508.549560546875,746.804443359375,-1,-1,-1,-1
215,17,858.1402587890625,341.3907165527344,534.12158203125,803.5391845703125,-1,-1,-1,-1
216,17,922.0103149414062,345.3999328613281,514.7462768554688,830.7591552734375,-1,-1,-1,-1
217,17,1015.981201171875,341.97747802734375,545.0069580078125,856.3505249023438,-1,-1,-1,-1
218,17,1132.918701171875,504.81182861328125,471.7191162109375,712.4837036132812,-1,-1,-1,-1
219,17,1277.333984375,564.0706176757812,252.663818359375,434.734130859375,-1,-1,-1,-1
220,17,1293.00927734375,549.4822387695312,232.55615234375,446.61529541015625,-1,-1,-1,-1
221,17,1260.175537109375,487.61932373046875,292.7305908203125,448.59307861328125,-1,-1,-1,-1
222,17,1223.8843994140625,497.23291015625,370.14892578125,452.265380859375,-1,-1,-1,-1
223,17,1223.966796875,480.2885437011719,370.8360595703125,501.6079406738281,-1,-1,-1,-1
224,17,1233.8795166015625,461.1990966796875,351.2135009765625,521.0643920898438,-1,-1,-1,-1
225,17,1240.4638671875,473.1915588378906,338.046142578125,522.4339599609375,-1,-1,-1,-1
226,17,1251.59619140625,530.3018188476562,315.78173828125,514.7969360351562,-1,-1,-1,-1
227,17,1223.0208740234375,528.4112548828125,372.9407958984375,674.9593505859375,-1,-1,-1,-1
228,17,1077.5999755859375,526.54443359375,663.675537109375,830.795166015625,-1,-1,-1,-1
234,17,1248.3697509765625,459.5570983886719,322.194091796875,609.634765625,-1,-1,-1,-1
235,17,1244.8175048828125,496.52685546875,329.2781982421875,567.186767578125,-1,-1,-1,-1
236,17,1252.35107421875,492.4270935058594,314.1763916015625,600.2667236328125,-1,-1,-1,-1
237,17,1253.5028076171875,490.4912414550781,298.4725341796875,632.071533203125,-1,-1,-1,-1
238,17,1248.66845703125,455.0547180175781,321.54931640625,707.37109375,-1,-1,-1,-1
239,17,1243.4429931640625,409.42694091796875,332.0909423828125,847.5924682617188,-1,-1,-1,-1
240,17,1253.4183349609375,435.388671875,312.1380615234375,756.491943359375,-1,-1,-1,-1
241,17,1261.1043701171875,446.2463073730469,296.7650146484375,758.7547607421875,-1,-1,-1,-1
242,17,1287.52685546875,476.3294677734375,243.9130859375,572.4383544921875,-1,-1,-1,-1
243,17,1281.287109375,465.4847106933594,231.0068359375,587.560302734375,-1,-1,-1,-1
244,17,1221.8331298828125,453.43255615234375,236.1378173828125,593.3814086914062,-1,-1,-1,-1
245,17,1135.173583984375,391.5610656738281,280.32373046875,648.136474609375,-1,-1,-1,-1
246,17,1052.292724609375,404.9916076660156,290.4024658203125,628.916748046875,-1,-1,-1,-1
247,17,977.065185546875,405.2603759765625,297.2215576171875,599.1646728515625,-1,-1,-1,-1
248,17,963.3938598632812,431.9320068359375,301.34564208984375,567.7338256835938,-1,-1,-1,-1
249,17,1004.025390625,449.60003662109375,314.1473388671875,564.4006958007812,-1,-1,-1,-1
250,17,1033.918701171875,432.1071472167969,303.85986328125,567.5528564453125,-1,-1,-1,-1
251,17,1018.305908203125,423.80291748046875,290.9635009765625,598.7675170898438,-1,-1,-1,-1
252,17,1005.687744140625,418.4312438964844,263.1192626953125,622.119140625,-1,-1,-1,-1
253,17,997.0801391601562,421.168701171875,262.97540283203125,631.114990234375,-1,-1,-1,-1
254,17,984.807861328125,436.89886474609375,269.449462890625,621.3152465820312,-1,-1,-1,-1
255,17,978.2638549804688,452.1506042480469,271.26837158203125,596.020263671875,-1,-1,-1,-1
256,17,979.1716918945312,452.0722961425781,264.28717041015625,578.7149658203125,-1,-1,-1,-1
257,17,1007.0996704101562,445.4249267578125,226.67742919921875,568.865478515625,-1,-1,-1,-1
258,17,978.8714599609375,412.2799987792969,223.95947265625,568.150634765625,-1,-1,-1,-1
259,17,958.8230590820312,407.8731994628906,208.42193603515625,587.9122314453125,-1,-1,-1,-1
260,17,940.9400024414062,398.7812805175781,233.74041748046875,619.6485595703125,-1,-1,-1,-1
261,17,919.220703125,391.8147888183594,237.65966796875,639.893798828125,-1,-1,-1,-1
262,17,905.5972900390625,394.83526611328125,286.8792724609375,622.1376342773438,-1,-1,-1,-1
263,17,899.9378662109375,394.46124267578125,278.486328125,613.5294189453125,-1,-1,-1,-1
264,17,915.1612548828125,381.7037658691406,272.264404296875,620.356689453125,-1,-1,-1,-1
265,17,908.6544189453125,362.23846435546875,287.8929443359375,652.9194946289062,-1,-1,-1,-1
266,17,897.1303100585938,341.7072448730469,317.17987060546875,713.5833740234375,-1,-1,-1,-1
267,17,886.5152587890625,330.3771667480469,341.537109375,753.158203125,-1,-1,-1,-1
268,17,876.7368774414062,332.7978515625,369.50726318359375,752.83984375,-1,-1,-1,-1
269,17,864.530029296875,346.8687744140625,397.0953369140625,751.8897705078125,-1,-1,-1,-1
270,17,858.006591796875,348.85601806640625,416.7677001953125,754.7494506835938,-1,-1,-1,-1
271,17,870.2050170898438,345.9288330078125,416.29351806640625,759.1883544921875,-1,-1,-1,-1
272,17,892.290283203125,336.4673156738281,409.694091796875,772.87646484375,-1,-1,-1,-1
273,17,924.2874755859375,336.05859375,393.5726318359375,788.9058837890625,-1,-1,-1,-1
274,17,959.3204345703125,336.869140625,371.8255615234375,814.2265625,-1,-1,-1,-1
275,17,987.2012329101562,350.2505798339844,349.45391845703125,819.060302734375,-1,-1,-1,-1
276,17,980.2816162109375,357.9221496582031,360.8045654296875,814.359619140625,-1,-1,-1,-1
277,17,972.7684936523438,373.3412170410156,360.48431396484375,805.4078369140625,-1,-1,-1,-1
278,17,977.0715942382812,368.01165771484375,341.51947021484375,796.4620971679688,-1,-1,-1,-1
279,17,988.79541015625,388.0045166015625,322.2552490234375,795.2398681640625,-1,-1,-1,-1
280,17,998.092529296875,400.49871826171875,312.0430908203125,803.2976684570312,-1,-1,-1,-1
281,17,1014.8145751953125,401.58935546875,298.882080078125,815.4400634765625,-1,-1,-1,-1
282,17,999.9033203125,409.28839111328125,313.01513671875,816.7001342773438,-1,-1,-1,-1
283,17,964.5550537109375,414.43743896484375,342.90087890625,808.2254028320312,-1,-1,-1,-1
284,17,944.12548828125,410.06707763671875,359.3123779296875,814.0375366210938,-1,-1,-1,-1
285,17,927.757080078125,411.8729248046875,374.47314453125,819.634033203125,-1,-1,-1,-1
286,17,918.2408447265625,401.8529968261719,372.731201171875,833.09716796875,-1,-1,-1,-1
287,17,918.891357421875,379.09429931640625,380.72265625,830.8690795898438,-1,-1,-1,-1
288,17,930.7450561523438,353.89471435546875,321.81134033203125,783.1276245117188,-1,-1,-1,-1
289,17,935.0465698242188,356.6392822265625,241.80108642578125,727.295166015625,-1,-1,-1,-1
290,17,925.069091796875,383.475830078125,225.5740966796875,671.97705078125,-1,-1,-1,-1
291,17,875.113037109375,406.59747314453125,278.474365234375,668.9387817382812,-1,-1,-1,-1
292,17,818.9068603515625,408.448486328125,331.168701171875,662.6273193359375,-1,-1,-1,-1
293,17,798.3099975585938,403.36474609375,335.49993896484375,654.73876953125,-1,-1,-1,-1
294,17,797.0276489257812,406.49847412109375,304.93402099609375,645.9949340820312,-1,-1,-1,-1
295,17,750.9546508789062,469.58538818359375,368.16876220703125,616.9630737304688,-1,-1,-1,-1
296,17,658.6046752929688,496.3770751953125,494.81011962890625,672.14892578125,-1,-1,-1,-1
196,18,549.189453125,531.4576416015625,48.5916748046875,120.67962646484375,-1,-1,-1,-1
197,18,590.0042114257812,537.9154052734375,43.74615478515625,120.5433349609375,-1,-1,-1,-1
198,18,618.1195068359375,528.6363525390625,46.68994140625,118.6513671875,-1,-1,-1,-1
199,18,641.5059814453125,515.6439208984375,48.5963134765625,120.5367431640625,-1,-1,-1,-1
200,18,653.3530883789062,509.9940185546875,49.181396484375,121.3917236328125,-1,-1,-1,-1
201,18,656.0056762695312,503.4158935546875,49.17987060546875,118.945068359375,-1,-1,-1,-1
202,18,661.7030639648438,495.4761047363281,52.53289794921875,120.45077514648438,-1,-1,-1,-1
203,18,671.1800537109375,489.15301513671875,48.4649658203125,117.67803955078125,-1,-1,-1,-1
204,18,673.167236328125,492.91082763671875,47.86871337890625,121.8399658203125,-1,-1,-1,-1
205,18,674.8631591796875,499.59765625,43.193603515625,118.51116943359375,-1,-1,-1,-1
206,18,686.058349609375,519.992431640625,46.4217529296875,115.0103759765625,-1,-1,-1,-1
208,18,617.0689697265625,541.0146484375,90.48040771484375,181.6663818359375,-1,-1,-1,-1
208,19,612.7794189453125,540.9652099609375,79.8956298828125,178.7464599609375,-1,-1,-1,-1
209,19,614.1575317382812,557.8051147460938,92.9683837890625,176.404052734375,-1,-1,-1,-1
210,19,621.28515625,543.1404418945312,96.845947265625,188.0567626953125,-1,-1,-1,-1
211,19,629.5164184570312,532.6807861328125,103.7237548828125,199.39630126953125,-1,-1,-1,-1
212,19,637.4536743164062,525.4000854492188,106.1903076171875,199.66009521484375,-1,-1,-1,-1
213,19,643.6748046875,508.635986328125,108.1053466796875,208.511962890625,-1,-1,-1,-1
214,19,648.67822265625,485.7327880859375,105.67364501953125,216.160400390625,-1,-1,-1,-1
215,19,663.4884643554688,465.6277160644531,98.60247802734375,238.28164672851562,-1,-1,-1,-1
216,19,680.2498779296875,441.86566162109375,106.25323486328125,263.16326904296875,-1,-1,-1,-1
217,19,677.2376708984375,443.0789489746094,109.84014892578125,272.2940979003906,-1,-1,-1,-1
218,19,679.2803344726562,427.9346923828125,132.10455322265625,282.596435546875,-1,-1,-1,-1
219,19,665.7640991210938,421.90399169921875,161.74237060546875,297.5491943359375,-1,-1,-1,-1
220,19,654.0904541015625,406.7025451660156,193.3712158203125,348.2369079589844,-1,-1,-1,-1
221,19,665.0899047851562,378.77423095703125,206.034912109375,404.958740234375,-1,-1,-1,-1
222,19,700.390380859375,390.2356872558594,203.1044921875,437.5802917480469,-1,-1,-1,-1
223,19,745.5924072265625,398.0948486328125,209.01788330078125,460.52978515625,-1,-1,-1,-1
224,19,773.5291748046875,388.93548583984375,241.85931396484375,511.834716796875,-1,-1,-1,-1
225,19,780.2639770507812,379.2882385253906,355.39544677734375,658.284423828125,-1,-1,-1,-1
226,19,815.1536865234375,397.7498474121094,481.481689453125,807.29248046875,-1,-1,-1,-1
227,19,854.285888671875,400.7061462402344,636.5653076171875,903.7940673828125,-1,-1,-1,-1
228,19,953.1243896484375,553.040283203125,650.8050537109375,841.1072998046875,-1,-1,-1,-1
215,20,722.0245361328125,461.3608093261719,46.489990234375,127.72622680664062,-1,-1,-1,-1
216,20,742.9597778320312,451.46588134765625,43.551513671875,129.51556396484375,-1,-1,-1,-1
217,20,757.6406860351562,514.68310546875,36.4385986328125,89.200927734375,-1,-1,-1,-1
218,20,745.84375,482.41876220703125,64.78912353515625,127.99053955078125,-1,-1,-1,-1
220,20,663.9111938476562,421.15191650390625,178.1448974609375,322.42486572265625,-1,-1,-1,-1
231,21,689.63037109375,578.5833129882812,23.90533447265625,55.17486572265625,-1,-1,-1,-1
232,21,593.6298828125,621.6432495117188,22.5753173828125,53.69586181640625,-1,-1,-1,-1
233,21,459.0093688964844,636.3400268554688,25.046630859375,44.77386474609375,-1,-1,-1,-1
234,21,327.37872314453125,681.3504638671875,36.18670654296875,63.23150634765625,-1,-1,-1,-1
235,21,223.29547119140625,725.765380859375,36.71295166015625,65.0059814453125,-1,-1,-1,-1
236,21,130.94178771972656,723.7266845703125,40.64033508300781,70.736083984375,-1,-1,-1,-1
237,21,62.82447814941406,727.0214233398438,39.924293518066406,75.41162109375,-1,-1,-1,-1
238,21,15.622659683227539,734.4662475585938,39.99199676513672,70.85308837890625,-1,-1,-1,-1
239,21,-29.499053955078125,684.0737915039062,80.78211975097656,139.67462158203125,-1,-1,-1,-1
231,22,631.960205078125,577.7376708984375,24.547607421875,56.0660400390625,-1,-1,-1,-1
232,22,533.2525024414062,623.8560180664062,20.69488525390625,56.41326904296875,-1,-1,-1,-1
243,23,1231.7607421875,481.2386474609375,152.294189453125,312.29290771484375,-1,-1,-1,-1
244,23,1139.767822265625,484.1324768066406,162.1265869140625,297.0747375488281,-1,-1,-1,-1
245,23,1016.84375,478.5421142578125,157.644775390625,267.6407470703125,-1,-1,-1,-1
246,23,907.487060546875,491.92535400390625,151.8248291015625,255.458740234375,-1,-1,-1,-1
247,23,817.0743408203125,488.43096923828125,140.97705078125,246.59075927734375,-1,-1,-1,-1
248,23,776.4440307617188,511.7642822265625,133.91729736328125,240.9105224609375,-1,-1,-1,-1
249,23,776.4378662109375,537.7443237304688,130.83428955078125,243.08843994140625,-1,-1,-1,-1
250,23,770.4322509765625,545.7275390625,124.81549072265625,239.132568359375,-1,-1,-1,-1
251,23,742.6533203125,556.2770385742188,123.56060791015625,233.514892578125,-1,-1,-1,-1
252,23,720.372802734375,545.4459838867188,117.10760498046875,232.087158203125,-1,-1,-1,-1
253,23,698.1891479492188,537.4564819335938,112.86505126953125,229.94366455078125,-1,-1,-1,-1
254,23,675.7564697265625,548.7734375,112.455810546875,226.796142578125,-1,-1,-1,-1
255,23,654.9595947265625,561.8742065429688,113.692626953125,221.40447998046875,-1,-1,-1,-1
256,23,630.9024658203125,563.6774291992188,115.5357666015625,223.46051025390625,-1,-1,-1,-1
257,23,594.671875,569.9180908203125,116.70654296875,224.4501953125,-1,-1,-1,-1
258,23,541.7385864257812,549.0455932617188,116.17437744140625,230.541015625,-1,-1,-1,-1
259,23,495.4794616699219,542.3822631835938,110.83175659179688,236.98455810546875,-1,-1,-1,-1
260,23,449.2447509765625,535.0236206054688,117.656494140625,249.53582763671875,-1,-1,-1,-1
261,23,410.98541259765625,516.6210327148438,119.5982666015625,271.11199951171875,-1,-1,-1,-1
262,23,374.39617919921875,492.1931457519531,127.261474609375,290.5136413574219,-1,-1,-1,-1
263,23,343.30963134765625,488.5563659667969,131.94061279296875,302.6811218261719,-1,-1,-1,-1
264,23,317.6283264160156,489.6645812988281,142.37576293945312,310.8765563964844,-1,-1,-1,-1
265,23,301.7391662597656,486.64593505859375,152.71450805664062,309.24700927734375,-1,-1,-1,-1
266,23,285.22802734375,485.6566467285156,162.14752197265625,313.6733093261719,-1,-1,-1,-1
267,23,269.9835205078125,480.5352783203125,162.93597412109375,318.46136474609375,-1,-1,-1,-1
268,23,258.83502197265625,468.8572082519531,162.75204467773438,331.7808532714844,-1,-1,-1,-1
269,23,247.76512145996094,461.5530700683594,166.1869354248047,352.2405700683594,-1,-1,-1,-1
270,23,240.13735961914062,451.8315734863281,165.62484741210938,370.2062072753906,-1,-1,-1,-1
271,23,231.2346649169922,447.9168395996094,169.27247619628906,380.8274230957031,-1,-1,-1,-1
272,23,227.9167938232422,449.15838623046875,178.7678985595703,383.237060546875,-1,-1,-1,-1
273,23,226.3253173828125,459.4469299316406,192.71182250976562,379.8560485839844,-1,-1,-1,-1
274,23,225.94447326660156,465.6705627441406,203.0965118408203,383.9848937988281,-1,-1,-1,-1
275,23,215.4556884765625,472.705322265625,213.4307861328125,405.51141357421875,-1,-1,-1,-1
276,23,201.2367706298828,469.3762512207031,213.07749938964844,433.5991516113281,-1,-1,-1,-1
277,23,193.92616271972656,469.0531311035156,212.26283264160156,458.0577087402344,-1,-1,-1,-1
278,23,189.2540283203125,446.71685791015625,222.6573486328125,481.202392578125,-1,-1,-1,-1
279,23,191.6332244873047,447.59747314453125,228.16114807128906,496.72650146484375,-1,-1,-1,-1
280,23,200.64920043945312,446.6517028808594,237.80352783203125,499.0920715332031,-1,-1,-1,-1
281,23,217.83218383789062,445.2684631347656,239.69287109375,501.6029357910156,-1,-1,-1,-1
282,23,228.9693145751953,450.51837158203125,237.40293884277344,507.97637939453125,-1,-1,-1,-1
283,23,235.7135009765625,446.435546875,231.17337036132812,515.053466796875,-1,-1,-1,-1
284,23,239.1743927001953,420.3542785644531,259.79400634765625,554.387939453125,-1,-1,-1,-1
285,23,250.75730895996094,394.0753479003906,288.46551513671875,605.5947265625,-1,-1,-1,-1
286,23,262.5028076171875,365.6956787109375,316.977783203125,647.5521850585938,-1,-1,-1,-1
287,23,277.5038146972656,346.0268859863281,322.3374328613281,673.2137451171875,-1,-1,-1,-1
288,23,298.9739074707031,317.0726318359375,302.1846008300781,692.1917724609375,-1,-1,-1,-1
289,23,334.0656433105469,300.3347473144531,317.2914733886719,702.9427490234375,-1,-1,-1,-1
290,23,359.5008544921875,314.0926818847656,367.27294921875,719.7451171875,-1,-1,-1,-1
291,23,371.19500732421875,323.6227722167969,433.08624267578125,792.141357421875,-1,-1,-1,-1
292,23,382.82080078125,297.4411926269531,514.9415893554688,892.7486572265625,-1,-1,-1,-1
293,23,405.80499267578125,262.2477722167969,601.6943969726562,986.2724609375,-1,-1,-1,-1
294,23,445.86297607421875,249.268310546875,608.5845336914062,1049.1983642578125,-1,-1,-1,-1
295,23,481.1351318359375,289.71734619140625,527.12939453125,1083.3642578125,-1,-1,-1,-1
296,23,479.64111328125,328.3299255371094,701.435302734375,1081.8111572265625,-1,-1,-1,-1
297,23,548.1736450195312,342.4646301269531,703.3329467773438,1070.2021484375,-1,-1,-1,-1
298,23,704.615966796875,327.1582336425781,658.43310546875,1085.365478515625,-1,-1,-1,-1
299,23,830.3114624023438,268.7772216796875,585.0883178710938,1144.646484375,-1,-1,-1,-1
300,23,991.105224609375,264.22296142578125,431.3878173828125,1137.259521484375,-1,-1,-1,-1
301,23,1035.4290771484375,335.29766845703125,366.9652099609375,1021.1609497070312,-1,-1,-1,-1
306,23,1081.4862060546875,686.6142578125,181.361328125,128.39093017578125,-1,-1,-1,-1
246,24,1345.4093017578125,479.33978271484375,128.154541015625,324.76483154296875,-1,-1,-1,-1
247,24,1251.66357421875,475.205810546875,124.89892578125,277.049560546875,-1,-1,-1,-1
248,24,1174.636474609375,489.5838928222656,132.37939453125,257.4512634277344,-1,-1,-1,-1
249,24,1146.66357421875,518.1322631835938,151.62646484375,239.82537841796875,-1,-1,-1,-1
250,24,1131.5767822265625,511.7282409667969,172.2039794921875,229.85684204101562,-1,-1,-1,-1
251,24,1072.9107666015625,451.8995361328125,218.8839111328125,359.3978271484375,-1,-1,-1,-1
252,24,1018.66064453125,421.22479248046875,240.66748046875,408.50482177734375,-1,-1,-1,-1
253,24,1013.94189453125,498.8450927734375,151.6092529296875,276.5986328125,-1,-1,-1,-1
254,24,1023.3219604492188,524.7330322265625,103.25921630859375,204.01690673828125,-1,-1,-1,-1
255,24,985.2215576171875,516.8255615234375,83.0848388671875,189.07611083984375,-1,-1,-1,-1
256,24,959.7175903320312,520.607177734375,79.57659912109375,180.68115234375,-1,-1,-1,-1
257,24,914.622314453125,533.5477905273438,81.97137451171875,166.14288330078125,-1,-1,-1,-1
258,24,849.340087890625,515.171630859375,87.4661865234375,172.23956298828125,-1,-1,-1,-1
259,24,805.1634521484375,521.3128051757812,80.12237548828125,171.04998779296875,-1,-1,-1,-1
260,24,774.7429809570312,516.2023315429688,75.92877197265625,172.49609375,-1,-1,-1,-1
261,24,740.5741577148438,505.3954772949219,77.878662109375,175.69699096679688,-1,-1,-1,-1
262,24,708.5986938476562,484.8070983886719,81.94390869140625,182.19412231445312,-1,-1,-1,-1
263,24,680.3506469726562,479.1817932128906,80.0626220703125,180.00961303710938,-1,-1,-1,-1
264,24,657.665283203125,475.99224853515625,79.212646484375,180.43597412109375,-1,-1,-1,-1
265,24,644.4588623046875,463.31085205078125,79.78564453125,185.97808837890625,-1,-1,-1,-1
266,24,631.9502563476562,460.3216552734375,79.21051025390625,185.711669921875,-1,-1,-1,-1
267,24,617.0604248046875,456.3077087402344,84.94659423828125,184.36477661132812,-1,-1,-1,-1
268,24,609.8709716796875,448.928955078125,84.14459228515625,188.63104248046875,-1,-1,-1,-1
269,24,601.09716796875,448.3081359863281,87.7275390625,191.50930786132812,-1,-1,-1,-1
270,24,597.1134643554688,446.76824951171875,83.4478759765625,189.11566162109375,-1,-1,-1,-1
271,24,591.184814453125,440.9709167480469,84.46990966796875,191.05953979492188,-1,-1,-1,-1
272,24,586.2359008789062,435.01483154296875,85.16571044921875,197.355712890625,-1,-1,-1,-1
273,24,585.2459716796875,443.75872802734375,81.00018310546875,194.77850341796875,-1,-1,-1,-1
274,24,580.118896484375,460.1928405761719,81.015625,184.85079956054688,-1,-1,-1,-1
275,24,574.4451904296875,476.0068664550781,82.2327880859375,178.35739135742188,-1,-1,-1,-1
276,24,566.8870849609375,472.14990234375,83.500244140625,186.69091796875,-1,-1,-1,-1
277,24,560.8388671875,486.395263671875,85.06231689453125,179.44769287109375,-1,-1,-1,-1
278,24,553.5572509765625,468.39739990234375,86.988037109375,184.85528564453125,-1,-1,-1,-1
279,24,548.1536865234375,472.96173095703125,92.05938720703125,187.72265625,-1,-1,-1,-1
280,24,548.426513671875,481.2706298828125,94.60162353515625,183.6082763671875,-1,-1,-1,-1
281,24,555.5051879882812,486.23846435546875,94.56109619140625,180.55706787109375,-1,-1,-1,-1
282,24,555.2052001953125,494.85308837890625,93.9154052734375,176.93353271484375,-1,-1,-1,-1
283,24,546.5950317382812,484.46044921875,95.86700439453125,185.52349853515625,-1,-1,-1,-1
284,24,540.0507202148438,473.7205810546875,100.9544677734375,193.32745361328125,-1,-1,-1,-1
285,24,539.1876220703125,452.8739013671875,103.15484619140625,220.29351806640625,-1,-1,-1,-1
286,24,541.0255126953125,438.7441101074219,103.6544189453125,239.42678833007812,-1,-1,-1,-1
287,24,537.462646484375,419.9452819824219,106.464111328125,251.28842163085938,-1,-1,-1,-1
288,24,524.02294921875,402.5329895019531,121.47015380859375,254.80471801757812,-1,-1,-1,-1
289,24,518.0745239257812,393.7472229003906,130.85015869140625,261.3216247558594,-1,-1,-1,-1
290,24,489.46649169921875,407.7702941894531,155.6890869140625,315.9720153808594,-1,-1,-1,-1
291,24,496.7978515625,469.76171875,254.24945068359375,371.197509765625,-1,-1,-1,-1
292,24,476.437255859375,431.0358581542969,393.0709228515625,564.7911376953125,-1,-1,-1,-1
293,24,545.7255249023438,435.6904296875,431.607421875,568.94970703125,-1,-1,-1,-1
294,24,482.10833740234375,410.64715576171875,627.9309692382812,637.8832397460938,-1,-1,-1,-1
295,24,485.3420715332031,310.0330505371094,554.813232421875,1030.5018310546875,-1,-1,-1,-1
294,25,465.5208740234375,435.8594055175781,142.61041259765625,322.5450744628906,-1,-1,-1,-1
295,25,437.2502136230469,455.05157470703125,155.44003295898438,360.85662841796875,-1,-1,-1,-1
296,25,396.28179931640625,452.9111633300781,192.67108154296875,399.7109069824219,-1,-1,-1,-1
297,25,367.0921630859375,457.90460205078125,214.42608642578125,425.66796875,-1,-1,-1,-1
298,25,329.82379150390625,472.19354248046875,238.77423095703125,430.552734375,-1,-1,-1,-1
299,25,280.7318420410156,481.9988098144531,285.8135070800781,453.4226989746094,-1,-1,-1,-1
300,25,239.77386474609375,472.58050537109375,299.31298828125,555.2749633789062,-1,-1,-1,-1
301,25,147.5664520263672,446.4002990722656,324.00927734375,708.4254150390625,-1,-1,-1,-1
302,25,47.335628509521484,414.077392578125,360.83294677734375,825.2470703125,-1,-1,-1,-1
303,25,-6.632922172546387,410.1189880371094,342.3067626953125,849.2181396484375,-1,-1,-1,-1
304,25,-8.65453052520752,393.2338562011719,281.118408203125,1010.2652587890625,-1,-1,-1,-1
305,25,-33.9061393737793,544.2321166992188,393.8156433105469,877.4862670898438,-1,-1,-1,-1
298,26,731.40625,469.6705627441406,280.32537841796875,681.3826904296875,-1,-1,-1,-1
299,26,724.496826171875,458.1650085449219,254.93524169921875,695.7335205078125,-1,-1,-1,-1
300,26,717.69189453125,441.5309753417969,254.48895263671875,657.4930419921875,-1,-1,-1,-1
301,26,694.7431640625,439.38507080078125,227.5941162109375,602.6052856445312,-1,-1,-1,-1
302,26,674.3931884765625,417.7576904296875,198.551513671875,563.0587768554688,-1,-1,-1,-1
303,26,636.0009155273438,386.9879455566406,238.7237548828125,557.6011962890625,-1,-1,-1,-1
304,26,551.8273315429688,374.3845520019531,318.22216796875,573.8236083984375,-1,-1,-1,-1
305,26,495.263671875,356.8653869628906,365.475830078125,583.7283935546875,-1,-1,-1,-1
306,26,445.0760803222656,364.0962219238281,371.6380920410156,558.680419921875,-1,-1,-1,-1
307,26,382.2958679199219,379.11669921875,371.7261657714844,541.3309326171875,-1,-1,-1,-1
308,26,299.56585693359375,419.61187744140625,386.44073486328125,551.5143432617188,-1,-1,-1,-1
309,26,231.6470184326172,423.5794372558594,386.8292236328125,572.87451171875,-1,-1,-1,-1
310,26,150.4114990234375,426.1402893066406,462.9344482421875,598.533203125,-1,-1,-1,-1
311,26,68.11383056640625,443.8268737792969,520.3680419921875,618.1527099609375,-1,-1,-1,-1
312,26,1.887929916381836,494.2416687011719,548.226318359375,620.06005859375,-1,-1,-1,-1
313,26,-29.219871520996094,520.21923828125,500.5700378417969,637.272705078125,-1,-1,-1,-1
314,26,-44.2146110534668,463.5453796386719,421.73980712890625,753.598388671875,-1,-1,-1,-1
315,26,-69.39347839355469,523.10205078125,373.783203125,702.269775390625,-1,-1,-1,-1
316,26,-69.42057037353516,585.00341796875,375.6393127441406,634.062744140625,-1,-1,-1,-1
317,26,-127.64926147460938,564.6636962890625,430.98333740234375,638.487060546875,-1,-1,-1,-1
318,26,-193.96453857421875,549.0209350585938,498.3141784667969,664.4194946289062,-1,-1,-1,-1
319,26,-191.08328247070312,674.4188232421875,457.71630859375,551.2452392578125,-1,-1,-1,-1
320,26,-209.42208862304688,686.9546508789062,422.2622375488281,500.99542236328125,-1,-1,-1,-1
321,26,-310.5396423339844,394.25897216796875,624.52197265625,1040.34130859375,-1,-1,-1,-1
322,26,-389.97381591796875,341.14080810546875,790.0076904296875,1090.71875,-1,-1,-1,-1
323,26,-434.02484130859375,238.96072387695312,880.69873046875,1248.2352294921875,-1,-1,-1,-1
324,26,-282.158203125,255.99478149414062,567.3416137695312,1190.3890380859375,-1,-1,-1,-1
325,26,-166.5580596923828,480.07568359375,336.1388854980469,682.888916015625,-1,-1,-1,-1
326,26,-87.37593078613281,496.80853271484375,242.6345672607422,563.7772827148438,-1,-1,-1,-1
327,26,109.4452896118164,447.8856201171875,179.53305053710938,506.655029296875,-1,-1,-1,-1
328,26,291.2843933105469,438.9743347167969,153.64016723632812,435.8021545410156,-1,-1,-1,-1
329,26,426.3909912109375,456.10906982421875,134.98211669921875,398.55633544921875,-1,-1,-1,-1
330,26,554.2999267578125,507.6079406738281,121.30035400390625,330.0413513183594,-1,-1,-1,-1
331,26,679.98779296875,537.7449951171875,127.9349365234375,311.3795166015625,-1,-1,-1,-1
332,26,765.3411254882812,517.7535400390625,135.94219970703125,342.14288330078125,-1,-1,-1,-1
333,26,824.1885375976562,523.8961791992188,132.52276611328125,341.54656982421875,-1,-1,-1,-1
334,26,870.9797973632812,548.88330078125,138.77593994140625,318.92205810546875,-1,-1,-1,-1
335,26,927.1722412109375,560.2269897460938,148.331298828125,335.8736572265625,-1,-1,-1,-1
336,26,973.1001586914062,547.97314453125,155.58465576171875,357.78765869140625,-1,-1,-1,-1
337,26,1016.5775146484375,546.0300903320312,164.0333251953125,360.50506591796875,-1,-1,-1,-1
338,26,1046.998046875,523.7844848632812,183.8682861328125,378.2589111328125,-1,-1,-1,-1
339,26,1088.5078125,488.63372802734375,176.70263671875,384.98919677734375,-1,-1,-1,-1
340,26,1150.9320068359375,475.7627258300781,171.769775390625,398.6076965332031,-1,-1,-1,-1
341,26,1235.4937744140625,503.97808837890625,153.7821044921875,409.69775390625,-1,-1,-1,-1
342,26,1298.9642333984375,542.5313110351562,142.4869384765625,404.5294189453125,-1,-1,-1,-1
343,26,1325.072265625,550.2115478515625,131.8804931640625,390.488037109375,-1,-1,-1,-1
344,26,1320.0560302734375,542.8920288085938,134.9359130859375,373.934326171875,-1,-1,-1,-1
345,26,1292.3203125,535.6260986328125,162.22119140625,374.9677734375,-1,-1,-1,-1
346,26,1273.058837890625,567.0101318359375,173.419921875,371.0992431640625,-1,-1,-1,-1
347,26,1271.140625,572.0816040039062,166.732177734375,368.3568115234375,-1,-1,-1,-1
348,26,1271.562744140625,570.0621948242188,150.83447265625,361.55279541015625,-1,-1,-1,-1
349,26,1283.0040283203125,577.721435546875,150.4691162109375,361.99053955078125,-1,-1,-1,-1
350,26,1296.2899169921875,573.1598510742188,157.2044677734375,366.50799560546875,-1,-1,-1,-1
351,26,1309.6436767578125,568.9387817382812,158.483154296875,384.16558837890625,-1,-1,-1,-1
352,26,1322.1512451171875,540.380615234375,171.4888916015625,404.84564208984375,-1,-1,-1,-1
353,26,1308.6983642578125,529.786865234375,201.5771484375,422.697021484375,-1,-1,-1,-1
354,26,1296.390869140625,522.9387817382812,226.1925048828125,420.43072509765625,-1,-1,-1,-1
355,26,1272.1605224609375,498.91064453125,274.6451416015625,506.6866455078125,-1,-1,-1,-1
356,26,1248.8590087890625,453.85931396484375,321.2608642578125,629.5341186523438,-1,-1,-1,-1
357,26,1247.3115234375,471.56304931640625,324.35498046875,617.4819946289062,-1,-1,-1,-1
358,26,1264.857666015625,452.7319030761719,289.2568359375,547.071044921875,-1,-1,-1,-1
359,26,1272.945556640625,468.3265686035156,273.0836181640625,508.2031555175781,-1,-1,-1,-1
360,26,1276.5865478515625,467.13616943359375,265.8023681640625,488.49102783203125,-1,-1,-1,-1
361,26,1264.8199462890625,495.55218505859375,289.3330078125,457.17388916015625,-1,-1,-1,-1
362,26,1236.0904541015625,449.7244873046875,346.790771484375,600.419921875,-1,-1,-1,-1
363,26,1235.271240234375,436.51611328125,348.42724609375,715.637939453125,-1,-1,-1,-1
364,26,1242.7403564453125,473.98138427734375,333.4964599609375,661.8552856445312,-1,-1,-1,-1
368,26,1190.2357177734375,437.7323303222656,438.5067138671875,928.0018310546875,-1,-1,-1,-1
369,26,1172.7978515625,483.8635559082031,473.37890625,929.3541259765625,-1,-1,-1,-1
328,27,150.47654724121094,467.8631896972656,75.66584777832031,115.65188598632812,-1,-1,-1,-1
329,27,320.0797119140625,490.5696105957031,59.372222900390625,98.77542114257812,-1,-1,-1,-1
330,27,448.27294921875,511.572265625,71.217529296875,116.41473388671875,-1,-1,-1,-1
331,27,588.745361328125,518.9435424804688,80.0047607421875,129.68206787109375,-1,-1,-1,-1
332,27,704.5482177734375,557.9989624023438,48.61273193359375,86.9571533203125,-1,-1,-1,-1
331,28,-13.019147872924805,383.5024108886719,97.99056243896484,282.4344787597656,-1,-1,-1,-1
332,28,59.66143035888672,392.37237548828125,141.12875366210938,292.53326416015625,-1,-1,-1,-1
333,28,145.90892028808594,403.30255126953125,125.74311828613281,282.62744140625,-1,-1,-1,-1
334,28,222.5253448486328,395.9666442871094,118.43888854980469,272.6620178222656,-1,-1,-1,-1
335,28,303.1156005859375,432.36749267578125,113.7674560546875,257.324951171875,-1,-1,-1,-1
336,28,359.8408508300781,453.2688293457031,116.17916870117188,243.98458862304688,-1,-1,-1,-1
337,28,414.1580810546875,448.2543029785156,108.9512939453125,239.35964965820312,-1,-1,-1,-1
338,28,462.0550231933594,459.3645324707031,103.52371215820312,235.69863891601562,-1,-1,-1,-1
339,28,499.1331481933594,463.2315368652344,101.37039184570312,233.60501098632812,-1,-1,-1,-1
340,28,551.8724365234375,477.7109375,98.48297119140625,222.095703125,-1,-1,-1,-1
341,28,617.9493408203125,496.6288757324219,93.40008544921875,217.18582153320312,-1,-1,-1,-1
342,28,664.4595947265625,519.1314697265625,89.93170166015625,218.1422119140625,-1,-1,-1,-1
343,28,685.077880859375,515.6746826171875,89.717041015625,219.53204345703125,-1,-1,-1,-1
344,28,688.107421875,503.2833251953125,89.45751953125,220.49993896484375,-1,-1,-1,-1
345,28,683.1904296875,513.8232421875,89.6490478515625,215.61688232421875,-1,-1,-1,-1
346,28,683.08837890625,542.8765869140625,91.7991943359375,213.3770751953125,-1,-1,-1,-1
347,28,671.3175659179688,550.9268798828125,95.49456787109375,217.792236328125,-1,-1,-1,-1
348,28,660.710693359375,550.5035400390625,97.660888671875,224.89166259765625,-1,-1,-1,-1
349,28,667.0462646484375,546.7400512695312,97.35491943359375,228.65142822265625,-1,-1,-1,-1
350,28,673.1900634765625,531.3108520507812,106.38836669921875,231.81036376953125,-1,-1,-1,-1
351,28,674.508544921875,533.838134765625,111.13360595703125,238.1224365234375,-1,-1,-1,-1
352,28,674.0313720703125,513.8177490234375,118.4569091796875,249.47393798828125,-1,-1,-1,-1
353,28,688.5745239257812,489.2939758300781,117.42083740234375,271.6258850097656,-1,-1,-1,-1
354,28,708.3853149414062,470.50634765625,119.88409423828125,308.27392578125,-1,-1,-1,-1
355,28,734.7697143554688,480.5320129394531,100.3800048828125,297.4678649902344,-1,-1,-1,-1
356,28,684.96533203125,454.78265380859375,169.2867431640625,382.57391357421875,-1,-1,-1,-1
357,28,628.3329467773438,459.41766357421875,297.62213134765625,547.0889892578125,-1,-1,-1,-1
334,29,-57.595802307128906,427.59222412109375,118.21611785888672,345.278564453125,-1,-1,-1,-1
335,29,-48.2216796875,383.86029052734375,168.39291381835938,396.00677490234375,-1,-1,-1,-1
336,29,-4.845019340515137,395.3499755859375,205.83387756347656,386.290283203125,-1,-1,-1,-1
337,29,28.328472137451172,391.7271728515625,250.46739196777344,371.4134521484375,-1,-1,-1,-1
338,29,80.96459197998047,415.6909484863281,262.2148742675781,352.3230285644531,-1,-1,-1,-1
339,29,133.51153564453125,438.41619873046875,263.34686279296875,339.33172607421875,-1,-1,-1,-1
340,29,205.31199645996094,453.8986511230469,261.14080810546875,325.6344909667969,-1,-1,-1,-1
341,29,296.41717529296875,469.41925048828125,245.9300537109375,313.22454833984375,-1,-1,-1,-1
342,29,364.1929016113281,493.20050048828125,222.81021118164062,305.52178955078125,-1,-1,-1,-1
343,29,410.635498046875,490.52886962890625,193.2877197265625,308.178466796875,-1,-1,-1,-1
344,29,438.541015625,475.33233642578125,164.17828369140625,319.936767578125,-1,-1,-1,-1
345,29,451.388916015625,486.6857604980469,151.10748291015625,328.7576599121094,-1,-1,-1,-1
346,29,464.39495849609375,511.2784423828125,147.74090576171875,339.4716796875,-1,-1,-1,-1
347,29,464.8844909667969,519.1597290039062,149.49697875976562,351.74542236328125,-1,-1,-1,-1
348,29,466.020263671875,517.8441772460938,153.982177734375,363.88720703125,-1,-1,-1,-1
349,29,482.70880126953125,509.4342041015625,160.52392578125,377.4986572265625,-1,-1,-1,-1
350,29,507.8831787109375,491.0616149902344,164.0322265625,386.2112121582031,-1,-1,-1,-1
351,29,521.80615234375,492.4435729980469,166.53082275390625,401.7288513183594,-1,-1,-1,-1
352,29,533.05078125,463.4605712890625,166.8101806640625,429.81982421875,-1,-1,-1,-1
353,29,552.001708984375,426.6799621582031,173.08734130859375,463.5898132324219,-1,-1,-1,-1
354,29,584.0538940429688,394.9097900390625,184.57806396484375,523.9610595703125,-1,-1,-1,-1
355,29,603.8307495117188,395.88372802734375,207.8023681640625,600.4391479492188,-1,-1,-1,-1
356,29,610.091796875,382.1190490722656,253.92425537109375,669.1441650390625,-1,-1,-1,-1
357,29,629.3690185546875,411.14385986328125,294.08795166015625,693.6134643554688,-1,-1,-1,-1
358,29,651.769287109375,388.3296203613281,347.87744140625,729.77099609375,-1,-1,-1,-1
359,29,690.0616455078125,367.18145751953125,413.316162109375,765.4645385742188,-1,-1,-1,-1
360,29,769.8133544921875,320.4094543457031,469.958251953125,850.4080810546875,-1,-1,-1,-1
361,29,831.7119750976562,286.0581359863281,581.2975463867188,990.013916015625,-1,-1,-1,-1
362,29,840.2560424804688,254.5654754638672,674.2219848632812,1096.9388427734375,-1,-1,-1,-1
363,29,823.0371704101562,322.5186767578125,694.4933471679688,1101.3924560546875,-1,-1,-1,-1
364,29,911.87841796875,392.03814697265625,727.5174560546875,1043.035400390625,-1,-1,-1,-1
368,29,786.4922485351562,384.0238037109375,859.8910522460938,1021.9935302734375,-1,-1,-1,-1
369,29,827.7012939453125,472.3140563964844,740.7501220703125,957.8748779296875,-1,-1,-1,-1
358,30,705.454345703125,479.427734375,193.3031005859375,357.91448974609375,-1,-1,-1,-1
359,30,688.6654663085938,458.0186462402344,190.03619384765625,387.6741638183594,-1,-1,-1,-1
360,30,674.8937377929688,430.37579345703125,196.65972900390625,424.87890625,-1,-1,-1,-1
361,30,669.5186157226562,411.2224426269531,214.5391845703125,507.8614196777344,-1,-1,-1,-1
362,30,660.2686157226562,407.0624084472656,233.5428466796875,592.042724609375,-1,-1,-1,-1
363,30,660.0401611328125,383.117431640625,267.01904296875,675.761962890625,-1,-1,-1,-1
364,30,672.3446044921875,335.5732421875,307.58782958984375,745.059326171875,-1,-1,-1,-1
365,30,695.122314453125,353.39776611328125,360.18212890625,785.9439086914062,-1,-1,-1,-1
366,30,742.37158203125,358.4278259277344,422.1126708984375,836.8887939453125,-1,-1,-1,-1
367,30,777.796630859375,341.22442626953125,582.7266845703125,913.4235229492188,-1,-1,-1,-1
368,30,805.0322265625,341.4427490234375,714.7103271484375,1042.828857421875,-1,-1,-1,-1
371,31,650.8135375976562,602.4631958007812,23.857666015625,59.46759033203125,-1,-1,-1,-1
372,31,551.6939697265625,605.031005859375,24.4388427734375,56.03021240234375,-1,-1,-1,-1
373,31,435.10186767578125,575.8113403320312,113.1728515625,75.3551025390625,-1,-1,-1,-1
374,32,1174.752197265625,501.4666442871094,258.078369140625,494.6903991699219,-1,-1,-1,-1
375,32,1021.3895874023438,471.5633544921875,243.40728759765625,496.9095458984375,-1,-1,-1,-1
376,32,935.24169921875,462.8157043457031,240.4837646484375,506.4786682128906,-1,-1,-1,-1
377,32,908.2743530273438,479.3839416503906,245.58331298828125,527.58349609375,-1,-1,-1,-1
378,32,917.3540649414062,496.1051940917969,258.51947021484375,544.6240234375,-1,-1,-1,-1
379,32,932.9986572265625,489.6127624511719,244.5101318359375,532.2020263671875,-1,-1,-1,-1
380,32,950.361572265625,523.8504638671875,228.7581787109375,509.0494384765625,-1,-1,-1,-1
381,32,961.9484252929688,526.2639770507812,238.15814208984375,493.66668701171875,-1,-1,-1,-1
382,32,927.2775268554688,506.5421447753906,289.49810791015625,519.027587890625,-1,-1,-1,-1
383,32,884.8576049804688,505.4933166503906,260.69085693359375,545.2265625,-1,-1,-1,-1
384,32,855.8901977539062,488.7856140136719,262.00030517578125,552.0791015625,-1,-1,-1,-1
385,32,827.2454223632812,453.98419189453125,272.00714111328125,543.5840454101562,-1,-1,-1,-1
386,32,831.3663940429688,446.66851806640625,233.82720947265625,519.8862915039062,-1,-1,-1,-1
387,32,848.9723510742188,432.6997375488281,228.14862060546875,497.0080261230469,-1,-1,-1,-1
388,32,871.0208740234375,417.59393310546875,227.4627685546875,489.003173828125,-1,-1,-1,-1
389,32,870.1427612304688,423.5485534667969,238.68511962890625,503.8995666503906,-1,-1,-1,-1
390,32,870.9763793945312,426.76123046875,222.90667724609375,533.2552490234375,-1,-1,-1,-1
391,32,871.654296875,408.8043212890625,238.1495361328125,561.812744140625,-1,-1,-1,-1
392,32,884.0140991210938,402.2958068847656,229.18572998046875,571.39501953125,-1,-1,-1,-1
393,32,900.4057006835938,394.7142639160156,214.12274169921875,563.80810546875,-1,-1,-1,-1
394,32,922.2676391601562,400.24029541015625,201.63165283203125,545.6434936523438,-1,-1,-1,-1
395,32,951.8746337890625,423.05096435546875,178.37646484375,534.7318115234375,-1,-1,-1,-1
396,32,964.3176879882812,434.662109375,171.03973388671875,530.9129638671875,-1,-1,-1,-1
397,32,959.4889526367188,451.5921325683594,176.02935791015625,533.501953125,-1,-1,-1,-1
398,32,953.09326171875,523.38427734375,240.381103515625,533.193359375,-1,-1,-1,-1
399,32,966.14453125,563.023681640625,281.4573974609375,534.6097412109375,-1,-1,-1,-1
400,32,962.452392578125,567.8933715820312,282.5859375,529.7125854492188,-1,-1,-1,-1
401,32,948.3756103515625,558.49169921875,252.3203125,515.9447021484375,-1,-1,-1,-1
402,32,932.4786376953125,527.785400390625,218.2392578125,507.794921875,-1,-1,-1,-1
403,32,929.6190795898438,497.4568176269531,198.85406494140625,503.5213928222656,-1,-1,-1,-1
404,32,934.3443603515625,489.01422119140625,221.69140625,503.69659423828125,-1,-1,-1,-1
405,32,930.0546875,491.384033203125,232.067138671875,512.1668701171875,-1,-1,-1,-1
406,32,908.620849609375,495.59649658203125,286.7340087890625,532.2562866210938,-1,-1,-1,-1
407,32,894.14208984375,498.9624938964844,328.8306884765625,553.2796630859375,-1,-1,-1,-1
408,32,883.9605712890625,509.03985595703125,368.34716796875,563.3641967773438,-1,-1,-1,-1
409,32,891.9421997070312,523.1812744140625,387.71282958984375,572.1058349609375,-1,-1,-1,-1
410,32,906.4595947265625,534.287109375,381.47314453125,569.5069580078125,-1,-1,-1,-1
411,32,924.75048828125,537.37841796875,374.5518798828125,572.52978515625,-1,-1,-1,-1
412,32,950.8326416015625,533.009033203125,353.5601806640625,576.3125,-1,-1,-1,-1
413,32,984.0043334960938,523.6168212890625,326.55426025390625,583.2154541015625,-1,-1,-1,-1
414,32,1019.735107421875,520.126708984375,295.8685302734375,590.435791015625,-1,-1,-1,-1
415,32,1056.68798828125,516.660888671875,268.85107421875,595.9976806640625,-1,-1,-1,-1
416,32,1074.490966796875,503.6975402832031,263.7431640625,605.2022705078125,-1,-1,-1,-1
417,32,1080.548583984375,486.0978088378906,266.674560546875,633.2977294921875,-1,-1,-1,-1
418,32,1092.918701171875,474.32952880859375,262.30615234375,649.4829711914062,-1,-1,-1,-1
419,32,1106.0137939453125,470.6166687011719,249.445556640625,657.871826171875,-1,-1,-1,-1
420,32,1109.39892578125,510.13201904296875,244.2352294921875,619.9408569335938,-1,-1,-1,-1
421,32,1110.5517578125,484.3996887207031,246.80224609375,648.8583984375,-1,-1,-1,-1
376,33,1264.594482421875,482.9419860839844,154.703369140625,462.9117736816406,-1,-1,-1,-1
377,33,1227.6202392578125,495.9166564941406,180.027099609375,447.5859680175781,-1,-1,-1,-1
378,33,1212.8094482421875,503.3487548828125,185.404052734375,426.8677978515625,-1,-1,-1,-1
379,33,1195.017578125,489.6436462402344,183.7060546875,404.7459411621094,-1,-1,-1,-1
380,33,1155.7396240234375,520.9926147460938,183.8973388671875,361.98870849609375,-1,-1,-1,-1
381,33,1115.33740234375,529.23486328125,197.1748046875,339.03466796875,-1,-1,-1,-1
382,33,1037.7513427734375,515.5445556640625,203.71630859375,324.81109619140625,-1,-1,-1,-1
383,33,927.6499633789062,508.73834228515625,208.83831787109375,389.07012939453125,-1,-1,-1,-1
384,33,915.6128540039062,530.556396484375,155.17022705078125,295.5797119140625,-1,-1,-1,-1
385,33,840.2772216796875,506.6883850097656,133.4404296875,260.4781188964844,-1,-1,-1,-1
386,33,792.1244506835938,505.80291748046875,127.5457763671875,260.64739990234375,-1,-1,-1,-1
387,33,760.74169921875,495.6915283203125,104.5877685546875,240.9935302734375,-1,-1,-1,-1
388,33,726.53759765625,482.00677490234375,101.02838134765625,237.3507080078125,-1,-1,-1,-1
389,33,703.0416870117188,496.2301940917969,97.21893310546875,230.10067749023438,-1,-1,-1,-1
390,33,683.1530151367188,515.8753662109375,91.31341552734375,221.63800048828125,-1,-1,-1,-1
391,33,657.26123046875,520.5615234375,83.82586669921875,219.56439208984375,-1,-1,-1,-1
392,33,634.8442993164062,527.748046875,79.46539306640625,213.824951171875,-1,-1,-1,-1
393,33,610.9549560546875,528.79150390625,96.55096435546875,211.3076171875,-1,-1,-1,-1
394,33,600.7157592773438,517.2327270507812,96.01934814453125,221.04840087890625,-1,-1,-1,-1
395,33,585.0847778320312,529.7401123046875,101.37017822265625,222.0343017578125,-1,-1,-1,-1
396,33,568.6359252929688,547.6279907226562,104.972900390625,221.26849365234375,-1,-1,-1,-1
397,33,538.6610107421875,609.3644409179688,109.6259765625,198.88470458984375,-1,-1,-1,-1
398,33,530.03955078125,691.3493041992188,102.9132080078125,218.40185546875,-1,-1,-1,-1
399,33,514.6963500976562,743.954345703125,109.78814697265625,223.393310546875,-1,-1,-1,-1
400,33,482.53363037109375,745.7213745117188,110.65606689453125,225.66815185546875,-1,-1,-1,-1
401,33,438.57470703125,716.7958984375,115.112548828125,228.06988525390625,-1,-1,-1,-1
402,33,393.2160339355469,665.3699340820312,122.87521362304688,230.8829345703125,-1,-1,-1,-1
403,33,351.67376708984375,615.4302368164062,129.91781616210938,231.585205078125,-1,-1,-1,-1
404,33,314.09906005859375,588.6150512695312,139.66342163085938,239.04901123046875,-1,-1,-1,-1
405,33,296.19488525390625,574.7885131835938,145.483154296875,246.33551025390625,-1,-1,-1,-1
406,33,290.87884521484375,562.9367065429688,146.19912719726562,251.74969482421875,-1,-1,-1,-1
407,33,298.9121398925781,557.610107421875,142.90640258789062,249.84039306640625,-1,-1,-1,-1
408,33,315.9340515136719,552.9268798828125,134.85183715820312,250.68743896484375,-1,-1,-1,-1
409,33,338.80023193359375,555.2861328125,125.9052734375,247.792724609375,-1,-1,-1,-1
410,33,356.48284912109375,557.1580200195312,119.63162231445312,250.787841796875,-1,-1,-1,-1
411,33,368.9180908203125,572.4454956054688,111.37948608398438,243.15924072265625,-1,-1,-1,-1
412,33,374.2898864746094,569.64111328125,109.27511596679688,254.5977783203125,-1,-1,-1,-1
413,33,377.67315673828125,583.8848876953125,104.84674072265625,249.06005859375,-1,-1,-1,-1
414,33,375.4458923339844,592.5819091796875,104.08639526367188,253.35028076171875,-1,-1,-1,-1
415,33,373.11572265625,599.4898681640625,103.79180908203125,257.0654296875,-1,-1,-1,-1
416,33,367.7571716308594,599.59375,106.22348022460938,265.532470703125,-1,-1,-1,-1
417,33,357.8019714355469,600.3092651367188,107.70977783203125,270.26141357421875,-1,-1,-1,-1
418,33,346.7066650390625,601.5543212890625,112.020263671875,276.74139404296875,-1,-1,-1,-1
419,33,339.023193359375,615.4259033203125,113.97576904296875,274.05804443359375,-1,-1,-1,-1
420,33,332.7113342285156,622.7828979492188,118.23971557617188,273.76763916015625,-1,-1,-1,-1
421,33,332.8133544921875,623.8809814453125,121.006103515625,274.1944580078125,-1,-1,-1,-1
383,34,1277.06591796875,517.31591796875,154.4022216796875,459.13873291015625,-1,-1,-1,-1
384,34,1228.1878662109375,525.73291015625,178.3729248046875,404.53192138671875,-1,-1,-1,-1
385,34,1168.457275390625,474.1886291503906,153.8409423828125,387.8103942871094,-1,-1,-1,-1
386,34,1108.8271484375,453.5281982421875,136.6829833984375,371.17498779296875,-1,-1,-1,-1
387,34,1070.582763671875,431.70892333984375,128.1365966796875,355.24395751953125,-1,-1,-1,-1
388,34,1030.4991455078125,426.828125,122.8494873046875,328.2481689453125,-1,-1,-1,-1
389,34,987.5951538085938,449.8293762207031,135.32684326171875,303.0311584472656,-1,-1,-1,-1
390,34,989.05810546875,472.4425964355469,122.060546875,279.2251281738281,-1,-1,-1,-1
391,34,984.041748046875,464.9710998535156,115.5869140625,265.2959289550781,-1,-1,-1,-1
392,34,961.8429565429688,492.0427551269531,131.04351806640625,241.92391967773438,-1,-1,-1,-1
393,34,911.6158447265625,404.76611328125,156.2659912109375,342.6571044921875,-1,-1,-1,-1
394,34,907.6119995117188,435.594482421875,121.54266357421875,254.236328125,-1,-1,-1,-1
395,34,897.9666748046875,458.52789306640625,121.85784912109375,255.80035400390625,-1,-1,-1,-1
396,34,881.9303588867188,484.2618103027344,113.53839111328125,242.68618774414062,-1,-1,-1,-1
397,34,855.7597045898438,525.5062255859375,100.42401123046875,226.793212890625,-1,-1,-1,-1
398,34,831.0772705078125,604.5477294921875,90.3118896484375,217.42919921875,-1,-1,-1,-1
399,34,816.171875,670.1962890625,93.1097412109375,194.94805908203125,-1,-1,-1,-1
400,34,791.4223022460938,666.9866333007812,93.54949951171875,197.21441650390625,-1,-1,-1,-1
401,34,760.1572875976562,650.5917358398438,90.74188232421875,187.497802734375,-1,-1,-1,-1
402,34,736.8869018554688,606.5221557617188,84.3271484375,188.7705078125,-1,-1,-1,-1
403,34,715.605224609375,567.6015625,77.1805419921875,188.7342529296875,-1,-1,-1,-1
404,34,697.85107421875,566.892578125,74.384765625,176.4088134765625,-1,-1,-1,-1
405,34,688.7417602539062,558.684326171875,70.98822021484375,182.05584716796875,-1,-1,-1,-1
406,34,684.6345825195312,555.1155395507812,66.93719482421875,179.5869140625,-1,-1,-1,-1
407,34,689.8715209960938,550.3883666992188,63.21246337890625,179.00897216796875,-1,-1,-1,-1
408,34,694.98779296875,544.7546997070312,67.86328125,185.06298828125,-1,-1,-1,-1
409,34,705.0831909179688,546.424560546875,66.8331298828125,188.5478515625,-1,-1,-1,-1
410,34,719.8880004882812,563.1096801757812,59.59356689453125,177.95867919921875,-1,-1,-1,-1
411,34,725.3134155273438,565.0198974609375,56.845947265625,182.09783935546875,-1,-1,-1,-1
412,34,729.2943725585938,571.634033203125,53.2884521484375,181.17364501953125,-1,-1,-1,-1
413,34,731.5573120117188,584.085205078125,49.611083984375,169.88134765625,-1,-1,-1,-1
414,34,729.7512817382812,590.6473388671875,49.58721923828125,169.229736328125,-1,-1,-1,-1
415,34,730.1593017578125,594.5731811523438,49.52545166015625,166.3421630859375,-1,-1,-1,-1
416,34,725.6801147460938,586.3009033203125,52.94805908203125,172.2508544921875,-1,-1,-1,-1
417,34,721.2704467773438,583.7029418945312,54.637451171875,170.77178955078125,-1,-1,-1,-1
418,34,710.220703125,577.9715576171875,59.068603515625,173.7445068359375,-1,-1,-1,-1
419,34,706.0589599609375,579.120361328125,58.32177734375,172.99951171875,-1,-1,-1,-1
420,34,704.139892578125,576.342529296875,66.3538818359375,178.2059326171875,-1,-1,-1,-1
421,34,707.3250732421875,584.318603515625,75.984375,170.62164306640625,-1,-1,-1,-1
