1,1,493.9368591308594,428.49188232421875,139.68057250976562,357.618896484375,-1,-1,-1,-1
2,1,493.83123779296875,412.25750732421875,147.50506591796875,362.8387451171875,-1,-1,-1,-1
3,1,492.6169128417969,409.2020263671875,160.56478881835938,359.83203125,-1,-1,-1,-1
4,1,489.0321044921875,409.72393798828125,170.69390869140625,357.67633056640625,-1,-1,-1,-1
5,1,497.06524658203125,406.9818115234375,166.61505126953125,356.7691650390625,-1,-1,-1,-1
6,1,513.5330810546875,417.56658935546875,152.33563232421875,328.44232177734375,-1,-1,-1,-1
7,1,530.05078125,432.5895080566406,135.16717529296875,321.4151306152344,-1,-1,-1,-1
8,1,535.8616333007812,431.7239990234375,123.10821533203125,332.72149658203125,-1,-1,-1,-1
9,1,535.8177490234375,433.0873718261719,118.16204833984375,342.1222229003906,-1,-1,-1,-1
10,1,543.6890258789062,446.99658203125,131.12799072265625,337.2083740234375,-1,-1,-1,-1
11,1,555.43359375,478.0161437988281,144.45831298828125,333.8256530761719,-1,-1,-1,-1
12,1,559.1549682617188,473.69952392578125,158.74664306640625,334.0299072265625,-1,-1,-1,-1
13,1,559.5316162109375,459.8480529785156,165.417236328125,332.9353942871094,-1,-1,-1,-1
14,1,570.533935546875,464.53570556640625,163.4617919921875,332.48724365234375,-1,-1,-1,-1
15,1,585.4806518554688,463.59039306640625,154.9010009765625,329.04425048828125,-1,-1,-1,-1
16,1,595.8150634765625,469.82330322265625,156.8060302734375,327.5177001953125,-1,-1,-1,-1
17,1,608.2050170898438,474.4939270019531,155.7943115234375,331.1174011230469,-1,-1,-1,-1
18,1,622.0274047851562,469.3802185058594,144.71466064453125,344.8710021972656,-1,-1,-1,-1
19,1,617.797607421875,465.1355895996094,138.66473388671875,352.8307189941406,-1,-1,-1,-1
20,1,598.0532836914062,465.9395446777344,131.68072509765625,358.6908264160156,-1,-1,-1,-1
21,1,574.8181762695312,460.73406982421875,139.480224609375,368.89947509765625,-1,-1,-1,-1
22,1,543.2351684570312,468.70947265625,150.36859130859375,370.317138671875,-1,-1,-1,-1
23,1,493.9218444824219,478.73492431640625,154.96078491210938,377.037353515625,-1,-1,-1,-1
24,1,436.528076171875,477.4904479980469,143.6256103515625,390.2257995605469,-1,-1,-1,-1
25,1,339.4859619140625,478.91839599609375,148.44570922851562,400.48712158203125,-1,-1,-1,-1
26,1,210.72821044921875,468.8808898925781,162.18017578125,406.7142639160156,-1,-1,-1,-1
27,1,89.30731964111328,436.9386901855469,179.048828125,420.7007141113281,-1,-1,-1,-1
28,1,0.44877052307128906,446.0047607421875,183.1569061279297,412.23236083984375,-1,-1,-1,-1
29,1,-56.880393981933594,460.12322998046875,212.90438842773438,422.25274658203125,-1,-1,-1,-1
30,1,-33.436302185058594,475.3202819824219,199.72476196289062,421.8298034667969,-1,-1,-1,-1
31,1,-57.47291946411133,437.2353210449219,247.84901428222656,447.1895446777344,-1,-1,-1,-1
32,1,-69.07172393798828,429.500244140625,264.0939636230469,450.86541748046875,-1,-1,-1,-1
33,1,-3.970705986022949,397.5675048828125,207.77755737304688,438.43798828125,-1,-1,-1,-1
34,1,-2.466012954711914,398.76019287109375,199.1194305419922,437.04644775390625,-1,-1,-1,-1
35,1,-15.645166397094727,394.8855895996094,206.19064331054688,442.3114318847656,-1,-1,-1,-1
36,1,-9.468067169189453,394.06976318359375,193.28759765625,403.81304931640625,-1,-1,-1,-1
37,1,-13.695732116699219,393.35205078125,189.35394287109375,402.19580078125,-1,-1,-1,-1
38,1,-10.006409645080566,385.53094482421875,178.21914672851562,409.14764404296875,-1,-1,-1,-1
39,1,-10.091428756713867,382.530517578125,173.56716918945312,411.60113525390625,-1,-1,-1,-1
40,1,-5.180733680725098,397.5702209472656,173.1993865966797,410.3912658691406,-1,-1,-1,-1
41,1,-2.22019100189209,404.7908020019531,183.52667236328125,415.2724304199219,-1,-1,-1,-1
42,1,-3.2446484565734863,404.7510681152344,179.09156799316406,416.0922546386719,-1,-1,-1,-1
43,1,-6.196326732635498,402.0059509277344,166.9833526611328,412.9313049316406,-1,-1,-1,-1
44,1,-24.37571144104004,409.8526916503906,173.1251983642578,405.8147277832031,-1,-1,-1,-1
45,1,-29.3990421295166,402.6238708496094,176.64337158203125,402.3428039550781,-1,-1,-1,-1
46,1,-16.443477630615234,376.8012390136719,179.37606811523438,391.5664978027344,-1,-1,-1,-1
47,1,-10.65034294128418,353.5674133300781,178.58546447753906,383.0299987792969,-1,-1,-1,-1
48,1,-17.509355545043945,345.4969482421875,173.01766967773438,376.44696044921875,-1,-1,-1,-1
49,1,-28.360889434814453,369.258056640625,182.0182647705078,368.7801513671875,-1,-1,-1,-1
50,1,-23.955150604248047,389.1589050292969,190.4987335205078,368.3346252441406,-1,-1,-1,-1
51,1,-17.75296401977539,412.3144226074219,193.84532165527344,362.1658630371094,-1,-1,-1,-1
52,1,-21.344751358032227,402.6898193359375,192.39910888671875,365.892578125,-1,-1,-1,-1
53,1,-42.13032913208008,417.8290100097656,201.8659210205078,366.0549011230469,-1,-1,-1,-1
54,1,-40.28807067871094,382.62945556640625,199.89993286132812,365.70599365234375,-1,-1,-1,-1
55,1,-40.191741943359375,385.47344970703125,200.59783935546875,364.01446533203125,-1,-1,-1,-1
56,1,-51.7889518737793,410.1728515625,202.27613830566406,356.12725830078125,-1,-1,-1,-1
57,1,-49.753257751464844,413.90972900390625,196.60140991210938,356.29168701171875,-1,-1,-1,-1
58,1,-48.775245666503906,402.6202087402344,188.36965942382812,355.1557922363281,-1,-1,-1,-1
59,1,-43.67694091796875,369.8351135253906,180.05606079101562,369.2337341308594,-1,-1,-1,-1
60,1,-29.681438446044922,360.71514892578125,160.0519256591797,376.6185302734375,-1,-1,-1,-1
61,1,-20.879558563232422,378.21832275390625,143.94485473632812,364.80615234375,-1,-1,-1,-1
62,1,-23.059473037719727,386.2977600097656,141.08810424804688,376.4665832519531,-1,-1,-1,-1
63,1,-28.191144943237305,389.4173278808594,134.043212890625,371.4039001464844,-1,-1,-1,-1
64,1,-46.285945892333984,398.24609375,142.62266540527344,372.54345703125,-1,-1,-1,-1
65,1,-51.58176040649414,411.32220458984375,144.1372833251953,372.57305908203125,-1,-1,-1,-1
66,1,-57.846649169921875,407.38568115234375,140.21438598632812,373.974365234375,-1,-1,-1,-1
67,1,-59.31198501586914,394.02105712890625,140.9530029296875,384.53265380859375,-1,-1,-1,-1
68,1,-53.243797302246094,394.5167541503906,133.47024536132812,369.1840515136719,-1,-1,-1,-1
69,1,-1.9059033393859863,368.8372497558594,93.97449493408203,356.8137512207031,-1,-1,-1,-1
70,1,-7.2714738845825195,369.5912170410156,116.42610931396484,346.8839416503906,-1,-1,-1,-1
71,1,-0.5425634384155273,362.3147888183594,123.30928039550781,349.6211853027344,-1,-1,-1,-1
72,1,1.417335033416748,359.2738952636719,133.73336791992188,350.4960021972656,-1,-1,-1,-1
73,1,-1.7891974449157715,358.11212158203125,152.68670654296875,348.25347900390625,-1,-1,-1,-1
74,1,1.5533852577209473,366.4276428222656,164.7488555908203,356.2189025878906,-1,-1,-1,-1
75,1,0.7853450775146484,358.75244140625,177.6832733154297,355.31494140625,-1,-1,-1,-1
76,1,11.204217910766602,354.98382568359375,192.3020782470703,350.196044921875,-1,-1,-1,-1
77,1,23.81631088256836,368.81341552734375,210.26742553710938,344.986083984375,-1,-1,-1,-1
78,1,38.03755187988281,370.58209228515625,222.94493103027344,339.34417724609375,-1,-1,-1,-1
79,1,52.57509994506836,372.99639892578125,222.70220947265625,338.3243408203125,-1,-1,-1,-1
80,1,65.59089660644531,381.94439697265625,216.80433654785156,339.10919189453125,-1,-1,-1,-1
81,1,87.66096496582031,388.6368713378906,205.4938201904297,339.9615173339844,-1,-1,-1,-1
82,1,125.22676086425781,393.21856689453125,184.1545867919922,341.534912109375,-1,-1,-1,-1
83,1,169.58872985839844,406.09814453125,162.51771545410156,338.91607666015625,-1,-1,-1,-1
84,1,183.8778533935547,392.8900146484375,143.76271057128906,344.3651123046875,-1,-1,-1,-1
85,1,146.00083923339844,381.3755187988281,148.10545349121094,360.9136047363281,-1,-1,-1,-1
86,1,100.11795043945312,373.5926818847656,158.24237060546875,368.4170837402344,-1,-1,-1,-1
87,1,52.89723205566406,369.5151062011719,173.453857421875,379.5921936035156,-1,-1,-1,-1
88,1,9.30707836151123,369.2642517089844,181.45005798339844,386.0922546386719,-1,-1,-1,-1
89,1,0.1678004264831543,386.23992919921875,172.9509735107422,390.8939208984375,-1,-1,-1,-1
90,1,-19.961286544799805,394.51434326171875,177.61883544921875,407.67828369140625,-1,-1,-1,-1
91,1,-58.76112747192383,392.27862548828125,204.66331481933594,416.75274658203125,-1,-1,-1,-1
92,1,-77.46955108642578,405.19952392578125,208.86862182617188,411.50640869140625,-1,-1,-1,-1
93,1,-89.67604064941406,428.7851257324219,201.08689880371094,396.2380676269531,-1,-1,-1,-1
94,1,-88.69751739501953,470.7454528808594,180.93502807617188,351.6139221191406,-1,-1,-1,-1
1,2,1096.3651123046875,598.45703125,188.4896240234375,277.30889892578125,-1,-1,-1,-1
2,2,1095.9534912109375,592.0154418945312,203.412841796875,279.57208251953125,-1,-1,-1,-1
3,2,1105.0177001953125,579.487548828125,211.80029296875,296.93145751953125,-1,-1,-1,-1
4,2,863.5106201171875,545.0982666015625,142.2445068359375,208.22772216796875,-1,-1,-1,-1
5,2,927.0634765625,562.9628295898438,26.50213623046875,44.64093017578125,-1,-1,-1,-1
6,2,921.5327758789062,567.153564453125,26.1630859375,44.331787109375,-1,-1,-1,-1
7,2,913.8427124023438,577.9191284179688,27.87933349609375,43.404052734375,-1,-1,-1,-1
8,2,897.8878784179688,576.69189453125,26.557861328125,45.13531494140625,-1,-1,-1,-1
9,2,885.8950805664062,582.2897338867188,24.22509765625,41.926025390625,-1,-1,-1,-1
10,2,897.0940551757812,594.9019775390625,24.2572021484375,44.90869140625,-1,-1,-1,-1
11,2,908.7470703125,620.3369750976562,25.52777099609375,45.00958251953125,-1,-1,-1,-1
12,2,912.543701171875,613.243896484375,24.10223388671875,43.8079833984375,-1,-1,-1,-1
13,2,913.8385009765625,593.5927124023438,24.3382568359375,46.38372802734375,-1,-1,-1,-1
14,2,918.09814453125,597.727783203125,24.382568359375,46.12384033203125,-1,-1,-1,-1
15,2,914.43603515625,594.552978515625,25.09307861328125,46.197998046875,-1,-1,-1,-1
16,2,906.0086669921875,596.8551025390625,23.3828125,45.45367431640625,-1,-1,-1,-1
17,2,897.6732177734375,602.7650756835938,23.7098388671875,45.14849853515625,-1,-1,-1,-1
18,2,887.4605712890625,602.6512451171875,28.923828125,44.17822265625,-1,-1,-1,-1
19,2,869.2552490234375,597.0455322265625,25.2415771484375,47.0113525390625,-1,-1,-1,-1
20,2,846.8584594726562,595.6192016601562,22.98876953125,44.21929931640625,-1,-1,-1,-1
21,2,817.80712890625,591.0770263671875,24.6944580078125,44.36834716796875,-1,-1,-1,-1
22,2,786.9802856445312,592.3218994140625,25.98779296875,44.51947021484375,-1,-1,-1,-1
23,2,733.3882446289062,594.7279663085938,23.57269287109375,42.2569580078125,-1,-1,-1,-1
24,2,664.047119140625,588.3842163085938,22.2147216796875,42.85198974609375,-1,-1,-1,-1
25,2,565.9334716796875,576.3643798828125,23.02618408203125,42.5574951171875,-1,-1,-1,-1
26,2,451.5474853515625,558.664794921875,24.772705078125,44.35723876953125,-1,-1,-1,-1
27,2,339.40228271484375,526.74853515625,23.36492919921875,46.79364013671875,-1,-1,-1,-1
28,2,233.74562072753906,516.12451171875,25.373092651367188,43.7445068359375,-1,-1,-1,-1
2,3,50.41918182373047,828.4873046875,928.6356201171875,581.944580078125,-1,-1,-1,-1
3,3,73.18922424316406,748.1889038085938,1025.2913818359375,661.2643432617188,-1,-1,-1,-1
4,3,89.71347045898438,576.74462890625,1264.0008544921875,828.225341796875,-1,-1,-1,-1
5,3,94.91055297851562,370.966552734375,1359.9949951171875,1031.1788330078125,-1,-1,-1,-1
6,3,169.90957641601562,563.2095336914062,1235.7896728515625,850.9512329101562,-1,-1,-1,-1
7,3,72.50021362304688,570.4793701171875,1378.2529296875,852.264892578125,-1,-1,-1,-1
8,3,87.59109497070312,555.7499389648438,1372.548095703125,859.5803833007812,-1,-1,-1,-1
9,3,72.79142761230469,435.2421875,1384.5208740234375,979.0550537109375,-1,-1,-1,-1
10,3,102.66586303710938,502.1899719238281,1357.8228759765625,923.394775390625,-1,-1,-1,-1
11,3,141.28948974609375,534.439453125,1360.903564453125,890.65869140625,-1,-1,-1,-1
12,3,128.42433166503906,553.787109375,1381.658935546875,879.595458984375,-1,-1,-1,-1
13,3,116.95771789550781,612.0963745117188,1377.6484375,805.7570190429688,-1,-1,-1,-1
14,3,140.953125,587.1469116210938,1360.2373046875,831.0315551757812,-1,-1,-1,-1
15,3,194.80999755859375,711.9244384765625,1023.0431518554688,701.6085205078125,-1,-1,-1,-1
16,3,164.6896209716797,824.2007446289062,843.8674926757812,585.0250854492188,-1,-1,-1,-1
17,3,92.51634216308594,872.656005859375,788.0641479492188,546.119140625,-1,-1,-1,-1
18,3,137.7714385986328,908.7091064453125,679.7952270507812,510.07763671875,-1,-1,-1,-1
6,4,1162.061279296875,589.24658203125,178.712646484375,188.6558837890625,-1,-1,-1,-1
7,4,1168.922119140625,596.1673583984375,178.20703125,262.51129150390625,-1,-1,-1,-1
8,4,1151.3192138671875,586.23779296875,199.583740234375,246.15789794921875,-1,-1,-1,-1
9,4,861.4415893554688,460.0933532714844,589.4821166992188,516.8011474609375,-1,-1,-1,-1
10,4,732.9088745117188,365.2515563964844,785.7990112304688,913.2987060546875,-1,-1,-1,-1
11,4,589.4276733398438,410.47967529296875,1025.82958984375,985.9734497070312,-1,-1,-1,-1
12,4,453.6138916015625,461.3285827636719,1145.0714111328125,962.7451171875,-1,-1,-1,-1
13,4,334.8342590332031,601.9588623046875,1193.2125244140625,812.251953125,-1,-1,-1,-1
13,5,1254.3121337890625,637.2431640625,157.4378662109375,195.742919921875,-1,-1,-1,-1
14,5,1193.543212890625,617.3204956054688,237.5777587890625,278.15228271484375,-1,-1,-1,-1
15,5,1210.4801025390625,604.2075805664062,254.9351806640625,401.35626220703125,-1,-1,-1,-1
16,5,1225.6075439453125,631.5335693359375,203.5010986328125,379.1866455078125,-1,-1,-1,-1
17,5,1253.010986328125,604.7776489257812,172.453369140625,410.59625244140625,-1,-1,-1,-1
18,5,1272.1766357421875,612.9622192382812,204.728515625,399.43023681640625,-1,-1,-1,-1
19,5,1294.940673828125,586.2664184570312,187.61865234375,420.93731689453125,-1,-1,-1,-1
20,5,1295.490966796875,602.376220703125,181.9051513671875,410.796630859375,-1,-1,-1,-1
21,5,1276.3397216796875,583.1940307617188,209.494873046875,433.1090087890625,-1,-1,-1,-1
22,5,1250.8243408203125,602.8698120117188,207.421875,413.16217041015625,-1,-1,-1,-1
23,5,1205.356201171875,602.2525634765625,212.739990234375,400.95916748046875,-1,-1,-1,-1
24,5,1139.229248046875,576.5380249023438,197.8739013671875,392.68804931640625,-1,-1,-1,-1
25,5,1049.9844970703125,544.80908203125,171.4561767578125,371.97125244140625,-1,-1,-1,-1
26,5,950.964599609375,524.2123413085938,152.37939453125,348.89642333984375,-1,-1,-1,-1
27,5,870.612548828125,499.186767578125,134.08782958984375,333.74786376953125,-1,-1,-1,-1
28,5,804.324951171875,486.0573425292969,115.29638671875,318.7307434082031,-1,-1,-1,-1
29,5,768.1061401367188,482.5854797363281,108.49273681640625,322.8553161621094,-1,-1,-1,-1
30,5,774.257080078125,495.5119934082031,101.8046875,323.4306945800781,-1,-1,-1,-1
31,5,797.2774047851562,473.8992004394531,105.04241943359375,331.6112976074219,-1,-1,-1,-1
32,5,804.2227172851562,444.3219909667969,110.931884765625,338.6686706542969,-1,-1,-1,-1
33,5,818.357421875,423.0777587890625,117.51983642578125,343.26611328125,-1,-1,-1,-1
34,5,810.6305541992188,408.29168701171875,117.06072998046875,351.1240234375,-1,-1,-1,-1
35,5,799.0471801757812,413.4111328125,116.16192626953125,347.3331298828125,-1,-1,-1,-1
36,5,794.1226196289062,410.24420166015625,121.5093994140625,342.021728515625,-1,-1,-1,-1
37,5,783.8693237304688,408.6607360839844,131.29351806640625,338.9681701660156,-1,-1,-1,-1
38,5,780.4833374023438,409.78143310546875,133.0711669921875,332.93365478515625,-1,-1,-1,-1
39,5,765.748046875,402.2308044433594,150.403076171875,330.9623107910156,-1,-1,-1,-1
40,5,746.6761474609375,403.90142822265625,169.2830810546875,327.22821044921875,-1,-1,-1,-1
41,5,742.660400390625,414.2266845703125,169.4642333984375,321.0924072265625,-1,-1,-1,-1
42,5,740.6103515625,415.0558166503906,160.13092041015625,317.1556091308594,-1,-1,-1,-1
43,5,725.4874267578125,400.41827392578125,160.071533203125,323.5855712890625,-1,-1,-1,-1
44,5,710.6885986328125,403.1686706542969,161.61767578125,325.6889953613281,-1,-1,-1,-1
45,5,706.1402587890625,410.6121826171875,159.29974365234375,323.53411865234375,-1,-1,-1,-1
46,5,709.56103515625,409.50726318359375,160.10137939453125,324.1873779296875,-1,-1,-1,-1
47,5,713.454833984375,395.3984069824219,153.37677001953125,332.9354553222656,-1,-1,-1,-1
48,5,709.7374877929688,377.3576965332031,143.14697265625,336.9428405761719,-1,-1,-1,-1
49,5,708.1945190429688,392.74169921875,133.4676513671875,337.47882080078125,-1,-1,-1,-1
50,5,719.2561645507812,418.07586669921875,122.385498046875,334.76910400390625,-1,-1,-1,-1
51,5,730.0160522460938,433.6666564941406,111.80548095703125,335.6930236816406,-1,-1,-1,-1
52,5,727.5505981445312,429.962158203125,113.59307861328125,332.5640869140625,-1,-1,-1,-1
53,5,713.7999267578125,431.0489196777344,116.7044677734375,336.1477966308594,-1,-1,-1,-1
54,5,712.0452880859375,406.0199890136719,123.0374755859375,339.0830993652344,-1,-1,-1,-1
55,5,694.0333862304688,398.0032958984375,141.01568603515625,339.99725341796875,-1,-1,-1,-1
56,5,670.2608032226562,416.9463195800781,154.00616455078125,332.5096130371094,-1,-1,-1,-1
57,5,656.3547973632812,440.17242431640625,155.076904296875,332.8438720703125,-1,-1,-1,-1
58,5,654.865966796875,442.98480224609375,151.02020263671875,334.28338623046875,-1,-1,-1,-1
59,5,658.563232421875,427.37847900390625,146.21539306640625,335.66717529296875,-1,-1,-1,-1
60,5,665.5631713867188,433.5729064941406,142.5408935546875,333.4881896972656,-1,-1,-1,-1
61,5,672.7060546875,437.7545166015625,134.29931640625,337.96807861328125,-1,-1,-1,-1
62,5,675.8865966796875,452.54632568359375,131.70233154296875,343.46954345703125,-1,-1,-1,-1
63,5,671.7393188476562,441.48089599609375,129.4521484375,353.41961669921875,-1,-1,-1,-1
64,5,654.66943359375,433.0010681152344,133.9656982421875,356.2587585449219,-1,-1,-1,-1
65,5,622.7135009765625,425.5624694824219,148.85205078125,364.1242980957031,-1,-1,-1,-1
66,5,605.6594848632812,425.8113098144531,158.16595458984375,367.1124572753906,-1,-1,-1,-1
67,5,604.6895141601562,437.4881591796875,163.7103271484375,365.2664794921875,-1,-1,-1,-1
68,5,603.1483764648438,435.3128967285156,159.56658935546875,366.8655700683594,-1,-1,-1,-1
69,5,612.9457397460938,416.2123107910156,155.2763671875,373.3974914550781,-1,-1,-1,-1
70,5,624.4183349609375,405.67041015625,147.956298828125,382.44403076171875,-1,-1,-1,-1
71,5,636.1920776367188,408.8144836425781,147.26214599609375,384.5405578613281,-1,-1,-1,-1
72,5,649.0330200195312,415.09234619140625,146.9866943359375,385.10260009765625,-1,-1,-1,-1
73,5,664.0257568359375,425.46124267578125,149.75933837890625,387.2960205078125,-1,-1,-1,-1
74,5,674.4283447265625,439.3138427734375,148.40771484375,385.266845703125,-1,-1,-1,-1
75,5,679.4501953125,430.505859375,154.2493896484375,384.96441650390625,-1,-1,-1,-1
76,5,681.2542114257812,410.333740234375,170.91290283203125,393.37310791015625,-1,-1,-1,-1
77,5,693.577880859375,422.03082275390625,176.6295166015625,392.6781005859375,-1,-1,-1,-1
78,5,707.6904296875,429.2829895019531,178.82647705078125,390.3695373535156,-1,-1,-1,-1
79,5,717.4611206054688,431.39996337890625,183.38385009765625,393.214111328125,-1,-1,-1,-1
80,5,728.1953125,447.0387878417969,188.0084228515625,393.0216369628906,-1,-1,-1,-1
81,5,749.0785522460938,447.2820739746094,189.217041015625,402.8597717285156,-1,-1,-1,-1
82,5,782.583740234375,452.69732666015625,192.85009765625,413.37567138671875,-1,-1,-1,-1
83,5,829.8616333007812,461.496337890625,192.86187744140625,425.4285888671875,-1,-1,-1,-1
84,5,852.1182861328125,448.55291748046875,197.1065673828125,437.09521484375,-1,-1,-1,-1
85,5,840.3640747070312,427.0482482910156,190.68365478515625,446.4908752441406,-1,-1,-1,-1
86,5,816.7093505859375,411.2518615722656,185.19696044921875,448.5086975097656,-1,-1,-1,-1
87,5,792.7453002929688,404.52264404296875,180.1917724609375,448.13043212890625,-1,-1,-1,-1
88,5,768.4337158203125,404.2761535644531,178.31219482421875,447.8247985839844,-1,-1,-1,-1
89,5,751.631591796875,406.22930908203125,178.99200439453125,454.78277587890625,-1,-1,-1,-1
90,5,742.1305541992188,400.7384033203125,176.86456298828125,457.377685546875,-1,-1,-1,-1
91,5,735.7614135742188,391.6631774902344,178.92034912109375,458.3717346191406,-1,-1,-1,-1
92,5,732.0073852539062,387.4179382324219,182.35076904296875,452.2021179199219,-1,-1,-1,-1
93,5,727.0435791015625,376.3656005859375,188.9189453125,447.61871337890625,-1,-1,-1,-1
94,5,716.4998779296875,358.61456298828125,197.6810302734375,447.22943115234375,-1,-1,-1,-1
95,5,702.9375610351562,346.1899719238281,207.777587890625,453.7887878417969,-1,-1,-1,-1
96,5,692.2572021484375,321.7043762207031,218.87646484375,472.3900451660156,-1,-1,-1,-1
97,5,684.8067626953125,333.1439514160156,221.0198974609375,484.9371643066406,-1,-1,-1,-1
98,5,676.0341796875,354.5637512207031,225.82391357421875,486.7412414550781,-1,-1,-1,-1
99,5,662.8194580078125,353.0666809082031,229.9361572265625,497.5705261230469,-1,-1,-1,-1
100,5,667.9639892578125,377.0671081542969,218.7808837890625,500.5561828613281,-1,-1,-1,-1
101,5,679.4501342773438,397.20098876953125,214.14129638671875,486.97637939453125,-1,-1,-1,-1
102,5,698.8836059570312,405.5943298339844,200.8870849609375,459.8743591308594,-1,-1,-1,-1
103,5,704.9100952148438,419.9781188964844,189.27984619140625,435.7245788574219,-1,-1,-1,-1
104,5,689.6831665039062,442.3607177734375,187.438720703125,414.4578857421875,-1,-1,-1,-1
105,5,680.944091796875,444.6705627441406,190.65301513671875,413.7278747558594,-1,-1,-1,-1
106,5,672.7394409179688,446.63043212890625,207.67449951171875,425.70794677734375,-1,-1,-1,-1
107,5,656.2321166992188,438.8984375,238.69097900390625,444.28387451171875,-1,-1,-1,-1
108,5,627.748291015625,419.9239196777344,283.7557373046875,470.0118713378906,-1,-1,-1,-1
109,5,582.4310913085938,408.15997314453125,347.97283935546875,475.1654052734375,-1,-1,-1,-1
110,5,571.0128784179688,388.7322998046875,401.03955078125,483.76153564453125,-1,-1,-1,-1
111,5,589.6075439453125,405.8592834472656,438.8360595703125,482.3442687988281,-1,-1,-1,-1
112,5,622.9699096679688,462.3775329589844,432.05108642578125,434.3350524902344,-1,-1,-1,-1
113,5,675.7052001953125,455.5723571777344,377.4735107421875,471.6452941894531,-1,-1,-1,-1
114,5,687.9633178710938,367.3160095214844,345.58685302734375,509.0915222167969,-1,-1,-1,-1
115,5,676.9906005859375,340.188720703125,353.4144287109375,520.2330932617188,-1,-1,-1,-1
116,5,691.8726806640625,337.4726867675781,353.7086181640625,517.0386962890625,-1,-1,-1,-1
117,5,685.169189453125,347.72662353515625,340.32855224609375,511.72467041015625,-1,-1,-1,-1
118,5,675.7357788085938,342.53741455078125,318.1966552734375,535.8255004882812,-1,-1,-1,-1
119,5,662.1688232421875,344.3212585449219,299.4100341796875,547.022705078125,-1,-1,-1,-1
120,5,674.3330078125,349.5421142578125,243.43243408203125,563.1640014648438,-1,-1,-1,-1
121,5,691.3017578125,348.369140625,238.2479248046875,578.548828125,-1,-1,-1,-1
122,5,687.0003051757812,366.6910095214844,286.267333984375,597.2255859375,-1,-1,-1,-1
123,5,675.1902465820312,371.00897216796875,324.70489501953125,630.3040161132812,-1,-1,-1,-1
124,5,658.510009765625,368.8340759277344,352.67169189453125,643.558349609375,-1,-1,-1,-1
125,5,681.7377319335938,333.4137268066406,327.63165283203125,654.89013671875,-1,-1,-1,-1
126,5,674.9843139648438,374.95416259765625,316.80035400390625,596.5817260742188,-1,-1,-1,-1
127,5,653.4222412109375,386.4100341796875,297.476318359375,564.4420166015625,-1,-1,-1,-1
128,5,642.839599609375,397.1838684082031,286.39691162109375,534.8328857421875,-1,-1,-1,-1
129,5,645.7745971679688,390.4804992675781,311.41094970703125,512.8358459472656,-1,-1,-1,-1
130,5,653.098388671875,360.965087890625,315.63140869140625,535.5032958984375,-1,-1,-1,-1
131,5,667.7791748046875,358.58160400390625,303.22589111328125,535.1646118164062,-1,-1,-1,-1
132,5,706.845458984375,351.419189453125,285.943115234375,531.0018310546875,-1,-1,-1,-1
133,5,704.6880493164062,397.2745056152344,289.2991943359375,520.4088134765625,-1,-1,-1,-1
134,5,729.6968994140625,399.4810791015625,251.08349609375,530.64892578125,-1,-1,-1,-1
135,5,783.4743041992188,372.7058410644531,272.15447998046875,560.0867919921875,-1,-1,-1,-1
136,5,802.3192749023438,446.140380859375,285.39190673828125,505.759521484375,-1,-1,-1,-1
137,5,758.2476196289062,444.0500183105469,332.87652587890625,512.9020080566406,-1,-1,-1,-1
138,5,726.147705078125,427.93707275390625,364.8692626953125,540.1123046875,-1,-1,-1,-1
139,5,712.4334106445312,435.23748779296875,378.68194580078125,563.3572387695312,-1,-1,-1,-1
140,5,723.295654296875,434.94769287109375,352.177001953125,572.9149169921875,-1,-1,-1,-1
141,5,751.8057250976562,419.26336669921875,305.02593994140625,576.1442260742188,-1,-1,-1,-1
142,5,797.1085205078125,404.3481140136719,229.3397216796875,559.0736083984375,-1,-1,-1,-1
143,5,811.322509765625,424.5564880371094,234.7635498046875,546.9429931640625,-1,-1,-1,-1
144,5,827.5206298828125,473.0833435058594,251.0096435546875,510.7398376464844,-1,-1,-1,-1
145,5,813.8743896484375,478.79083251953125,272.2813720703125,489.00921630859375,-1,-1,-1,-1
146,5,818.4440307617188,479.1455993652344,247.72015380859375,483.2805480957031,-1,-1,-1,-1
147,5,821.3419799804688,491.63958740234375,228.47540283203125,488.02459716796875,-1,-1,-1,-1
148,5,819.2418823242188,495.0826721191406,203.47802734375,508.2077331542969,-1,-1,-1,-1
149,5,814.4150390625,488.06182861328125,195.72216796875,529.9159545898438,-1,-1,-1,-1
150,5,812.05078125,456.8637390136719,206.49786376953125,567.2059326171875,-1,-1,-1,-1
151,5,821.11279296875,430.2809753417969,221.55615234375,613.1826171875,-1,-1,-1,-1
152,5,836.9544067382812,441.25396728515625,225.81207275390625,628.4295043945312,-1,-1,-1,-1
153,5,826.5982055664062,422.7978515625,225.47674560546875,644.75244140625,-1,-1,-1,-1
154,5,810.447021484375,410.6331787109375,231.7159423828125,636.40478515625,-1,-1,-1,-1
155,5,813.2894897460938,441.18914794921875,240.58856201171875,599.2389526367188,-1,-1,-1,-1
156,5,813.4425659179688,470.7571105957031,258.39239501953125,567.073486328125,-1,-1,-1,-1
157,5,807.223388671875,455.82171630859375,278.033447265625,551.3167114257812,-1,-1,-1,-1
158,5,812.5747680664062,447.52203369140625,286.96575927734375,538.3204956054688,-1,-1,-1,-1
159,5,817.5586547851562,475.587158203125,291.63360595703125,515.0087890625,-1,-1,-1,-1
160,5,803.0667724609375,391.37457275390625,302.224853515625,599.9364013671875,-1,-1,-1,-1
161,5,787.4381713867188,400.8988342285156,298.79888916015625,607.7352294921875,-1,-1,-1,-1
162,5,767.3666381835938,375.9289855957031,304.88189697265625,616.6072998046875,-1,-1,-1,-1
163,5,758.7064819335938,379.6336669921875,307.13287353515625,613.548828125,-1,-1,-1,-1
164,5,746.6720581054688,376.21209716796875,316.56500244140625,620.2593994140625,-1,-1,-1,-1
165,5,728.75927734375,364.3636474609375,333.3038330078125,653.8164672851562,-1,-1,-1,-1
166,5,722.4022827148438,353.355712890625,345.76751708984375,711.4302978515625,-1,-1,-1,-1
167,5,745.3642578125,340.1844482421875,338.2862548828125,774.3829345703125,-1,-1,-1,-1
168,5,806.2509765625,326.9530944824219,508.201416015625,814.1878662109375,-1,-1,-1,-1
169,5,832.7718505859375,299.2340393066406,539.928955078125,870.5443115234375,-1,-1,-1,-1
170,5,809.2101440429688,206.5612030029297,578.0812377929688,975.2957153320312,-1,-1,-1,-1
171,5,755.157958984375,55.49310302734375,646.4766845703125,1088.37646484375,-1,-1,-1,-1
172,5,792.4578857421875,29.268653869628906,600.209228515625,1098.612060546875,-1,-1,-1,-1
173,5,857.2047119140625,41.105621337890625,525.197265625,1035.3228759765625,-1,-1,-1,-1
174,5,880.4315795898438,46.63688278198242,496.33502197265625,970.27978515625,-1,-1,-1,-1
175,5,903.8025512695312,92.58851623535156,425.93621826171875,828.4277954101562,-1,-1,-1,-1
176,5,922.4641723632812,151.14942932128906,426.73626708984375,799.3221435546875,-1,-1,-1,-1
177,5,930.7464599609375,196.13998413085938,417.6876220703125,790.0341796875,-1,-1,-1,-1
178,5,932.1471557617188,244.69747924804688,403.76361083984375,747.6776123046875,-1,-1,-1,-1
179,5,936.8251342773438,286.3359069824219,391.92767333984375,718.09326171875,-1,-1,-1,-1
180,5,936.2770385742188,324.1288757324219,377.74310302734375,698.7960205078125,-1,-1,-1,-1
181,5,933.2132568359375,348.58807373046875,376.9317626953125,692.5923461914062,-1,-1,-1,-1
182,5,914.8058471679688,355.83380126953125,389.66485595703125,700.1071166992188,-1,-1,-1,-1
183,5,873.805908203125,387.8465576171875,406.7113037109375,700.5340576171875,-1,-1,-1,-1
184,5,833.3482666015625,423.725341796875,418.231201171875,694.0826416015625,-1,-1,-1,-1
185,5,789.4652099609375,434.2680969238281,425.6326904296875,696.4801025390625,-1,-1,-1,-1
186,5,745.1763916015625,451.59466552734375,470.9967041015625,683.6928100585938,-1,-1,-1,-1
187,5,705.4947509765625,477.02374267578125,553.341064453125,696.1109008789062,-1,-1,-1,-1
188,5,645.7388916015625,458.76812744140625,682.06201171875,758.6276245117188,-1,-1,-1,-1
189,5,612.7274780273438,433.4344787597656,809.0531616210938,753.2496337890625,-1,-1,-1,-1
190,5,652.4923706054688,364.143798828125,790.5608520507812,997.7879638671875,-1,-1,-1,-1
191,5,664.8035278320312,368.5479736328125,761.3035278320312,1040.728759765625,-1,-1,-1,-1
192,5,663.4122314453125,369.62457275390625,780.6412353515625,969.3381958007812,-1,-1,-1,-1
193,5,627.850341796875,277.53399658203125,805.2879638671875,1051.790283203125,-1,-1,-1,-1
194,5,606.6578979492188,225.7397003173828,861.2958374023438,1074.8004150390625,-1,-1,-1,-1
195,5,607.0089111328125,154.11842346191406,863.1611328125,1108.752197265625,-1,-1,-1,-1
196,5,671.2858276367188,216.89535522460938,800.1630249023438,1016.018310546875,-1,-1,-1,-1
197,5,735.896728515625,248.40948486328125,687.1263427734375,973.3256225585938,-1,-1,-1,-1
198,5,720.8287963867188,297.5126647949219,611.0065307617188,946.1146240234375,-1,-1,-1,-1
199,5,637.62353515625,336.29412841796875,696.571044921875,941.0230102539062,-1,-1,-1,-1
200,5,543.443115234375,358.78973388671875,692.0418701171875,955.2914428710938,-1,-1,-1,-1
167,7,673.56298828125,492.3210144042969,43.46527099609375,88.66445922851562,-1,-1,-1,-1
168,7,898.8458251953125,504.65643310546875,165.0587158203125,113.20703125,-1,-1,-1,-1
171,7,761.2808227539062,56.291046142578125,569.7553100585938,1076.162841796875,-1,-1,-1,-1
200,8,539.2539672851562,363.1477966308594,391.17218017578125,911.20654296875,-1,-1,-1,-1
200,9,1291.4287109375,413.454833984375,118.2451171875,269.8841552734375,-1,-1,-1,-1
200,10,1100.9661865234375,418.98779296875,124.8306884765625,212.3758544921875,-1,-1,-1,-1
