1,1,214.19268798828125,606.7145385742188,126.4237060546875,297.92279052734375,-1,-1,-1,-1
2,1,162.12379455566406,607.5316772460938,134.88706970214844,309.59454345703125,-1,-1,-1,-1
3,1,125.3348617553711,605.416748046875,136.73049926757812,327.8118896484375,-1,-1,-1,-1
4,1,62.81931686401367,609.1836547851562,142.3455047607422,342.73419189453125,-1,-1,-1,-1
5,1,137.40142822265625,600.5310668945312,217.53024291992188,301.10430908203125,-1,-1,-1,-1
1,2,1238.656982421875,554.9866943359375,203.4970703125,401.34002685546875,-1,-1,-1,-1
2,2,1182.44140625,557.2008056640625,184.4326171875,387.6365966796875,-1,-1,-1,-1
3,2,1144.7261962890625,574.2135009765625,174.353759765625,370.42236328125,-1,-1,-1,-1
4,2,1088.185302734375,578.358642578125,192.0791015625,353.29290771484375,-1,-1,-1,-1
5,2,1003.2393798828125,580.9706420898438,144.3760986328125,329.728271484375,-1,-1,-1,-1
6,2,906.3050537109375,579.434814453125,147.68310546875,314.57183837890625,-1,-1,-1,-1
7,2,852.6594848632812,566.8973388671875,153.1092529296875,316.05828857421875,-1,-1,-1,-1
8,2,845.4031372070312,560.5599365234375,154.57098388671875,316.9317626953125,-1,-1,-1,-1
9,2,838.314208984375,565.1463012695312,162.001953125,318.305419921875,-1,-1,-1,-1
10,2,846.1458740234375,570.7863159179688,164.42376708984375,310.77276611328125,-1,-1,-1,-1
11,2,890.1065063476562,556.5236206054688,171.99127197265625,312.395751953125,-1,-1,-1,-1
12,2,1008.874755859375,531.6580200195312,190.4007568359375,327.08355712890625,-1,-1,-1,-1
13,2,935.0730590820312,533.7518310546875,237.21905517578125,308.96978759765625,-1,-1,-1,-1
4,3,1244.263427734375,590.5316772460938,229.7091064453125,543.5791625976562,-1,-1,-1,-1
5,3,1153.84521484375,582.350341796875,243.989990234375,612.8173828125,-1,-1,-1,-1
6,3,1050.3802490234375,590.3130493164062,232.99365234375,584.3467407226562,-1,-1,-1,-1
7,3,996.2958984375,580.234130859375,225.4400634765625,555.142822265625,-1,-1,-1,-1
8,3,983.9839477539062,570.2991943359375,232.49139404296875,544.38916015625,-1,-1,-1,-1
9,3,984.6019287109375,572.24365234375,233.807861328125,534.51611328125,-1,-1,-1,-1
10,3,988.92138671875,570.8704223632812,242.193603515625,550.7299194335938,-1,-1,-1,-1
11,3,1027.7413330078125,557.418701171875,261.9161376953125,593.9093017578125,-1,-1,-1,-1
12,3,1129.22021484375,536.8236694335938,276.5450439453125,587.8270874023438,-1,-1,-1,-1
13,3,1176.363037109375,492.9168701171875,194.3187255859375,379.4764404296875,-1,-1,-1,-1
14,3,853.4324951171875,536.2427978515625,226.9515380859375,319.04559326171875,-1,-1,-1,-1
5,4,-34.02324676513672,610.447021484375,147.78921508789062,359.62994384765625,-1,-1,-1,-1
6,4,-66.36672973632812,592.0874633789062,157.60653686523438,355.598388671875,-1,-1,-1,-1
9,4,-135.5877685546875,525.2203369140625,274.26263427734375,458.979248046875,-1,-1,-1,-1
10,4,-67.41716766357422,620.1351318359375,137.8575439453125,318.24615478515625,-1,-1,-1,-1
11,4,-11.172944068908691,557.1317138671875,118.4957504272461,347.76904296875,-1,-1,-1,-1
12,4,115.8165512084961,526.1920776367188,149.2142333984375,339.85894775390625,-1,-1,-1,-1
13,4,313.3024597167969,521.87890625,128.56060791015625,318.01824951171875,-1,-1,-1,-1
14,4,465.21795654296875,535.6888427734375,110.715087890625,298.92236328125,-1,-1,-1,-1
15,4,542.2034301757812,532.70556640625,110.60772705078125,289.6943359375,-1,-1,-1,-1
16,4,587.66650390625,536.7357177734375,109.24041748046875,276.307861328125,-1,-1,-1,-1
17,4,625.2655639648438,529.9215698242188,106.89703369140625,269.8575439453125,-1,-1,-1,-1
18,4,695.3125610351562,513.7442016601562,100.131591796875,270.11822509765625,-1,-1,-1,-1
19,4,819.8709716796875,485.0755310058594,123.1641845703125,283.6103210449219,-1,-1,-1,-1
20,4,960.940673828125,458.85565185546875,145.26953125,308.60980224609375,-1,-1,-1,-1
21,4,1065.3345947265625,443.78240966796875,148.3289794921875,337.38665771484375,-1,-1,-1,-1
22,4,1103.962158203125,434.646240234375,140.63916015625,354.63720703125,-1,-1,-1,-1
23,4,1100.338623046875,432.58526611328125,137.986572265625,368.33453369140625,-1,-1,-1,-1
24,4,1032.1719970703125,433.0899658203125,138.8060302734375,364.97259521484375,-1,-1,-1,-1
25,4,918.5759887695312,445.11187744140625,135.69769287109375,340.75445556640625,-1,-1,-1,-1
26,4,822.285888671875,457.1881103515625,129.96197509765625,321.298583984375,-1,-1,-1,-1
27,4,759.791259765625,468.456787109375,121.695068359375,311.1348876953125,-1,-1,-1,-1
28,4,715.2423095703125,478.6741943359375,122.79443359375,308.68328857421875,-1,-1,-1,-1
29,4,681.5148315429688,480.0022888183594,127.79718017578125,314.8242492675781,-1,-1,-1,-1
30,4,667.3275756835938,475.9905700683594,127.57586669921875,326.1318664550781,-1,-1,-1,-1
31,4,654.6732788085938,476.4456787109375,127.5,333.947998046875,-1,-1,-1,-1
32,4,642.8184814453125,477.85711669921875,129.2777099609375,347.7344970703125,-1,-1,-1,-1
33,4,639.91796875,482.4111633300781,135.10711669921875,366.8508605957031,-1,-1,-1,-1
34,4,641.3958740234375,490.342041015625,137.0845947265625,381.58941650390625,-1,-1,-1,-1
35,4,635.9230346679688,490.91778564453125,141.69512939453125,371.88128662109375,-1,-1,-1,-1
36,4,622.8328247070312,487.72564697265625,147.92535400390625,362.130126953125,-1,-1,-1,-1
37,4,608.2186279296875,475.97821044921875,155.3216552734375,363.98309326171875,-1,-1,-1,-1
38,4,580.1115112304688,446.2135009765625,162.65423583984375,379.7684326171875,-1,-1,-1,-1
39,4,511.5819091796875,396.691650390625,179.22198486328125,418.60565185546875,-1,-1,-1,-1
40,4,373.4493408203125,338.14727783203125,215.595458984375,459.90435791015625,-1,-1,-1,-1
41,4,208.98800659179688,263.84332275390625,263.4187316894531,533.5198364257812,-1,-1,-1,-1
42,4,93.47614288330078,223.52340698242188,306.8055419921875,603.6444091796875,-1,-1,-1,-1
43,4,44.795719146728516,229.10018920898438,332.6283874511719,646.7830810546875,-1,-1,-1,-1
44,4,19.781204223632812,251.97007751464844,368.713623046875,653.9370727539062,-1,-1,-1,-1
45,4,21.04582405090332,307.46942138671875,421.45587158203125,620.1190795898438,-1,-1,-1,-1
46,4,93.25178527832031,339.94000244140625,459.78448486328125,577.9221801757812,-1,-1,-1,-1
47,4,226.70001220703125,341.63775634765625,460.4022216796875,544.3151245117188,-1,-1,-1,-1
48,4,323.9156188964844,339.27105712890625,455.6164245605469,541.6630249023438,-1,-1,-1,-1
49,4,357.8487854003906,338.3007507324219,467.4217224121094,568.5601806640625,-1,-1,-1,-1
50,4,385.2685241699219,343.43768310546875,470.4288024902344,591.3943481445312,-1,-1,-1,-1
51,4,401.09625244140625,393.3889465332031,438.51190185546875,612.1763916015625,-1,-1,-1,-1
52,4,395.17291259765625,357.12786865234375,382.23974609375,680.6052856445312,-1,-1,-1,-1
53,4,382.3313293457031,389.5923767089844,330.0011901855469,665.51025390625,-1,-1,-1,-1
54,4,343.51397705078125,323.5469665527344,346.93218994140625,724.523193359375,-1,-1,-1,-1
55,4,303.0429382324219,277.71453857421875,384.9201965332031,754.3192749023438,-1,-1,-1,-1
56,4,251.45907592773438,261.51080322265625,434.7466125488281,763.488037109375,-1,-1,-1,-1
57,4,209.46351623535156,182.80706787109375,542.562744140625,844.8477172851562,-1,-1,-1,-1
58,4,154.25050354003906,134.1334228515625,655.9057006835938,934.0283203125,-1,-1,-1,-1
59,4,83.53910827636719,130.68179321289062,666.8245239257812,1007.604736328125,-1,-1,-1,-1
60,4,21.057174682617188,123.18478393554688,722.1278076171875,1167.218017578125,-1,-1,-1,-1
61,4,-27.753353118896484,104.78942108154297,865.8350830078125,1303.7269287109375,-1,-1,-1,-1
62,4,-43.52544403076172,239.19244384765625,1118.44677734375,1171.577880859375,-1,-1,-1,-1
63,4,-4.207401275634766,314.4140319824219,1065.619873046875,1073.860595703125,-1,-1,-1,-1
64,4,51.94507598876953,358.3727722167969,865.3087768554688,950.3330078125,-1,-1,-1,-1
65,4,242.0261993408203,332.3000183105469,532.9144897460938,896.5020751953125,-1,-1,-1,-1
66,4,257.1863708496094,272.9445495605469,561.0435791015625,843.529296875,-1,-1,-1,-1
67,4,345.84747314453125,185.46656799316406,511.61773681640625,842.660888671875,-1,-1,-1,-1
68,4,377.9190673828125,162.0750274658203,384.80120849609375,778.7789306640625,-1,-1,-1,-1
69,4,385.6775207519531,67.33590698242188,328.5422668457031,790.47802734375,-1,-1,-1,-1
70,4,390.2628173828125,57.85319519042969,313.477294921875,683.0564575195312,-1,-1,-1,-1
71,4,351.53692626953125,55.352195739746094,345.961181640625,649.5339965820312,-1,-1,-1,-1
72,4,288.1728210449219,181.3726806640625,341.3595275878906,557.2130737304688,-1,-1,-1,-1
73,4,249.7877197265625,115.86357116699219,338.5096435546875,603.4558715820312,-1,-1,-1,-1
74,4,236.66014099121094,151.24789428710938,322.55810546875,584.44580078125,-1,-1,-1,-1
75,4,138.9447021484375,177.82015991210938,417.33343505859375,559.56982421875,-1,-1,-1,-1
76,4,64.11081314086914,198.53741455078125,434.4907531738281,545.4628295898438,-1,-1,-1,-1
77,4,39.24573516845703,203.29507446289062,455.7938232421875,547.10791015625,-1,-1,-1,-1
78,4,87.0396957397461,203.79872131347656,435.2743225097656,536.818603515625,-1,-1,-1,-1
79,4,191.87753295898438,207.1093292236328,392.5289001464844,512.8763427734375,-1,-1,-1,-1
80,4,315.35565185546875,253.64015197753906,325.0576171875,486.5732421875,-1,-1,-1,-1
81,4,383.11517333984375,324.1191711425781,287.11810302734375,455.1673889160156,-1,-1,-1,-1
82,4,428.50732421875,387.09051513671875,258.1387939453125,426.66217041015625,-1,-1,-1,-1
83,4,458.6590576171875,419.0878601074219,248.84930419921875,410.2384338378906,-1,-1,-1,-1
84,4,482.0343933105469,417.5211181640625,233.50820922851562,407.44866943359375,-1,-1,-1,-1
85,4,508.1666564941406,409.17236328125,226.36593627929688,417.47412109375,-1,-1,-1,-1
86,4,540.483154296875,401.2337951660156,238.1160888671875,427.2956237792969,-1,-1,-1,-1
87,4,587.8570556640625,399.99658203125,228.9697265625,433.18017578125,-1,-1,-1,-1
88,4,632.58837890625,399.6156005859375,197.0931396484375,427.00860595703125,-1,-1,-1,-1
89,4,668.5621337890625,411.81707763671875,215.2076416015625,424.77276611328125,-1,-1,-1,-1
90,4,710.163818359375,451.5838317871094,229.5791015625,417.5239562988281,-1,-1,-1,-1
91,4,756.8534545898438,489.8536376953125,235.76416015625,412.0133056640625,-1,-1,-1,-1
92,4,811.0267333984375,514.5857543945312,241.1805419921875,414.76287841796875,-1,-1,-1,-1
93,4,857.2584228515625,527.556640625,232.0804443359375,429.7564697265625,-1,-1,-1,-1
94,4,888.0150146484375,539.1202392578125,196.8297119140625,441.29425048828125,-1,-1,-1,-1
95,4,902.0817260742188,546.9871826171875,180.46221923828125,449.77154541015625,-1,-1,-1,-1
96,4,886.78564453125,544.3917846679688,172.3851318359375,450.52801513671875,-1,-1,-1,-1
97,4,846.229736328125,533.1912841796875,170.0914306640625,431.463134765625,-1,-1,-1,-1
98,4,800.4654541015625,536.8811645507812,177.0052490234375,426.4989013671875,-1,-1,-1,-1
99,4,765.4219360351562,549.184326171875,154.47296142578125,418.5511474609375,-1,-1,-1,-1
100,4,734.2193603515625,563.6688842773438,155.70526123046875,409.4344482421875,-1,-1,-1,-1
101,4,706.9063720703125,572.7489624023438,145.53228759765625,397.9967041015625,-1,-1,-1,-1
102,4,690.607177734375,575.3472290039062,122.4078369140625,385.255126953125,-1,-1,-1,-1
103,4,667.3458862304688,572.4968872070312,118.40704345703125,380.79840087890625,-1,-1,-1,-1
104,4,649.4546508789062,562.41943359375,124.22760009765625,378.39959716796875,-1,-1,-1,-1
105,4,649.065185546875,557.373291015625,127.45416259765625,376.9837646484375,-1,-1,-1,-1
106,4,671.2103881835938,558.0115966796875,136.381591796875,376.8006591796875,-1,-1,-1,-1
107,4,691.1721801757812,566.018310546875,137.46673583984375,376.34161376953125,-1,-1,-1,-1
108,4,698.8092041015625,574.685791015625,159.55401611328125,378.35101318359375,-1,-1,-1,-1
109,4,736.2671508789062,584.64990234375,152.4232177734375,376.05157470703125,-1,-1,-1,-1
110,4,773.4667358398438,598.703125,147.299560546875,365.20745849609375,-1,-1,-1,-1
111,4,807.7861938476562,599.2052001953125,143.46490478515625,364.02203369140625,-1,-1,-1,-1
112,4,820.3870239257812,592.4827270507812,147.81597900390625,378.4769287109375,-1,-1,-1,-1
113,4,807.0166015625,584.3367919921875,153.53369140625,380.1934814453125,-1,-1,-1,-1
114,4,781.0189208984375,577.4915771484375,159.21142578125,377.2723388671875,-1,-1,-1,-1
115,4,754.4051513671875,573.9566650390625,152.5296630859375,368.1947021484375,-1,-1,-1,-1
116,4,708.9051513671875,572.7845458984375,161.2989501953125,362.220703125,-1,-1,-1,-1
117,4,660.4722900390625,575.2398071289062,178.168701171875,359.81024169921875,-1,-1,-1,-1
118,4,637.139404296875,588.7447509765625,183.1512451171875,353.32196044921875,-1,-1,-1,-1
119,4,634.2901611328125,602.3233032226562,181.40411376953125,344.44036865234375,-1,-1,-1,-1
120,4,633.0022583007812,608.0313110351562,181.06890869140625,337.1544189453125,-1,-1,-1,-1
121,4,629.2762451171875,613.533935546875,179.81658935546875,328.59124755859375,-1,-1,-1,-1
122,4,610.2753295898438,608.2867431640625,162.03021240234375,321.501220703125,-1,-1,-1,-1
123,4,589.06787109375,602.0363159179688,160.60296630859375,321.29425048828125,-1,-1,-1,-1
124,4,579.5579833984375,589.7212524414062,158.02410888671875,329.4547119140625,-1,-1,-1,-1
125,4,557.4022827148438,579.85546875,173.48040771484375,337.0797119140625,-1,-1,-1,-1
126,4,559.2012939453125,570.142578125,168.3524169921875,346.37322998046875,-1,-1,-1,-1
127,4,493.888671875,570.7598876953125,227.7347412109375,360.3515625,-1,-1,-1,-1
128,4,544.0447998046875,575.863037109375,174.32861328125,374.0810546875,-1,-1,-1,-1
129,4,539.2459106445312,578.99755859375,174.326171875,371.913818359375,-1,-1,-1,-1
130,4,539.0723266601562,571.5859985351562,176.51959228515625,376.50457763671875,-1,-1,-1,-1
131,4,544.6268310546875,570.4482421875,178.048095703125,375.346923828125,-1,-1,-1,-1
132,4,541.2509765625,581.682861328125,186.7425537109375,372.5167236328125,-1,-1,-1,-1
133,4,532.8358154296875,597.2789916992188,192.11224365234375,384.6785888671875,-1,-1,-1,-1
134,4,535.610595703125,613.944580078125,188.7320556640625,390.862548828125,-1,-1,-1,-1
135,4,535.7449340820312,597.8489379882812,191.4425048828125,405.6787109375,-1,-1,-1,-1
136,4,539.22021484375,584.69921875,194.1619873046875,407.513916015625,-1,-1,-1,-1
137,4,548.4505615234375,559.9064331054688,194.53863525390625,407.08941650390625,-1,-1,-1,-1
138,4,566.4559326171875,528.2899169921875,193.35040283203125,420.20849609375,-1,-1,-1,-1
139,4,581.073486328125,532.451904296875,198.7098388671875,422.27874755859375,-1,-1,-1,-1
140,4,574.1666870117188,509.6822814941406,230.38482666015625,472.5989685058594,-1,-1,-1,-1
141,4,502.47662353515625,477.8100280761719,326.98834228515625,524.771728515625,-1,-1,-1,-1
142,4,458.1357116699219,489.51910400390625,397.4968566894531,545.0657348632812,-1,-1,-1,-1
143,4,468.29437255859375,496.72216796875,405.38018798828125,610.1025390625,-1,-1,-1,-1
144,4,506.4540710449219,459.2796325683594,390.7206726074219,687.465576171875,-1,-1,-1,-1
145,4,521.2992553710938,422.692626953125,395.33782958984375,704.332763671875,-1,-1,-1,-1
146,4,502.066650390625,362.2024841308594,405.621337890625,737.1031494140625,-1,-1,-1,-1
147,4,502.2239990234375,285.8111572265625,391.62982177734375,769.1917724609375,-1,-1,-1,-1
148,4,526.253662109375,236.0487060546875,365.6417236328125,788.0463256835938,-1,-1,-1,-1
149,4,529.012451171875,217.69178771972656,358.9437255859375,797.5232543945312,-1,-1,-1,-1
150,4,522.2142333984375,226.44940185546875,360.455078125,809.0974731445312,-1,-1,-1,-1
151,4,518.3941040039062,260.86181640625,361.13702392578125,805.9852294921875,-1,-1,-1,-1
152,4,518.1895141601562,348.3567199707031,352.7222900390625,758.8040771484375,-1,-1,-1,-1
153,4,528.8009033203125,453.30810546875,349.5753173828125,701.139892578125,-1,-1,-1,-1
154,4,532.6205444335938,507.9200134277344,361.48529052734375,679.98779296875,-1,-1,-1,-1
155,4,552.1343994140625,512.1703796386719,361.228515625,691.58984375,-1,-1,-1,-1
156,4,576.7523803710938,542.7770385742188,357.0784912109375,695.3478393554688,-1,-1,-1,-1
157,4,596.73828125,562.3585815429688,361.68023681640625,713.4839477539062,-1,-1,-1,-1
158,4,608.35888671875,567.2498168945312,370.55328369140625,725.3881225585938,-1,-1,-1,-1
159,4,614.9098510742188,556.28173828125,379.39654541015625,732.2767333984375,-1,-1,-1,-1
160,4,613.6365966796875,552.3912963867188,390.3389892578125,729.2249145507812,-1,-1,-1,-1
161,4,613.3523559570312,559.009521484375,397.50689697265625,724.7479248046875,-1,-1,-1,-1
162,4,618.0521240234375,569.7189331054688,402.7725830078125,716.0355834960938,-1,-1,-1,-1
163,4,633.5072021484375,575.8711547851562,411.269287109375,694.5643920898438,-1,-1,-1,-1
164,4,681.3306884765625,575.5286865234375,400.0450439453125,678.1544189453125,-1,-1,-1,-1
165,4,728.3574829101562,570.8433227539062,376.77935791015625,688.3695678710938,-1,-1,-1,-1
166,4,726.6870727539062,568.9739990234375,380.16375732421875,694.5313720703125,-1,-1,-1,-1
167,4,713.144775390625,579.7771606445312,382.882568359375,695.7066040039062,-1,-1,-1,-1
168,4,704.9288330078125,598.239501953125,379.776123046875,696.191162109375,-1,-1,-1,-1
169,4,700.0038452148438,610.955810546875,373.41937255859375,697.0517578125,-1,-1,-1,-1
170,4,697.66064453125,612.3681030273438,364.0723876953125,686.8040161132812,-1,-1,-1,-1
171,4,701.826171875,607.9599609375,346.81640625,655.072021484375,-1,-1,-1,-1
172,4,722.3694458007812,608.9638671875,321.44635009765625,632.8724365234375,-1,-1,-1,-1
173,4,751.0584716796875,613.3607177734375,279.4276123046875,632.0977783203125,-1,-1,-1,-1
174,4,773.58251953125,618.4125366210938,259.1495361328125,638.8637084960938,-1,-1,-1,-1
175,4,781.02880859375,618.0428466796875,252.8289794921875,657.431396484375,-1,-1,-1,-1
176,4,769.127197265625,618.6463012695312,261.94580078125,673.9572143554688,-1,-1,-1,-1
177,4,769.103271484375,626.0411987304688,258.1014404296875,676.0786743164062,-1,-1,-1,-1
178,4,754.054443359375,630.2775268554688,262.98565673828125,674.0846557617188,-1,-1,-1,-1
179,4,735.6295166015625,632.1339721679688,271.0072021484375,674.1232299804688,-1,-1,-1,-1
180,4,709.8819580078125,635.710205078125,279.153564453125,672.1829833984375,-1,-1,-1,-1
181,4,673.2288818359375,631.8201904296875,287.4412841796875,678.5406494140625,-1,-1,-1,-1
182,4,642.8087768554688,622.5270385742188,297.75665283203125,686.5574340820312,-1,-1,-1,-1
183,4,617.1045532226562,616.2075805664062,301.03594970703125,689.5643920898438,-1,-1,-1,-1
184,4,591.9096069335938,616.1156005859375,306.6273193359375,679.3270263671875,-1,-1,-1,-1
185,4,592.3773803710938,619.189208984375,290.5560302734375,668.962890625,-1,-1,-1,-1
186,4,587.12646484375,630.5447387695312,272.8297119140625,659.4998168945312,-1,-1,-1,-1
187,4,571.11181640625,645.1168212890625,260.6322021484375,651.919677734375,-1,-1,-1,-1
188,4,556.967041015625,654.7786865234375,258.4136962890625,636.597900390625,-1,-1,-1,-1
189,4,542.0221557617188,646.4509887695312,264.43536376953125,642.3123168945312,-1,-1,-1,-1
190,4,529.5693969726562,628.5765991210938,264.77130126953125,657.0516967773438,-1,-1,-1,-1
191,4,522.5220947265625,605.7164306640625,261.39166259765625,648.3321533203125,-1,-1,-1,-1
192,4,527.6665649414062,597.6358032226562,252.6834716796875,632.2551879882812,-1,-1,-1,-1
193,4,529.1641845703125,589.9249267578125,252.52569580078125,631.3150634765625,-1,-1,-1,-1
194,4,542.6134643554688,602.64501953125,251.02606201171875,627.437744140625,-1,-1,-1,-1
195,4,568.263671875,629.2659301757812,245.18511962890625,615.5833129882812,-1,-1,-1,-1
196,4,591.3632202148438,637.8253173828125,249.3048095703125,610.363037109375,-1,-1,-1,-1
197,4,614.8853149414062,631.4861450195312,255.87347412109375,604.0068969726562,-1,-1,-1,-1
198,4,632.310791015625,623.5963134765625,262.27166748046875,604.314697265625,-1,-1,-1,-1
199,4,645.7086181640625,610.9351196289062,261.268798828125,602.1655883789062,-1,-1,-1,-1
200,4,648.843017578125,608.6679077148438,258.984375,600.0664672851562,-1,-1,-1,-1
201,4,647.5691528320312,612.2908325195312,259.927001953125,595.0083618164062,-1,-1,-1,-1
202,4,646.5430908203125,616.9462280273438,264.40509033203125,594.2372436523438,-1,-1,-1,-1
203,4,651.0057983398438,620.638671875,270.11785888671875,592.117431640625,-1,-1,-1,-1
204,4,655.6170043945312,624.4240112304688,274.19012451171875,590.3052368164062,-1,-1,-1,-1
205,4,658.2556762695312,627.7888793945312,282.98712158203125,588.7453002929688,-1,-1,-1,-1
206,4,662.8489379882812,623.9229125976562,288.60980224609375,586.7595825195312,-1,-1,-1,-1
207,4,668.740234375,613.26416015625,290.3828125,585.05810546875,-1,-1,-1,-1
208,4,672.1849365234375,605.0755615234375,291.6668701171875,585.1990966796875,-1,-1,-1,-1
209,4,672.6409912109375,602.1189575195312,294.7916259765625,578.4981079101562,-1,-1,-1,-1
210,4,667.408935546875,600.6981201171875,298.7918701171875,573.5787353515625,-1,-1,-1,-1
211,4,645.8081665039062,602.2919921875,302.16180419921875,566.5068359375,-1,-1,-1,-1
212,4,616.8695068359375,606.3253784179688,301.98516845703125,560.0264282226562,-1,-1,-1,-1
213,4,592.0095825195312,649.0211181640625,302.3126220703125,513.283203125,-1,-1,-1,-1
214,4,576.9263916015625,626.1396484375,301.9176025390625,542.3355712890625,-1,-1,-1,-1
215,4,566.9581909179688,621.1148681640625,307.75994873046875,551.9468994140625,-1,-1,-1,-1
216,4,568.23779296875,612.883544921875,306.1964111328125,562.8865966796875,-1,-1,-1,-1
217,4,573.2959594726562,600.2168579101562,301.98309326171875,567.3217163085938,-1,-1,-1,-1
218,4,582.7666015625,582.3187866210938,290.64306640625,544.2001342773438,-1,-1,-1,-1
219,4,592.918212890625,571.7692260742188,273.8240966796875,507.65020751953125,-1,-1,-1,-1
220,4,601.186767578125,558.6732177734375,251.932861328125,491.1341552734375,-1,-1,-1,-1
221,4,600.8140258789062,553.2643432617188,248.87713623046875,486.81610107421875,-1,-1,-1,-1
222,4,604.3716430664062,565.2137451171875,240.32537841796875,476.2659912109375,-1,-1,-1,-1
223,4,620.3997192382812,579.61279296875,228.68438720703125,462.7979736328125,-1,-1,-1,-1
224,4,644.1871948242188,593.8482666015625,221.0701904296875,444.0726318359375,-1,-1,-1,-1
225,4,670.5463256835938,601.1759033203125,216.5797119140625,436.4783935546875,-1,-1,-1,-1
226,4,699.8079223632812,601.022705078125,208.29296875,447.7236328125,-1,-1,-1,-1
227,4,720.958251953125,591.0252075195312,202.833984375,458.28179931640625,-1,-1,-1,-1
228,4,726.4924926757812,581.2667846679688,197.6253662109375,455.44183349609375,-1,-1,-1,-1
229,4,722.01220703125,580.6132202148438,192.5843505859375,439.78594970703125,-1,-1,-1,-1
230,4,721.1738891601562,578.5354614257812,185.6600341796875,437.06683349609375,-1,-1,-1,-1
231,4,725.2636108398438,582.6849365234375,177.47589111328125,426.81561279296875,-1,-1,-1,-1
232,4,727.956787109375,586.7135620117188,173.2916259765625,422.72271728515625,-1,-1,-1,-1
233,4,721.6876220703125,585.555419921875,165.126708984375,420.35235595703125,-1,-1,-1,-1
234,4,705.1007080078125,581.6885986328125,153.15887451171875,412.417236328125,-1,-1,-1,-1
235,4,681.972412109375,574.3479614257812,149.99951171875,414.37969970703125,-1,-1,-1,-1
236,4,658.4647827148438,558.92529296875,157.72625732421875,423.9056396484375,-1,-1,-1,-1
237,4,626.357177734375,533.1288452148438,167.9111328125,430.30078125,-1,-1,-1,-1
238,4,585.5023803710938,507.9784240722656,174.37109375,428.0791320800781,-1,-1,-1,-1
239,4,538.7965087890625,483.27154541015625,177.22235107421875,426.657470703125,-1,-1,-1,-1
240,4,499.3600769042969,465.132080078125,175.91848754882812,430.54205322265625,-1,-1,-1,-1
241,4,472.55157470703125,451.70947265625,174.49951171875,433.77239990234375,-1,-1,-1,-1
242,4,462.3929748535156,444.05816650390625,168.86270141601562,432.9735107421875,-1,-1,-1,-1
243,4,445.6939697265625,421.701171875,162.39093017578125,432.99578857421875,-1,-1,-1,-1
244,4,433.1360168457031,406.9144592285156,163.09658813476562,436.9870910644531,-1,-1,-1,-1
245,4,423.7134704589844,382.8935241699219,166.76699829101562,441.6238708496094,-1,-1,-1,-1
246,4,422.59368896484375,354.6683044433594,169.34442138671875,442.5638122558594,-1,-1,-1,-1
247,4,446.21636962890625,341.0098876953125,168.6082763671875,444.50048828125,-1,-1,-1,-1
248,4,480.6050109863281,359.0081481933594,168.11630249023438,436.5870666503906,-1,-1,-1,-1
249,4,513.5844116210938,388.08038330078125,167.966552734375,427.67608642578125,-1,-1,-1,-1
250,4,538.4082641601562,417.14654541015625,169.46966552734375,416.4224853515625,-1,-1,-1,-1
251,4,564.1546630859375,434.2510070800781,173.55426025390625,408.8068542480469,-1,-1,-1,-1
252,4,589.3641357421875,441.3481140136719,174.09112548828125,405.2991027832031,-1,-1,-1,-1
253,4,602.1182250976562,443.7545166015625,174.097900390625,401.82550048828125,-1,-1,-1,-1
254,4,601.7232055664062,441.6296691894531,173.3626708984375,400.5191345214844,-1,-1,-1,-1
255,4,586.2230834960938,433.989501953125,180.7996826171875,403.65936279296875,-1,-1,-1,-1
256,4,564.6467895507812,421.3612976074219,186.38543701171875,412.1560363769531,-1,-1,-1,-1
257,4,552.3488159179688,404.256103515625,182.84881591796875,428.26690673828125,-1,-1,-1,-1
258,4,538.626708984375,392.6724853515625,188.2099609375,439.41278076171875,-1,-1,-1,-1
259,4,523.545166015625,387.20159912109375,196.425537109375,446.43701171875,-1,-1,-1,-1
260,4,533.2464599609375,384.31097412109375,182.68267822265625,448.78851318359375,-1,-1,-1,-1
261,4,533.6343383789062,389.4772033691406,172.89508056640625,453.4938049316406,-1,-1,-1,-1
262,4,525.3056640625,398.6080627441406,170.01495361328125,448.0682678222656,-1,-1,-1,-1
263,4,511.9529113769531,402.679931640625,165.36428833007812,445.173095703125,-1,-1,-1,-1
264,4,494.18365478515625,407.6009521484375,159.65008544921875,445.71051025390625,-1,-1,-1,-1
265,4,480.90301513671875,407.2178649902344,154.1224365234375,450.6971740722656,-1,-1,-1,-1
266,4,474.8535461425781,402.1263732910156,148.42416381835938,456.3373107910156,-1,-1,-1,-1
267,4,466.1770935058594,390.94598388671875,154.49978637695312,462.8282470703125,-1,-1,-1,-1
268,4,456.3135681152344,384.3411865234375,160.48684692382812,467.0172119140625,-1,-1,-1,-1
269,4,449.24005126953125,389.8755798339844,166.50360107421875,463.7222595214844,-1,-1,-1,-1
270,4,448.9781799316406,406.1505126953125,169.86892700195312,460.64276123046875,-1,-1,-1,-1
271,4,464.1527404785156,432.07098388671875,168.59933471679688,450.8712158203125,-1,-1,-1,-1
272,4,476.649658203125,445.852783203125,168.2728271484375,445.3271484375,-1,-1,-1,-1
273,4,466.24371337890625,450.49798583984375,176.28021240234375,441.0439453125,-1,-1,-1,-1
274,4,407.0096740722656,446.8028869628906,197.49984741210938,437.8216247558594,-1,-1,-1,-1
275,4,314.696533203125,432.5500183105469,228.72979736328125,458.8363342285156,-1,-1,-1,-1
276,4,232.16696166992188,431.8620910644531,245.85684204101562,471.0771179199219,-1,-1,-1,-1
277,4,183.90286254882812,428.8441162109375,250.62002563476562,469.55810546875,-1,-1,-1,-1
278,4,167.35134887695312,431.2192077636719,239.32339477539062,447.3290100097656,-1,-1,-1,-1
279,4,168.21636962890625,439.37255859375,226.92221069335938,426.408447265625,-1,-1,-1,-1
280,4,189.6830596923828,463.506591796875,214.1343231201172,416.0728759765625,-1,-1,-1,-1
281,4,226.8050994873047,509.84423828125,204.7620086669922,395.72723388671875,-1,-1,-1,-1
282,4,281.1736145019531,553.8416137695312,197.07138061523438,371.71392822265625,-1,-1,-1,-1
283,4,346.317138671875,578.17578125,190.90667724609375,363.7275390625,-1,-1,-1,-1
284,4,406.84368896484375,583.7785034179688,182.87652587890625,357.22796630859375,-1,-1,-1,-1
285,4,446.1289367675781,584.4887084960938,185.41488647460938,348.00653076171875,-1,-1,-1,-1
286,4,468.10821533203125,581.371826171875,181.2413330078125,334.0709228515625,-1,-1,-1,-1
287,4,475.7738037109375,578.0164184570312,191.58319091796875,319.9180908203125,-1,-1,-1,-1
288,4,472.8682861328125,587.08203125,226.44744873046875,305.8773193359375,-1,-1,-1,-1
289,4,474.5146484375,613.6722412109375,180.6470947265625,277.9599609375,-1,-1,-1,-1
290,4,480.24810791015625,623.7769775390625,180.27642822265625,265.19586181640625,-1,-1,-1,-1
291,4,490.614501953125,611.5726928710938,182.9488525390625,275.37945556640625,-1,-1,-1,-1
292,4,508.71783447265625,609.373779296875,159.6607666015625,267.10516357421875,-1,-1,-1,-1
293,4,528.7316284179688,587.5789794921875,146.0194091796875,277.7454833984375,-1,-1,-1,-1
294,4,534.920654296875,561.0466918945312,146.2054443359375,304.7593994140625,-1,-1,-1,-1
295,4,533.3247680664062,546.5836181640625,147.818603515625,313.25140380859375,-1,-1,-1,-1
296,4,533.8417358398438,533.821044921875,148.5823974609375,328.13916015625,-1,-1,-1,-1
297,4,529.2703857421875,524.2650146484375,146.30413818359375,342.5101318359375,-1,-1,-1,-1
298,4,521.225830078125,517.3980102539062,152.457275390625,357.88580322265625,-1,-1,-1,-1
299,4,517.73583984375,523.53955078125,152.2706298828125,343.091064453125,-1,-1,-1,-1
300,4,514.225830078125,526.7607421875,146.75311279296875,321.85003662109375,-1,-1,-1,-1
301,4,515.1908569335938,515.3163452148438,142.29046630859375,316.9942626953125,-1,-1,-1,-1
302,4,506.6683654785156,482.6621398925781,141.95999145507812,344.4454650878906,-1,-1,-1,-1
303,4,478.95037841796875,486.31658935546875,142.84161376953125,340.9693603515625,-1,-1,-1,-1
304,4,454.461181640625,453.8988037109375,150.208984375,374.99163818359375,-1,-1,-1,-1
305,4,412.60260009765625,448.85992431640625,151.34918212890625,395.20709228515625,-1,-1,-1,-1
306,4,380.1128234863281,454.34124755859375,144.06912231445312,406.05584716796875,-1,-1,-1,-1
307,4,368.16986083984375,464.56817626953125,166.28485107421875,408.9002685546875,-1,-1,-1,-1
308,4,378.6917724609375,485.6793518066406,171.0419921875,403.2033386230469,-1,-1,-1,-1
309,4,416.84161376953125,507.4335021972656,166.58685302734375,386.8548889160156,-1,-1,-1,-1
310,4,461.6551208496094,523.5596923828125,167.13339233398438,379.59832763671875,-1,-1,-1,-1
311,4,511.18389892578125,540.6103515625,156.98016357421875,369.0816650390625,-1,-1,-1,-1
312,4,555.6885986328125,531.6790771484375,140.326416015625,374.03204345703125,-1,-1,-1,-1
313,4,584.9694213867188,509.9183044433594,146.98974609375,383.1986999511719,-1,-1,-1,-1
314,4,600.5062255859375,491.3223571777344,150.80126953125,386.3642883300781,-1,-1,-1,-1
315,4,614.0280151367188,477.4591064453125,155.4296875,385.6678466796875,-1,-1,-1,-1
316,4,626.5291748046875,466.6209716796875,170.43560791015625,384.63201904296875,-1,-1,-1,-1
317,4,611.1976928710938,455.3802185058594,212.13616943359375,382.8282775878906,-1,-1,-1,-1
318,4,598.1201782226562,436.26177978515625,245.6591796875,386.46197509765625,-1,-1,-1,-1
319,4,607.3743286132812,421.578369140625,246.9549560546875,393.7105712890625,-1,-1,-1,-1
320,4,605.3583984375,421.4895935058594,235.80828857421875,394.3695983886719,-1,-1,-1,-1
321,4,599.774169921875,423.58447265625,208.0277099609375,378.515625,-1,-1,-1,-1
322,4,595.0720825195312,423.90362548828125,193.521484375,359.19415283203125,-1,-1,-1,-1
323,4,586.3656005859375,424.47332763671875,187.27215576171875,348.04827880859375,-1,-1,-1,-1
324,4,588.692138671875,422.766357421875,171.9393310546875,335.7904052734375,-1,-1,-1,-1
325,4,594.6896362304688,415.1820068359375,162.7435302734375,329.5833740234375,-1,-1,-1,-1
326,4,598.7657470703125,409.890869140625,157.8724365234375,328.6033935546875,-1,-1,-1,-1
327,4,598.34423828125,407.1549072265625,159.6549072265625,332.36859130859375,-1,-1,-1,-1
328,4,597.2052001953125,409.18817138671875,161.06243896484375,338.32611083984375,-1,-1,-1,-1
329,4,593.507568359375,417.3540954589844,159.6533203125,342.3606262207031,-1,-1,-1,-1
330,4,582.831298828125,417.12103271484375,163.973388671875,346.8189697265625,-1,-1,-1,-1
331,4,566.9163818359375,415.4990539550781,167.60968017578125,345.3398132324219,-1,-1,-1,-1
332,4,524.459716796875,416.7618408203125,179.70947265625,336.3507080078125,-1,-1,-1,-1
333,4,472.340576171875,417.0438232421875,185.4310302734375,326.3896484375,-1,-1,-1,-1
334,4,428.8358154296875,443.1691589355469,185.5048828125,288.6136779785156,-1,-1,-1,-1
335,4,415.41546630859375,445.28302001953125,178.27447509765625,287.76470947265625,-1,-1,-1,-1
336,4,429.3372497558594,439.89312744140625,179.64669799804688,302.22552490234375,-1,-1,-1,-1
337,4,439.85479736328125,445.24462890625,204.05487060546875,303.78070068359375,-1,-1,-1,-1
338,4,451.69903564453125,437.6524658203125,225.75274658203125,314.0020751953125,-1,-1,-1,-1
339,4,481.2752380371094,435.2261962890625,223.91110229492188,316.675537109375,-1,-1,-1,-1
340,4,508.52923583984375,431.67828369140625,214.3680419921875,321.84918212890625,-1,-1,-1,-1
341,4,534.4675903320312,447.7360534667969,185.9403076171875,336.5499572753906,-1,-1,-1,-1
342,4,541.7925415039062,455.6242370605469,179.6444091796875,357.3807067871094,-1,-1,-1,-1
343,4,547.2390747070312,465.3471374511719,175.12591552734375,367.0813293457031,-1,-1,-1,-1
344,4,563.2058715820312,475.5147399902344,179.1630859375,354.7840270996094,-1,-1,-1,-1
345,4,569.877685546875,483.1557922363281,206.98516845703125,349.4845886230469,-1,-1,-1,-1
346,4,568.69140625,490.7337341308594,246.14459228515625,344.3478088378906,-1,-1,-1,-1
347,4,564.6548461914062,491.6510925292969,265.41162109375,347.8681945800781,-1,-1,-1,-1
348,4,561.7920532226562,480.61871337890625,281.22119140625,357.21026611328125,-1,-1,-1,-1
349,4,571.1651000976562,459.5221252441406,282.56500244140625,370.2113952636719,-1,-1,-1,-1
350,4,580.4065551757812,447.06689453125,285.3350830078125,376.62451171875,-1,-1,-1,-1
351,4,563.4349975585938,442.8269348144531,311.43194580078125,392.5013122558594,-1,-1,-1,-1
352,4,518.6363525390625,447.15435791015625,358.02728271484375,403.0469970703125,-1,-1,-1,-1
353,4,479.105224609375,455.30523681640625,400.567138671875,409.748779296875,-1,-1,-1,-1
354,4,468.05865478515625,471.0636901855469,419.4422607421875,385.3815612792969,-1,-1,-1,-1
355,4,477.0496826171875,483.2471008300781,412.11798095703125,365.8892517089844,-1,-1,-1,-1
356,4,492.52996826171875,485.4823913574219,406.9232177734375,361.3336486816406,-1,-1,-1,-1
357,4,524.0233154296875,482.2001037597656,366.3040771484375,365.3031921386719,-1,-1,-1,-1
358,4,570.1024780273438,468.8226013183594,351.89605712890625,395.4192810058594,-1,-1,-1,-1
359,4,592.0183715820312,453.3511657714844,355.83392333984375,422.0173645019531,-1,-1,-1,-1
360,4,614.0083618164062,414.75921630859375,343.50994873046875,459.2890625,-1,-1,-1,-1
361,4,590.636474609375,438.44561767578125,336.8236083984375,450.31890869140625,-1,-1,-1,-1
362,4,563.9749145507812,495.6106872558594,434.907470703125,414.8843078613281,-1,-1,-1,-1
363,4,590.9535522460938,511.7560119628906,404.38006591796875,403.3840637207031,-1,-1,-1,-1
364,4,683.7626953125,498.06231689453125,298.84039306640625,423.0869140625,-1,-1,-1,-1
365,4,704.4629516601562,499.72576904296875,272.4044189453125,421.214599609375,-1,-1,-1,-1
366,4,713.81884765625,496.8042907714844,258.83514404296875,441.3620910644531,-1,-1,-1,-1
367,4,764.2579345703125,491.5032958984375,224.3072509765625,455.9951171875,-1,-1,-1,-1
368,4,801.6131591796875,491.1966552734375,215.68341064453125,454.0836181640625,-1,-1,-1,-1
369,4,820.7896118164062,482.7494812011719,221.15106201171875,463.1403503417969,-1,-1,-1,-1
370,4,851.4628295898438,495.89080810546875,213.23406982421875,457.9412841796875,-1,-1,-1,-1
371,4,898.7876586914062,479.201904296875,214.14178466796875,483.3157958984375,-1,-1,-1,-1
13,5,1186.90576171875,506.809326171875,191.5078125,361.12646484375,-1,-1,-1,-1
14,5,844.1786499023438,556.3430786132812,202.01763916015625,292.0723876953125,-1,-1,-1,-1
38,6,1260.274658203125,478.87109375,152.751220703125,327.44061279296875,-1,-1,-1,-1
39,6,1186.0821533203125,453.4694519042969,156.3154296875,311.5558166503906,-1,-1,-1,-1
40,6,1053.8740234375,420.7441711425781,139.281982421875,287.1784362792969,-1,-1,-1,-1
41,6,918.71826171875,384.17437744140625,128.3895263671875,271.05413818359375,-1,-1,-1,-1
42,6,839.3489990234375,370.3352355957031,108.80426025390625,259.5701599121094,-1,-1,-1,-1
43,6,803.356201171875,348.01611328125,99.68377685546875,274.37432861328125,-1,-1,-1,-1
44,6,808.8306884765625,350.27398681640625,91.716796875,275.36566162109375,-1,-1,-1,-1
45,6,835.1953125,350.3691711425781,87.19580078125,278.0249938964844,-1,-1,-1,-1
46,6,920.6202392578125,333.4964599609375,107.17236328125,287.76422119140625,-1,-1,-1,-1
47,6,1070.39501953125,336.6861572265625,126.151123046875,310.16156005859375,-1,-1,-1,-1
48,6,1170.05224609375,355.0836181640625,159.41162109375,323.63330078125,-1,-1,-1,-1
49,6,1174.8514404296875,381.3169860839844,182.1431884765625,328.8009338378906,-1,-1,-1,-1
50,6,1174.88671875,344.802490234375,185.9375,333.58905029296875,-1,-1,-1,-1
51,6,1166.488037109375,372.29449462890625,186.8194580078125,315.68646240234375,-1,-1,-1,-1
52,6,1186.5955810546875,363.7927551269531,186.013427734375,302.3383483886719,-1,-1,-1,-1
53,6,1201.9033203125,362.5098876953125,183.068359375,314.70404052734375,-1,-1,-1,-1
54,6,1237.1851806640625,334.6170349121094,168.9376220703125,339.5857238769531,-1,-1,-1,-1
55,6,1268.7147216796875,324.81414794921875,144.2510986328125,340.57476806640625,-1,-1,-1,-1
56,6,1282.5233154296875,311.3539733886719,129.2401123046875,363.7763366699219,-1,-1,-1,-1
57,6,1262.22802734375,290.63787841796875,160.0892333984375,386.7060546875,-1,-1,-1,-1
58,6,1226.7193603515625,314.1548156738281,189.6868896484375,394.1451110839844,-1,-1,-1,-1
39,7,1262.668701171875,428.6641845703125,293.3701171875,448.5626220703125,-1,-1,-1,-1
40,7,1111.6126708984375,437.1551513671875,273.579345703125,470.58697509765625,-1,-1,-1,-1
41,7,985.6704711914062,396.18133544921875,232.17559814453125,440.59234619140625,-1,-1,-1,-1
42,7,899.6116943359375,364.47216796875,206.7745361328125,431.60845947265625,-1,-1,-1,-1
43,7,859.4127197265625,347.0068664550781,191.3699951171875,434.4831848144531,-1,-1,-1,-1
44,7,838.786376953125,339.0804443359375,206.5927734375,450.69232177734375,-1,-1,-1,-1
45,7,856.3372802734375,332.41632080078125,209.005859375,458.17724609375,-1,-1,-1,-1
46,7,947.290283203125,304.5489501953125,217.795166015625,478.4130859375,-1,-1,-1,-1
47,7,1101.441162109375,307.62310791015625,228.563232421875,513.6390380859375,-1,-1,-1,-1
48,7,1165.6763916015625,352.1174011230469,168.8807373046875,355.2690734863281,-1,-1,-1,-1
48,8,1242.453369140625,348.2155456542969,170.436767578125,504.8458557128906,-1,-1,-1,-1
49,8,1283.0159912109375,358.7586669921875,153.714599609375,524.5917358398438,-1,-1,-1,-1
50,8,1282.4405517578125,329.0060729980469,153.539794921875,534.2862548828125,-1,-1,-1,-1
51,8,1272.08154296875,360.61907958984375,153.7183837890625,526.6499633789062,-1,-1,-1,-1
52,8,1272.3607177734375,360.2900085449219,154.2205810546875,432.7420959472656,-1,-1,-1,-1
53,8,1257.6058349609375,361.06353759765625,217.5321044921875,425.9853515625,-1,-1,-1,-1
54,8,1297.3055419921875,347.1167297363281,203.6094970703125,425.9850769042969,-1,-1,-1,-1
55,8,1310.8697509765625,337.8329162597656,197.1259765625,436.7601623535156,-1,-1,-1,-1
56,8,1283.7886962890625,288.43243408203125,197.3330078125,496.4266357421875,-1,-1,-1,-1
57,8,1258.64306640625,256.77955627441406,193.43505859375,515.931640625,-1,-1,-1,-1
58,8,1221.838134765625,298.845703125,206.3873291015625,502.09283447265625,-1,-1,-1,-1
59,8,1193.2916259765625,247.32496643066406,214.223876953125,440.9066162109375,-1,-1,-1,-1
60,8,1171.52294921875,230.92767333984375,245.7767333984375,524.9559936523438,-1,-1,-1,-1
61,8,1158.743896484375,227.0578155517578,231.1484375,530.8413696289062,-1,-1,-1,-1
62,8,1085.4410400390625,281.4667663574219,199.60595703125,493.2268371582031,-1,-1,-1,-1
63,8,855.2404174804688,305.9981384277344,206.74322509765625,428.2862243652344,-1,-1,-1,-1
64,8,719.4788818359375,303.7704772949219,186.06170654296875,382.1753845214844,-1,-1,-1,-1
65,8,590.4328002929688,251.7936553955078,192.73126220703125,368.93292236328125,-1,-1,-1,-1
66,8,490.15301513671875,202.32302856445312,223.60382080078125,367.1614074707031,-1,-1,-1,-1
67,8,494.5833435058594,135.17669677734375,221.14932250976562,379.46331787109375,-1,-1,-1,-1
68,8,425.37109375,95.08656311035156,257.75189208984375,362.6641845703125,-1,-1,-1,-1
65,9,614.5355834960938,252.5254669189453,154.4017333984375,276.74053955078125,-1,-1,-1,-1
66,9,530.559814453125,195.18350219726562,127.4683837890625,264.408203125,-1,-1,-1,-1
67,9,541.894775390625,134.857177734375,101.472412109375,225.59573364257812,-1,-1,-1,-1
68,9,433.150390625,91.70967102050781,173.52752685546875,345.7734375,-1,-1,-1,-1
69,9,377.2142028808594,69.60470581054688,174.13955688476562,380.5894775390625,-1,-1,-1,-1
70,9,325.40576171875,47.95653533935547,163.28363037109375,376.4264831542969,-1,-1,-1,-1
71,9,267.0484313964844,42.46570587158203,157.16360473632812,351.3682556152344,-1,-1,-1,-1
72,9,183.6665496826172,101.1152572631836,135.54771423339844,343.77777099609375,-1,-1,-1,-1
73,9,111.34050750732422,124.4708251953125,118.79334259033203,324.9932861328125,-1,-1,-1,-1
74,9,36.72779083251953,185.1094512939453,112.88414764404297,326.70758056640625,-1,-1,-1,-1
75,9,58.08784484863281,245.39231872558594,114.87306213378906,237.90065002441406,-1,-1,-1,-1
76,9,19.52381134033203,283.55322265625,97.74461364746094,244.802734375,-1,-1,-1,-1
77,9,11.921768188476562,297.84521484375,83.29032897949219,207.75860595703125,-1,-1,-1,-1
78,9,38.09063720703125,333.8429260253906,107.33087158203125,232.54965209960938,-1,-1,-1,-1
79,9,121.57291412353516,313.8111877441406,136.009033203125,250.09860229492188,-1,-1,-1,-1
80,9,211.98806762695312,341.1136474609375,135.86026000976562,250.87939453125,-1,-1,-1,-1
81,9,257.0997619628906,398.972412109375,133.68215942382812,236.8255615234375,-1,-1,-1,-1
82,9,277.9992370605469,440.08050537109375,135.61166381835938,235.3643798828125,-1,-1,-1,-1
83,9,297.78314208984375,456.80767822265625,136.01217651367188,228.49151611328125,-1,-1,-1,-1
84,9,324.9828796386719,437.2985534667969,135.50408935546875,234.21859741210938,-1,-1,-1,-1
85,9,370.4581604003906,433.79150390625,133.62933349609375,229.07733154296875,-1,-1,-1,-1
86,9,443.4643249511719,430.10662841796875,117.76742553710938,223.3570556640625,-1,-1,-1,-1
87,9,523.5983276367188,429.9978942871094,99.91650390625,221.48287963867188,-1,-1,-1,-1
88,9,590.196533203125,430.39154052734375,100.81292724609375,218.39105224609375,-1,-1,-1,-1
89,9,645.4036254882812,434.9198303222656,98.08551025390625,217.92831420898438,-1,-1,-1,-1
90,9,704.6712646484375,452.8524475097656,107.42254638671875,222.41488647460938,-1,-1,-1,-1
91,9,763.9375,490.5765380859375,97.27099609375,207.41424560546875,-1,-1,-1,-1
92,9,828.0653686523438,511.6059265136719,104.27655029296875,209.96487426757812,-1,-1,-1,-1
93,9,879.3463745117188,535.744140625,111.96661376953125,210.2498779296875,-1,-1,-1,-1
94,9,895.9228515625,547.669189453125,136.734375,253.1561279296875,-1,-1,-1,-1
97,9,862.3538818359375,550.7626953125,148.8043212890625,258.93182373046875,-1,-1,-1,-1
98,9,847.7237548828125,590.332275390625,127.5712890625,188.51275634765625,-1,-1,-1,-1
99,9,861.2498168945312,586.3139038085938,86.24462890625,198.41876220703125,-1,-1,-1,-1
100,9,841.8531494140625,585.8359985351562,85.9166259765625,196.2191162109375,-1,-1,-1,-1
101,9,833.1375122070312,582.8887329101562,81.97796630859375,196.70281982421875,-1,-1,-1,-1
102,9,823.7013549804688,584.0751342773438,81.69647216796875,194.4449462890625,-1,-1,-1,-1
103,9,813.2493896484375,590.3157348632812,84.5142822265625,191.05914306640625,-1,-1,-1,-1
104,9,811.9826049804688,593.4486694335938,85.72900390625,188.84368896484375,-1,-1,-1,-1
105,9,829.8140869140625,597.7510986328125,86.7803955078125,191.0440673828125,-1,-1,-1,-1
106,9,866.7504272460938,602.47216796875,90.051025390625,192.67138671875,-1,-1,-1,-1
107,9,914.8541870117188,613.493408203125,91.50360107421875,193.5657958984375,-1,-1,-1,-1
108,9,963.7448120117188,617.4929809570312,96.47247314453125,199.78973388671875,-1,-1,-1,-1
109,9,1009.6965942382812,622.566162109375,103.41229248046875,201.57373046875,-1,-1,-1,-1
110,9,1065.69921875,627.8456420898438,110.8648681640625,209.24871826171875,-1,-1,-1,-1
111,9,1115.9139404296875,631.7505493164062,117.0965576171875,217.48779296875,-1,-1,-1,-1
112,9,1144.6566162109375,637.5175170898438,122.83203125,222.748291015625,-1,-1,-1,-1
113,9,1147.234619140625,644.2073364257812,127.8353271484375,227.96429443359375,-1,-1,-1,-1
114,9,1134.18896484375,645.7446899414062,131.172119140625,231.59246826171875,-1,-1,-1,-1
115,9,1108.4305419921875,647.4752197265625,134.6865234375,225.448974609375,-1,-1,-1,-1
116,9,1081.9705810546875,646.5694580078125,134.81103515625,215.53021240234375,-1,-1,-1,-1
117,9,1060.0059814453125,642.4564208984375,133.44482421875,210.6923828125,-1,-1,-1,-1
118,9,1048.791259765625,641.6613159179688,136.45703125,206.33538818359375,-1,-1,-1,-1
119,9,1060.0455322265625,632.1943359375,125.2381591796875,211.01611328125,-1,-1,-1,-1
120,9,1077.755859375,630.4633178710938,113.768310546875,211.168212890625,-1,-1,-1,-1
121,9,1090.3475341796875,637.3040161132812,100.047607421875,202.52020263671875,-1,-1,-1,-1
122,9,1075.309326171875,626.4296264648438,101.061767578125,211.27813720703125,-1,-1,-1,-1
123,9,1054.2867431640625,626.900634765625,106.47265625,208.69915771484375,-1,-1,-1,-1
124,9,1045.455322265625,615.2637329101562,108.8359375,218.81805419921875,-1,-1,-1,-1
125,9,1037.66162109375,608.6217651367188,114.33154296875,220.6522216796875,-1,-1,-1,-1
126,9,1035.232421875,604.5728149414062,118.00830078125,219.80780029296875,-1,-1,-1,-1
127,9,1036.94287109375,603.5620727539062,117.1253662109375,218.88165283203125,-1,-1,-1,-1
128,9,1041.688720703125,608.2041015625,105.6109619140625,218.59136962890625,-1,-1,-1,-1
129,9,1044.978515625,605.0537109375,98.526123046875,222.11614990234375,-1,-1,-1,-1
130,9,1049.718505859375,608.083984375,89.2265625,216.653076171875,-1,-1,-1,-1
131,9,1052.300048828125,607.3009033203125,84.1588134765625,217.4827880859375,-1,-1,-1,-1
132,9,1046.8704833984375,608.1422119140625,85.291259765625,220.66644287109375,-1,-1,-1,-1
133,9,1036.626708984375,607.5571899414062,87.3568115234375,224.649169921875,-1,-1,-1,-1
134,9,1028.903564453125,601.8948974609375,89.16796875,232.16094970703125,-1,-1,-1,-1
135,9,1021.8632202148438,600.1505126953125,94.17877197265625,228.96185302734375,-1,-1,-1,-1
136,9,1017.3609008789062,587.5218505859375,99.05084228515625,229.4068603515625,-1,-1,-1,-1
137,9,1015.84716796875,562.0836181640625,102.552490234375,230.69024658203125,-1,-1,-1,-1
138,9,1018.8113403320312,532.2398681640625,114.26043701171875,233.791748046875,-1,-1,-1,-1
139,9,1024.3773193359375,505.0456848144531,121.2900390625,235.63833618164062,-1,-1,-1,-1
140,9,1031.101806640625,484.615966796875,121.873291015625,235.29022216796875,-1,-1,-1,-1
141,9,1028.2144775390625,470.798828125,126.9373779296875,236.9632568359375,-1,-1,-1,-1
142,9,1018.2073364257812,459.8312683105469,131.80291748046875,237.01107788085938,-1,-1,-1,-1
143,9,1005.1151733398438,447.22808837890625,134.14923095703125,236.20855712890625,-1,-1,-1,-1
144,9,981.1719970703125,418.8586730957031,132.9267578125,237.43728637695312,-1,-1,-1,-1
145,9,950.7915649414062,393.261962890625,131.85626220703125,239.2894287109375,-1,-1,-1,-1
146,9,898.0249633789062,361.04913330078125,126.59124755859375,237.04150390625,-1,-1,-1,-1
147,9,851.1488037109375,318.7283935546875,107.10882568359375,240.118408203125,-1,-1,-1,-1
148,9,786.1917724609375,299.60882568359375,118.12744140625,245.09893798828125,-1,-1,-1,-1
149,9,739.0686645507812,323.85467529296875,134.8292236328125,236.07073974609375,-1,-1,-1,-1
153,9,644.9799194335938,396.1982421875,88.8262939453125,219.91510009765625,-1,-1,-1,-1
154,9,613.0668334960938,439.93353271484375,114.11517333984375,210.84698486328125,-1,-1,-1,-1
155,9,616.599853515625,477.30645751953125,111.41046142578125,205.2647705078125,-1,-1,-1,-1
156,9,624.6334838867188,513.8859252929688,102.62109375,207.13262939453125,-1,-1,-1,-1
157,9,635.2913208007812,554.3522338867188,97.82501220703125,195.6309814453125,-1,-1,-1,-1
158,9,646.724853515625,560.449462890625,94.70916748046875,202.67730712890625,-1,-1,-1,-1
159,9,660.79931640625,562.7472534179688,95.0240478515625,200.63385009765625,-1,-1,-1,-1
160,9,670.8638305664062,565.6978149414062,89.40838623046875,197.91070556640625,-1,-1,-1,-1
161,9,674.6578979492188,566.7489013671875,92.64691162109375,201.27154541015625,-1,-1,-1,-1
162,9,675.8209228515625,568.8845825195312,89.19000244140625,201.37921142578125,-1,-1,-1,-1
163,9,678.5193481445312,571.7631225585938,79.36810302734375,201.3531494140625,-1,-1,-1,-1
164,9,676.7749633789062,576.5223388671875,73.23931884765625,202.1163330078125,-1,-1,-1,-1
165,9,669.5716552734375,582.284423828125,70.6572265625,202.929443359375,-1,-1,-1,-1
166,9,656.8860473632812,592.470947265625,68.46405029296875,201.7430419921875,-1,-1,-1,-1
167,9,636.6116333007812,607.2528686523438,70.8284912109375,199.8197021484375,-1,-1,-1,-1
168,9,613.05322265625,624.0099487304688,80.5855712890625,195.74932861328125,-1,-1,-1,-1
169,9,599.7066040039062,631.7852172851562,89.1168212890625,195.135986328125,-1,-1,-1,-1
170,9,603.9432373046875,624.3990478515625,89.06182861328125,195.85443115234375,-1,-1,-1,-1
171,9,624.4669799804688,619.78759765625,83.1309814453125,185.935791015625,-1,-1,-1,-1
172,9,658.9517211914062,616.6492919921875,82.65057373046875,189.16265869140625,-1,-1,-1,-1
173,9,701.2416381835938,617.1787109375,84.20245361328125,195.68505859375,-1,-1,-1,-1
174,9,742.02783203125,626.0703125,72.7274169921875,193.498291015625,-1,-1,-1,-1
175,9,769.0554809570312,647.0990600585938,64.58685302734375,180.03717041015625,-1,-1,-1,-1
176,9,787.824462890625,657.8383178710938,66.8702392578125,168.92901611328125,-1,-1,-1,-1
177,9,789.5946655273438,670.484619140625,77.5028076171875,162.35919189453125,-1,-1,-1,-1
70,10,431.5652160644531,52.92921447753906,103.06338500976562,293.8868408203125,-1,-1,-1,-1
71,10,380.03472900390625,47.10199737548828,120.36224365234375,301.0710144042969,-1,-1,-1,-1
72,10,294.8583984375,107.63623809814453,126.27490234375,278.27264404296875,-1,-1,-1,-1
73,10,211.52638244628906,123.7599868774414,130.2973175048828,264.10540771484375,-1,-1,-1,-1
74,10,135.7403106689453,176.96051025390625,125.33845520019531,256.62554931640625,-1,-1,-1,-1
75,10,305.11578369140625,268.9137268066406,163.49722290039062,287.3194885253906,-1,-1,-1,-1
76,10,158.54248046875,240.581787109375,333.8861389160156,309.16961669921875,-1,-1,-1,-1
77,10,161.1018524169922,225.25537109375,319.99627685546875,323.7645263671875,-1,-1,-1,-1
78,10,212.312255859375,252.59317016601562,301.9356689453125,294.8995056152344,-1,-1,-1,-1
79,10,340.60198974609375,302.069091796875,232.54425048828125,231.0523681640625,-1,-1,-1,-1
80,10,434.3545837402344,348.316162109375,194.92575073242188,216.484130859375,-1,-1,-1,-1
81,10,475.5933837890625,395.71649169921875,185.4058837890625,217.3671875,-1,-1,-1,-1
82,10,480.09783935546875,428.6968688964844,195.654052734375,220.36679077148438,-1,-1,-1,-1
83,10,504.4640808105469,449.87957763671875,198.25100708007812,205.1890869140625,-1,-1,-1,-1
85,10,507.93609619140625,433.61541748046875,197.56756591796875,267.42657470703125,-1,-1,-1,-1
86,10,562.9801635742188,424.9546203613281,197.74407958984375,349.0747375488281,-1,-1,-1,-1
75,11,-0.2816274166107178,265.760498046875,74.9888916015625,286.7327880859375,-1,-1,-1,-1
76,11,-30.910179138183594,305.498779296875,85.80477905273438,302.2884521484375,-1,-1,-1,-1
77,11,-39.330650329589844,284.953369140625,100.75202941894531,353.57861328125,-1,-1,-1,-1
78,11,-81.18567657470703,372.292724609375,190.62635803222656,269.11737060546875,-1,-1,-1,-1
79,11,-9.569903373718262,376.2960205078125,228.58261108398438,324.81939697265625,-1,-1,-1,-1
80,11,11.89100456237793,404.5545654296875,289.1130065917969,310.55438232421875,-1,-1,-1,-1
81,11,19.917705535888672,445.4707946777344,304.2203369140625,308.6530456542969,-1,-1,-1,-1
82,11,27.620914459228516,485.15484619140625,289.9429016113281,306.82806396484375,-1,-1,-1,-1
83,11,35.29257583618164,483.87762451171875,257.9942932128906,311.10186767578125,-1,-1,-1,-1
84,11,55.75001525878906,460.8466796875,220.0148162841797,318.7100830078125,-1,-1,-1,-1
85,11,89.93790435791016,445.0595397949219,217.19082641601562,322.3677062988281,-1,-1,-1,-1
86,11,159.24159240722656,432.8169250488281,207.89601135253906,320.0851745605469,-1,-1,-1,-1
87,11,234.51153564453125,431.9639892578125,195.140625,313.04107666015625,-1,-1,-1,-1
88,11,297.4787902832031,432.9521789550781,193.14541625976562,306.7168884277344,-1,-1,-1,-1
89,11,335.5189514160156,455.53436279296875,195.54220581054688,294.2010498046875,-1,-1,-1,-1
90,11,379.3145751953125,489.959228515625,191.7237548828125,287.578369140625,-1,-1,-1,-1
91,11,441.6994934082031,521.2711791992188,186.89559936523438,275.87188720703125,-1,-1,-1,-1
92,11,509.6422424316406,544.9024047851562,180.57632446289062,259.6744384765625,-1,-1,-1,-1
93,11,560.100341796875,568.5064086914062,149.4066162109375,247.8858642578125,-1,-1,-1,-1
94,11,585.047607421875,562.6920166015625,136.36541748046875,271.06817626953125,-1,-1,-1,-1
95,11,592.5546875,587.5910034179688,137.77777099609375,252.7821044921875,-1,-1,-1,-1
96,11,575.7982177734375,592.081787109375,147.81781005859375,244.906005859375,-1,-1,-1,-1
97,11,518.3489379882812,589.1422119140625,175.84259033203125,238.7232666015625,-1,-1,-1,-1
98,11,451.7869873046875,592.8920288085938,203.549072265625,240.14947509765625,-1,-1,-1,-1
99,11,393.94732666015625,591.209716796875,222.47003173828125,245.227294921875,-1,-1,-1,-1
100,11,354.3577880859375,598.88720703125,224.906494140625,241.70550537109375,-1,-1,-1,-1
101,11,330.38885498046875,608.523681640625,203.989501953125,224.58038330078125,-1,-1,-1,-1
102,11,315.3634033203125,585.3546752929688,174.39761352539062,235.97247314453125,-1,-1,-1,-1
103,11,301.88885498046875,579.6292724609375,163.24343872070312,237.85186767578125,-1,-1,-1,-1
104,11,301.8465576171875,583.05517578125,158.21533203125,228.82232666015625,-1,-1,-1,-1
105,11,322.3297119140625,577.2044067382812,131.9005126953125,233.85284423828125,-1,-1,-1,-1
106,11,358.8680419921875,569.3098754882812,116.70553588867188,242.97503662109375,-1,-1,-1,-1
107,11,401.27239990234375,570.8414306640625,126.3310546875,240.08203125,-1,-1,-1,-1
108,11,432.9707946777344,568.0173950195312,127.71463012695312,236.912841796875,-1,-1,-1,-1
109,11,457.80694580078125,578.3617553710938,134.343505859375,226.3094482421875,-1,-1,-1,-1
110,11,486.48675537109375,587.8836059570312,142.30560302734375,217.46868896484375,-1,-1,-1,-1
111,11,511.51531982421875,597.5234375,145.31005859375,213.75177001953125,-1,-1,-1,-1
112,11,531.937255859375,605.082275390625,139.07830810546875,211.01416015625,-1,-1,-1,-1
113,11,532.3797607421875,627.9563598632812,132.6717529296875,192.07159423828125,-1,-1,-1,-1
114,11,519.1163330078125,640.7626953125,133.11737060546875,181.3558349609375,-1,-1,-1,-1
115,11,494.5141296386719,645.0247192382812,133.31942749023438,176.17913818359375,-1,-1,-1,-1
116,11,467.87322998046875,650.5479125976562,130.28564453125,169.2681884765625,-1,-1,-1,-1
117,11,444.20672607421875,650.5618896484375,135.85699462890625,172.30865478515625,-1,-1,-1,-1
118,11,432.19696044921875,646.3640747070312,143.3409423828125,180.43157958984375,-1,-1,-1,-1
119,11,429.02032470703125,640.173828125,158.3851318359375,186.8917236328125,-1,-1,-1,-1
120,11,428.4667663574219,644.7647705078125,181.15908813476562,179.59271240234375,-1,-1,-1,-1
121,11,434.4357604980469,640.1851806640625,174.73348999023438,173.38104248046875,-1,-1,-1,-1
122,11,438.6527404785156,635.53955078125,182.18765258789062,168.281494140625,-1,-1,-1,-1
123,11,456.67242431640625,620.7827758789062,178.350341796875,182.019287109375,-1,-1,-1,-1
124,11,461.5813293457031,622.9646606445312,170.06051635742188,182.41961669921875,-1,-1,-1,-1
125,11,458.8562927246094,627.8803100585938,157.34927368164062,176.08746337890625,-1,-1,-1,-1
126,11,469.7118835449219,611.2263793945312,173.83743286132812,190.20355224609375,-1,-1,-1,-1
127,11,480.60662841796875,611.6721801757812,178.66717529296875,184.97955322265625,-1,-1,-1,-1
128,11,496.2504577636719,616.39990234375,200.79580688476562,180.2958984375,-1,-1,-1,-1
129,11,554.1867065429688,613.6197509765625,117.499267578125,188.2762451171875,-1,-1,-1,-1
130,11,551.6752319335938,614.177734375,106.97515869140625,187.08221435546875,-1,-1,-1,-1
131,11,550.2815551757812,604.3390502929688,122.8448486328125,195.58416748046875,-1,-1,-1,-1
132,11,553.4736328125,594.6727905273438,155.474853515625,215.98480224609375,-1,-1,-1,-1
133,11,562.1212768554688,599.6178588867188,151.59136962890625,252.60791015625,-1,-1,-1,-1
134,11,557.9148559570312,614.9583740234375,151.91937255859375,246.81231689453125,-1,-1,-1,-1
135,11,559.64697265625,601.994140625,161.353515625,269.63629150390625,-1,-1,-1,-1
136,11,566.254638671875,588.6800537109375,160.50848388671875,279.59228515625,-1,-1,-1,-1
137,11,586.4749145507812,563.4945068359375,151.74957275390625,290.73089599609375,-1,-1,-1,-1
138,11,595.9491577148438,534.35791015625,159.66864013671875,298.8013916015625,-1,-1,-1,-1
139,11,594.9863891601562,537.5548706054688,178.72021484375,296.88714599609375,-1,-1,-1,-1
140,11,594.630126953125,512.5641174316406,199.12274169921875,310.2321472167969,-1,-1,-1,-1
141,11,646.9681396484375,476.8609619140625,107.400146484375,250.618896484375,-1,-1,-1,-1
142,11,664.2882080078125,474.3179931640625,91.88861083984375,200.70111083984375,-1,-1,-1,-1
143,11,670.7250366210938,463.7935485839844,83.49395751953125,169.74630737304688,-1,-1,-1,-1
144,11,667.2698974609375,438.3937072753906,77.765869140625,189.58187866210938,-1,-1,-1,-1
145,11,652.856201171875,433.8365173339844,95.41766357421875,194.31454467773438,-1,-1,-1,-1
146,11,596.9419555664062,370.81744384765625,97.4351806640625,211.32220458984375,-1,-1,-1,-1
147,11,535.4456787109375,321.4646301269531,97.49566650390625,230.92538452148438,-1,-1,-1,-1
148,11,490.6480407714844,305.84613037109375,101.19839477539062,228.46759033203125,-1,-1,-1,-1
149,11,452.79449462890625,293.2599792480469,108.96856689453125,231.60269165039062,-1,-1,-1,-1
150,11,418.47137451171875,305.1966857910156,108.46612548828125,229.94729614257812,-1,-1,-1,-1
151,11,389.56402587890625,314.8443908691406,104.12600708007812,231.46560668945312,-1,-1,-1,-1
152,11,371.0013427734375,338.2217712402344,96.20516967773438,227.96054077148438,-1,-1,-1,-1
153,11,362.4841003417969,377.072021484375,96.17745971679688,228.08135986328125,-1,-1,-1,-1
154,11,362.26849365234375,412.665283203125,102.8377685546875,225.22723388671875,-1,-1,-1,-1
155,11,364.04119873046875,450.2544860839844,102.50115966796875,220.91323852539062,-1,-1,-1,-1
156,11,364.4207763671875,487.8969421386719,105.47097778320312,218.11856079101562,-1,-1,-1,-1
157,11,373.9609069824219,519.9528198242188,109.31463623046875,216.595458984375,-1,-1,-1,-1
158,11,384.8533935546875,537.8443603515625,116.25210571289062,216.44573974609375,-1,-1,-1,-1
159,11,392.69390869140625,542.6759033203125,120.781005859375,217.20416259765625,-1,-1,-1,-1
160,11,399.1387939453125,549.0010375976562,120.5986328125,216.7369384765625,-1,-1,-1,-1
161,11,400.8971862792969,555.0162963867188,121.01345825195312,217.42999267578125,-1,-1,-1,-1
162,11,405.22601318359375,560.3836669921875,118.81048583984375,218.656982421875,-1,-1,-1,-1
163,11,405.9479064941406,580.1354370117188,119.34976196289062,204.90386962890625,-1,-1,-1,-1
164,11,408.89593505859375,574.9571533203125,111.2725830078125,216.4102783203125,-1,-1,-1,-1
165,11,407.798583984375,580.0963745117188,105.08096313476562,218.64532470703125,-1,-1,-1,-1
166,11,399.8487854003906,589.1254272460938,100.37689208984375,218.07611083984375,-1,-1,-1,-1
167,11,380.2066955566406,600.2214965820312,103.91409301757812,225.19873046875,-1,-1,-1,-1
168,11,363.1372375488281,612.5220336914062,107.11013793945312,233.09619140625,-1,-1,-1,-1
169,11,358.6785583496094,616.9107666015625,105.7996826171875,237.643798828125,-1,-1,-1,-1
170,11,361.819091796875,615.251220703125,106.86550903320312,233.30615234375,-1,-1,-1,-1
171,11,378.8948059082031,605.86572265625,105.02725219726562,229.85205078125,-1,-1,-1,-1
172,11,415.8658752441406,606.0291748046875,106.43313598632812,226.83294677734375,-1,-1,-1,-1
173,11,463.0572509765625,613.3890380859375,104.43115234375,221.77813720703125,-1,-1,-1,-1
174,11,502.78973388671875,618.1560668945312,103.19866943359375,220.94036865234375,-1,-1,-1,-1
175,11,527.486083984375,623.9779663085938,102.83587646484375,221.20391845703125,-1,-1,-1,-1
176,11,534.8411865234375,629.48291015625,106.9720458984375,221.968994140625,-1,-1,-1,-1
177,11,530.4393310546875,632.227294921875,119.104736328125,223.94354248046875,-1,-1,-1,-1
178,11,520.9510498046875,631.3392944335938,129.3756103515625,227.5294189453125,-1,-1,-1,-1
179,11,510.0066833496094,635.1688842773438,135.49752807617188,227.49420166015625,-1,-1,-1,-1
180,11,498.3472900390625,646.0026245117188,125.42657470703125,227.17578125,-1,-1,-1,-1
181,11,474.844482421875,654.6157836914062,122.4281005859375,227.79595947265625,-1,-1,-1,-1
182,11,455.4249572753906,655.5947265625,121.90744018554688,229.6348876953125,-1,-1,-1,-1
183,11,444.01519775390625,653.788330078125,124.0537109375,231.1580810546875,-1,-1,-1,-1
184,11,438.0909729003906,644.974853515625,125.88851928710938,231.73980712890625,-1,-1,-1,-1
185,11,439.5581970214844,630.08740234375,127.24227905273438,228.84600830078125,-1,-1,-1,-1
186,11,440.4608459472656,623.324951171875,117.77816772460938,228.53900146484375,-1,-1,-1,-1
187,11,440.4276123046875,628.1633911132812,106.97735595703125,231.24200439453125,-1,-1,-1,-1
188,11,435.6396484375,635.7894897460938,101.983642578125,232.43206787109375,-1,-1,-1,-1
189,11,427.9207458496094,639.2178955078125,96.47268676757812,231.36431884765625,-1,-1,-1,-1
190,11,415.9559020996094,638.8804321289062,96.18423461914062,231.0704345703125,-1,-1,-1,-1
191,11,411.1548767089844,626.0537109375,93.78591918945312,234.3990478515625,-1,-1,-1,-1
192,11,410.097412109375,618.736572265625,98.60140991210938,229.88653564453125,-1,-1,-1,-1
193,11,414.00775146484375,616.3763427734375,105.88153076171875,229.542236328125,-1,-1,-1,-1
194,11,428.6326904296875,627.2620849609375,112.70068359375,216.173828125,-1,-1,-1,-1
195,11,457.0249938964844,628.1065063476562,116.27737426757812,220.20794677734375,-1,-1,-1,-1
196,11,490.5286865234375,639.06787109375,114.31982421875,210.409912109375,-1,-1,-1,-1
197,11,521.3124389648438,635.9611206054688,108.9024658203125,208.66864013671875,-1,-1,-1,-1
198,11,541.9252319335938,640.576171875,106.37664794921875,199.46795654296875,-1,-1,-1,-1
199,11,550.8795776367188,633.5933837890625,101.4405517578125,199.3946533203125,-1,-1,-1,-1
200,11,550.9751586914062,629.4996337890625,96.73126220703125,196.7518310546875,-1,-1,-1,-1
201,11,551.3264770507812,631.22900390625,93.68756103515625,190.6693115234375,-1,-1,-1,-1
202,11,545.02392578125,630.6050415039062,100.49169921875,194.92657470703125,-1,-1,-1,-1
203,11,539.5153198242188,631.367919921875,109.2181396484375,194.14337158203125,-1,-1,-1,-1
204,11,533.8020629882812,629.0430908203125,118.07489013671875,194.9193115234375,-1,-1,-1,-1
205,11,530.2724609375,631.3580322265625,127.9012451171875,191.993896484375,-1,-1,-1,-1
206,11,528.17333984375,626.0519409179688,129.63201904296875,192.90936279296875,-1,-1,-1,-1
207,11,527.2758178710938,616.2125244140625,131.575927734375,191.21856689453125,-1,-1,-1,-1
208,11,528.0828247070312,598.5145263671875,134.2073974609375,203.82177734375,-1,-1,-1,-1
209,11,538.4417724609375,595.694580078125,127.95379638671875,196.357666015625,-1,-1,-1,-1
210,11,543.5032958984375,590.2933349609375,125.42236328125,196.4178466796875,-1,-1,-1,-1
211,11,534.5462036132812,585.5648193359375,122.0555419921875,195.724853515625,-1,-1,-1,-1
212,11,510.6966857910156,584.3531494140625,119.78134155273438,193.44366455078125,-1,-1,-1,-1
213,11,487.0929260253906,577.702880859375,118.87789916992188,197.3701171875,-1,-1,-1,-1
214,11,467.283203125,563.4959716796875,120.7606201171875,214.7232666015625,-1,-1,-1,-1
215,11,455.36114501953125,569.8583984375,118.73492431640625,207.695068359375,-1,-1,-1,-1
216,11,448.0483093261719,575.844482421875,118.73226928710938,201.15966796875,-1,-1,-1,-1
217,11,451.0251770019531,572.7215576171875,114.81216430664062,207.198974609375,-1,-1,-1,-1
218,11,456.9573059082031,570.8768310546875,109.84976196289062,205.752197265625,-1,-1,-1,-1
219,11,463.92669677734375,557.8006591796875,106.70513916015625,208.5828857421875,-1,-1,-1,-1
220,11,468.3326110839844,543.1983642578125,105.95529174804688,213.500732421875,-1,-1,-1,-1
221,11,471.12200927734375,538.1358032226562,104.460205078125,208.0682373046875,-1,-1,-1,-1
222,11,482.4739074707031,536.12158203125,96.92001342773438,208.92987060546875,-1,-1,-1,-1
223,11,495.6790771484375,539.4892578125,92.43634033203125,211.85736083984375,-1,-1,-1,-1
224,11,515.6888427734375,551.1373901367188,91.81781005859375,212.68023681640625,-1,-1,-1,-1
225,11,537.9251708984375,568.0797729492188,90.66790771484375,208.6463623046875,-1,-1,-1,-1
226,11,559.0914306640625,579.7547607421875,90.3087158203125,209.1700439453125,-1,-1,-1,-1
227,11,565.0556030273438,588.6702270507812,97.3134765625,210.7664794921875,-1,-1,-1,-1
228,11,554.5643310546875,589.6070556640625,106.24139404296875,210.3984375,-1,-1,-1,-1
229,11,538.5550537109375,585.6849975585938,112.78619384765625,214.97735595703125,-1,-1,-1,-1
230,11,527.65966796875,593.88623046875,116.515869140625,207.26092529296875,-1,-1,-1,-1
231,11,527.041259765625,592.8745727539062,118.54266357421875,208.0875244140625,-1,-1,-1,-1
232,11,525.3104858398438,589.9552001953125,125.75372314453125,207.13897705078125,-1,-1,-1,-1
233,11,514.3587036132812,583.6941528320312,132.91204833984375,209.98016357421875,-1,-1,-1,-1
234,11,490.5154113769531,580.7412719726562,132.08547973632812,213.77935791015625,-1,-1,-1,-1
235,11,465.83349609375,584.5214233398438,130.8638916015625,217.0618896484375,-1,-1,-1,-1
236,11,441.7009582519531,583.0142211914062,127.98703002929688,220.64208984375,-1,-1,-1,-1
237,11,414.5523986816406,572.0750732421875,127.81607055664062,224.118408203125,-1,-1,-1,-1
238,11,378.5397644042969,555.3611450195312,118.433349609375,234.95068359375,-1,-1,-1,-1
239,11,329.9941101074219,531.7095336914062,113.66201782226562,246.51177978515625,-1,-1,-1,-1
240,11,289.1322937011719,512.6473388671875,113.58309936523438,253.71319580078125,-1,-1,-1,-1
241,11,264.7774353027344,496.9403076171875,123.26895141601562,256.2152099609375,-1,-1,-1,-1
242,11,253.804443359375,477.75640869140625,124.34625244140625,259.65216064453125,-1,-1,-1,-1
243,11,234.51943969726562,455.1226501464844,126.17092895507812,263.0148620605469,-1,-1,-1,-1
244,11,224.04396057128906,447.8326110839844,125.65364074707031,262.7831726074219,-1,-1,-1,-1
245,11,220.76300048828125,435.51995849609375,130.28225708007812,264.946533203125,-1,-1,-1,-1
246,11,228.71875,430.0636901855469,132.36581420898438,256.1584167480469,-1,-1,-1,-1
247,11,257.22686767578125,430.5242614746094,143.84414672851562,252.25473022460938,-1,-1,-1,-1
248,11,302.38116455078125,459.7536315917969,152.4654541015625,238.59378051757812,-1,-1,-1,-1
249,11,345.1744079589844,491.619384765625,156.33395385742188,229.22613525390625,-1,-1,-1,-1
250,11,380.55560302734375,506.17913818359375,163.6224365234375,232.59991455078125,-1,-1,-1,-1
251,11,424.62335205078125,512.0580444335938,161.65167236328125,233.0931396484375,-1,-1,-1,-1
252,11,479.61566162109375,509.1461181640625,137.88372802734375,234.88323974609375,-1,-1,-1,-1
253,11,518.6761474609375,503.31524658203125,104.086181640625,234.85888671875,-1,-1,-1,-1
254,11,526.2249145507812,491.8131408691406,89.0579833984375,238.51010131835938,-1,-1,-1,-1
255,11,519.5158081054688,487.39935302734375,95.03924560546875,234.90679931640625,-1,-1,-1,-1
256,11,514.8689575195312,484.119140625,102.90069580078125,235.0682373046875,-1,-1,-1,-1
257,11,518.1262817382812,485.9597473144531,105.08709716796875,233.48922729492188,-1,-1,-1,-1
258,11,522.9288330078125,491.50531005859375,92.7674560546875,228.66387939453125,-1,-1,-1,-1
259,11,531.6829833984375,485.2149658203125,96.7552490234375,232.415771484375,-1,-1,-1,-1
260,11,539.5048828125,481.01019287109375,99.47454833984375,233.30828857421875,-1,-1,-1,-1
261,11,540.5831298828125,478.4150695800781,106.1966552734375,234.48446655273438,-1,-1,-1,-1
262,11,530.0531005859375,469.66571044921875,116.8388671875,235.827880859375,-1,-1,-1,-1
263,11,520.2471923828125,464.6797790527344,134.6541748046875,314.5927429199219,-1,-1,-1,-1
212,12,809.746337890625,627.1730346679688,105.14984130859375,191.1251220703125,-1,-1,-1,-1
213,12,808.5311279296875,633.6515502929688,84.45233154296875,181.27728271484375,-1,-1,-1,-1
214,12,802.24267578125,637.1936645507812,75.5106201171875,162.65618896484375,-1,-1,-1,-1
215,12,784.0134887695312,640.2171020507812,84.9990234375,155.638427734375,-1,-1,-1,-1
216,12,776.4733276367188,638.4614868164062,90.28436279296875,168.0634765625,-1,-1,-1,-1
217,12,793.8146362304688,641.1040649414062,76.72955322265625,167.0621337890625,-1,-1,-1,-1
218,12,761.1968383789062,632.4375,112.7554931640625,199.8248291015625,-1,-1,-1,-1
219,12,774.5407104492188,624.7696533203125,108.702880859375,194.1898193359375,-1,-1,-1,-1
220,12,804.8287353515625,612.2554321289062,85.284912109375,192.18499755859375,-1,-1,-1,-1
221,12,809.0139770507812,588.8824462890625,89.55157470703125,198.8704833984375,-1,-1,-1,-1
222,12,817.0224609375,586.1268920898438,87.70672607421875,191.53656005859375,-1,-1,-1,-1
223,12,828.9567260742188,588.784912109375,89.4825439453125,193.52093505859375,-1,-1,-1,-1
224,12,852.306640625,596.0169067382812,89.81787109375,197.54193115234375,-1,-1,-1,-1
225,12,876.0662231445312,616.1015014648438,92.92913818359375,191.1129150390625,-1,-1,-1,-1
226,12,900.6541748046875,623.2628784179688,93.99951171875,200.14031982421875,-1,-1,-1,-1
227,12,919.3460693359375,628.0223388671875,93.7532958984375,205.77764892578125,-1,-1,-1,-1
228,12,920.6529541015625,632.3533325195312,94.7681884765625,202.484619140625,-1,-1,-1,-1
229,12,910.8948364257812,628.7318725585938,98.2960205078125,204.73272705078125,-1,-1,-1,-1
230,12,908.550048828125,625.498291015625,100.13275146484375,209.1534423828125,-1,-1,-1,-1
231,12,916.8388061523438,622.1238403320312,100.2359619140625,208.70599365234375,-1,-1,-1,-1
232,12,922.853515625,615.0079345703125,103.2320556640625,206.6044921875,-1,-1,-1,-1
233,12,918.9369506835938,611.9874877929688,109.09210205078125,197.54486083984375,-1,-1,-1,-1
234,12,895.9612426757812,597.1463623046875,114.250732421875,201.24951171875,-1,-1,-1,-1
235,12,874.8997802734375,589.8702392578125,116.59820556640625,199.26641845703125,-1,-1,-1,-1
236,12,853.4915161132812,584.10009765625,121.57080078125,196.75634765625,-1,-1,-1,-1
237,12,832.8231201171875,576.0763549804688,121.53271484375,192.806884765625,-1,-1,-1,-1
238,12,800.7440185546875,563.21435546875,123.99908447265625,190.74188232421875,-1,-1,-1,-1
239,12,763.7379150390625,552.9213256835938,125.1380615234375,185.33917236328125,-1,-1,-1,-1
240,12,740.9320068359375,539.3861694335938,122.5477294921875,188.45697021484375,-1,-1,-1,-1
241,12,734.2501220703125,526.7211303710938,116.0111083984375,186.5439453125,-1,-1,-1,-1
242,12,738.0431518554688,510.46075439453125,111.7113037109375,192.707275390625,-1,-1,-1,-1
243,12,739.1688842773438,485.76885986328125,103.53839111328125,198.16943359375,-1,-1,-1,-1
244,12,734.7654418945312,475.38641357421875,103.140380859375,202.80120849609375,-1,-1,-1,-1
245,12,737.3500366210938,458.4947509765625,104.6778564453125,210.96728515625,-1,-1,-1,-1
246,12,743.868408203125,440.3846740722656,106.7061767578125,214.51162719726562,-1,-1,-1,-1
247,12,770.48095703125,431.68304443359375,109.9365234375,214.4649658203125,-1,-1,-1,-1
248,12,810.5851440429688,443.0035400390625,112.439453125,214.720703125,-1,-1,-1,-1
249,12,844.6401977539062,458.1485900878906,117.4617919921875,217.29129028320312,-1,-1,-1,-1
250,12,876.461669921875,473.39886474609375,120.719482421875,218.35382080078125,-1,-1,-1,-1
251,12,920.934326171875,477.98223876953125,116.3944091796875,222.39788818359375,-1,-1,-1,-1
252,12,959.1563720703125,475.1172180175781,118.340576171875,229.42916870117188,-1,-1,-1,-1
253,12,984.0540771484375,465.46246337890625,116.2532958984375,237.26763916015625,-1,-1,-1,-1
254,12,986.5822143554688,456.3536071777344,123.63092041015625,244.28628540039062,-1,-1,-1,-1
255,12,977.7510375976562,452.14569091796875,131.97454833984375,245.2735595703125,-1,-1,-1,-1
256,12,969.8280029296875,448.74700927734375,137.0140380859375,244.25042724609375,-1,-1,-1,-1
257,12,965.1583251953125,446.99951171875,143.3240966796875,242.58013916015625,-1,-1,-1,-1
258,12,965.796142578125,443.8074951171875,149.7144775390625,243.21356201171875,-1,-1,-1,-1
259,12,975.5072631835938,435.94140625,146.76287841796875,247.48504638671875,-1,-1,-1,-1
260,12,989.4169311523438,431.81793212890625,130.79583740234375,247.92901611328125,-1,-1,-1,-1
261,12,997.0678100585938,423.702880859375,121.34454345703125,253.71173095703125,-1,-1,-1,-1
262,12,992.2324829101562,417.67041015625,117.14129638671875,253.6025390625,-1,-1,-1,-1
263,12,978.8519287109375,418.08062744140625,111.6148681640625,253.186767578125,-1,-1,-1,-1
264,12,962.9044189453125,425.1441650390625,106.1365966796875,250.6451416015625,-1,-1,-1,-1
265,12,948.8469848632812,434.362548828125,104.51873779296875,248.457763671875,-1,-1,-1,-1
266,12,937.0396728515625,436.6419372558594,106.6683349609375,248.26998901367188,-1,-1,-1,-1
267,12,932.630615234375,432.38714599609375,105.9327392578125,249.34161376953125,-1,-1,-1,-1
268,12,929.2689208984375,429.0481872558594,106.959716796875,248.96029663085938,-1,-1,-1,-1
269,12,926.6629638671875,430.70538330078125,106.759521484375,248.96307373046875,-1,-1,-1,-1
270,12,930.8141479492188,442.007568359375,104.34722900390625,248.06646728515625,-1,-1,-1,-1
271,12,943.2032470703125,455.582763671875,104.0194091796875,247.82208251953125,-1,-1,-1,-1
272,12,956.6614379882812,459.7973937988281,108.95941162109375,250.47280883789062,-1,-1,-1,-1
273,12,951.6367797851562,467.4432678222656,111.02410888671875,250.63839721679688,-1,-1,-1,-1
274,12,902.37060546875,475.6368103027344,113.367919921875,249.01156616210938,-1,-1,-1,-1
275,12,823.5570068359375,497.24102783203125,115.31414794921875,241.61163330078125,-1,-1,-1,-1
276,12,754.5682373046875,523.1773681640625,116.6463623046875,236.0743408203125,-1,-1,-1,-1
277,12,715.8621826171875,541.5014038085938,127.6019287109375,232.585205078125,-1,-1,-1,-1
278,12,704.57177734375,547.310791015625,131.94378662109375,232.43182373046875,-1,-1,-1,-1
279,12,706.7973022460938,546.0830078125,139.40435791015625,231.16839599609375,-1,-1,-1,-1
280,12,722.31982421875,554.1988525390625,148.7242431640625,227.3914794921875,-1,-1,-1,-1
281,12,748.5018920898438,573.7439575195312,152.82037353515625,228.77569580078125,-1,-1,-1,-1
282,12,785.3490600585938,597.7372436523438,159.05364990234375,227.495849609375,-1,-1,-1,-1
283,12,844.6498413085938,618.6997680664062,153.37457275390625,232.63800048828125,-1,-1,-1,-1
284,12,903.5736083984375,623.3900146484375,145.334228515625,241.4034423828125,-1,-1,-1,-1
285,12,944.1145629882812,624.719482421875,139.75531005859375,245.3492431640625,-1,-1,-1,-1
286,12,969.7855834960938,621.4144897460938,135.95660400390625,255.8482666015625,-1,-1,-1,-1
287,12,984.075927734375,618.2985229492188,131.7977294921875,265.91363525390625,-1,-1,-1,-1
288,12,992.3340454101562,621.8236083984375,132.56793212890625,271.38299560546875,-1,-1,-1,-1
289,12,1000.9188842773438,626.1258544921875,129.64996337890625,272.2755126953125,-1,-1,-1,-1
290,12,1006.03662109375,627.2468872070312,128.5352783203125,270.54913330078125,-1,-1,-1,-1
291,12,1011.536376953125,618.666015625,128.889404296875,273.7547607421875,-1,-1,-1,-1
292,12,1018.7009887695312,604.2009887695312,131.03118896484375,273.8687744140625,-1,-1,-1,-1
293,12,1037.18017578125,584.0661010742188,132.0869140625,278.681884765625,-1,-1,-1,-1
294,12,1046.397705078125,574.244384765625,130.4384765625,286.72039794921875,-1,-1,-1,-1
295,12,1046.3057861328125,565.751220703125,134.47509765625,298.9501953125,-1,-1,-1,-1
296,12,1044.937744140625,558.7178344726562,140.7091064453125,312.57177734375,-1,-1,-1,-1
297,12,1039.55712890625,551.4169311523438,153.6612548828125,318.6805419921875,-1,-1,-1,-1
298,12,1032.3602294921875,544.2421875,155.489013671875,316.08636474609375,-1,-1,-1,-1
299,12,1025.8956298828125,530.1749877929688,160.648193359375,313.55645751953125,-1,-1,-1,-1
300,12,1017.4653930664062,518.8065185546875,167.98077392578125,309.34942626953125,-1,-1,-1,-1
301,12,1007.1762084960938,505.525634765625,174.03314208984375,307.64898681640625,-1,-1,-1,-1
302,12,989.3997802734375,489.7388610839844,172.428466796875,307.8216857910156,-1,-1,-1,-1
303,12,952.6343383789062,475.69775390625,163.92413330078125,304.10711669921875,-1,-1,-1,-1
304,12,922.310791015625,488.3872375488281,160.6353759765625,299.9639587402344,-1,-1,-1,-1
305,12,872.9681396484375,500.7463684082031,153.517333984375,294.1153259277344,-1,-1,-1,-1
306,12,836.3546142578125,515.3279418945312,151.4661865234375,289.54486083984375,-1,-1,-1,-1
307,12,820.7132568359375,531.41357421875,148.17938232421875,286.194580078125,-1,-1,-1,-1
308,12,828.9297485351562,542.3231811523438,146.77398681640625,286.69268798828125,-1,-1,-1,-1
309,12,863.4737548828125,547.1195068359375,146.06201171875,292.50390625,-1,-1,-1,-1
310,12,904.7145385742188,554.240234375,147.98736572265625,296.942626953125,-1,-1,-1,-1
311,12,946.4224243164062,558.1768798828125,147.52215576171875,303.8267822265625,-1,-1,-1,-1
312,12,983.284423828125,547.5216674804688,145.554931640625,310.391845703125,-1,-1,-1,-1
313,12,1005.1942138671875,522.4119873046875,142.8536376953125,318.890869140625,-1,-1,-1,-1
314,12,1009.7035522460938,502.12237548828125,144.24578857421875,319.17254638671875,-1,-1,-1,-1
315,12,1016.1925048828125,483.9336242675781,145.6961669921875,321.4250793457031,-1,-1,-1,-1
316,12,1026.9326171875,472.194091796875,142.56396484375,324.1982421875,-1,-1,-1,-1
317,12,1026.2191162109375,463.4488220214844,145.4527587890625,324.7336120605469,-1,-1,-1,-1
318,12,1015.3880615234375,447.41461181640625,145.9500732421875,324.80108642578125,-1,-1,-1,-1
319,12,1008.6386108398438,442.4657287597656,144.09661865234375,322.8620910644531,-1,-1,-1,-1
320,12,998.7050170898438,449.4967346191406,142.51690673828125,322.2853698730469,-1,-1,-1,-1
321,12,990.9635620117188,454.45068359375,139.94903564453125,320.841796875,-1,-1,-1,-1
322,12,984.66796875,453.2444152832031,142.9847412109375,319.8143005371094,-1,-1,-1,-1
323,12,982.4573364257812,442.5118408203125,146.84429931640625,323.7808837890625,-1,-1,-1,-1
324,12,983.8589477539062,422.4886169433594,150.85711669921875,327.1179504394531,-1,-1,-1,-1
325,12,979.1287841796875,404.91253662109375,163.0531005859375,330.44390869140625,-1,-1,-1,-1
326,12,972.1272583007812,399.9329833984375,176.81451416015625,331.5802001953125,-1,-1,-1,-1
327,12,957.0526123046875,408.599365234375,197.2205810546875,328.2364501953125,-1,-1,-1,-1
328,12,942.8504638671875,429.3466491699219,207.4749755859375,319.8316345214844,-1,-1,-1,-1
329,12,924.1895751953125,448.22393798828125,214.804443359375,317.47332763671875,-1,-1,-1,-1
330,12,911.5254516601562,463.38623046875,218.76336669921875,310.93609619140625,-1,-1,-1,-1
331,12,896.5477905273438,472.3950500488281,225.65631103515625,307.8545227050781,-1,-1,-1,-1
332,12,870.5731201171875,473.5445861816406,218.8385009765625,301.3991394042969,-1,-1,-1,-1
333,12,834.2730712890625,464.250244140625,202.9105224609375,301.6312255859375,-1,-1,-1,-1
334,12,792.9341430664062,460.42010498046875,199.65826416015625,302.53680419921875,-1,-1,-1,-1
335,12,780.44873046875,464.4267883300781,173.625,313.7009582519531,-1,-1,-1,-1
336,12,781.4881591796875,477.44537353515625,161.71673583984375,318.81182861328125,-1,-1,-1,-1
337,12,780.895263671875,491.2949523925781,156.8365478515625,324.7844543457031,-1,-1,-1,-1
338,12,793.5394287109375,497.60498046875,160.17236328125,327.744140625,-1,-1,-1,-1
339,12,816.5172729492188,508.485107421875,162.30682373046875,324.76837158203125,-1,-1,-1,-1
340,12,842.8482666015625,519.8953857421875,158.9969482421875,322.63104248046875,-1,-1,-1,-1
341,12,847.6253051757812,532.8915405273438,169.05291748046875,321.93402099609375,-1,-1,-1,-1
342,12,846.3098754882812,538.960693359375,180.54168701171875,339.2943115234375,-1,-1,-1,-1
343,12,846.8438720703125,540.6581420898438,191.1654052734375,362.27532958984375,-1,-1,-1,-1
344,12,856.3216552734375,542.7501831054688,193.1458740234375,365.98272705078125,-1,-1,-1,-1
345,12,864.9681396484375,545.4957885742188,195.6351318359375,364.06884765625,-1,-1,-1,-1
346,12,885.430908203125,550.5341186523438,187.395263671875,378.8779296875,-1,-1,-1,-1
347,12,888.5440673828125,560.1365356445312,182.9078369140625,377.57012939453125,-1,-1,-1,-1
348,12,877.1519775390625,566.66748046875,194.6395263671875,370.046142578125,-1,-1,-1,-1
349,12,868.0625610351562,561.8721923828125,201.24163818359375,374.046630859375,-1,-1,-1,-1
350,12,849.1981811523438,549.3807983398438,211.14788818359375,383.63079833984375,-1,-1,-1,-1
351,12,828.5751953125,538.7786254882812,221.578857421875,384.752197265625,-1,-1,-1,-1
352,12,801.4010009765625,528.1226806640625,240.51953125,382.70379638671875,-1,-1,-1,-1
353,12,774.7003173828125,525.832763671875,252.7530517578125,375.623046875,-1,-1,-1,-1
354,12,755.8948974609375,521.441162109375,267.52691650390625,373.54144287109375,-1,-1,-1,-1
355,12,751.2907104492188,522.0877685546875,264.24346923828125,367.5418701171875,-1,-1,-1,-1
356,12,755.4229736328125,524.2017822265625,251.47930908203125,359.58673095703125,-1,-1,-1,-1
357,12,765.8681640625,526.64404296875,244.2080078125,355.884765625,-1,-1,-1,-1
358,12,773.2409057617188,523.9854125976562,241.51190185546875,355.64886474609375,-1,-1,-1,-1
359,12,787.4969482421875,521.4985961914062,242.3648681640625,353.23114013671875,-1,-1,-1,-1
360,12,807.8568725585938,517.5846557617188,232.60357666015625,352.79827880859375,-1,-1,-1,-1
361,12,817.0663452148438,493.2269287109375,211.10711669921875,375.3892822265625,-1,-1,-1,-1
362,12,784.5833129882812,501.60906982421875,222.7523193359375,371.0772705078125,-1,-1,-1,-1
363,12,780.773193359375,508.82977294921875,210.189697265625,363.66400146484375,-1,-1,-1,-1
364,12,760.7054443359375,508.27276611328125,217.4066162109375,355.52459716796875,-1,-1,-1,-1
365,12,759.210693359375,507.9130554199219,212.4107666015625,334.3965759277344,-1,-1,-1,-1
366,12,733.8101196289062,504.7387390136719,236.65020751953125,385.9942932128906,-1,-1,-1,-1
274,13,506.82330322265625,511.3471374511719,90.00823974609375,210.98562622070312,-1,-1,-1,-1
275,13,420.6031799316406,503.302978515625,115.00216674804688,217.54925537109375,-1,-1,-1,-1
276,13,329.9757995605469,511.3079528808594,136.07403564453125,224.75387573242188,-1,-1,-1,-1
277,13,267.3506164550781,504.0972595214844,157.85397338867188,240.22317504882812,-1,-1,-1,-1
278,13,233.70269775390625,498.1748352050781,166.72567749023438,249.33541870117188,-1,-1,-1,-1
279,13,234.86837768554688,482.09185791015625,157.94406127929688,267.04522705078125,-1,-1,-1,-1
280,13,238.55726623535156,473.97430419921875,166.1464080810547,279.0115966796875,-1,-1,-1,-1
281,13,278.4155578613281,522.5870971679688,150.93930053710938,260.9002685546875,-1,-1,-1,-1
282,13,334.5187683105469,567.5687866210938,143.64794921875,241.85345458984375,-1,-1,-1,-1
283,13,409.3316650390625,608.87939453125,128.435791015625,212.2254638671875,-1,-1,-1,-1
284,13,472.8271789550781,632.785888671875,114.04782104492188,189.65631103515625,-1,-1,-1,-1
285,13,512.3458862304688,640.1971435546875,114.7041015625,178.4180908203125,-1,-1,-1,-1
286,13,545.601806640625,627.860595703125,117.69482421875,192.06207275390625,-1,-1,-1,-1
287,13,538.481689453125,619.5761108398438,144.98004150390625,199.73614501953125,-1,-1,-1,-1
288,13,518.06201171875,595.2997436523438,178.476806640625,233.94195556640625,-1,-1,-1,-1
289,13,583.5690307617188,612.5054931640625,127.12506103515625,199.61279296875,-1,-1,-1,-1
290,13,591.0244140625,614.6761474609375,124.1614990234375,192.76318359375,-1,-1,-1,-1
291,13,597.6148071289062,595.2742919921875,121.15380859375,211.78778076171875,-1,-1,-1,-1
292,13,606.9302978515625,577.520751953125,112.9547119140625,212.33563232421875,-1,-1,-1,-1
293,13,625.0172119140625,574.4189453125,102.29595947265625,210.678466796875,-1,-1,-1,-1
294,13,628.002685546875,575.9705810546875,99.406005859375,206.1949462890625,-1,-1,-1,-1
295,13,629.3582153320312,576.5428466796875,97.5830078125,201.634765625,-1,-1,-1,-1
296,13,632.47314453125,572.026123046875,104.56353759765625,205.08465576171875,-1,-1,-1,-1
297,13,632.5242309570312,566.1315307617188,100.826904296875,202.63916015625,-1,-1,-1,-1
298,13,629.8435668945312,560.2490234375,96.4459228515625,194.69677734375,-1,-1,-1,-1
299,13,630.232666015625,544.2133178710938,94.11029052734375,190.0992431640625,-1,-1,-1,-1
300,13,619.0592041015625,525.87060546875,99.90191650390625,201.7578125,-1,-1,-1,-1
301,13,609.1018676757812,511.09210205078125,106.0477294921875,197.6719970703125,-1,-1,-1,-1
302,13,595.3568725585938,502.73150634765625,106.21099853515625,196.1650390625,-1,-1,-1,-1
303,13,558.7012329101562,501.5333251953125,105.707275390625,189.61767578125,-1,-1,-1,-1
304,13,533.2974853515625,496.7247619628906,106.396240234375,193.72482299804688,-1,-1,-1,-1
305,13,479.3180236816406,508.10760498046875,114.41146850585938,194.90911865234375,-1,-1,-1,-1
306,13,452.1239013671875,515.3554077148438,106.423583984375,205.38763427734375,-1,-1,-1,-1
307,13,434.62493896484375,536.947509765625,103.59649658203125,197.0831298828125,-1,-1,-1,-1
308,13,442.9934387207031,554.4509887695312,101.93411254882812,191.9349365234375,-1,-1,-1,-1
309,13,480.20697021484375,581.8635864257812,99.6962890625,169.02423095703125,-1,-1,-1,-1
310,13,506.78631591796875,605.9769287109375,119.04736328125,212.3538818359375,-1,-1,-1,-1
312,14,567.5150146484375,577.7693481445312,93.085205078125,203.12823486328125,-1,-1,-1,-1
313,14,584.95166015625,569.5673217773438,86.32940673828125,196.646484375,-1,-1,-1,-1
314,14,591.11376953125,554.058837890625,84.7579345703125,199.23541259765625,-1,-1,-1,-1
315,14,594.0841674804688,541.7540283203125,79.9752197265625,203.8492431640625,-1,-1,-1,-1
316,14,599.7466430664062,532.07177734375,83.2530517578125,204.63482666015625,-1,-1,-1,-1
317,14,602.5709838867188,518.4456176757812,105.38970947265625,206.7406005859375,-1,-1,-1,-1
318,14,594.6281127929688,505.739501953125,111.4971923828125,208.93609619140625,-1,-1,-1,-1
319,14,583.6754760742188,506.7236022949219,109.5111083984375,207.19137573242188,-1,-1,-1,-1
320,14,580.8934936523438,503.75201416015625,121.9892578125,212.81982421875,-1,-1,-1,-1
321,14,571.8115844726562,507.13055419921875,119.63604736328125,204.47991943359375,-1,-1,-1,-1
322,14,567.1744384765625,496.3037109375,123.56536865234375,211.78546142578125,-1,-1,-1,-1
323,14,581.0054321289062,476.71417236328125,109.9283447265625,217.87353515625,-1,-1,-1,-1
324,14,591.307373046875,450.1965637207031,97.47039794921875,220.76339721679688,-1,-1,-1,-1
325,14,594.3896484375,434.205078125,90.00421142578125,222.79534912109375,-1,-1,-1,-1
326,14,591.9891357421875,429.1131286621094,85.7288818359375,217.22573852539062,-1,-1,-1,-1
327,14,584.8623657226562,431.7386474609375,85.45361328125,216.5008544921875,-1,-1,-1,-1
328,14,574.5949096679688,446.3409118652344,83.74835205078125,211.82290649414062,-1,-1,-1,-1
329,14,561.1836547851562,464.5058288574219,90.52288818359375,212.00369262695312,-1,-1,-1,-1
330,14,553.2487182617188,478.2880554199219,98.25384521484375,209.49624633789062,-1,-1,-1,-1
331,14,535.5926513671875,487.08197021484375,109.7064208984375,204.99371337890625,-1,-1,-1,-1
332,14,503.7520446777344,479.8295593261719,114.90005493164062,199.41293334960938,-1,-1,-1,-1
333,14,455.8210754394531,463.1216125488281,120.43002319335938,198.32199096679688,-1,-1,-1,-1
334,14,410.06182861328125,447.5279846191406,122.47332763671875,201.97518920898438,-1,-1,-1,-1
335,14,374.96588134765625,447.44610595703125,133.08786010742188,200.998046875,-1,-1,-1,-1
336,14,358.4651184082031,448.9099426269531,141.82699584960938,205.33596801757812,-1,-1,-1,-1
337,14,361.5331115722656,466.7332458496094,134.06735229492188,188.35214233398438,-1,-1,-1,-1
338,14,381.7962646484375,453.0106201171875,132.8111572265625,201.6895751953125,-1,-1,-1,-1
339,14,405.4420166015625,455.1144714355469,145.477783203125,198.54214477539062,-1,-1,-1,-1
340,14,438.15045166015625,467.2210998535156,134.468505859375,186.28610229492188,-1,-1,-1,-1
341,14,448.9728088378906,468.8124084472656,134.31521606445312,193.25460815429688,-1,-1,-1,-1
342,14,451.0815124511719,476.1120910644531,132.04165649414062,191.10391235351562,-1,-1,-1,-1
343,14,453.78411865234375,477.0354309082031,131.02227783203125,188.36575317382812,-1,-1,-1,-1
344,14,456.03466796875,474.5291442871094,129.88909912109375,188.34719848632812,-1,-1,-1,-1
345,14,458.1671447753906,472.2173767089844,124.11093139648438,192.42495727539062,-1,-1,-1,-1
346,14,458.03118896484375,477.87408447265625,120.76458740234375,187.856201171875,-1,-1,-1,-1
347,14,456.51800537109375,486.1536560058594,117.35015869140625,185.13955688476562,-1,-1,-1,-1
348,14,451.970947265625,483.72857666015625,118.0045166015625,188.91448974609375,-1,-1,-1,-1
349,14,443.67437744140625,478.3116760253906,126.25390625,187.84426879882812,-1,-1,-1,-1
350,14,427.0245056152344,464.86492919921875,135.51205444335938,191.23443603515625,-1,-1,-1,-1
351,14,402.29510498046875,448.65264892578125,142.81427001953125,192.77923583984375,-1,-1,-1,-1
352,14,371.9686584472656,436.1188049316406,150.61837768554688,188.20828247070312,-1,-1,-1,-1
353,14,343.2894287109375,425.69122314453125,154.102783203125,184.68316650390625,-1,-1,-1,-1
354,14,329.0797119140625,416.81103515625,147.68231201171875,177.8751220703125,-1,-1,-1,-1
355,14,308.8704528808594,407.229248046875,145.65631103515625,176.203125,-1,-1,-1,-1
356,14,286.64239501953125,404.6163330078125,136.44757080078125,174.69537353515625,-1,-1,-1,-1
357,14,261.2487487792969,404.1389465332031,146.02761840820312,175.92599487304688,-1,-1,-1,-1
358,14,246.90489196777344,402.9125671386719,150.6785430908203,174.35641479492188,-1,-1,-1,-1
359,14,233.56874084472656,395.6951599121094,161.18043518066406,179.37326049804688,-1,-1,-1,-1
360,14,227.63238525390625,382.9175720214844,171.4039306640625,190.65078735351562,-1,-1,-1,-1
361,14,226.403564453125,370.40380859375,177.12710571289062,206.882568359375,-1,-1,-1,-1
362,14,221.3334503173828,368.9192810058594,172.14207458496094,205.87948608398438,-1,-1,-1,-1
363,14,202.2163848876953,366.4805908203125,173.0098114013672,212.499755859375,-1,-1,-1,-1
364,14,185.44290161132812,367.9287109375,178.67547607421875,212.8555908203125,-1,-1,-1,-1
365,14,181.10687255859375,364.1979675292969,181.11080932617188,220.35336303710938,-1,-1,-1,-1
366,14,167.7594757080078,355.31976318359375,201.9710235595703,226.57208251953125,-1,-1,-1,-1
367,14,142.7176513671875,346.1978759765625,231.30950927734375,238.9114990234375,-1,-1,-1,-1
368,14,127.29326629638672,337.9210205078125,255.02133178710938,259.774658203125,-1,-1,-1,-1
369,14,130.2852325439453,328.6207275390625,233.5527801513672,270.2451171875,-1,-1,-1,-1
370,14,152.21524047851562,321.7490234375,198.469970703125,275.5107421875,-1,-1,-1,-1
371,14,206.6251678466797,332.5115966796875,153.31785583496094,270.6810302734375,-1,-1,-1,-1
371,15,865.9146728515625,464.655517578125,223.477783203125,339.094970703125,-1,-1,-1,-1
