1,1,603.7882690429688,568.140380859375,130.89373779296875,317.48895263671875,-1,-1,-1,-1
2,1,606.6732177734375,569.6865234375,133.7874755859375,316.2647705078125,-1,-1,-1,-1
3,1,602.243408203125,566.3668212890625,135.16546630859375,317.5943603515625,-1,-1,-1,-1
4,1,592.2243041992188,553.7260131835938,136.06744384765625,319.25390625,-1,-1,-1,-1
5,1,577.8678588867188,532.9343872070312,138.35662841796875,323.11175537109375,-1,-1,-1,-1
6,1,562.1806640625,512.1103515625,143.69659423828125,329.43609619140625,-1,-1,-1,-1
7,1,547.7182006835938,498.37994384765625,148.878173828125,335.67803955078125,-1,-1,-1,-1
8,1,499.49591064453125,485.6378173828125,155.5040283203125,340.5198974609375,-1,-1,-1,-1
9,1,363.4722900390625,459.6869201660156,176.930908203125,356.3867492675781,-1,-1,-1,-1
10,1,182.38670349121094,427.4169921875,194.2509307861328,384.503173828125,-1,-1,-1,-1
11,1,97.0384292602539,414.4451904296875,187.56625366210938,404.6475830078125,-1,-1,-1,-1
12,1,100.90394592285156,420.6790466308594,187.10130310058594,404.4050598144531,-1,-1,-1,-1
13,1,156.49063110351562,433.39874267578125,208.1343994140625,394.15582275390625,-1,-1,-1,-1
14,1,248.82302856445312,454.06903076171875,231.4669189453125,376.67681884765625,-1,-1,-1,-1
15,1,356.97882080078125,471.4533386230469,220.41107177734375,366.5606994628906,-1,-1,-1,-1
16,1,443.3552551269531,479.6064147949219,200.71261596679688,365.1615295410156,-1,-1,-1,-1
17,1,489.96343994140625,480.65924072265625,178.42047119140625,367.80877685546875,-1,-1,-1,-1
18,1,515.686767578125,480.13665771484375,156.192626953125,370.745849609375,-1,-1,-1,-1
19,1,528.787353515625,484.3944091796875,143.94451904296875,368.95758056640625,-1,-1,-1,-1
20,1,546.1697998046875,493.47265625,142.7330322265625,368.5428466796875,-1,-1,-1,-1
21,1,551.7239990234375,510.2186584472656,149.6199951171875,365.5691833496094,-1,-1,-1,-1
22,1,552.3912353515625,529.7870483398438,139.64385986328125,356.1148681640625,-1,-1,-1,-1
23,1,550.9119873046875,544.4884643554688,131.8074951171875,349.39581298828125,-1,-1,-1,-1
24,1,551.0648193359375,549.84228515625,129.051513671875,351.0565185546875,-1,-1,-1,-1
25,1,551.5776977539062,560.2286987304688,147.39703369140625,352.60089111328125,-1,-1,-1,-1
26,1,545.467041015625,572.8267822265625,179.0037841796875,362.760986328125,-1,-1,-1,-1
27,1,529.593017578125,575.2489624023438,200.34197998046875,377.35626220703125,-1,-1,-1,-1
28,1,520.5202026367188,548.7734375,207.91851806640625,394.86126708984375,-1,-1,-1,-1
29,1,517.9759521484375,492.17803955078125,207.192138671875,416.8931884765625,-1,-1,-1,-1
30,1,514.63330078125,422.9161682128906,202.37408447265625,439.2405090332031,-1,-1,-1,-1
31,1,514.4329833984375,388.4216003417969,207.89697265625,465.2983093261719,-1,-1,-1,-1
32,1,515.796630859375,367.4779052734375,217.41595458984375,489.4481201171875,-1,-1,-1,-1
33,1,452.6578369140625,330.8810729980469,249.61700439453125,488.6383972167969,-1,-1,-1,-1
34,1,305.2996826171875,278.9274597167969,298.2821044921875,504.5686950683594,-1,-1,-1,-1
35,1,133.20074462890625,230.97909545898438,362.9979553222656,531.7159423828125,-1,-1,-1,-1
36,1,22.03658103942871,226.74237060546875,370.2203674316406,545.0302734375,-1,-1,-1,-1
37,1,-18.021465301513672,236.9350128173828,331.6912841796875,557.5922241210938,-1,-1,-1,-1
38,1,-70.73328399658203,252.5507049560547,317.554931640625,566.1122436523438,-1,-1,-1,-1
39,1,-90.30300903320312,251.31507873535156,303.07330322265625,589.3582153320312,-1,-1,-1,-1
40,1,-68.7920913696289,279.31390380859375,303.3854675292969,596.8682861328125,-1,-1,-1,-1
41,1,44.617706298828125,296.28082275390625,326.18072509765625,594.3680419921875,-1,-1,-1,-1
42,1,273.03973388671875,341.61834716796875,261.76641845703125,530.6383056640625,-1,-1,-1,-1
43,1,456.6620788574219,410.1874084472656,211.33010864257812,481.0151062011719,-1,-1,-1,-1
44,1,534.8603515625,474.3183288574219,191.38995361328125,451.2060852050781,-1,-1,-1,-1
45,1,560.2971801757812,514.4835205078125,186.30780029296875,434.0028076171875,-1,-1,-1,-1
46,1,566.572998046875,530.3723754882812,182.59832763671875,425.1392822265625,-1,-1,-1,-1
47,1,563.706298828125,548.2803955078125,181.38836669921875,423.6795654296875,-1,-1,-1,-1
48,1,535.6566162109375,530.713623046875,187.26483154296875,428.821533203125,-1,-1,-1,-1
49,1,516.9501342773438,523.0105590820312,197.8282470703125,439.1107177734375,-1,-1,-1,-1
50,1,541.8150634765625,541.371337890625,192.890380859375,444.6318359375,-1,-1,-1,-1
51,1,567.9547729492188,539.1656494140625,184.55419921875,451.56610107421875,-1,-1,-1,-1
52,1,586.8317260742188,530.56005859375,177.80535888671875,456.20806884765625,-1,-1,-1,-1
53,1,591.2454833984375,526.7880249023438,187.03717041015625,453.881591796875,-1,-1,-1,-1
54,1,605.8358154296875,533.0858154296875,182.0274658203125,432.89263916015625,-1,-1,-1,-1
55,1,623.8281860351562,518.8165283203125,167.6995849609375,413.32666015625,-1,-1,-1,-1
56,1,625.7692260742188,478.40576171875,163.421875,405.67840576171875,-1,-1,-1,-1
57,1,607.8094482421875,419.8487548828125,171.729736328125,412.59149169921875,-1,-1,-1,-1
58,1,543.0140380859375,339.64093017578125,175.78277587890625,438.20794677734375,-1,-1,-1,-1
59,1,416.8241271972656,255.30943298339844,179.76107788085938,471.75689697265625,-1,-1,-1,-1
60,1,242.7275848388672,178.55325317382812,208.7139434814453,506.4719543457031,-1,-1,-1,-1
61,1,107.83019256591797,138.8529815673828,213.65829467773438,523.6380615234375,-1,-1,-1,-1
62,1,57.218963623046875,122.59700775146484,209.31146240234375,556.2040405273438,-1,-1,-1,-1
63,1,72.47509765625,157.82559204101562,212.41006469726562,529.430908203125,-1,-1,-1,-1
64,1,167.14212036132812,153.09873962402344,201.32461547851562,515.4705810546875,-1,-1,-1,-1
65,1,309.7916564941406,174.78952026367188,187.89700317382812,487.1125183105469,-1,-1,-1,-1
66,1,447.4688415527344,247.1886749267578,178.09756469726562,453.92169189453125,-1,-1,-1,-1
67,1,539.375244140625,319.83599853515625,185.42108154296875,434.6202392578125,-1,-1,-1,-1
68,1,588.4647216796875,369.49560546875,192.1644287109375,428.25189208984375,-1,-1,-1,-1
69,1,613.9212646484375,416.3045654296875,196.773193359375,425.1055908203125,-1,-1,-1,-1
70,1,624.6990966796875,437.50384521484375,201.2020263671875,432.82965087890625,-1,-1,-1,-1
71,1,627.40576171875,442.496337890625,202.48193359375,449.7686767578125,-1,-1,-1,-1
72,1,614.9183349609375,447.7013244628906,206.96185302734375,461.1324768066406,-1,-1,-1,-1
73,1,593.9654541015625,458.7476806640625,209.57562255859375,449.61431884765625,-1,-1,-1,-1
74,1,583.7542724609375,459.1564025878906,199.62884521484375,445.1058654785156,-1,-1,-1,-1
75,1,585.3344116210938,454.9237060546875,189.57855224609375,446.55340576171875,-1,-1,-1,-1
76,1,595.6017456054688,437.4779052734375,194.72247314453125,456.5732421875,-1,-1,-1,-1
77,1,583.7784423828125,421.9618225097656,219.6236572265625,472.0094909667969,-1,-1,-1,-1
78,1,582.1839599609375,425.1866455078125,225.43402099609375,476.84979248046875,-1,-1,-1,-1
79,1,598.172607421875,419.47625732421875,229.81280517578125,482.52630615234375,-1,-1,-1,-1
80,1,595.3308715820312,399.3394470214844,240.23394775390625,502.5586853027344,-1,-1,-1,-1
81,1,587.2796020507812,404.44970703125,243.54901123046875,506.4296875,-1,-1,-1,-1
82,1,583.4772338867188,432.752685546875,247.2354736328125,479.95428466796875,-1,-1,-1,-1
83,1,591.9201049804688,437.4044189453125,238.10003662109375,467.4754638671875,-1,-1,-1,-1
84,1,613.8294067382812,434.8572998046875,221.69769287109375,465.7794189453125,-1,-1,-1,-1
85,1,616.8764038085938,424.5255126953125,228.55670166015625,473.4801025390625,-1,-1,-1,-1
86,1,619.6490478515625,407.0076904296875,242.7042236328125,496.85986328125,-1,-1,-1,-1
87,1,639.058837890625,366.6536865234375,263.4593505859375,527.708740234375,-1,-1,-1,-1
88,1,666.7725219726562,319.91693115234375,275.0977783203125,555.1454467773438,-1,-1,-1,-1
89,1,682.889404296875,330.2016296386719,284.41546630859375,571.3995361328125,-1,-1,-1,-1
90,1,667.1556396484375,374.80615234375,285.29736328125,591.2490234375,-1,-1,-1,-1
91,1,652.4765014648438,448.9874572753906,283.1341552734375,597.6141357421875,-1,-1,-1,-1
92,1,647.5678100585938,500.2739562988281,275.0860595703125,574.296875,-1,-1,-1,-1
93,1,643.49462890625,490.0572509765625,262.59356689453125,558.663818359375,-1,-1,-1,-1
94,1,634.9134521484375,485.89776611328125,253.505859375,555.7326049804688,-1,-1,-1,-1
95,1,627.1092529296875,463.31732177734375,247.0660400390625,564.7474975585938,-1,-1,-1,-1
96,1,614.1942138671875,455.80584716796875,253.0960693359375,580.2002563476562,-1,-1,-1,-1
97,1,627.6581420898438,431.11865234375,256.4300537109375,598.9798583984375,-1,-1,-1,-1
98,1,663.7000122070312,385.01690673828125,261.98638916015625,613.7479248046875,-1,-1,-1,-1
99,1,679.1842651367188,377.98681640625,257.60198974609375,612.1988525390625,-1,-1,-1,-1
100,1,693.3946533203125,377.3963623046875,253.4180908203125,615.8927001953125,-1,-1,-1,-1
101,1,721.0573120117188,415.621826171875,255.09619140625,600.4389038085938,-1,-1,-1,-1
102,1,777.86376953125,463.9801940917969,263.284423828125,572.080810546875,-1,-1,-1,-1
103,1,862.37841796875,517.4007568359375,266.290283203125,561.35009765625,-1,-1,-1,-1
104,1,940.885986328125,543.8394775390625,244.956787109375,567.1685791015625,-1,-1,-1,-1
105,1,968.7744140625,544.4503784179688,248.2210693359375,580.6581420898438,-1,-1,-1,-1
106,1,964.0820922851562,545.791015625,265.92633056640625,584.94091796875,-1,-1,-1,-1
107,1,934.23095703125,543.5840454101562,259.7352294921875,578.7218627929688,-1,-1,-1,-1
108,1,858.906005859375,544.3450317382812,247.1832275390625,546.2247924804688,-1,-1,-1,-1
109,1,748.550537109375,537.2960205078125,254.63037109375,525.83642578125,-1,-1,-1,-1
110,1,726.9884033203125,545.4679565429688,237.6673583984375,498.97845458984375,-1,-1,-1,-1
111,1,726.3219604492188,563.44677734375,214.61444091796875,481.15478515625,-1,-1,-1,-1
112,1,713.3372802734375,578.0430908203125,212.77349853515625,465.50048828125,-1,-1,-1,-1
113,1,689.9388427734375,578.6351928710938,215.2828369140625,463.21514892578125,-1,-1,-1,-1
114,1,683.9603881835938,578.419677734375,208.57183837890625,468.953857421875,-1,-1,-1,-1
115,1,680.6780395507812,576.0565795898438,201.425537109375,478.25860595703125,-1,-1,-1,-1
116,1,674.48193359375,562.2940063476562,194.30877685546875,486.00750732421875,-1,-1,-1,-1
117,1,660.2130126953125,538.7053833007812,196.69232177734375,496.46063232421875,-1,-1,-1,-1
118,1,641.6089477539062,520.1513061523438,195.67205810546875,494.741455078125,-1,-1,-1,-1
119,1,619.3811645507812,496.4095458984375,203.7606201171875,507.3682861328125,-1,-1,-1,-1
120,1,611.6673583984375,472.8267517089844,202.369140625,501.0822448730469,-1,-1,-1,-1
121,1,622.6531982421875,452.0909729003906,184.2734375,480.2693176269531,-1,-1,-1,-1
122,1,636.265625,439.8336181640625,171.77996826171875,467.3779296875,-1,-1,-1,-1
123,1,629.8279418945312,446.71734619140625,174.7464599609375,457.6002197265625,-1,-1,-1,-1
124,1,611.53564453125,454.43536376953125,190.7978515625,456.7923583984375,-1,-1,-1,-1
125,1,605.289306640625,458.59185791015625,201.919921875,461.18865966796875,-1,-1,-1,-1
126,1,613.9002685546875,449.7350769042969,199.5101318359375,471.0386657714844,-1,-1,-1,-1
127,1,625.5155639648438,435.5072937011719,195.70013427734375,476.7317810058594,-1,-1,-1,-1
128,1,629.0844116210938,424.02215576171875,196.37628173828125,464.07476806640625,-1,-1,-1,-1
129,1,625.8443603515625,426.2249755859375,205.12347412109375,447.84552001953125,-1,-1,-1,-1
130,1,627.1283569335938,439.8145751953125,216.32373046875,436.11566162109375,-1,-1,-1,-1
131,1,662.60498046875,464.1356506347656,221.72271728515625,409.1990661621094,-1,-1,-1,-1
132,1,756.9848022460938,472.1318664550781,225.94439697265625,399.3067321777344,-1,-1,-1,-1
133,1,895.1691284179688,438.90362548828125,241.17950439453125,445.80511474609375,-1,-1,-1,-1
134,1,1054.00927734375,433.52044677734375,285.9976806640625,464.76251220703125,-1,-1,-1,-1
135,1,1222.6585693359375,398.73333740234375,198.6654052734375,522.8695068359375,-1,-1,-1,-1
136,1,1212.3621826171875,308.5049133300781,247.86474609375,515.753662109375,-1,-1,-1,-1
9,2,1198.25048828125,478.1662902832031,141.39794921875,359.9966735839844,-1,-1,-1,-1
10,2,1017.403564453125,457.6387939453125,132.3797607421875,323.6458740234375,-1,-1,-1,-1
11,2,933.241455078125,459.7140197753906,118.8323974609375,310.0280456542969,-1,-1,-1,-1
12,2,926.5427856445312,461.327392578125,116.65728759765625,309.06549072265625,-1,-1,-1,-1
13,2,962.0916137695312,466.89080810546875,119.81646728515625,314.912353515625,-1,-1,-1,-1
14,2,1038.55908203125,479.6145935058594,126.4593505859375,326.1993713378906,-1,-1,-1,-1
15,2,1143.6807861328125,492.84222412109375,135.7503662109375,345.70501708984375,-1,-1,-1,-1
16,2,1235.9678955078125,512.2212829589844,139.31298828125,362.0923156738281,-1,-1,-1,-1
17,2,1279.841064453125,531.1268920898438,131.16650390625,369.10418701171875,-1,-1,-1,-1
18,2,1295.6793212890625,543.77294921875,128.5360107421875,372.30267333984375,-1,-1,-1,-1
19,2,1295.788818359375,556.3941040039062,131.5601806640625,334.38360595703125,-1,-1,-1,-1
20,2,1292.90673828125,561.2515869140625,136.0345458984375,331.85650634765625,-1,-1,-1,-1
21,2,1284.661376953125,563.6968383789062,136.697998046875,332.28656005859375,-1,-1,-1,-1
22,2,1270.8634033203125,573.6333618164062,148.3016357421875,329.734619140625,-1,-1,-1,-1
23,2,1264.007568359375,585.1603393554688,153.7550048828125,324.09344482421875,-1,-1,-1,-1
24,2,1260.2125244140625,594.999267578125,162.6014404296875,317.19036865234375,-1,-1,-1,-1
25,2,1270.486572265625,603.924072265625,164.6231689453125,315.70111083984375,-1,-1,-1,-1
26,2,1285.064453125,579.00390625,164.68896484375,363.36279296875,-1,-1,-1,-1
27,2,1300.624267578125,575.2626342773438,164.4024658203125,378.38055419921875,-1,-1,-1,-1
28,2,1315.7138671875,567.9756469726562,183.80078125,394.5927734375,-1,-1,-1,-1
34,2,1291.6339111328125,248.21180725097656,219.387451171875,584.1646118164062,-1,-1,-1,-1
35,2,1174.214599609375,358.5434265136719,245.904541015625,499.2942199707031,-1,-1,-1,-1
36,2,1082.76953125,352.7403564453125,253.8021240234375,474.3798828125,-1,-1,-1,-1
37,2,1043.4940185546875,370.7635498046875,255.0787353515625,455.68682861328125,-1,-1,-1,-1
38,2,1017.5996704101562,386.25537109375,265.04010009765625,447.9288330078125,-1,-1,-1,-1
39,2,1011.3466796875,386.412109375,275.2388916015625,453.2001953125,-1,-1,-1,-1
40,2,1051.08984375,372.2792053222656,285.603759765625,481.0884704589844,-1,-1,-1,-1
41,2,1173.8232421875,383.69696044921875,241.1414794921875,529.1595458984375,-1,-1,-1,-1
42,2,950.96826171875,421.0396423339844,321.6309814453125,578.2506103515625,-1,-1,-1,-1
62,3,1121.0650634765625,551.4400024414062,341.9224853515625,438.5242919921875,-1,-1,-1,-1
63,3,1136.1712646484375,484.3159484863281,414.5819091796875,528.4705810546875,-1,-1,-1,-1
64,3,1211.613037109375,545.9391479492188,361.125,526.6975708007812,-1,-1,-1,-1
67,4,-109.94731903076172,444.2883605957031,222.91751098632812,531.1778564453125,-1,-1,-1,-1
68,4,-90.56372833251953,453.31121826171875,209.88754272460938,532.5620727539062,-1,-1,-1,-1
69,4,-12.859148025512695,509.3103332519531,165.1457061767578,509.4960632324219,-1,-1,-1,-1
70,4,-24.723106384277344,551.9144897460938,218.97787475585938,535.5421752929688,-1,-1,-1,-1
71,4,-48.05520248413086,565.2288818359375,272.9601135253906,583.9063720703125,-1,-1,-1,-1
72,4,-21.657581329345703,536.431884765625,255.9007110595703,631.6590576171875,-1,-1,-1,-1
73,4,-28.979257583618164,581.58935546875,228.04832458496094,587.04443359375,-1,-1,-1,-1
74,4,-83.10819244384766,589.0838623046875,268.9797668457031,661.742431640625,-1,-1,-1,-1
75,4,-153.3051300048828,611.4769287109375,324.53497314453125,616.2789306640625,-1,-1,-1,-1
76,4,-145.5929718017578,589.8778076171875,294.90496826171875,604.62353515625,-1,-1,-1,-1
77,4,-174.87962341308594,557.3810424804688,352.7840270996094,701.7123413085938,-1,-1,-1,-1
78,4,-183.805419921875,577.5831298828125,370.63421630859375,699.892822265625,-1,-1,-1,-1
79,4,-179.47557067871094,555.8984375,361.9752197265625,629.53076171875,-1,-1,-1,-1
80,4,-187.01156616210938,551.673828125,377.04888916015625,719.085205078125,-1,-1,-1,-1
81,4,-229.46951293945312,418.4359436035156,461.9648742675781,917.5040283203125,-1,-1,-1,-1
82,4,-259.3991394042969,484.18328857421875,521.8220825195312,788.3687133789062,-1,-1,-1,-1
83,4,-250.0154266357422,549.4210815429688,503.05462646484375,654.2153930664062,-1,-1,-1,-1
84,4,-213.89208984375,562.0527954101562,430.81036376953125,619.7774047851562,-1,-1,-1,-1
85,4,-207.68882751464844,557.8358154296875,418.40386962890625,616.2938232421875,-1,-1,-1,-1
86,4,-185.637451171875,626.1123046875,374.299560546875,509.7861328125,-1,-1,-1,-1
87,4,-192.23036193847656,531.4820556640625,387.48358154296875,640.449462890625,-1,-1,-1,-1
88,4,-167.8948974609375,394.0126647949219,338.8120422363281,664.3023681640625,-1,-1,-1,-1
89,4,-181.86436462402344,399.6740417480469,366.7511291503906,664.4547119140625,-1,-1,-1,-1
90,4,-159.4791259765625,433.0392761230469,321.98052978515625,608.9193115234375,-1,-1,-1,-1
91,4,-139.47560119628906,514.8363647460938,281.9737243652344,536.5427856445312,-1,-1,-1,-1
92,4,-149.4364776611328,573.1428833007812,301.894775390625,544.3727416992188,-1,-1,-1,-1
93,4,-158.4625701904297,522.3695678710938,319.94573974609375,635.7506713867188,-1,-1,-1,-1
94,4,-140.09872436523438,584.9736938476562,283.2205505371094,544.6112670898438,-1,-1,-1,-1
95,4,-163.03578186035156,535.1098022460938,329.09515380859375,580.2453002929688,-1,-1,-1,-1
96,4,-181.6163330078125,490.7813415527344,366.2566223144531,620.814208984375,-1,-1,-1,-1
97,4,-174.7276153564453,483.2591857910156,352.48187255859375,594.347412109375,-1,-1,-1,-1
98,4,-126.40664672851562,531.981689453125,334.70147705078125,470.61541748046875,-1,-1,-1,-1
99,4,-29.02962875366211,536.4566650390625,254.76913452148438,434.11090087890625,-1,-1,-1,-1
100,4,35.016868591308594,528.6116943359375,219.38201904296875,408.44866943359375,-1,-1,-1,-1
101,4,106.43557739257812,544.8643798828125,193.92227172851562,380.872802734375,-1,-1,-1,-1
102,4,217.357177734375,557.9070434570312,165.90719604492188,355.8211669921875,-1,-1,-1,-1
103,4,332.3125305175781,580.9171752929688,179.583984375,328.99407958984375,-1,-1,-1,-1
104,4,403.5697326660156,586.5941162109375,196.28732299804688,315.5518798828125,-1,-1,-1,-1
105,4,439.02496337890625,585.7586059570312,208.21710205078125,309.77880859375,-1,-1,-1,-1
106,4,458.06817626953125,597.2261962890625,203.55487060546875,294.12255859375,-1,-1,-1,-1
107,4,440.2364501953125,606.7899169921875,202.82489013671875,286.1654052734375,-1,-1,-1,-1
108,4,371.3221435546875,602.9506225585938,198.87896728515625,294.21826171875,-1,-1,-1,-1
109,4,316.7873840332031,577.586669921875,167.47537231445312,298.8038330078125,-1,-1,-1,-1
110,4,312.13458251953125,555.9058227539062,137.70718383789062,295.10064697265625,-1,-1,-1,-1
111,4,315.0371398925781,560.1202392578125,131.63470458984375,291.59796142578125,-1,-1,-1,-1
112,4,324.2645568847656,574.3724975585938,120.05844116210938,282.21435546875,-1,-1,-1,-1
113,4,326.9854736328125,585.6589965820312,116.00637817382812,275.01123046875,-1,-1,-1,-1
114,4,341.0110168457031,600.3275146484375,111.0302734375,268.82440185546875,-1,-1,-1,-1
115,4,358.2220458984375,619.785400390625,105.9444580078125,261.800048828125,-1,-1,-1,-1
116,4,370.847900390625,622.3339233398438,110.85177612304688,257.24462890625,-1,-1,-1,-1
117,4,378.7012634277344,614.9524536132812,129.77047729492188,253.76715087890625,-1,-1,-1,-1
118,4,386.345458984375,599.0390014648438,135.1947021484375,252.590576171875,-1,-1,-1,-1
119,4,398.0594787597656,574.4016723632812,134.53726196289062,247.671875,-1,-1,-1,-1
120,4,414.6190185546875,541.1312255859375,150.1793212890625,246.265869140625,-1,-1,-1,-1
121,4,442.51416015625,502.9814453125,150.995361328125,246.965087890625,-1,-1,-1,-1
122,4,457.0386657714844,482.4640808105469,159.31936645507812,248.00906372070312,-1,-1,-1,-1
123,4,462.619140625,478.7043762207031,162.92138671875,250.49050903320312,-1,-1,-1,-1
124,4,461.65399169921875,488.63153076171875,167.6820068359375,248.425537109375,-1,-1,-1,-1
125,4,464.0849304199219,497.78094482421875,176.72860717773438,249.07421875,-1,-1,-1,-1
126,4,474.93951416015625,487.459716796875,174.08770751953125,259.5013427734375,-1,-1,-1,-1
127,4,486.67633056640625,479.67205810546875,164.2984619140625,262.60693359375,-1,-1,-1,-1
128,4,490.72808837890625,482.2669677734375,152.6920166015625,249.1214599609375,-1,-1,-1,-1
129,4,491.9659729003906,492.2418212890625,148.82919311523438,241.32928466796875,-1,-1,-1,-1
130,4,500.4346008300781,500.43316650390625,148.08236694335938,236.17626953125,-1,-1,-1,-1
131,4,546.9324340820312,491.62701416015625,139.67626953125,231.38238525390625,-1,-1,-1,-1
132,4,659.0227661132812,477.4794616699219,116.31036376953125,230.45565795898438,-1,-1,-1,-1
133,4,806.1343383789062,452.4418640136719,104.407470703125,243.91549682617188,-1,-1,-1,-1
134,4,974.7138671875,414.6294860839844,122.681640625,260.0105285644531,-1,-1,-1,-1
135,4,1138.60400390625,371.57366943359375,143.3017578125,285.14300537109375,-1,-1,-1,-1
136,4,1257.1383056640625,386.8605041503906,141.3453369140625,268.1645202636719,-1,-1,-1,-1
137,4,1299.873291015625,401.7445068359375,139.590576171875,266.32415771484375,-1,-1,-1,-1
138,4,1294.494384765625,416.7612609863281,163.5294189453125,279.7000427246094,-1,-1,-1,-1
139,4,1283.825927734375,447.108154296875,173.4808349609375,275.6370849609375,-1,-1,-1,-1
140,4,1241.6766357421875,468.18798828125,183.3592529296875,255.50299072265625,-1,-1,-1,-1
141,4,1144.416748046875,475.3384094238281,167.47216796875,241.55038452148438,-1,-1,-1,-1
142,4,1005.9132690429688,473.5916748046875,145.35699462890625,239.39764404296875,-1,-1,-1,-1
143,4,871.3228149414062,479.20947265625,122.6785888671875,242.3328857421875,-1,-1,-1,-1
144,4,775.8635864257812,511.9527893066406,124.3104248046875,217.98330688476562,-1,-1,-1,-1
145,4,719.0390625,516.55224609375,123.69671630859375,219.11627197265625,-1,-1,-1,-1
146,4,693.4617309570312,508.5906066894531,123.8951416015625,224.40701293945312,-1,-1,-1,-1
147,4,684.6364135742188,502.47509765625,112.82366943359375,216.65625,-1,-1,-1,-1
148,4,678.5099487304688,498.1177978515625,103.6976318359375,205.397216796875,-1,-1,-1,-1
149,4,678.8836059570312,507.47308349609375,101.39459228515625,204.51007080078125,-1,-1,-1,-1
150,4,676.256103515625,518.1275634765625,99.2662353515625,199.0899658203125,-1,-1,-1,-1
151,4,673.5716552734375,529.321533203125,100.55419921875,194.535400390625,-1,-1,-1,-1
152,4,665.81591796875,550.5140991210938,119.65203857421875,183.19207763671875,-1,-1,-1,-1
153,4,661.0560302734375,561.1044311523438,114.358642578125,181.7642822265625,-1,-1,-1,-1
154,4,650.896240234375,550.970458984375,133.1383056640625,198.96337890625,-1,-1,-1,-1
155,4,633.6316528320312,555.0693359375,158.6585693359375,192.3946533203125,-1,-1,-1,-1
156,4,606.1402587890625,546.314697265625,196.8109130859375,198.24609375,-1,-1,-1,-1
157,4,592.8126831054688,543.8847045898438,193.25823974609375,204.0709228515625,-1,-1,-1,-1
158,4,579.2883911132812,539.2998046875,190.9798583984375,212.6082763671875,-1,-1,-1,-1
159,4,574.6144409179688,546.7152709960938,190.08660888671875,206.236083984375,-1,-1,-1,-1
141,8,1236.7247314453125,447.85906982421875,281.2005615234375,535.3944702148438,-1,-1,-1,-1
142,8,1097.7076416015625,442.2919921875,295.3504638671875,487.0404052734375,-1,-1,-1,-1
143,8,964.2002563476562,455.346435546875,253.71112060546875,440.57611083984375,-1,-1,-1,-1
144,8,857.9130859375,472.24322509765625,237.5703125,400.54473876953125,-1,-1,-1,-1
145,8,772.0103759765625,475.22705078125,249.2789306640625,387.7554931640625,-1,-1,-1,-1
146,8,737.365234375,484.6958312988281,227.34405517578125,375.2516174316406,-1,-1,-1,-1
147,8,738.158203125,489.19793701171875,199.6651611328125,361.19927978515625,-1,-1,-1,-1
148,8,732.361328125,497.7874755859375,187.775634765625,341.14501953125,-1,-1,-1,-1
149,8,739.8308715820312,506.1413879394531,164.2186279296875,330.8520202636719,-1,-1,-1,-1
150,8,735.908935546875,523.9456787109375,147.852783203125,308.4049072265625,-1,-1,-1,-1
151,8,725.692138671875,537.5481567382812,138.2882080078125,299.1424560546875,-1,-1,-1,-1
152,8,676.3045654296875,539.1200561523438,178.271484375,302.591552734375,-1,-1,-1,-1
153,8,680.007568359375,544.1143188476562,175.7127685546875,299.07525634765625,-1,-1,-1,-1
154,8,653.6983642578125,528.7254028320312,189.0792236328125,313.24334716796875,-1,-1,-1,-1
155,8,627.9710693359375,529.3765869140625,201.26861572265625,300.4976806640625,-1,-1,-1,-1
156,8,599.0641479492188,531.62548828125,209.18304443359375,289.96063232421875,-1,-1,-1,-1
157,8,582.2573852539062,535.2743530273438,207.1026611328125,286.60791015625,-1,-1,-1,-1
158,8,570.8385009765625,533.1300048828125,200.520263671875,294.467529296875,-1,-1,-1,-1
159,8,567.745849609375,543.7800903320312,197.004150390625,284.38970947265625,-1,-1,-1,-1
160,8,585.4156494140625,544.8861694335938,176.338134765625,275.77880859375,-1,-1,-1,-1
161,8,609.0452270507812,535.0637817382812,157.10968017578125,273.4609375,-1,-1,-1,-1
162,8,618.9188842773438,513.5057983398438,139.82708740234375,273.39990234375,-1,-1,-1,-1
163,8,614.1831665039062,481.35302734375,165.65093994140625,275.035400390625,-1,-1,-1,-1
164,8,603.93359375,470.9985656738281,140.9483642578125,258.2556457519531,-1,-1,-1,-1
165,8,589.802734375,448.54156494140625,153.57647705078125,259.47796630859375,-1,-1,-1,-1
166,8,583.1270141601562,447.3253479003906,155.77020263671875,254.34024047851562,-1,-1,-1,-1
167,8,561.5091552734375,466.0376892089844,166.610107421875,242.47470092773438,-1,-1,-1,-1
168,8,542.2986450195312,484.98284912109375,183.71759033203125,231.21331787109375,-1,-1,-1,-1
169,8,523.197509765625,504.7031555175781,203.915771484375,215.62069702148438,-1,-1,-1,-1
170,8,517.0772705078125,509.9356689453125,209.82720947265625,211.94757080078125,-1,-1,-1,-1
171,8,514.3065185546875,496.82159423828125,220.54248046875,223.71533203125,-1,-1,-1,-1
172,8,510.7734069824219,501.41497802734375,217.63229370117188,224.66009521484375,-1,-1,-1,-1
173,8,490.17462158203125,509.3441467285156,235.48626708984375,220.27743530273438,-1,-1,-1,-1
174,8,460.23602294921875,512.3849792480469,237.04052734375,220.06155395507812,-1,-1,-1,-1
175,8,427.58685302734375,512.4620666503906,237.0418701171875,216.97720336914062,-1,-1,-1,-1
176,8,401.9775695800781,517.9749755859375,224.04568481445312,208.412353515625,-1,-1,-1,-1
177,8,395.7098083496094,522.6381225585938,180.71139526367188,202.43927001953125,-1,-1,-1,-1
178,8,403.0650939941406,515.9771118164062,156.44754028320312,204.8504638671875,-1,-1,-1,-1
179,8,427.328369140625,495.82794189453125,139.9835205078125,214.100830078125,-1,-1,-1,-1
180,8,468.7972412109375,480.94659423828125,122.80316162109375,221.43505859375,-1,-1,-1,-1
181,8,484.50262451171875,475.8463134765625,126.83404541015625,223.37408447265625,-1,-1,-1,-1
182,8,473.63409423828125,470.016357421875,120.025634765625,226.73406982421875,-1,-1,-1,-1
183,8,421.25146484375,468.2958984375,118.5823974609375,221.27166748046875,-1,-1,-1,-1
184,8,365.17584228515625,456.5452880859375,115.00314331054688,220.35455322265625,-1,-1,-1,-1
185,8,330.8730773925781,457.8665771484375,100.3646240234375,216.11639404296875,-1,-1,-1,-1
186,8,302.9944152832031,449.5867004394531,92.90640258789062,221.05923461914062,-1,-1,-1,-1
187,8,260.0002746582031,424.2677001953125,97.11685180664062,245.20306396484375,-1,-1,-1,-1
188,8,221.73814392089844,423.6716003417969,102.13963317871094,244.49996948242188,-1,-1,-1,-1
189,8,205.170166015625,415.2336120605469,131.63372802734375,252.28671264648438,-1,-1,-1,-1
190,8,226.68405151367188,425.191650390625,145.63885498046875,248.13604736328125,-1,-1,-1,-1
191,8,295.42315673828125,442.0780029296875,150.94479370117188,246.0755615234375,-1,-1,-1,-1
192,8,409.1148376464844,477.0030822753906,137.75558471679688,234.11172485351562,-1,-1,-1,-1
193,8,504.3527526855469,508.8019104003906,131.42056274414062,226.92996215820312,-1,-1,-1,-1
194,8,556.2132568359375,528.1636962890625,117.277587890625,227.01959228515625,-1,-1,-1,-1
195,8,579.6990966796875,532.8176879882812,101.46209716796875,231.0546875,-1,-1,-1,-1
196,8,591.4227905273438,539.3486938476562,98.98956298828125,231.3997802734375,-1,-1,-1,-1
197,8,600.509033203125,541.8611450195312,101.87945556640625,231.06695556640625,-1,-1,-1,-1
198,8,610.0446166992188,538.927734375,108.61767578125,228.85186767578125,-1,-1,-1,-1
199,8,619.6821899414062,527.2806396484375,117.72100830078125,233.8704833984375,-1,-1,-1,-1
200,8,624.7750854492188,517.59326171875,124.49224853515625,243.97412109375,-1,-1,-1,-1
201,8,624.7864990234375,510.01568603515625,132.9749755859375,253.71990966796875,-1,-1,-1,-1
202,8,625.0012817382812,505.4947814941406,136.78387451171875,262.3789367675781,-1,-1,-1,-1
203,8,629.6810913085938,502.9753723144531,139.97515869140625,267.0369567871094,-1,-1,-1,-1
204,8,641.3739624023438,502.6309509277344,139.13177490234375,273.1614685058594,-1,-1,-1,-1
205,8,664.0574340820312,505.7298278808594,140.46881103515625,284.4900207519531,-1,-1,-1,-1
206,8,715.2528076171875,510.98284912109375,140.58953857421875,294.55535888671875,-1,-1,-1,-1
207,8,831.085693359375,513.9005737304688,138.7005615234375,301.46112060546875,-1,-1,-1,-1
208,8,1006.2884521484375,511.2763671875,156.1658935546875,325.44268798828125,-1,-1,-1,-1
209,8,1182.591064453125,525.3323364257812,166.7237548828125,354.73309326171875,-1,-1,-1,-1
210,8,1248.7052001953125,528.2538452148438,162.3726806640625,367.9393310546875,-1,-1,-1,-1
211,8,1172.259765625,509.1512145996094,204.6492919921875,363.5192565917969,-1,-1,-1,-1
212,8,1025.163818359375,492.35382080078125,207.93505859375,349.8824462890625,-1,-1,-1,-1
213,8,880.1654663085938,491.0195617675781,187.46258544921875,332.6445007324219,-1,-1,-1,-1
214,8,791.80224609375,505.0245361328125,168.1917724609375,322.19317626953125,-1,-1,-1,-1
215,8,735.0625,502.9786376953125,159.433837890625,339.949951171875,-1,-1,-1,-1
216,8,714.1073608398438,513.5448608398438,156.0223388671875,348.548583984375,-1,-1,-1,-1
217,8,707.017333984375,514.1663208007812,155.60205078125,346.644287109375,-1,-1,-1,-1
218,8,708.3350830078125,512.1943969726562,153.30078125,343.52044677734375,-1,-1,-1,-1
219,8,713.0646362304688,507.6872863769531,165.0963134765625,344.5613098144531,-1,-1,-1,-1
220,8,693.5023193359375,489.02374267578125,204.40771484375,360.988525390625,-1,-1,-1,-1
221,8,698.8014526367188,474.45770263671875,207.55145263671875,378.67376708984375,-1,-1,-1,-1
222,8,716.7855224609375,464.4065246582031,193.2735595703125,395.9325256347656,-1,-1,-1,-1
223,8,727.7271728515625,468.8287353515625,175.8680419921875,400.4222412109375,-1,-1,-1,-1
224,8,733.6232299804688,470.2909240722656,174.97760009765625,424.2754821777344,-1,-1,-1,-1
225,8,714.7935791015625,480.1471252441406,201.5848388671875,438.2749328613281,-1,-1,-1,-1
226,8,698.1869506835938,493.4635925292969,229.90203857421875,437.0502014160156,-1,-1,-1,-1
227,8,722.9208374023438,499.0137634277344,213.0692138671875,429.4969787597656,-1,-1,-1,-1
228,8,737.5100708007812,511.42779541015625,191.58367919921875,424.21514892578125,-1,-1,-1,-1
229,8,719.1691284179688,515.1300048828125,200.05828857421875,430.48944091796875,-1,-1,-1,-1
230,8,689.2343139648438,513.8750610351562,255.420654296875,437.6390380859375,-1,-1,-1,-1
231,8,664.5592041015625,501.05255126953125,298.0703125,449.04302978515625,-1,-1,-1,-1
232,8,646.1069946289062,467.62066650390625,345.7349853515625,475.198974609375,-1,-1,-1,-1
233,8,635.7647705078125,429.9173278808594,339.8037109375,493.4532775878906,-1,-1,-1,-1
234,8,623.421630859375,387.40655517578125,337.1123046875,524.8252563476562,-1,-1,-1,-1
235,8,601.0331420898438,355.4556884765625,335.91583251953125,551.6781005859375,-1,-1,-1,-1
236,8,557.2550048828125,356.6332092285156,363.5662841796875,586.4913330078125,-1,-1,-1,-1
237,8,542.71240234375,385.74176025390625,362.9422607421875,615.3264770507812,-1,-1,-1,-1
238,8,513.838134765625,392.1206970214844,365.6947021484375,657.0352783203125,-1,-1,-1,-1
239,8,500.4248962402344,391.11663818359375,359.9604797363281,652.4329223632812,-1,-1,-1,-1
240,8,510.1554260253906,411.47039794921875,326.6413879394531,632.7415161132812,-1,-1,-1,-1
241,8,525.4246826171875,413.9813537597656,300.339599609375,621.5897216796875,-1,-1,-1,-1
242,8,541.4188232421875,385.8674011230469,294.6424560546875,617.701904296875,-1,-1,-1,-1
243,8,558.6842651367188,355.8436584472656,299.36444091796875,619.4434814453125,-1,-1,-1,-1
244,8,574.462890625,333.55426025390625,300.84918212890625,620.1122436523438,-1,-1,-1,-1
245,8,605.0549926757812,353.1246337890625,289.39385986328125,619.0250854492188,-1,-1,-1,-1
246,8,617.6732788085938,379.949462890625,288.8837890625,617.4256591796875,-1,-1,-1,-1
247,8,606.876708984375,382.9837951660156,286.9920654296875,623.726318359375,-1,-1,-1,-1
248,8,585.3213500976562,407.21484375,284.59710693359375,630.346923828125,-1,-1,-1,-1
249,8,581.2070922851562,445.4113464355469,274.9056396484375,638.4637451171875,-1,-1,-1,-1
250,8,585.7830200195312,477.1746520996094,261.05291748046875,617.37646484375,-1,-1,-1,-1
251,8,583.882080078125,497.6400146484375,260.29864501953125,603.0177001953125,-1,-1,-1,-1
252,8,599.9342651367188,483.13275146484375,242.6312255859375,587.3587036132812,-1,-1,-1,-1
253,8,614.5992431640625,470.93731689453125,234.44122314453125,583.6972045898438,-1,-1,-1,-1
254,8,609.3005981445312,501.01092529296875,240.76336669921875,573.1210327148438,-1,-1,-1,-1
255,8,603.3236694335938,547.15234375,248.12237548828125,564.18359375,-1,-1,-1,-1
256,8,591.5451049804688,569.089599609375,268.42779541015625,554.38916015625,-1,-1,-1,-1
257,8,595.8709716796875,557.3314208984375,270.132568359375,550.5045166015625,-1,-1,-1,-1
258,8,599.9285888671875,555.4575805664062,263.63385009765625,554.1764526367188,-1,-1,-1,-1
259,8,601.2085571289062,531.369140625,263.450439453125,558.495849609375,-1,-1,-1,-1
260,8,601.7015991210938,508.93267822265625,257.9383544921875,557.5269165039062,-1,-1,-1,-1
261,8,586.403076171875,486.9219970703125,274.40594482421875,549.01904296875,-1,-1,-1,-1
262,8,592.3688354492188,437.4725341796875,279.61639404296875,545.5310668945312,-1,-1,-1,-1
263,8,608.0704956054688,396.77825927734375,283.26641845703125,539.2723999023438,-1,-1,-1,-1
264,8,641.9660034179688,378.72125244140625,268.55853271484375,536.5047607421875,-1,-1,-1,-1
265,8,676.0325317382812,379.26300048828125,247.56640625,535.4429321289062,-1,-1,-1,-1
266,8,703.6539306640625,381.0723571777344,214.51458740234375,520.4381103515625,-1,-1,-1,-1
267,8,720.7113037109375,389.1643371582031,180.0660400390625,505.0257263183594,-1,-1,-1,-1
268,8,711.6567993164062,410.0668640136719,162.58282470703125,493.3902282714844,-1,-1,-1,-1
269,8,690.2390747070312,433.1095275878906,161.58026123046875,495.1968688964844,-1,-1,-1,-1
270,8,669.796630859375,455.8149108886719,174.97113037109375,496.9772644042969,-1,-1,-1,-1
271,8,661.424072265625,484.2979431152344,181.35260009765625,494.4001770019531,-1,-1,-1,-1
272,8,642.3496704101562,503.59783935546875,187.04876708984375,487.17779541015625,-1,-1,-1,-1
273,8,604.0296630859375,513.3298950195312,202.75421142578125,489.14398193359375,-1,-1,-1,-1
274,8,570.8020629882812,516.472412109375,210.084228515625,483.373046875,-1,-1,-1,-1
275,8,543.1875610351562,508.08563232421875,206.1744384765625,483.32586669921875,-1,-1,-1,-1
276,8,531.2277221679688,495.90240478515625,203.093994140625,472.50482177734375,-1,-1,-1,-1
277,8,519.6951904296875,487.4937438964844,208.26715087890625,463.8037414550781,-1,-1,-1,-1
278,8,513.9998168945312,478.7949523925781,213.581298828125,468.7895202636719,-1,-1,-1,-1
279,8,502.9920349121094,471.593505859375,223.34927368164062,478.041748046875,-1,-1,-1,-1
280,8,494.01220703125,457.41656494140625,236.11541748046875,485.88006591796875,-1,-1,-1,-1
281,8,485.491943359375,449.6571044921875,237.94287109375,480.88330078125,-1,-1,-1,-1
282,8,475.7893371582031,457.5993957519531,234.18576049804688,466.7185974121094,-1,-1,-1,-1
283,8,471.3937072753906,473.9568176269531,218.13217163085938,445.7640075683594,-1,-1,-1,-1
284,8,465.8990478515625,496.066162109375,202.4610595703125,427.6846923828125,-1,-1,-1,-1
285,8,462.4941101074219,515.3992309570312,189.53219604492188,402.24200439453125,-1,-1,-1,-1
286,8,458.4023742675781,527.084716796875,180.36685180664062,394.78741455078125,-1,-1,-1,-1
287,8,434.4090270996094,540.7965698242188,179.43289184570312,389.481689453125,-1,-1,-1,-1
288,8,436.3813171386719,545.8458251953125,167.53170776367188,381.5362548828125,-1,-1,-1,-1
289,8,442.92724609375,538.04052734375,167.18646240234375,383.5736083984375,-1,-1,-1,-1
290,8,460.6905517578125,528.7293701171875,169.54827880859375,383.2080078125,-1,-1,-1,-1
291,8,477.12420654296875,516.554931640625,172.829833984375,386.70294189453125,-1,-1,-1,-1
292,8,475.0326232910156,508.7015380859375,172.67880249023438,383.58941650390625,-1,-1,-1,-1
293,8,447.6541442871094,505.1455993652344,172.07272338867188,364.9752502441406,-1,-1,-1,-1
294,8,417.47979736328125,508.5342102050781,172.54193115234375,346.2223205566406,-1,-1,-1,-1
295,8,406.47509765625,531.3567504882812,175.45733642578125,318.76348876953125,-1,-1,-1,-1
296,8,431.129638671875,541.2763671875,179.1019287109375,309.56787109375,-1,-1,-1,-1
297,8,477.2781982421875,531.6513061523438,185.6881103515625,307.10205078125,-1,-1,-1,-1
298,8,540.3409423828125,542.4418334960938,180.755615234375,290.24249267578125,-1,-1,-1,-1
299,8,577.7860717773438,553.2560424804688,178.7452392578125,281.989501953125,-1,-1,-1,-1
300,8,576.6396484375,554.3914794921875,191.18817138671875,281.3482666015625,-1,-1,-1,-1
301,8,566.99267578125,556.4185791015625,210.62506103515625,280.1480712890625,-1,-1,-1,-1
302,8,555.9819946289062,572.868896484375,241.21466064453125,268.057373046875,-1,-1,-1,-1
303,8,597.801513671875,585.7879028320312,229.1976318359375,256.43963623046875,-1,-1,-1,-1
304,8,631.5248413085938,587.7257690429688,239.42608642578125,256.57391357421875,-1,-1,-1,-1
305,8,649.3778076171875,586.8502197265625,264.25103759765625,256.661865234375,-1,-1,-1,-1
306,8,672.7434692382812,576.1526489257812,270.78515625,269.28802490234375,-1,-1,-1,-1
307,8,681.0888671875,579.9520263671875,278.4539794921875,262.326416015625,-1,-1,-1,-1
308,8,687.5068359375,564.069580078125,279.95684814453125,267.16192626953125,-1,-1,-1,-1
309,8,690.9828491210938,564.0524291992188,282.15423583984375,259.70928955078125,-1,-1,-1,-1
310,8,705.6331787109375,565.3078002929688,270.384033203125,251.9053955078125,-1,-1,-1,-1
311,8,725.28662109375,554.2936401367188,259.3828125,255.99652099609375,-1,-1,-1,-1
312,8,766.89697265625,550.3336181640625,213.62432861328125,240.67669677734375,-1,-1,-1,-1
313,8,794.9681396484375,543.1079711914062,160.65057373046875,228.4012451171875,-1,-1,-1,-1
314,8,770.5616455078125,548.2695922851562,151.3690185546875,217.48114013671875,-1,-1,-1,-1
315,8,739.3194580078125,557.8577270507812,142.72601318359375,203.93353271484375,-1,-1,-1,-1
316,8,712.1901245117188,560.69189453125,136.219482421875,196.6849365234375,-1,-1,-1,-1
317,8,687.1328125,551.764404296875,123.668212890625,197.2841796875,-1,-1,-1,-1
318,8,653.2067260742188,537.6022338867188,112.11529541015625,200.75701904296875,-1,-1,-1,-1
319,8,603.716552734375,534.3046264648438,105.651611328125,203.77056884765625,-1,-1,-1,-1
320,8,546.737060546875,542.328857421875,105.582275390625,210.351806640625,-1,-1,-1,-1
321,8,485.2402648925781,552.1971435546875,105.38882446289062,215.98980712890625,-1,-1,-1,-1
322,8,426.372314453125,542.4251098632812,112.08203125,233.901123046875,-1,-1,-1,-1
323,8,405.19036865234375,521.6299438476562,112.46826171875,249.8826904296875,-1,-1,-1,-1
324,8,423.9256591796875,518.8844604492188,114.75030517578125,250.1068115234375,-1,-1,-1,-1
325,8,467.5047607421875,520.68408203125,122.31268310546875,248.17401123046875,-1,-1,-1,-1
326,8,511.7002868652344,539.7216796875,129.87039184570312,245.75689697265625,-1,-1,-1,-1
327,8,544.3196411132812,567.02587890625,128.78875732421875,246.93988037109375,-1,-1,-1,-1
328,8,563.4349365234375,592.4205932617188,124.28741455078125,250.6796875,-1,-1,-1,-1
329,8,582.48974609375,604.209228515625,119.1324462890625,257.12701416015625,-1,-1,-1,-1
330,8,600.6532592773438,617.3167114257812,114.81304931640625,258.4051513671875,-1,-1,-1,-1
331,8,611.3844604492188,619.5047607421875,112.60687255859375,258.45330810546875,-1,-1,-1,-1
332,8,622.1211547851562,624.782958984375,105.63336181640625,256.29583740234375,-1,-1,-1,-1
333,8,628.5454711914062,629.8668212890625,102.30523681640625,259.61126708984375,-1,-1,-1,-1
334,8,627.7100830078125,634.9125366210938,103.76904296875,263.84832763671875,-1,-1,-1,-1
335,8,621.15087890625,635.4511108398438,110.11602783203125,270.6234130859375,-1,-1,-1,-1
336,8,614.7906494140625,633.4669799804688,117.6072998046875,275.6131591796875,-1,-1,-1,-1
337,8,619.1475830078125,628.475830078125,120.8349609375,282.76019287109375,-1,-1,-1,-1
338,8,625.7478637695312,625.0968017578125,124.025146484375,283.9403076171875,-1,-1,-1,-1
339,8,634.8547973632812,620.236083984375,125.17974853515625,291.88720703125,-1,-1,-1,-1
340,8,634.2596435546875,611.3465576171875,125.43096923828125,301.57330322265625,-1,-1,-1,-1
341,8,616.6893920898438,598.4470825195312,126.59564208984375,309.0421142578125,-1,-1,-1,-1
342,8,591.061279296875,576.02294921875,124.9249267578125,303.4495849609375,-1,-1,-1,-1
343,8,545.3146362304688,560.4578857421875,124.31842041015625,298.777099609375,-1,-1,-1,-1
344,8,470.92254638671875,546.6538696289062,129.6397705078125,302.39093017578125,-1,-1,-1,-1
345,8,392.3526611328125,526.1294555664062,132.6048583984375,314.74237060546875,-1,-1,-1,-1
346,8,332.7690124511719,505.0013732910156,139.28363037109375,325.2501525878906,-1,-1,-1,-1
347,8,318.24066162109375,500.71246337890625,147.71505737304688,334.54913330078125,-1,-1,-1,-1
348,8,355.8427429199219,515.7542724609375,161.22671508789062,329.6153564453125,-1,-1,-1,-1
349,8,425.4468688964844,515.3276977539062,176.81594848632812,313.654296875,-1,-1,-1,-1
350,8,487.1842041015625,503.2468566894531,199.19451904296875,316.5621032714844,-1,-1,-1,-1
351,8,523.890380859375,498.05694580078125,208.662109375,319.37628173828125,-1,-1,-1,-1
352,8,548.1318969726562,496.2897033691406,212.3751220703125,327.9389953613281,-1,-1,-1,-1
353,8,563.2052001953125,516.51171875,209.231201171875,328.988037109375,-1,-1,-1,-1
354,8,569.1602783203125,544.8331298828125,202.798583984375,338.24462890625,-1,-1,-1,-1
355,8,567.4295043945312,569.9202880859375,189.18206787109375,347.86376953125,-1,-1,-1,-1
356,8,566.2802734375,586.928955078125,177.56671142578125,337.51593017578125,-1,-1,-1,-1
357,8,569.5225830078125,580.31884765625,164.17120361328125,335.63177490234375,-1,-1,-1,-1
358,8,571.3695678710938,577.8096923828125,156.0198974609375,327.42156982421875,-1,-1,-1,-1
359,8,576.0720825195312,569.51318359375,150.32952880859375,326.73004150390625,-1,-1,-1,-1
360,8,566.544677734375,557.1563110351562,160.06561279296875,328.60479736328125,-1,-1,-1,-1
361,8,552.9708862304688,542.1739501953125,180.71014404296875,333.8248291015625,-1,-1,-1,-1
362,8,541.6884155273438,521.6878051757812,196.29107666015625,349.11749267578125,-1,-1,-1,-1
363,8,535.2286987304688,493.20452880859375,198.5035400390625,358.0130615234375,-1,-1,-1,-1
364,8,540.3163452148438,456.4426574707031,195.01446533203125,369.4531555175781,-1,-1,-1,-1
365,8,552.0187377929688,431.33551025390625,186.75091552734375,382.8089599609375,-1,-1,-1,-1
366,8,564.601318359375,420.9129943847656,177.95709228515625,398.4180603027344,-1,-1,-1,-1
367,8,567.91796875,426.2752380371094,178.53021240234375,410.0225524902344,-1,-1,-1,-1
368,8,569.3262939453125,439.8036193847656,183.849853515625,397.9016418457031,-1,-1,-1,-1
369,8,568.2767333984375,455.631103515625,186.744384765625,388.0478515625,-1,-1,-1,-1
370,8,564.6438598632812,469.183349609375,192.52410888671875,387.4959716796875,-1,-1,-1,-1
371,8,554.9249877929688,492.5218505859375,188.069091796875,382.96148681640625,-1,-1,-1,-1
372,8,545.1481323242188,492.6050109863281,179.113525390625,396.3042297363281,-1,-1,-1,-1
373,8,542.4183959960938,508.5364990234375,165.85052490234375,389.26220703125,-1,-1,-1,-1
374,8,544.2876586914062,505.00494384765625,154.271240234375,404.66326904296875,-1,-1,-1,-1
375,8,547.2905883789062,506.0620422363281,148.05511474609375,415.6361999511719,-1,-1,-1,-1
376,8,544.1809692382812,502.3093566894531,150.6456298828125,424.6999206542969,-1,-1,-1,-1
377,8,539.1011962890625,497.0643310546875,151.5650634765625,428.53033447265625,-1,-1,-1,-1
378,8,542.6450805664062,490.0255126953125,149.4537353515625,427.99658203125,-1,-1,-1,-1
379,8,554.4750366210938,491.32379150390625,148.6873779296875,416.655517578125,-1,-1,-1,-1
380,8,569.0401611328125,479.2864990234375,148.6119384765625,419.9368896484375,-1,-1,-1,-1
381,8,585.7982788085938,466.8091125488281,158.85723876953125,425.1288146972656,-1,-1,-1,-1
382,8,581.9981689453125,452.2825622558594,168.60992431640625,432.3805236816406,-1,-1,-1,-1
383,8,571.6414794921875,443.01708984375,179.4453125,440.92657470703125,-1,-1,-1,-1
384,8,567.5313110351562,419.18328857421875,175.13677978515625,454.90216064453125,-1,-1,-1,-1
385,8,577.6148681640625,409.2297668457031,163.62200927734375,456.8558654785156,-1,-1,-1,-1
386,8,581.0182495117188,405.1375732421875,160.5435791015625,459.65863037109375,-1,-1,-1,-1
387,8,568.9942016601562,410.94122314453125,167.846435546875,463.2467041015625,-1,-1,-1,-1
388,8,557.75341796875,424.4055480957031,179.13104248046875,461.0339660644531,-1,-1,-1,-1
389,8,554.4883422851562,439.34088134765625,184.18853759765625,450.33673095703125,-1,-1,-1,-1
390,8,557.9999389648438,455.40283203125,178.69940185546875,440.927978515625,-1,-1,-1,-1
391,8,562.55517578125,466.35760498046875,172.68365478515625,439.48956298828125,-1,-1,-1,-1
392,8,556.5948486328125,470.4910888671875,179.61083984375,447.79205322265625,-1,-1,-1,-1
393,8,549.2391967773438,473.140869140625,186.74139404296875,455.46405029296875,-1,-1,-1,-1
394,8,545.0263671875,479.0484924316406,189.60833740234375,449.0703430175781,-1,-1,-1,-1
395,8,542.5304565429688,480.7566223144531,193.05914306640625,444.9306945800781,-1,-1,-1,-1
396,8,547.3529663085938,493.64227294921875,190.12396240234375,428.2607421875,-1,-1,-1,-1
397,8,552.543701171875,513.7161865234375,184.7757568359375,421.14898681640625,-1,-1,-1,-1
398,8,549.3817138671875,541.2158203125,181.26123046875,409.42266845703125,-1,-1,-1,-1
399,8,544.5272216796875,558.4578247070312,185.83941650390625,402.41693115234375,-1,-1,-1,-1
400,8,542.228759765625,582.9344482421875,181.82122802734375,391.8948974609375,-1,-1,-1,-1
401,8,546.6181030273438,590.019287109375,193.8858642578125,393.816650390625,-1,-1,-1,-1
402,8,548.9424438476562,592.89208984375,192.67388916015625,397.30682373046875,-1,-1,-1,-1
403,8,549.7879028320312,586.1001586914062,199.9473876953125,407.1737060546875,-1,-1,-1,-1
404,8,546.5244750976562,583.5023803710938,211.50665283203125,406.1063232421875,-1,-1,-1,-1
405,8,570.4620971679688,586.242431640625,197.21905517578125,399.21539306640625,-1,-1,-1,-1
406,8,584.7294311523438,590.365478515625,190.20452880859375,381.5205078125,-1,-1,-1,-1
407,8,591.301513671875,600.2559814453125,185.62518310546875,375.94476318359375,-1,-1,-1,-1
408,8,602.1611938476562,602.67919921875,178.84527587890625,381.876953125,-1,-1,-1,-1
409,8,610.6263427734375,615.6567993164062,160.36138916015625,375.37884521484375,-1,-1,-1,-1
410,8,619.141357421875,628.1682739257812,149.45965576171875,364.7618408203125,-1,-1,-1,-1
411,8,614.60546875,634.373779296875,150.2957763671875,353.4639892578125,-1,-1,-1,-1
412,8,598.7786254882812,626.76416015625,158.6173095703125,354.5087890625,-1,-1,-1,-1
413,8,582.98681640625,613.9390869140625,170.45733642578125,351.46551513671875,-1,-1,-1,-1
414,8,564.9053955078125,601.25634765625,179.8165283203125,360.684814453125,-1,-1,-1,-1
415,8,554.9906616210938,583.1939086914062,183.11541748046875,372.27789306640625,-1,-1,-1,-1
416,8,561.9269409179688,586.0308227539062,177.00262451171875,353.52935791015625,-1,-1,-1,-1
417,8,580.9575805664062,561.9173583984375,167.87774658203125,362.90057373046875,-1,-1,-1,-1
418,8,603.2064208984375,562.1543579101562,159.9366455078125,355.52020263671875,-1,-1,-1,-1
419,8,621.7271118164062,564.1753540039062,152.50701904296875,350.01983642578125,-1,-1,-1,-1
420,8,629.2832641601562,575.7528686523438,148.24261474609375,344.57611083984375,-1,-1,-1,-1
421,8,631.7633056640625,585.011474609375,145.8170166015625,338.4140625,-1,-1,-1,-1
422,8,627.10791015625,587.6416015625,144.30108642578125,338.9287109375,-1,-1,-1,-1
423,8,614.2413940429688,589.1271362304688,146.42694091796875,334.42022705078125,-1,-1,-1,-1
424,8,576.7946166992188,577.2163696289062,154.19354248046875,341.94549560546875,-1,-1,-1,-1
425,8,515.3191528320312,551.8411254882812,164.36376953125,355.31170654296875,-1,-1,-1,-1
426,8,459.35321044921875,522.113525390625,173.67681884765625,364.44970703125,-1,-1,-1,-1
427,8,440.3161926269531,501.206787109375,173.92959594726562,366.7462158203125,-1,-1,-1,-1
428,8,451.14520263671875,492.07855224609375,169.47601318359375,362.75262451171875,-1,-1,-1,-1
429,8,475.8812255859375,501.6002197265625,163.808837890625,355.5863037109375,-1,-1,-1,-1
430,8,500.9615478515625,520.7724609375,159.12774658203125,350.13641357421875,-1,-1,-1,-1
431,8,522.9959106445312,548.23974609375,153.89862060546875,335.7496337890625,-1,-1,-1,-1
432,8,542.3858642578125,562.6233520507812,155.35382080078125,328.29400634765625,-1,-1,-1,-1
433,8,559.8442993164062,570.3600463867188,166.5302734375,325.28619384765625,-1,-1,-1,-1
434,8,575.7380981445312,593.4577026367188,175.69012451171875,313.83392333984375,-1,-1,-1,-1
435,8,584.3139038085938,584.7437133789062,188.43231201171875,334.25421142578125,-1,-1,-1,-1
436,8,595.2086181640625,587.1142578125,184.4398193359375,334.4254150390625,-1,-1,-1,-1
437,8,606.513671875,587.52099609375,180.3282470703125,322.068359375,-1,-1,-1,-1
438,8,619.5045776367188,594.5582885742188,168.63494873046875,309.82110595703125,-1,-1,-1,-1
439,8,634.9651489257812,605.9434204101562,165.664306640625,314.12115478515625,-1,-1,-1,-1
440,8,644.0579833984375,626.2822265625,159.48419189453125,298.7183837890625,-1,-1,-1,-1
441,8,649.50244140625,644.8887329101562,150.18267822265625,276.70611572265625,-1,-1,-1,-1
160,9,690.8927612304688,576.7042236328125,85.11322021484375,170.372802734375,-1,-1,-1,-1
161,9,688.5631713867188,577.4269409179688,97.98736572265625,163.3387451171875,-1,-1,-1,-1
162,9,692.9150390625,569.785888671875,102.6143798828125,155.07623291015625,-1,-1,-1,-1
163,9,684.3447265625,544.75048828125,108.56787109375,141.04705810546875,-1,-1,-1,-1
164,9,693.4334106445312,529.3400268554688,114.75189208984375,163.3072509765625,-1,-1,-1,-1
165,9,675.488037109375,515.844970703125,153.74212646484375,167.0518798828125,-1,-1,-1,-1
166,9,692.5872192382812,507.1165771484375,135.8173828125,174.76678466796875,-1,-1,-1,-1
167,9,703.93212890625,511.8473205566406,131.8455810546875,174.78433227539062,-1,-1,-1,-1
168,9,709.8099975585938,521.4169311523438,114.81060791015625,169.7093505859375,-1,-1,-1,-1
169,9,729.1431274414062,522.9158325195312,87.492431640625,172.39398193359375,-1,-1,-1,-1
170,9,726.0878295898438,529.5146484375,100.40130615234375,165.533203125,-1,-1,-1,-1
171,9,716.5534057617188,512.396484375,129.46343994140625,182.1387939453125,-1,-1,-1,-1
172,9,704.1889038085938,516.725341796875,145.58697509765625,194.02130126953125,-1,-1,-1,-1
173,9,693.4961547851562,517.686279296875,139.3677978515625,204.23455810546875,-1,-1,-1,-1
174,9,690.2528076171875,517.9042358398438,116.90869140625,205.2342529296875,-1,-1,-1,-1
175,9,699.459228515625,517.837158203125,105.35015869140625,204.53143310546875,-1,-1,-1,-1
176,9,695.6243896484375,514.5682373046875,110.28759765625,207.28582763671875,-1,-1,-1,-1
177,9,682.3279418945312,508.6586608886719,132.74957275390625,218.15994262695312,-1,-1,-1,-1
178,9,684.5029296875,504.3912048339844,136.888916015625,229.22097778320312,-1,-1,-1,-1
179,9,705.0113525390625,485.7476806640625,149.0382080078125,260.98040771484375,-1,-1,-1,-1
180,9,747.6165161132812,479.029541015625,145.5992431640625,267.5106201171875,-1,-1,-1,-1
181,9,792.4183349609375,483.83782958984375,135.2406005859375,264.04156494140625,-1,-1,-1,-1
182,9,817.8078002929688,481.3333435058594,113.81512451171875,264.4846496582031,-1,-1,-1,-1
183,9,790.414306640625,461.18414306640625,108.521728515625,268.87493896484375,-1,-1,-1,-1
184,9,739.9602661132812,434.721435546875,132.88922119140625,281.93206787109375,-1,-1,-1,-1
185,9,708.40966796875,419.37548828125,163.854736328125,307.6778564453125,-1,-1,-1,-1
186,9,699.4578857421875,412.0870666503906,166.49847412109375,323.6737365722656,-1,-1,-1,-1
187,9,691.9710693359375,417.0251159667969,146.2620849609375,312.7214050292969,-1,-1,-1,-1
188,9,695.2521362304688,422.50347900390625,148.54327392578125,302.22686767578125,-1,-1,-1,-1
189,9,691.786865234375,421.4063415527344,183.29205322265625,299.5004577636719,-1,-1,-1,-1
190,9,714.6209106445312,425.42315673828125,213.80169677734375,314.77288818359375,-1,-1,-1,-1
191,9,781.6441040039062,444.26202392578125,224.99554443359375,337.2430419921875,-1,-1,-1,-1
192,9,892.6629028320312,464.6986999511719,218.36578369140625,376.3590393066406,-1,-1,-1,-1
193,9,1011.0697021484375,510.6483154296875,207.5836181640625,392.62908935546875,-1,-1,-1,-1
194,9,1088.978515625,548.9838256835938,223.6839599609375,391.14251708984375,-1,-1,-1,-1
195,9,1138.290283203125,574.5089111328125,217.4903564453125,382.34246826171875,-1,-1,-1,-1
196,9,1210.0196533203125,584.5319213867188,191.4140625,382.834716796875,-1,-1,-1,-1
197,9,1243.8284912109375,599.2445068359375,187.0101318359375,395.85345458984375,-1,-1,-1,-1
198,9,1255.155029296875,581.542236328125,253.1781005859375,425.7900390625,-1,-1,-1,-1
199,9,1253.2080078125,515.3541870117188,310.6671142578125,556.6532592773438,-1,-1,-1,-1
206,10,-142.83555603027344,600.046630859375,290.82562255859375,551.3311767578125,-1,-1,-1,-1
207,10,-22.632991790771484,467.240966796875,272.56939697265625,696.130615234375,-1,-1,-1,-1
208,10,146.13754272460938,462.5634765625,285.33502197265625,636.503173828125,-1,-1,-1,-1
209,10,321.4075927734375,465.28192138671875,249.91400146484375,577.7234497070312,-1,-1,-1,-1
210,10,363.232421875,462.29681396484375,259.89605712890625,554.52880859375,-1,-1,-1,-1
211,10,287.6432189941406,448.2222900390625,278.1044006347656,563.4459838867188,-1,-1,-1,-1
212,10,114.48567199707031,463.32916259765625,346.11846923828125,592.1495971679688,-1,-1,-1,-1
213,10,-49.62672424316406,508.2763977050781,378.366943359375,606.8033447265625,-1,-1,-1,-1
214,10,-153.25376892089844,566.8396606445312,399.04388427734375,582.8744506835938,-1,-1,-1,-1
215,10,-186.0485076904297,581.1483154296875,387.73333740234375,546.078857421875,-1,-1,-1,-1
216,10,-206.43751525878906,542.9444580078125,415.93939208984375,593.8323974609375,-1,-1,-1,-1
217,10,-195.85043334960938,517.5203857421875,394.7245788574219,610.17822265625,-1,-1,-1,-1
218,10,-157.51573181152344,506.814453125,318.05694580078125,606.3809814453125,-1,-1,-1,-1
219,10,-160.05503845214844,474.5602722167969,323.134521484375,666.0758056640625,-1,-1,-1,-1
248,13,-66.66191101074219,467.64453125,136.3515167236328,350.85101318359375,-1,-1,-1,-1
249,13,-34.1638069152832,506.8166809082031,148.00286865234375,332.9405822753906,-1,-1,-1,-1
250,13,-5.126388072967529,545.835693359375,155.6329345703125,325.32275390625,-1,-1,-1,-1
251,13,26.344680786132812,560.0020751953125,139.00970458984375,314.7308349609375,-1,-1,-1,-1
252,13,80.73829650878906,517.51025390625,130.6772003173828,296.1822509765625,-1,-1,-1,-1
253,13,148.2971649169922,476.8145751953125,127.40559387207031,284.75946044921875,-1,-1,-1,-1
254,13,199.99700927734375,480.63311767578125,117.95657348632812,274.37408447265625,-1,-1,-1,-1
255,13,241.6519012451172,520.262451171875,114.19227600097656,264.39849853515625,-1,-1,-1,-1
256,13,279.5323791503906,546.978515625,107.95306396484375,255.16961669921875,-1,-1,-1,-1
257,13,315.538818359375,553.473876953125,109.49072265625,245.75347900390625,-1,-1,-1,-1
258,13,346.62921142578125,564.3444213867188,108.15164184570312,242.69049072265625,-1,-1,-1,-1
259,13,367.0135498046875,567.8212890625,105.5279541015625,235.8797607421875,-1,-1,-1,-1
260,13,380.1729431152344,567.4344482421875,103.95034790039062,234.975830078125,-1,-1,-1,-1
261,13,395.0520935058594,555.6525268554688,105.31219482421875,231.52081298828125,-1,-1,-1,-1
262,13,438.0947265625,499.5982971191406,100.24346923828125,227.17343139648438,-1,-1,-1,-1
263,13,484.4765625,445.1019287109375,97.10858154296875,228.27557373046875,-1,-1,-1,-1
264,13,546.3348388671875,408.3859558105469,94.1451416015625,228.82949829101562,-1,-1,-1,-1
265,13,600.3338012695312,404.59722900390625,94.26385498046875,219.914306640625,-1,-1,-1,-1
266,13,634.4949951171875,402.082763671875,93.1915283203125,216.42138671875,-1,-1,-1,-1
267,13,647.8176879882812,415.5679626464844,90.8934326171875,212.42947387695312,-1,-1,-1,-1
268,13,653.2802734375,431.4441833496094,87.32586669921875,215.07174682617188,-1,-1,-1,-1
269,13,660.2838134765625,470.86517333984375,90.653076171875,200.62200927734375,-1,-1,-1,-1
270,13,668.908203125,471.64398193359375,113.5771484375,233.214111328125,-1,-1,-1,-1
274,13,685.578369140625,547.6766967773438,104.9073486328125,199.8687744140625,-1,-1,-1,-1
275,13,701.18017578125,530.0162963867188,89.08038330078125,203.24200439453125,-1,-1,-1,-1
276,13,703.6981811523438,508.1647644042969,88.83367919921875,207.37942504882812,-1,-1,-1,-1
277,13,710.7138671875,499.65972900390625,95.42413330078125,209.13568115234375,-1,-1,-1,-1
278,13,719.39990234375,500.9090576171875,94.86004638671875,206.185791015625,-1,-1,-1,-1
279,13,721.6441650390625,502.3861389160156,97.2056884765625,204.69393920898438,-1,-1,-1,-1
280,13,725.68896484375,503.76849365234375,97.0789794921875,203.0013427734375,-1,-1,-1,-1
281,13,727.3383178710938,510.6708984375,100.65911865234375,197.44891357421875,-1,-1,-1,-1
282,13,726.4189453125,526.6871337890625,101.431884765625,191.0159912109375,-1,-1,-1,-1
283,13,724.7725219726562,547.2128295898438,104.23358154296875,186.57269287109375,-1,-1,-1,-1
284,13,728.4317626953125,559.8204956054688,102.7801513671875,183.63861083984375,-1,-1,-1,-1
285,13,736.02001953125,561.0386352539062,109.40277099609375,186.325927734375,-1,-1,-1,-1
286,13,741.114990234375,564.7810668945312,109.12884521484375,183.2177734375,-1,-1,-1,-1
287,13,732.8764038085938,559.3875732421875,115.6361083984375,190.199951171875,-1,-1,-1,-1
288,13,728.0382080078125,556.7300415039062,131.24603271484375,191.50885009765625,-1,-1,-1,-1
289,13,738.0309448242188,548.5299682617188,137.48101806640625,200.57733154296875,-1,-1,-1,-1
290,13,753.2144775390625,540.7086181640625,150.202392578125,208.962158203125,-1,-1,-1,-1
291,13,781.9660034179688,544.0852661132812,151.473876953125,213.5968017578125,-1,-1,-1,-1
292,13,799.5753784179688,549.6305541992188,133.9161376953125,214.43328857421875,-1,-1,-1,-1
293,13,791.92236328125,570.0741577148438,115.45343017578125,197.0108642578125,-1,-1,-1,-1
294,13,770.4909057617188,550.411865234375,120.347900390625,218.131103515625,-1,-1,-1,-1
295,13,770.694091796875,551.3265991210938,124.63433837890625,241.73175048828125,-1,-1,-1,-1
296,13,806.7111206054688,557.3721313476562,129.13385009765625,262.658203125,-1,-1,-1,-1
297,13,871.712646484375,543.9085693359375,138.132568359375,286.22430419921875,-1,-1,-1,-1
298,13,947.7188720703125,539.63427734375,147.3251953125,312.767578125,-1,-1,-1,-1
299,13,1004.1187133789062,546.8900146484375,150.09051513671875,320.27813720703125,-1,-1,-1,-1
300,13,1039.9508056640625,555.0662841796875,148.265625,324.41864013671875,-1,-1,-1,-1
301,13,1067.9844970703125,558.046142578125,153.8165283203125,329.4903564453125,-1,-1,-1,-1
302,13,1085.072265625,557.9739990234375,179.270263671875,376.8865966796875,-1,-1,-1,-1
303,13,1114.077880859375,559.7002563476562,199.8380126953125,410.33203125,-1,-1,-1,-1
304,13,1163.5301513671875,568.1991577148438,210.418701171875,446.44329833984375,-1,-1,-1,-1
305,13,1224.5986328125,583.4034423828125,190.665771484375,390.45654296875,-1,-1,-1,-1
306,13,1274.0628662109375,602.627197265625,138.7176513671875,410.04388427734375,-1,-1,-1,-1
307,13,1301.99755859375,578.7138671875,115.5748291015625,515.5059814453125,-1,-1,-1,-1
262,14,-131.50013732910156,549.6221313476562,266.02679443359375,456.23345947265625,-1,-1,-1,-1
263,14,-115.37114715576172,468.412353515625,265.8498840332031,455.22216796875,-1,-1,-1,-1
264,14,4.45674991607666,401.3902893066406,212.00857543945312,523.6141357421875,-1,-1,-1,-1
265,14,65.30026245117188,377.4564208984375,216.99981689453125,498.8822021484375,-1,-1,-1,-1
266,14,115.64691162109375,378.830078125,199.51943969726562,480.0142822265625,-1,-1,-1,-1
267,14,148.68899536132812,407.9455261230469,180.41677856445312,461.2612609863281,-1,-1,-1,-1
268,14,174.02061462402344,455.66943359375,167.1801300048828,416.08135986328125,-1,-1,-1,-1
269,14,211.8817901611328,492.87249755859375,155.05079650878906,381.12237548828125,-1,-1,-1,-1
270,14,253.19729614257812,555.5797729492188,142.84176635742188,321.9151611328125,-1,-1,-1,-1
271,14,267.1186218261719,551.6537475585938,158.28836059570312,340.50128173828125,-1,-1,-1,-1
272,14,273.2292785644531,557.5446166992188,176.24160766601562,343.39227294921875,-1,-1,-1,-1
273,14,264.3569641113281,565.5892333984375,192.8565673828125,335.16949462890625,-1,-1,-1,-1
274,14,260.68231201171875,546.181640625,190.85195922851562,340.09661865234375,-1,-1,-1,-1
275,14,275.535888671875,531.1432495117188,164.735107421875,324.56219482421875,-1,-1,-1,-1
276,14,301.56707763671875,524.5936279296875,131.1292724609375,296.3333740234375,-1,-1,-1,-1
277,14,337.6211242675781,494.91033935546875,106.85595703125,309.2564697265625,-1,-1,-1,-1
278,14,361.91748046875,505.9203796386719,117.85980224609375,288.9471130371094,-1,-1,-1,-1
279,14,362.6705322265625,486.3146057128906,133.520751953125,311.1529235839844,-1,-1,-1,-1
280,14,370.2643737792969,483.385009765625,135.97946166992188,316.63885498046875,-1,-1,-1,-1
281,14,381.1297302246094,515.1244506835938,128.76455688476562,282.40679931640625,-1,-1,-1,-1
282,14,390.2071533203125,532.5670166015625,120.2606201171875,263.1605224609375,-1,-1,-1,-1
283,14,400.05047607421875,534.6851196289062,106.20892333984375,269.87921142578125,-1,-1,-1,-1
284,14,414.81500244140625,574.7269897460938,98.17926025390625,237.02001953125,-1,-1,-1,-1
285,14,425.0464172363281,570.0398559570312,88.64987182617188,245.94195556640625,-1,-1,-1,-1
286,14,428.7573547363281,548.1680908203125,95.82223510742188,262.656494140625,-1,-1,-1,-1
287,14,420.985107421875,556.9115600585938,94.7476806640625,252.28466796875,-1,-1,-1,-1
288,14,427.0573425292969,559.0599975585938,96.01559448242188,231.91302490234375,-1,-1,-1,-1
289,14,443.32598876953125,558.871826171875,92.70721435546875,214.28436279296875,-1,-1,-1,-1
290,14,466.3251953125,572.8054809570312,124.44134521484375,254.510986328125,-1,-1,-1,-1
291,14,481.783203125,556.4584350585938,132.203857421875,292.21307373046875,-1,-1,-1,-1
292,14,480.5104675292969,548.2791748046875,147.48550415039062,288.875732421875,-1,-1,-1,-1
296,15,423.603271484375,579.2926635742188,118.45880126953125,203.4482421875,-1,-1,-1,-1
297,15,453.4166564941406,569.4270629882812,139.05715942382812,195.2420654296875,-1,-1,-1,-1
298,15,494.8216247558594,575.34130859375,148.61544799804688,180.97314453125,-1,-1,-1,-1
299,15,511.275634765625,600.6055297851562,148.3868408203125,161.61553955078125,-1,-1,-1,-1
300,15,513.8821411132812,608.292236328125,160.5821533203125,161.62353515625,-1,-1,-1,-1
301,15,528.7018432617188,602.3475952148438,156.38330078125,168.07421875,-1,-1,-1,-1
302,15,542.8784790039062,610.5517578125,146.79425048828125,161.3416748046875,-1,-1,-1,-1
303,15,540.7350463867188,612.57470703125,168.79913330078125,166.35498046875,-1,-1,-1,-1
304,15,564.5934448242188,614.64990234375,143.28558349609375,155.55523681640625,-1,-1,-1,-1
305,15,581.3325805664062,597.2147216796875,139.619384765625,166.700927734375,-1,-1,-1,-1
306,15,598.5924072265625,599.1998291015625,128.16912841796875,168.9866943359375,-1,-1,-1,-1
307,15,606.0726318359375,596.1890258789062,127.39239501953125,179.50457763671875,-1,-1,-1,-1
308,15,582.03857421875,559.6476440429688,163.59747314453125,219.03265380859375,-1,-1,-1,-1
309,15,553.2099609375,572.2557983398438,190.1502685546875,205.11968994140625,-1,-1,-1,-1
310,15,555.1429443359375,564.5479736328125,184.09832763671875,213.08489990234375,-1,-1,-1,-1
311,15,527.5177612304688,557.1553344726562,200.36407470703125,214.03936767578125,-1,-1,-1,-1
312,15,517.471435546875,544.2171630859375,175.74102783203125,216.45208740234375,-1,-1,-1,-1
313,15,481.08538818359375,527.2252807617188,178.3204345703125,233.34149169921875,-1,-1,-1,-1
314,15,449.8807678222656,539.698486328125,166.56314086914062,227.33734130859375,-1,-1,-1,-1
315,15,401.87591552734375,554.1903686523438,177.67279052734375,222.10821533203125,-1,-1,-1,-1
316,15,348.463623046875,528.072998046875,193.74951171875,267.933349609375,-1,-1,-1,-1
317,15,296.58489990234375,523.1791381835938,188.2735595703125,280.093994140625,-1,-1,-1,-1
318,15,240.50881958007812,522.678466796875,167.076904296875,280.8919677734375,-1,-1,-1,-1
319,15,155.6403045654297,529.494873046875,154.69300842285156,289.05810546875,-1,-1,-1,-1
320,15,52.90974807739258,544.5728759765625,147.8581085205078,308.01702880859375,-1,-1,-1,-1
321,15,-29.532203674316406,598.1358642578125,155.46786499023438,322.47540283203125,-1,-1,-1,-1
322,15,-65.14324951171875,562.980712890625,150.50228881835938,345.38934326171875,-1,-1,-1,-1
325,15,-97.9792709350586,493.1707763671875,223.66043090820312,420.5855712890625,-1,-1,-1,-1
326,15,-50.734867095947266,572.5130004882812,107.82123565673828,349.26019287109375,-1,-1,-1,-1
327,15,-9.599640846252441,587.9855346679688,87.17110443115234,349.1219482421875,-1,-1,-1,-1
328,15,-29.388208389282227,602.3543090820312,119.77092742919922,362.9058837890625,-1,-1,-1,-1
329,15,-18.867164611816406,610.0914306640625,109.59851837158203,345.3802490234375,-1,-1,-1,-1
330,15,-58.46194076538086,618.7328491210938,150.88046264648438,345.67315673828125,-1,-1,-1,-1
331,15,-79.37315368652344,621.446044921875,162.53076171875,371.8577880859375,-1,-1,-1,-1
332,15,-79.24992370605469,618.8932495117188,161.52230834960938,398.5496826171875,-1,-1,-1,-1
333,15,-74.04362487792969,628.4296264648438,151.11048889160156,383.9161376953125,-1,-1,-1,-1
334,15,-86.80321502685547,628.512451171875,176.62960815429688,409.0093994140625,-1,-1,-1,-1
335,15,-93.10225677490234,628.0289306640625,189.22821044921875,408.9259033203125,-1,-1,-1,-1
318,16,1236.4886474609375,529.883056640625,253.3563232421875,589.4432373046875,-1,-1,-1,-1
319,16,1180.275146484375,508.99578857421875,267.4375,636.0614624023438,-1,-1,-1,-1
320,16,1130.873291015625,511.94970703125,258.4881591796875,619.6533203125,-1,-1,-1,-1
321,16,1076.21435546875,508.67022705078125,238.2501220703125,601.5407104492188,-1,-1,-1,-1
322,16,1022.2389526367188,508.4580078125,231.19830322265625,582.4732666015625,-1,-1,-1,-1
323,16,990.9609985351562,512.267822265625,234.34600830078125,572.092041015625,-1,-1,-1,-1
324,16,1011.16357421875,519.3372192382812,238.7620849609375,576.2684936523438,-1,-1,-1,-1
325,16,1047.11572265625,535.6514892578125,267.355224609375,589.2821044921875,-1,-1,-1,-1
326,16,1095.4925537109375,557.4419555664062,283.7938232421875,601.4199829101562,-1,-1,-1,-1
327,16,1135.9503173828125,583.4682006835938,281.4927978515625,599.3034057617188,-1,-1,-1,-1
328,16,1161.9803466796875,610.4566040039062,280.2713623046875,556.8108520507812,-1,-1,-1,-1
329,16,1174.1279296875,619.8927001953125,279.4991455078125,568.5003662109375,-1,-1,-1,-1
330,16,1181.9539794921875,543.2562255859375,327.930908203125,658.9888916015625,-1,-1,-1,-1
331,16,1193.4051513671875,630.8964233398438,300.885986328125,569.2363891601562,-1,-1,-1,-1
332,16,1194.7431640625,615.2227172851562,342.008056640625,645.3670043945312,-1,-1,-1,-1
333,16,1200.4774169921875,567.6151123046875,378.080810546875,702.6217041015625,-1,-1,-1,-1
334,16,1245.8956298828125,580.3859252929688,316.47412109375,539.1528930664062,-1,-1,-1,-1
321,17,-39.58808135986328,581.781494140625,166.3145294189453,335.70538330078125,-1,-1,-1,-1
344,18,1140.6015625,557.0587158203125,270.2528076171875,612.12158203125,-1,-1,-1,-1
345,18,1062.1929931640625,531.738525390625,266.2515869140625,594.9705810546875,-1,-1,-1,-1
346,18,1012.3330078125,512.8002014160156,255.958251953125,575.014892578125,-1,-1,-1,-1
347,18,998.2244873046875,505.2265319824219,258.9007568359375,573.96923828125,-1,-1,-1,-1
348,18,1041.7640380859375,521.2047119140625,268.0341796875,588.3125,-1,-1,-1,-1
349,18,1113.63037109375,520.5811767578125,282.7703857421875,605.4578857421875,-1,-1,-1,-1
350,18,1184.413818359375,528.4963989257812,288.9364013671875,530.1054077148438,-1,-1,-1,-1
351,18,1222.67138671875,527.8026123046875,330.2596435546875,550.88818359375,-1,-1,-1,-1
352,18,1226.5042724609375,572.1408081054688,336.5711669921875,530.4530639648438,-1,-1,-1,-1
369,19,1273.689697265625,474.93896484375,161.8427734375,552.19921875,-1,-1,-1,-1
370,19,1201.935302734375,485.6407470703125,248.750732421875,604.3974609375,-1,-1,-1,-1
371,19,1157.41650390625,503.183837890625,254.2000732421875,565.8724365234375,-1,-1,-1,-1
372,19,1131.2435302734375,507.26519775390625,260.5499267578125,532.1661987304688,-1,-1,-1,-1
373,19,1113.62744140625,514.935791015625,263.423583984375,521.83349609375,-1,-1,-1,-1
374,19,1105.4830322265625,525.46484375,223.1107177734375,507.657958984375,-1,-1,-1,-1
375,19,1092.780517578125,537.0176391601562,189.9530029296875,475.18194580078125,-1,-1,-1,-1
376,19,1081.852783203125,543.0013427734375,167.86767578125,434.852294921875,-1,-1,-1,-1
377,19,1066.9942626953125,536.70166015625,144.0023193359375,396.36468505859375,-1,-1,-1,-1
378,19,1029.7989501953125,521.6776123046875,162.151123046875,392.68902587890625,-1,-1,-1,-1
379,19,1022.5735473632812,515.5972900390625,157.70135498046875,383.902099609375,-1,-1,-1,-1
380,19,1024.4283447265625,493.76361083984375,146.4647216796875,387.83197021484375,-1,-1,-1,-1
381,19,1019.95556640625,486.4129333496094,144.95458984375,380.5446472167969,-1,-1,-1,-1
382,19,1013.3486328125,483.0887451171875,138.052490234375,358.7724609375,-1,-1,-1,-1
383,19,1006.5357055664062,488.3164367675781,130.71820068359375,320.0804138183594,-1,-1,-1,-1
384,19,991.0568237304688,476.7787780761719,119.24517822265625,301.0380554199219,-1,-1,-1,-1
385,19,973.3740844726562,490.990478515625,120.73138427734375,276.651611328125,-1,-1,-1,-1
386,19,955.658447265625,484.5780029296875,128.4151611328125,279.251220703125,-1,-1,-1,-1
387,19,940.683837890625,452.2613830566406,130.6361083984375,302.1640319824219,-1,-1,-1,-1
388,19,928.0947265625,458.52777099609375,125.189453125,282.99151611328125,-1,-1,-1,-1
389,19,911.4932250976562,463.43743896484375,122.08221435546875,259.74285888671875,-1,-1,-1,-1
390,19,891.03125,475.46075439453125,116.666015625,245.873291015625,-1,-1,-1,-1
391,19,872.4232177734375,506.17193603515625,96.2200927734375,224.4154052734375,-1,-1,-1,-1
392,19,856.96630859375,510.813720703125,79.54620361328125,231.93798828125,-1,-1,-1,-1
393,19,840.1333618164062,509.14990234375,79.93463134765625,245.0546875,-1,-1,-1,-1
394,19,815.77099609375,516.1471557617188,90.8302001953125,243.98992919921875,-1,-1,-1,-1
395,19,794.1824951171875,528.7882690429688,96.31005859375,237.35150146484375,-1,-1,-1,-1
396,19,783.80712890625,539.8756713867188,88.25103759765625,226.25030517578125,-1,-1,-1,-1
397,19,768.0889282226562,560.4685668945312,77.5841064453125,208.61993408203125,-1,-1,-1,-1
398,19,740.536865234375,567.2518920898438,71.25152587890625,210.0279541015625,-1,-1,-1,-1
399,19,710.7144775390625,586.7980346679688,78.21923828125,193.0811767578125,-1,-1,-1,-1
400,19,687.1826782226562,592.3565673828125,87.83563232421875,200.02276611328125,-1,-1,-1,-1
401,19,682.2136840820312,604.9646606445312,82.6302490234375,187.5181884765625,-1,-1,-1,-1
402,19,682.3690795898438,619.3026123046875,75.29296875,166.59283447265625,-1,-1,-1,-1
403,19,677.04248046875,633.1171264648438,71.127685546875,143.34429931640625,-1,-1,-1,-1
404,19,663.5091552734375,634.3856201171875,86.7576904296875,140.29180908203125,-1,-1,-1,-1
405,19,666.7946166992188,636.9645385742188,95.13409423828125,175.35980224609375,-1,-1,-1,-1
406,19,688.3391723632812,642.251220703125,83.14208984375,188.5157470703125,-1,-1,-1,-1
407,19,703.8905029296875,644.9984130859375,72.19622802734375,189.055419921875,-1,-1,-1,-1
408,19,699.7914428710938,647.9589233398438,78.39642333984375,187.19903564453125,-1,-1,-1,-1
409,19,712.8250732421875,643.0900268554688,73.90087890625,191.1439208984375,-1,-1,-1,-1
410,19,713.50439453125,642.9659423828125,78.69183349609375,188.81951904296875,-1,-1,-1,-1
411,19,702.1512451171875,641.6015625,83.239990234375,189.5706787109375,-1,-1,-1,-1
412,19,681.1893310546875,632.774658203125,88.27374267578125,193.62689208984375,-1,-1,-1,-1
413,19,667.4459838867188,623.7537841796875,85.42572021484375,192.4754638671875,-1,-1,-1,-1
414,19,638.116943359375,616.0111083984375,99.5863037109375,201.64996337890625,-1,-1,-1,-1
415,19,625.56982421875,628.4208984375,106.4658203125,181.74224853515625,-1,-1,-1,-1
416,19,624.6446533203125,604.7041625976562,109.9481201171875,191.62054443359375,-1,-1,-1,-1
417,19,634.451171875,597.2904052734375,108.9832763671875,191.4254150390625,-1,-1,-1,-1
418,19,627.9422607421875,577.3572998046875,129.07501220703125,297.1951904296875,-1,-1,-1,-1
431,20,579.1105346679688,552.9893188476562,104.34112548828125,196.16680908203125,-1,-1,-1,-1
432,20,610.331298828125,564.1390991210938,91.25244140625,196.76849365234375,-1,-1,-1,-1
433,20,631.0946044921875,580.4838256835938,92.912841796875,188.10260009765625,-1,-1,-1,-1
434,20,661.859619140625,615.2122802734375,88.20660400390625,168.03057861328125,-1,-1,-1,-1
435,20,668.9601440429688,626.4431762695312,101.09259033203125,173.13507080078125,-1,-1,-1,-1
436,20,679.4361572265625,621.7427368164062,99.92608642578125,187.4422607421875,-1,-1,-1,-1
437,20,694.7532958984375,634.9583129882812,93.3992919921875,178.9151611328125,-1,-1,-1,-1
438,20,714.1858520507812,650.2106323242188,80.4130859375,167.16070556640625,-1,-1,-1,-1
439,20,709.747314453125,644.4765625,95.75897216796875,181.6871337890625,-1,-1,-1,-1
440,20,712.8605346679688,653.137939453125,102.52386474609375,177.8009033203125,-1,-1,-1,-1
441,20,717.0897216796875,657.2656860351562,99.5701904296875,172.08392333984375,-1,-1,-1,-1
