1,1,748.8265380859375,505.6516418457031,130.24481201171875,270.7732849121094,-1,-1,-1,-1
2,1,820.7100830078125,482.04486083984375,138.27020263671875,279.59246826171875,-1,-1,-1,-1
3,1,920.5437622070312,472.09747314453125,147.51129150390625,289.1575927734375,-1,-1,-1,-1
4,1,1031.1497802734375,485.3384704589844,157.0159912109375,302.1676940917969,-1,-1,-1,-1
5,1,1135.848388671875,492.7544860839844,172.5054931640625,328.3663635253906,-1,-1,-1,-1
6,1,1232.309326171875,495.4913330078125,167.7249755859375,335.0384521484375,-1,-1,-1,-1
7,1,1284.43115234375,479.53173828125,131.48388671875,340.4205322265625,-1,-1,-1,-1
8,1,1263.199951171875,452.644287109375,145.595458984375,342.8089599609375,-1,-1,-1,-1
9,1,1163.9735107421875,433.1884460449219,155.4735107421875,330.6507873535156,-1,-1,-1,-1
10,1,1024.853759765625,428.4087219238281,154.65771484375,311.5435485839844,-1,-1,-1,-1
11,1,884.2679443359375,435.1687927246094,135.37554931640625,291.4130554199219,-1,-1,-1,-1
12,1,763.6948852539062,448.26593017578125,115.85699462890625,279.69775390625,-1,-1,-1,-1
13,1,671.0186157226562,460.5582580566406,106.0555419921875,278.8582458496094,-1,-1,-1,-1
14,1,594.2901611328125,455.5961608886719,106.53515625,282.8797912597656,-1,-1,-1,-1
15,1,510.2198486328125,434.50140380859375,109.91082763671875,312.934326171875,-1,-1,-1,-1
16,1,440.90423583984375,428.27197265625,117.45489501953125,344.56256103515625,-1,-1,-1,-1
17,1,407.7554931640625,416.315673828125,130.9141845703125,363.3089599609375,-1,-1,-1,-1
18,1,426.9058837890625,415.2419128417969,141.048095703125,368.8898010253906,-1,-1,-1,-1
19,1,487.8275146484375,418.9561767578125,140.7232666015625,365.72265625,-1,-1,-1,-1
20,1,545.0834350585938,421.851806640625,157.6259765625,357.11895751953125,-1,-1,-1,-1
21,1,579.5257568359375,417.6580810546875,194.84893798828125,359.79931640625,-1,-1,-1,-1
22,1,608.1430053710938,386.1715393066406,225.8729248046875,403.3890686035156,-1,-1,-1,-1
23,1,629.532470703125,353.1289978027344,232.7901611328125,454.3674011230469,-1,-1,-1,-1
24,1,604.2120361328125,343.16046142578125,240.86126708984375,490.14617919921875,-1,-1,-1,-1
25,1,556.420166015625,333.9752197265625,236.86676025390625,531.0924072265625,-1,-1,-1,-1
26,1,491.1821594238281,331.78125,235.74728393554688,549.4537963867188,-1,-1,-1,-1
27,1,425.66192626953125,345.3853454589844,232.46990966796875,556.4853515625,-1,-1,-1,-1
28,1,345.02838134765625,323.3929748535156,251.61798095703125,617.6053466796875,-1,-1,-1,-1
29,1,247.7333984375,364.2959899902344,324.31304931640625,677.3399658203125,-1,-1,-1,-1
30,1,95.39768981933594,326.2484130859375,456.82928466796875,856.8931884765625,-1,-1,-1,-1
31,1,-0.4806385040283203,237.859619140625,533.3365478515625,1036.0201416015625,-1,-1,-1,-1
32,1,-2.7734451293945312,283.61138916015625,610.3014526367188,1129.78759765625,-1,-1,-1,-1
33,1,-98.73535919189453,536.8203735351562,874.544189453125,891.4430541992188,-1,-1,-1,-1
34,1,-64.17625427246094,671.0645751953125,839.4089965820312,748.770263671875,-1,-1,-1,-1
35,1,-24.014862060546875,755.8201904296875,822.945556640625,687.7987060546875,-1,-1,-1,-1
36,1,0.6167221069335938,869.5697021484375,777.2801513671875,556.5667724609375,-1,-1,-1,-1
1,2,-122.07389068603516,499.5816345214844,379.04620361328125,785.1044921875,-1,-1,-1,-1
2,2,-13.747407913208008,482.0794677734375,343.9425354003906,731.9178466796875,-1,-1,-1,-1
3,2,98.0867919921875,461.1059265136719,319.2673034667969,690.50341796875,-1,-1,-1,-1
4,2,231.7249755859375,455.7480163574219,270.1492004394531,650.1109619140625,-1,-1,-1,-1
5,2,352.9482727050781,444.794921875,225.43899536132812,623.00830078125,-1,-1,-1,-1
6,2,442.06524658203125,440.27935791015625,205.70501708984375,595.9172973632812,-1,-1,-1,-1
7,2,483.0914306640625,433.1521911621094,205.01702880859375,583.5291748046875,-1,-1,-1,-1
8,2,462.8885498046875,426.9170837402344,210.10205078125,575.4656982421875,-1,-1,-1,-1
9,2,369.776123046875,415.89215087890625,237.74468994140625,582.9063110351562,-1,-1,-1,-1
10,2,228.07138061523438,415.51861572265625,273.4957275390625,607.7662353515625,-1,-1,-1,-1
11,2,213.89254760742188,487.436279296875,447.0635070800781,545.791015625,-1,-1,-1,-1
1,3,1247.66748046875,497.3504943847656,131.597900390625,336.5864562988281,-1,-1,-1,-1
2,3,1329.803955078125,479.1685791015625,104.0712890625,361.0184326171875,-1,-1,-1,-1
3,3,1303.3829345703125,493.7180480957031,136.0203857421875,328.9613952636719,-1,-1,-1,-1
2,4,526.838134765625,448.70953369140625,48.1778564453125,98.569091796875,-1,-1,-1,-1
3,4,629.2487182617188,437.09881591796875,48.12261962890625,104.1005859375,-1,-1,-1,-1
4,4,727.4857177734375,486.8597106933594,37.474609375,73.45040893554688,-1,-1,-1,-1
5,4,831.1119995117188,483.6756896972656,38.31585693359375,60.331268310546875,-1,-1,-1,-1
6,4,921.7008056640625,479.6234130859375,23.77880859375,41.12615966796875,-1,-1,-1,-1
7,4,962.0524291992188,458.69464111328125,26.8538818359375,44.13543701171875,-1,-1,-1,-1
8,4,933.20654296875,440.56109619140625,29.537109375,48.38519287109375,-1,-1,-1,-1
9,4,858.4903564453125,427.33831787109375,33.2476806640625,46.494842529296875,-1,-1,-1,-1
10,4,739.2069091796875,428.32086181640625,39.34893798828125,53.032958984375,-1,-1,-1,-1
11,4,613.2777709960938,438.774169921875,36.48748779296875,48.7012939453125,-1,-1,-1,-1
12,4,494.0941467285156,450.8466796875,32.872650146484375,49.42755126953125,-1,-1,-1,-1
13,4,393.3728332519531,465.9889831542969,38.614349365234375,52.947418212890625,-1,-1,-1,-1
14,4,309.4522705078125,457.39373779296875,50.37493896484375,58.258056640625,-1,-1,-1,-1
15,4,222.5681915283203,443.2231750488281,53.35017395019531,78.64480590820312,-1,-1,-1,-1
16,4,157.8916015625,451.232177734375,41.89756774902344,59.90252685546875,-1,-1,-1,-1
17,4,141.0460205078125,453.6615905761719,38.70819091796875,58.1817626953125,-1,-1,-1,-1
18,4,172.38299560546875,447.8468017578125,52.662841796875,62.687255859375,-1,-1,-1,-1
2,5,1332.0599365234375,476.96575927734375,116.3070068359375,360.20635986328125,-1,-1,-1,-1
7,6,119.21421813964844,663.120849609375,43.564483642578125,70.6978759765625,-1,-1,-1,-1
8,6,98.08609008789062,667.0877075195312,42.93763732910156,68.7598876953125,-1,-1,-1,-1
9,6,38.70003128051758,623.7410888671875,121.84187316894531,107.264892578125,-1,-1,-1,-1
12,6,-147.66259765625,467.75408935546875,420.28472900390625,669.4583129882812,-1,-1,-1,-1
13,6,-188.5898895263672,577.291748046875,384.767333984375,616.09716796875,-1,-1,-1,-1
14,6,-187.28369140625,509.561767578125,377.5901184082031,702.1885986328125,-1,-1,-1,-1
7,7,-10.99366569519043,533.2268676757812,38.668006896972656,94.972900390625,-1,-1,-1,-1
8,7,20.99667739868164,584.485595703125,61.82938003540039,74.4708251953125,-1,-1,-1,-1
13,7,-120.07181549072266,558.6472778320312,247.15609741210938,319.35565185546875,-1,-1,-1,-1
14,7,-186.7973175048828,310.5901794433594,376.62042236328125,850.2196044921875,-1,-1,-1,-1
12,8,1297.2252197265625,442.82257080078125,117.281494140625,349.42144775390625,-1,-1,-1,-1
13,8,1180.1710205078125,436.8111267089844,140.8623046875,338.4932556152344,-1,-1,-1,-1
14,8,1098.8653564453125,441.2503967285156,131.4144287109375,318.5151672363281,-1,-1,-1,-1
15,8,1011.6082763671875,427.4033203125,124.361572265625,309.95306396484375,-1,-1,-1,-1
16,8,946.1614379882812,423.5250549316406,120.57586669921875,303.5772399902344,-1,-1,-1,-1
17,8,926.8870239257812,409.8272705078125,119.39801025390625,304.868896484375,-1,-1,-1,-1
18,8,954.8441162109375,403.4950866699219,121.4537353515625,309.9096374511719,-1,-1,-1,-1
19,8,1017.4994506835938,410.9415588378906,134.06158447265625,319.7021789550781,-1,-1,-1,-1
20,8,1096.01171875,411.856201171875,154.68017578125,336.99908447265625,-1,-1,-1,-1
21,8,1162.4913330078125,403.54302978515625,166.7042236328125,354.64788818359375,-1,-1,-1,-1
22,8,1236.5601806640625,385.28350830078125,156.794677734375,363.5704345703125,-1,-1,-1,-1
23,8,1295.02685546875,371.4859619140625,113.8895263671875,367.021240234375,-1,-1,-1,-1
24,8,1306.0626220703125,369.0751037597656,106.70703125,370.8543395996094,-1,-1,-1,-1
25,8,1276.953857421875,360.4742126464844,131.9033203125,389.1849670410156,-1,-1,-1,-1
26,8,1237.4033203125,343.44403076171875,154.6748046875,402.4423828125,-1,-1,-1,-1
27,8,1206.1494140625,342.96435546875,161.296142578125,410.64923095703125,-1,-1,-1,-1
28,8,1187.2359619140625,340.2414245605469,175.4979248046875,432.6518859863281,-1,-1,-1,-1
29,8,1174.4713134765625,326.8280944824219,185.3157958984375,449.7444152832031,-1,-1,-1,-1
30,8,1162.0618896484375,325.35137939453125,209.491455078125,475.8272705078125,-1,-1,-1,-1
31,8,1131.8155517578125,290.36865234375,242.93115234375,486.87890625,-1,-1,-1,-1
32,8,1101.0882568359375,278.4538879394531,289.5067138671875,498.0303039550781,-1,-1,-1,-1
33,8,1089.9110107421875,292.2267150878906,315.62890625,512.8345642089844,-1,-1,-1,-1
34,8,1069.0050048828125,336.1139221191406,347.4630126953125,517.6962890625,-1,-1,-1,-1
35,8,1059.938720703125,326.9306640625,400.5419921875,575.4425659179688,-1,-1,-1,-1
36,8,1063.059814453125,361.50164794921875,510.7540283203125,638.220458984375,-1,-1,-1,-1
37,8,1042.697265625,427.85589599609375,514.5220947265625,707.4220581054688,-1,-1,-1,-1
12,9,-69.0081787109375,475.7733154296875,340.3657531738281,665.471923828125,-1,-1,-1,-1
13,9,-138.46026611328125,617.4039306640625,323.7261962890625,571.9256591796875,-1,-1,-1,-1
14,9,-171.69862365722656,553.2105102539062,346.64306640625,653.7415161132812,-1,-1,-1,-1
19,9,-157.02352905273438,460.1164855957031,318.0062255859375,719.19140625,-1,-1,-1,-1
20,9,-144.8812255859375,575.53662109375,307.58880615234375,604.9677734375,-1,-1,-1,-1
21,9,-183.55593872070312,524.8532104492188,370.2568664550781,624.9502563476562,-1,-1,-1,-1
22,9,-130.370849609375,453.906982421875,372.1229248046875,664.997802734375,-1,-1,-1,-1
23,9,-21.54924774169922,460.0654602050781,294.203125,635.5030517578125,-1,-1,-1,-1
24,9,-37.0730094909668,446.70794677734375,294.44073486328125,651.1311645507812,-1,-1,-1,-1
25,9,-96.20006561279297,452.0244140625,305.2399597167969,661.9949951171875,-1,-1,-1,-1
26,9,-155.07778930664062,438.3796081542969,321.68890380859375,702.24658203125,-1,-1,-1,-1
27,9,-169.9370574951172,472.2852783203125,342.89794921875,688.229736328125,-1,-1,-1,-1
39,10,-29.28155517578125,509.6100158691406,382.2082214355469,533.8974609375,-1,-1,-1,-1
40,10,127.30445098876953,509.55621337890625,338.2547302246094,542.8866577148438,-1,-1,-1,-1
41,10,198.3994903564453,507.8638916015625,324.073974609375,639.080078125,-1,-1,-1,-1
42,10,240.15557861328125,442.9283447265625,329.31414794921875,734.671630859375,-1,-1,-1,-1
43,10,267.6122741699219,387.72900390625,353.0039367675781,793.4083251953125,-1,-1,-1,-1
44,10,284.5060729980469,361.0709533691406,368.8164367675781,771.3291015625,-1,-1,-1,-1
45,10,335.45257568359375,345.884521484375,355.8751220703125,713.308837890625,-1,-1,-1,-1
46,10,396.23016357421875,342.4085693359375,306.97369384765625,671.1200561523438,-1,-1,-1,-1
47,10,434.99932861328125,311.3433532714844,292.92486572265625,716.8514404296875,-1,-1,-1,-1
48,10,483.07330322265625,264.383056640625,304.9254150390625,688.2567138671875,-1,-1,-1,-1
49,10,489.28643798828125,254.19334411621094,325.44415283203125,637.1807861328125,-1,-1,-1,-1
50,10,507.5130310058594,334.5658264160156,324.5691223144531,521.1953125,-1,-1,-1,-1
51,10,319.9140930175781,298.58428955078125,399.0216979980469,575.707275390625,-1,-1,-1,-1
52,10,385.8799133300781,315.66241455078125,343.6202087402344,565.9876098632812,-1,-1,-1,-1
53,10,376.178955078125,368.0887756347656,439.08099365234375,520.9638671875,-1,-1,-1,-1
54,10,376.3509521484375,357.1531982421875,429.8162841796875,539.42041015625,-1,-1,-1,-1
55,10,404.86572265625,348.3493347167969,367.3656005859375,527.5189208984375,-1,-1,-1,-1
56,10,458.67108154296875,343.8250732421875,266.0755615234375,511.84912109375,-1,-1,-1,-1
57,10,398.0753479003906,334.13372802734375,261.7300109863281,511.990966796875,-1,-1,-1,-1
58,10,318.71270751953125,338.517822265625,336.36151123046875,517.888916015625,-1,-1,-1,-1
59,10,273.6639099121094,334.1934814453125,360.3942565917969,522.2183837890625,-1,-1,-1,-1
60,10,219.85472106933594,331.0589599609375,369.087646484375,531.2730712890625,-1,-1,-1,-1
61,10,208.6221466064453,353.1737060546875,319.35693359375,536.347412109375,-1,-1,-1,-1
62,10,271.8807067871094,383.8927001953125,231.9344482421875,521.4677124023438,-1,-1,-1,-1
63,10,336.4007568359375,396.6060791015625,236.64239501953125,511.44622802734375,-1,-1,-1,-1
64,10,412.51641845703125,392.6280212402344,227.32342529296875,520.6756591796875,-1,-1,-1,-1
65,10,427.41058349609375,400.7544860839844,230.69390869140625,525.381591796875,-1,-1,-1,-1
66,10,379.6180114746094,413.9051818847656,252.28756713867188,518.2901611328125,-1,-1,-1,-1
67,10,263.5041198730469,421.0257568359375,251.19821166992188,529.1202392578125,-1,-1,-1,-1
68,10,79.89250183105469,442.8978271484375,261.59967041015625,552.22314453125,-1,-1,-1,-1
69,10,249.61862182617188,509.59912109375,311.5549621582031,530.882568359375,-1,-1,-1,-1
41,11,-130.61166381835938,513.7903442382812,410.36663818359375,624.7695922851562,-1,-1,-1,-1
42,11,-19.498443603515625,465.02593994140625,307.9647216796875,564.2958374023438,-1,-1,-1,-1
43,11,18.46274757385254,430.0447998046875,295.7113952636719,506.9813232421875,-1,-1,-1,-1
44,11,94.30750274658203,401.7276916503906,254.58334350585938,472.7245788574219,-1,-1,-1,-1
45,11,208.76187133789062,376.2615661621094,232.52340698242188,438.0055847167969,-1,-1,-1,-1
46,11,321.3244934082031,372.8606262207031,215.97775268554688,408.0130920410156,-1,-1,-1,-1
47,11,426.8949279785156,397.948486328125,141.08334350585938,307.78118896484375,-1,-1,-1,-1
48,11,492.755615234375,412.38250732421875,141.99725341796875,257.46917724609375,-1,-1,-1,-1
50,11,466.94464111328125,346.04254150390625,367.39422607421875,509.0780029296875,-1,-1,-1,-1
51,11,419.64813232421875,391.98431396484375,430.039306640625,485.91265869140625,-1,-1,-1,-1
52,11,483.5579528808594,300.8514709472656,454.7373962402344,750.241455078125,-1,-1,-1,-1
49,12,25.271930694580078,156.2823486328125,742.5670166015625,1240.138671875,-1,-1,-1,-1
50,12,122.69007873535156,203.13058471679688,653.551513671875,1143.3087158203125,-1,-1,-1,-1
51,12,286.0400085449219,235.5598602294922,569.5465087890625,1052.302978515625,-1,-1,-1,-1
52,12,409.2926330566406,288.944580078125,529.7060546875,893.6588134765625,-1,-1,-1,-1
53,12,597.869140625,340.27960205078125,405.590576171875,752.1969604492188,-1,-1,-1,-1
54,12,745.9423217773438,366.82476806640625,321.56146240234375,693.3361206054688,-1,-1,-1,-1
55,12,811.3734130859375,355.3052978515625,328.347900390625,644.4510498046875,-1,-1,-1,-1
56,12,891.7603759765625,352.50732421875,312.306640625,604.8575439453125,-1,-1,-1,-1
57,12,944.752197265625,368.7723083496094,316.086669921875,554.2938232421875,-1,-1,-1,-1
58,12,972.9970703125,411.75799560546875,311.481689453125,521.296875,-1,-1,-1,-1
59,12,990.7509155273438,429.5848388671875,295.76300048828125,497.2056884765625,-1,-1,-1,-1
60,12,1015.016845703125,428.7996520996094,273.3798828125,482.5083923339844,-1,-1,-1,-1
61,12,1043.89111328125,451.07501220703125,264.3291015625,450.47662353515625,-1,-1,-1,-1
62,12,1116.3509521484375,462.3939208984375,266.681396484375,431.29852294921875,-1,-1,-1,-1
54,13,741.1196899414062,405.81298828125,125.51422119140625,320.78228759765625,-1,-1,-1,-1
55,13,779.5538940429688,396.0950927734375,114.9522705078125,317.4061279296875,-1,-1,-1,-1
56,13,799.75146484375,389.5201721191406,114.746337890625,317.5361633300781,-1,-1,-1,-1
57,13,809.39306640625,389.3610534667969,128.5477294921875,319.2826843261719,-1,-1,-1,-1
58,13,799.4749145507812,408.98193359375,139.398193359375,313.197998046875,-1,-1,-1,-1
59,13,779.4722290039062,410.7237243652344,167.20263671875,311.7611389160156,-1,-1,-1,-1
60,13,765.9507446289062,411.7862854003906,185.94354248046875,307.8871765136719,-1,-1,-1,-1
61,13,772.1810302734375,424.2149963378906,194.50274658203125,306.9197082519531,-1,-1,-1,-1
62,13,830.5958251953125,429.2598876953125,202.8753662109375,311.16680908203125,-1,-1,-1,-1
63,13,952.0614013671875,406.26544189453125,205.7578125,329.00604248046875,-1,-1,-1,-1
64,13,1086.3116455078125,386.0423278808594,212.095947265625,354.1916809082031,-1,-1,-1,-1
65,13,1169.22900390625,363.72100830078125,194.3897705078125,369.91326904296875,-1,-1,-1,-1
66,13,1169.0321044921875,364.88848876953125,176.8123779296875,370.40643310546875,-1,-1,-1,-1
67,13,1089.615478515625,365.29803466796875,177.5137939453125,368.47723388671875,-1,-1,-1,-1
68,13,972.3963012695312,387.22613525390625,170.58221435546875,351.587158203125,-1,-1,-1,-1
69,13,849.6915283203125,389.5208435058594,190.0762939453125,351.3371276855469,-1,-1,-1,-1
70,13,783.0791625976562,395.55316162109375,187.94342041015625,353.26904296875,-1,-1,-1,-1
71,13,747.708984375,412.0470886230469,196.19195556640625,357.5401306152344,-1,-1,-1,-1
72,13,734.6025390625,411.8919372558594,211.33770751953125,367.0605163574219,-1,-1,-1,-1
73,13,731.7871704101562,409.7342224121094,233.18701171875,409.0876159667969,-1,-1,-1,-1
74,13,741.3810424804688,405.6381530761719,266.6722412109375,468.2183532714844,-1,-1,-1,-1
75,13,759.4669799804688,386.5225524902344,314.04327392578125,527.5509033203125,-1,-1,-1,-1
76,13,808.9678344726562,373.3081970214844,349.55010986328125,587.44140625,-1,-1,-1,-1
77,13,911.7984619140625,364.4340515136719,400.2142333984375,609.187255859375,-1,-1,-1,-1
78,13,1040.458984375,369.0219421386719,454.1434326171875,625.2174072265625,-1,-1,-1,-1
79,13,1147.7877197265625,263.7740173339844,409.1796875,752.057861328125,-1,-1,-1,-1
80,13,1146.873046875,204.02877807617188,464.352294921875,859.51025390625,-1,-1,-1,-1
81,13,983.7108154296875,263.662841796875,510.360595703125,897.869140625,-1,-1,-1,-1
82,13,788.7360229492188,289.7813720703125,628.8609008789062,981.8812255859375,-1,-1,-1,-1
83,13,640.3258056640625,302.2202453613281,654.2525634765625,1042.3038330078125,-1,-1,-1,-1
84,13,594.2350463867188,331.6646728515625,628.8058471679688,1030.8421630859375,-1,-1,-1,-1
85,13,659.1554565429688,376.2173156738281,610.0733032226562,986.6318359375,-1,-1,-1,-1
86,13,809.49755859375,352.27813720703125,598.8702392578125,987.0704956054688,-1,-1,-1,-1
87,13,900.9766845703125,497.5817565917969,560.598876953125,820.4727783203125,-1,-1,-1,-1
69,14,-70.51673889160156,433.3272705078125,249.7730712890625,588.4776000976562,-1,-1,-1,-1
70,14,-103.799560546875,462.07550048828125,239.44752502441406,625.6705932617188,-1,-1,-1,-1
71,14,-179.01455688476562,423.65966796875,361.36395263671875,758.400390625,-1,-1,-1,-1
77,14,-154.6787872314453,398.50543212890625,313.7150573730469,654.3583374023438,-1,-1,-1,-1
78,14,-174.9738311767578,363.26177978515625,353.45166015625,673.3065795898438,-1,-1,-1,-1
79,14,-199.1803741455078,374.8666076660156,420.68072509765625,699.4830322265625,-1,-1,-1,-1
80,14,-219.7503662109375,439.4432678222656,442.565673828125,826.2645263671875,-1,-1,-1,-1
70,15,1320.0089111328125,457.4188537597656,178.9251708984375,422.2231750488281,-1,-1,-1,-1
71,15,1308.80615234375,471.6949462890625,125.816162109375,391.8768310546875,-1,-1,-1,-1
72,15,1291.90966796875,454.0312805175781,121.5966796875,391.7723083496094,-1,-1,-1,-1
73,15,1288.3277587890625,492.8276672363281,121.5050048828125,359.9507141113281,-1,-1,-1,-1
74,15,1309.6397705078125,515.8733520507812,133.6270751953125,373.81402587890625,-1,-1,-1,-1
75,15,1334.3857421875,543.5223388671875,147.03369140625,366.1488037109375,-1,-1,-1,-1
76,15,1286.45458984375,412.1998291015625,246.0286865234375,485.6390380859375,-1,-1,-1,-1
77,15,1260.45068359375,378.2122802734375,298.0845947265625,562.10302734375,-1,-1,-1,-1
78,15,1111.15771484375,299.88134765625,495.61572265625,711.6207275390625,-1,-1,-1,-1
79,15,1147.837890625,244.52980041503906,505.920166015625,793.05029296875,-1,-1,-1,-1
80,15,1145.760986328125,196.9268798828125,526.9404296875,898.126953125,-1,-1,-1,-1
81,15,1094.63671875,241.08889770507812,621.7816162109375,932.893798828125,-1,-1,-1,-1
82,15,1020.3286743164062,354.13037109375,371.53265380859375,676.170166015625,-1,-1,-1,-1
83,15,645.9017944335938,330.3591613769531,654.2400512695312,819.99462890625,-1,-1,-1,-1
84,15,603.327880859375,372.7917785644531,612.3731689453125,759.1356201171875,-1,-1,-1,-1
85,15,709.5942993164062,489.20135498046875,409.80755615234375,593.3678588867188,-1,-1,-1,-1
86,16,736.1583251953125,521.990234375,165.3218994140625,262.85198974609375,-1,-1,-1,-1
87,16,752.3436889648438,516.1976318359375,186.91064453125,263.10052490234375,-1,-1,-1,-1
88,16,804.7138671875,482.6938171386719,222.501708984375,272.1336975097656,-1,-1,-1,-1
89,16,885.5180053710938,454.3297424316406,252.84490966796875,286.8518371582031,-1,-1,-1,-1
90,16,962.227294921875,419.733642578125,266.4541015625,339.73876953125,-1,-1,-1,-1
91,16,989.7210083007812,391.31427001953125,264.63848876953125,384.1259765625,-1,-1,-1,-1
92,16,982.291259765625,381.1097106933594,246.32421875,406.0300598144531,-1,-1,-1,-1
93,16,944.1434326171875,400.047607421875,217.4259033203125,394.3760986328125,-1,-1,-1,-1
94,16,863.4334106445312,401.84320068359375,197.75811767578125,379.63006591796875,-1,-1,-1,-1
95,16,765.6783447265625,404.89532470703125,250.0460205078125,396.57696533203125,-1,-1,-1,-1
96,16,676.5753173828125,411.7511291503906,268.46673583984375,420.4599914550781,-1,-1,-1,-1
97,16,599.1659545898438,430.35333251953125,250.30303955078125,434.62811279296875,-1,-1,-1,-1
98,16,557.2174072265625,431.89129638671875,268.8140869140625,444.601806640625,-1,-1,-1,-1
99,16,535.0977783203125,420.2230224609375,317.75640869140625,463.5794677734375,-1,-1,-1,-1
100,16,518.4932861328125,389.8851013183594,375.56298828125,508.9057922363281,-1,-1,-1,-1
101,16,499.0157470703125,341.16937255859375,440.8958740234375,524.3027954101562,-1,-1,-1,-1
102,16,527.3419189453125,393.7905578613281,413.99920654296875,488.0653991699219,-1,-1,-1,-1
103,16,541.657958984375,404.68377685546875,377.8406982421875,599.91259765625,-1,-1,-1,-1
104,16,422.51336669921875,392.7135009765625,382.97369384765625,792.64306640625,-1,-1,-1,-1
98,17,1191.504638671875,363.15924072265625,260.6478271484375,507.18682861328125,-1,-1,-1,-1
99,17,946.5562133789062,343.6827392578125,523.8340454101562,703.357421875,-1,-1,-1,-1
100,17,700.6717529296875,202.3043975830078,766.2216796875,1034.4151611328125,-1,-1,-1,-1
101,17,593.4933471679688,186.3242645263672,758.3113403320312,1020.2022094726562,-1,-1,-1,-1
102,17,548.3038330078125,243.26893615722656,569.573974609375,967.4039306640625,-1,-1,-1,-1
103,17,539.4546508789062,315.67864990234375,386.71722412109375,904.3357543945312,-1,-1,-1,-1
104,17,429.62384033203125,421.70074462890625,391.59490966796875,812.1563110351562,-1,-1,-1,-1
105,17,292.9603271484375,425.67919921875,448.7442626953125,830.2705078125,-1,-1,-1,-1
106,17,172.04025268554688,427.08685302734375,490.8776550292969,868.4937133789062,-1,-1,-1,-1
107,17,90.83269500732422,472.0214538574219,494.82318115234375,879.103759765625,-1,-1,-1,-1
108,17,-2.8271560668945312,495.1875,524.781494140625,919.5458984375,-1,-1,-1,-1
109,17,-30.72707176208496,516.739501953125,450.5638427734375,894.9423828125,-1,-1,-1,-1
110,17,-32.626014709472656,552.9110717773438,369.0418395996094,859.3372192382812,-1,-1,-1,-1
111,17,-29.039520263671875,599.50732421875,328.0021667480469,816.3765869140625,-1,-1,-1,-1
112,17,-11.196369171142578,697.7775268554688,276.10455322265625,715.0580444335938,-1,-1,-1,-1
113,17,-6.5445404052734375,725.2040405273438,295.7926025390625,681.6760864257812,-1,-1,-1,-1
102,18,969.4530029296875,325.6085205078125,168.769287109375,358.9815673828125,-1,-1,-1,-1
103,18,918.5968017578125,348.2208557128906,153.68505859375,336.6110534667969,-1,-1,-1,-1
104,18,842.0535278320312,397.0233154296875,163.47021484375,323.2919921875,-1,-1,-1,-1
105,18,725.9702758789062,416.4625244140625,277.45654296875,347.35791015625,-1,-1,-1,-1
106,18,759.0380859375,411.79156494140625,221.4288330078125,309.45703125,-1,-1,-1,-1
107,18,785.5651245117188,417.89910888671875,101.269287109375,291.93023681640625,-1,-1,-1,-1
108,18,760.0989990234375,434.143798828125,94.1611328125,283.2352294921875,-1,-1,-1,-1
109,18,731.2415771484375,448.2352294921875,94.272216796875,276.50860595703125,-1,-1,-1,-1
110,18,705.1798706054688,463.01123046875,93.7337646484375,273.39703369140625,-1,-1,-1,-1
111,18,684.4844970703125,475.2184753417969,96.207275390625,274.2177429199219,-1,-1,-1,-1
112,18,667.4443969726562,474.9659118652344,108.21942138671875,276.2607116699219,-1,-1,-1,-1
113,18,647.6903686523438,502.82562255859375,129.58709716796875,276.3931884765625,-1,-1,-1,-1
114,18,638.14501953125,511.58392333984375,146.9815673828125,273.991455078125,-1,-1,-1,-1
115,18,620.2296142578125,500.13037109375,156.0045166015625,273.33038330078125,-1,-1,-1,-1
116,18,599.3486328125,489.45709228515625,183.237060546875,278.39605712890625,-1,-1,-1,-1
117,18,583.8180541992188,491.66302490234375,180.835693359375,275.88702392578125,-1,-1,-1,-1
118,18,572.1827392578125,493.2188720703125,177.6590576171875,274.97344970703125,-1,-1,-1,-1
119,18,573.1319580078125,490.5845947265625,166.03094482421875,274.0992431640625,-1,-1,-1,-1
120,18,572.126220703125,484.661865234375,151.225830078125,275.53558349609375,-1,-1,-1,-1
121,18,566.42626953125,474.2906799316406,136.02978515625,275.7768859863281,-1,-1,-1,-1
122,18,559.2168579101562,453.544677734375,130.95916748046875,278.03759765625,-1,-1,-1,-1
123,18,557.1686401367188,447.9481506347656,132.1505126953125,278.2448425292969,-1,-1,-1,-1
124,18,559.9356689453125,439.7879638671875,136.429443359375,285.6641845703125,-1,-1,-1,-1
125,18,567.1870727539062,432.9866638183594,147.21240234375,303.2065124511719,-1,-1,-1,-1
126,18,575.8585815429688,422.9083251953125,150.1142578125,324.00372314453125,-1,-1,-1,-1
127,18,572.3236083984375,421.12652587890625,164.26318359375,333.309326171875,-1,-1,-1,-1
128,18,559.842529296875,427.0999755859375,176.1802978515625,331.86639404296875,-1,-1,-1,-1
129,18,540.1845092773438,427.8579406738281,193.38702392578125,338.1734924316406,-1,-1,-1,-1
130,18,516.94921875,431.3613586425781,199.48126220703125,341.2951965332031,-1,-1,-1,-1
131,18,494.6172790527344,429.5596008300781,192.81021118164062,358.0563659667969,-1,-1,-1,-1
132,18,466.8620300292969,411.0079040527344,182.94729614257812,399.6169128417969,-1,-1,-1,-1
133,18,456.4403381347656,386.3497619628906,188.02828979492188,447.9166564941406,-1,-1,-1,-1
134,18,467.874755859375,350.1658020019531,191.63885498046875,494.6459045410156,-1,-1,-1,-1
135,18,508.5710754394531,331.79998779296875,192.60220336914062,512.173828125,-1,-1,-1,-1
136,18,559.557861328125,305.34619140625,211.47979736328125,517.9378662109375,-1,-1,-1,-1
137,18,574.2957763671875,286.03472900390625,246.7564697265625,527.2972412109375,-1,-1,-1,-1
138,18,540.5183715820312,271.5439147949219,294.45751953125,543.1170654296875,-1,-1,-1,-1
139,18,468.076171875,256.0308532714844,349.2508544921875,622.2396240234375,-1,-1,-1,-1
140,18,384.63861083984375,255.19271850585938,396.86517333984375,729.9237060546875,-1,-1,-1,-1
141,18,293.0288391113281,277.33990478515625,443.3143005371094,827.1325073242188,-1,-1,-1,-1
142,18,179.2679901123047,305.0816955566406,493.15093994140625,891.6522216796875,-1,-1,-1,-1
143,18,57.11878204345703,247.85194396972656,545.765380859375,1032.4422607421875,-1,-1,-1,-1
144,18,-14.191886901855469,217.9548797607422,527.4517822265625,1114.716552734375,-1,-1,-1,-1
145,18,-139.4224395751953,372.47845458984375,504.35589599609375,1034.49365234375,-1,-1,-1,-1
146,18,-250.69229125976562,483.9400634765625,599.9804077148438,961.0579833984375,-1,-1,-1,-1
105,19,715.7890014648438,379.99090576171875,310.68890380859375,540.721923828125,-1,-1,-1,-1
106,19,733.6700439453125,377.8348388671875,326.7716064453125,551.4410400390625,-1,-1,-1,-1
107,19,769.5099487304688,361.615478515625,312.20172119140625,540.3201904296875,-1,-1,-1,-1
108,19,833.2178344726562,387.81103515625,266.71392822265625,479.130615234375,-1,-1,-1,-1
109,19,899.2800903320312,412.804443359375,217.15838623046875,444.0958251953125,-1,-1,-1,-1
110,19,928.9105224609375,421.3458557128906,204.397705078125,440.3680114746094,-1,-1,-1,-1
111,19,944.0758056640625,427.1192626953125,205.302978515625,426.796142578125,-1,-1,-1,-1
112,19,974.6032104492188,420.8473205566406,194.69024658203125,410.7129821777344,-1,-1,-1,-1
113,19,999.8551025390625,448.57171630859375,181.1585693359375,389.294677734375,-1,-1,-1,-1
114,19,1033.298583984375,450.4762878417969,158.5936279296875,380.8210754394531,-1,-1,-1,-1
115,19,1047.205078125,437.4587707519531,143.6009521484375,371.2570495605469,-1,-1,-1,-1
116,19,1044.0078125,431.120361328125,142.17431640625,358.2188720703125,-1,-1,-1,-1
117,19,1031.8870849609375,443.7628479003906,151.3839111328125,332.6987609863281,-1,-1,-1,-1
118,19,1030.0361328125,459.658935546875,165.4334716796875,304.85504150390625,-1,-1,-1,-1
119,19,1032.87646484375,463.60009765625,178.1431884765625,290.49285888671875,-1,-1,-1,-1
120,19,1035.386474609375,466.55230712890625,166.137451171875,281.7811279296875,-1,-1,-1,-1
121,19,1040.0218505859375,462.6111755371094,141.38720703125,273.1674499511719,-1,-1,-1,-1
122,19,1030.5579833984375,444.5711975097656,142.3880615234375,278.8616638183594,-1,-1,-1,-1
123,19,1031.6533203125,443.03875732421875,148.005615234375,275.76507568359375,-1,-1,-1,-1
124,19,1049.8001708984375,435.67547607421875,143.93505859375,275.82244873046875,-1,-1,-1,-1
125,19,1085.134033203125,416.51422119140625,129.507568359375,286.8270263671875,-1,-1,-1,-1
126,19,1105.5679931640625,402.708984375,127.0341796875,291.6246337890625,-1,-1,-1,-1
127,19,1105.564208984375,393.9759826660156,132.39453125,292.8890075683594,-1,-1,-1,-1
128,19,1099.4129638671875,391.2778015136719,134.650634765625,293.9205017089844,-1,-1,-1,-1
129,19,1092.1990966796875,395.1031494140625,131.12451171875,293.21478271484375,-1,-1,-1,-1
130,19,1073.989501953125,408.8486328125,135.3975830078125,282.5718994140625,-1,-1,-1,-1
131,19,1066.34912109375,415.548095703125,139.062255859375,275.83526611328125,-1,-1,-1,-1
132,19,1050.31396484375,405.0472106933594,142.8243408203125,275.6539001464844,-1,-1,-1,-1
133,19,1054.10546875,392.1900634765625,149.44677734375,287.49908447265625,-1,-1,-1,-1
134,19,1084.273681640625,371.11175537109375,164.5601806640625,308.99755859375,-1,-1,-1,-1
135,19,1149.904052734375,357.80963134765625,182.1505126953125,329.0186767578125,-1,-1,-1,-1
136,19,1240.57470703125,361.0926818847656,160.4930419921875,327.8962707519531,-1,-1,-1,-1
137,19,1301.18310546875,354.85125732421875,118.188720703125,333.4525146484375,-1,-1,-1,-1
138,19,1312.8509521484375,306.3238220214844,120.9844970703125,397.5882263183594,-1,-1,-1,-1
139,19,1305.7381591796875,323.2274169921875,114.3472900390625,406.1051025390625,-1,-1,-1,-1
140,19,1277.65673828125,391.776611328125,151.7467041015625,356.5269775390625,-1,-1,-1,-1
141,19,1254.7427978515625,367.3515625,168.7208251953125,391.5933837890625,-1,-1,-1,-1
142,19,1198.487060546875,367.28131103515625,207.872314453125,402.444091796875,-1,-1,-1,-1
143,19,1127.536865234375,380.04296875,255.1453857421875,416.55615234375,-1,-1,-1,-1
144,19,1080.38134765625,403.85711669921875,284.42236328125,449.53607177734375,-1,-1,-1,-1
145,19,1048.889404296875,409.5078430175781,330.875732421875,505.6555480957031,-1,-1,-1,-1
146,19,998.846435546875,426.9825439453125,412.41259765625,560.6822509765625,-1,-1,-1,-1
147,19,946.8390502929688,464.1347351074219,474.26885986328125,583.419189453125,-1,-1,-1,-1
148,19,862.380859375,453.9225158691406,574.4512939453125,592.4871826171875,-1,-1,-1,-1
149,19,784.0487060546875,440.85455322265625,651.4110107421875,623.3649291992188,-1,-1,-1,-1
150,19,825.460205078125,441.031982421875,614.8594970703125,676.94287109375,-1,-1,-1,-1
151,19,869.4257202148438,426.9702453613281,580.4612426757812,733.49072265625,-1,-1,-1,-1
152,19,911.8787841796875,372.30255126953125,572.089599609375,779.6578979492188,-1,-1,-1,-1
153,19,933.03759765625,383.6141052246094,594.746337890625,823.6240234375,-1,-1,-1,-1
154,19,903.3773803710938,409.3691711425781,640.1702270507812,794.996826171875,-1,-1,-1,-1
155,19,836.7274169921875,378.183349609375,745.6416015625,824.8779296875,-1,-1,-1,-1
156,19,701.2716064453125,317.2192077636719,796.5416259765625,838.3338623046875,-1,-1,-1,-1
157,19,683.7705688476562,232.98953247070312,728.0918579101562,888.873779296875,-1,-1,-1,-1
158,19,690.6809692382812,196.60650634765625,726.6730346679688,947.8735961914062,-1,-1,-1,-1
159,19,694.1101684570312,200.8276824951172,732.0635375976562,938.5698852539062,-1,-1,-1,-1
160,19,641.9218139648438,28.95159149169922,780.4246215820312,1109.54345703125,-1,-1,-1,-1
161,19,563.8036499023438,9.237747192382812,761.0259399414062,1152.9755859375,-1,-1,-1,-1
162,19,380.4309387207031,38.195411682128906,770.297607421875,1187.6663818359375,-1,-1,-1,-1
163,19,56.72665023803711,260.4276123046875,877.1235961914062,1062.59716796875,-1,-1,-1,-1
164,19,8.12454605102539,509.7312316894531,828.7263793945312,900.8394775390625,-1,-1,-1,-1
165,19,-37.82654571533203,599.688720703125,891.8932495117188,839.77783203125,-1,-1,-1,-1
166,19,-32.82538604736328,600.3370971679688,877.5953979492188,823.4907836914062,-1,-1,-1,-1
167,19,-82.22715759277344,555.8810424804688,909.9332885742188,871.4810180664062,-1,-1,-1,-1
168,19,-147.01077270507812,485.29791259765625,846.950927734375,924.1119995117188,-1,-1,-1,-1
169,19,-198.67535400390625,472.0530700683594,744.4451293945312,914.9365234375,-1,-1,-1,-1
170,19,-240.74310302734375,494.3999938964844,728.524658203125,917.3016357421875,-1,-1,-1,-1
171,19,-246.14593505859375,513.9591674804688,707.35302734375,898.5219116210938,-1,-1,-1,-1
172,19,-212.70184326171875,696.273681640625,627.2921142578125,638.830322265625,-1,-1,-1,-1
173,19,-262.34185791015625,716.1907348632812,673.2049560546875,639.1652221679688,-1,-1,-1,-1
174,19,-152.32147216796875,505.47564697265625,586.7315673828125,684.5651245117188,-1,-1,-1,-1
175,19,88.33960723876953,540.3486938476562,490.63763427734375,579.8422241210938,-1,-1,-1,-1
176,19,374.35443115234375,542.9716186523438,351.18768310546875,525.8219604492188,-1,-1,-1,-1
177,19,573.7719116210938,528.065673828125,255.62457275390625,500.241455078125,-1,-1,-1,-1
178,19,665.4096069335938,500.378662109375,208.00341796875,489.2952880859375,-1,-1,-1,-1
179,19,713.1724853515625,518.9505615234375,188.03118896484375,430.2265625,-1,-1,-1,-1
180,19,755.99951171875,486.6453857421875,178.209716796875,414.32220458984375,-1,-1,-1,-1
181,19,819.71630859375,493.26092529296875,171.2608642578125,377.91461181640625,-1,-1,-1,-1
182,19,888.8084716796875,532.3023681640625,166.7757568359375,340.0972900390625,-1,-1,-1,-1
183,19,935.3453979492188,543.0758056640625,157.14202880859375,311.27386474609375,-1,-1,-1,-1
184,19,948.0784912109375,522.5430297851562,150.71533203125,321.64312744140625,-1,-1,-1,-1
185,19,946.76318359375,549.78564453125,143.2288818359375,309.535888671875,-1,-1,-1,-1
186,19,945.5694580078125,593.3585205078125,146.7071533203125,282.2471923828125,-1,-1,-1,-1
187,19,965.959228515625,632.6795043945312,153.126953125,252.80120849609375,-1,-1,-1,-1
188,19,1051.454345703125,647.9188842773438,157.241943359375,271.99932861328125,-1,-1,-1,-1
177,20,-4.868927001953125,557.5963745117188,176.68093872070312,439.068603515625,-1,-1,-1,-1
178,20,110.82059478759766,555.5855102539062,197.25775146484375,400.074951171875,-1,-1,-1,-1
179,20,184.5511016845703,551.0654907226562,184.8784637451172,378.68170166015625,-1,-1,-1,-1
180,20,244.4029541015625,543.63720703125,179.751708984375,358.9246826171875,-1,-1,-1,-1
181,20,323.1976318359375,545.9376220703125,169.9271240234375,338.921630859375,-1,-1,-1,-1
182,20,395.2976989746094,545.5970458984375,168.83334350585938,323.501953125,-1,-1,-1,-1
183,20,446.4879150390625,541.9962158203125,177.5205078125,310.36297607421875,-1,-1,-1,-1
184,20,470.1192932128906,549.0526123046875,179.34933471679688,302.4647216796875,-1,-1,-1,-1
185,20,480.82427978515625,569.5028076171875,167.8028564453125,301.7486572265625,-1,-1,-1,-1
186,20,496.8023376464844,591.7628784179688,157.35549926757812,304.69940185546875,-1,-1,-1,-1
187,20,529.4323120117188,600.20751953125,150.177490234375,309.93927001953125,-1,-1,-1,-1
188,20,612.1693115234375,608.107421875,144.043701171875,311.5694580078125,-1,-1,-1,-1
189,20,745.502685546875,630.6936645507812,145.05322265625,315.2716064453125,-1,-1,-1,-1
190,20,899.8214721679688,625.8134765625,163.56854248046875,326.2586669921875,-1,-1,-1,-1
191,20,1047.72216796875,600.9735107421875,169.730224609375,339.260986328125,-1,-1,-1,-1
192,20,1155.4093017578125,567.06640625,172.083251953125,358.06884765625,-1,-1,-1,-1
193,20,1206.7620849609375,557.909423828125,166.6964111328125,364.2032470703125,-1,-1,-1,-1
194,20,1202.1796875,550.665283203125,166.373291015625,361.1805419921875,-1,-1,-1,-1
195,20,1099.400390625,528.844482421875,167.8780517578125,342.41595458984375,-1,-1,-1,-1
196,20,911.919677734375,509.4371337890625,155.034912109375,314.76336669921875,-1,-1,-1,-1
197,20,750.2852783203125,499.970458984375,135.67767333984375,325.91278076171875,-1,-1,-1,-1
198,20,663.7772827148438,487.8521423339844,128.7376708984375,350.3331604003906,-1,-1,-1,-1
199,20,620.0216674804688,469.4020080566406,132.69940185546875,368.9465026855469,-1,-1,-1,-1
200,20,587.20458984375,460.0682678222656,142.6141357421875,375.3057556152344,-1,-1,-1,-1
201,20,554.8436279296875,460.51141357421875,158.2559814453125,372.85565185546875,-1,-1,-1,-1
202,20,525.6117553710938,467.2474365234375,179.07928466796875,370.03143310546875,-1,-1,-1,-1
203,20,492.81793212890625,461.8369445800781,202.496337890625,373.9660949707031,-1,-1,-1,-1
204,20,461.77490234375,444.5836181640625,215.51727294921875,412.469970703125,-1,-1,-1,-1
205,20,444.2407531738281,426.7791442871094,228.49343872070312,470.8713684082031,-1,-1,-1,-1
206,20,434.29779052734375,405.2821350097656,234.22784423828125,507.2936706542969,-1,-1,-1,-1
207,20,439.7902526855469,361.65350341796875,245.38888549804688,544.065673828125,-1,-1,-1,-1
208,20,443.56231689453125,335.69122314453125,237.5396728515625,567.9251098632812,-1,-1,-1,-1
209,20,436.5048828125,307.6754455566406,226.43603515625,576.583740234375,-1,-1,-1,-1
210,20,419.84783935546875,290.5762939453125,200.10540771484375,582.8677978515625,-1,-1,-1,-1
211,20,380.1027526855469,261.0487060546875,204.34487915039062,610.0732421875,-1,-1,-1,-1
212,20,306.8189697265625,248.5522003173828,254.6739501953125,676.1487426757812,-1,-1,-1,-1
213,20,136.05223083496094,243.36053466796875,402.5196533203125,798.1350708007812,-1,-1,-1,-1
214,20,26.237951278686523,260.3402099609375,490.2606506347656,910.0191650390625,-1,-1,-1,-1
215,20,-48.92677307128906,285.24346923828125,539.5363159179688,1003.7914428710938,-1,-1,-1,-1
216,20,-41.884952545166016,288.24224853515625,525.7989501953125,1041.76708984375,-1,-1,-1,-1
217,20,-65.69718933105469,258.0167236328125,558.2861938476562,1144.071533203125,-1,-1,-1,-1
218,20,-38.05559539794922,222.51083374023438,537.5272216796875,1062.2174072265625,-1,-1,-1,-1
219,20,-54.47041320800781,229.607177734375,498.03045654296875,1134.361083984375,-1,-1,-1,-1
220,20,-110.03377532958984,276.30120849609375,518.9476928710938,1138.093994140625,-1,-1,-1,-1
221,20,-244.9789276123047,380.64678955078125,630.4755859375,1055.647705078125,-1,-1,-1,-1
222,20,-304.2450866699219,525.263916015625,635.1522827148438,903.11279296875,-1,-1,-1,-1
223,20,-341.72100830078125,485.6676940917969,686.6376953125,960.1337890625,-1,-1,-1,-1
189,21,1215.3974609375,693.9632568359375,155.78955078125,292.63409423828125,-1,-1,-1,-1
190,22,45.05562973022461,569.070556640625,218.44287109375,487.2591552734375,-1,-1,-1,-1
191,22,211.3721466064453,558.26611328125,169.73326110839844,442.4610595703125,-1,-1,-1,-1
192,22,314.70855712890625,536.399658203125,153.85183715820312,415.2772216796875,-1,-1,-1,-1
193,22,337.25238037109375,529.9658203125,170.08987426757812,401.86700439453125,-1,-1,-1,-1
194,22,307.942138671875,529.7824096679688,193.79559326171875,390.95770263671875,-1,-1,-1,-1
195,22,218.90066528320312,532.352783203125,190.35919189453125,405.905029296875,-1,-1,-1,-1
196,22,358.2189025878906,562.4129638671875,232.37661743164062,335.3922119140625,-1,-1,-1,-1
196,23,22.92666244506836,543.7615966796875,203.96853637695312,429.727294921875,-1,-1,-1,-1
197,23,65.5010986328125,577.72705078125,327.1402282714844,435.505859375,-1,-1,-1,-1
197,24,1223.2803955078125,512.3569641113281,136.01318359375,321.7366638183594,-1,-1,-1,-1
198,24,1128.179443359375,533.5582275390625,118.3973388671875,280.8170166015625,-1,-1,-1,-1
199,24,1087.5361328125,516.0914306640625,112.8125,274.0543212890625,-1,-1,-1,-1
200,24,1067.010498046875,492.7934265136719,103.4407958984375,272.0563659667969,-1,-1,-1,-1
201,24,1041.0614013671875,479.099365234375,103.378662109375,272.509033203125,-1,-1,-1,-1
202,24,1019.84619140625,470.96588134765625,103.0931396484375,271.4473876953125,-1,-1,-1,-1
203,24,1001.8162231445312,464.4869384765625,103.01690673828125,271.7703857421875,-1,-1,-1,-1
204,24,982.8609619140625,457.02960205078125,110.9041748046875,269.8236083984375,-1,-1,-1,-1
205,24,969.5994873046875,476.48736572265625,123.25732421875,259.7203369140625,-1,-1,-1,-1
206,24,965.7464599609375,492.310546875,135.5181884765625,251.81878662109375,-1,-1,-1,-1
207,24,985.3961791992188,479.1144104003906,146.84063720703125,251.03604125976562,-1,-1,-1,-1
208,24,1015.0560302734375,468.50762939453125,147.46240234375,252.6292724609375,-1,-1,-1,-1
209,24,1041.559814453125,463.6319885253906,149.6640625,268.9844665527344,-1,-1,-1,-1
210,24,1067.069091796875,449.1977233886719,141.2408447265625,280.3227233886719,-1,-1,-1,-1
211,24,1046.0753173828125,416.8533935546875,161.5653076171875,296.5704345703125,-1,-1,-1,-1
212,24,1003.716796875,416.9429626464844,187.9681396484375,296.6119079589844,-1,-1,-1,-1
213,24,967.8128051757812,420.28863525390625,228.63775634765625,299.82080078125,-1,-1,-1,-1
214,24,953.575927734375,433.601318359375,224.53662109375,302.3160400390625,-1,-1,-1,-1
215,24,920.453125,447.291748046875,216.596923828125,323.00018310546875,-1,-1,-1,-1
216,24,936.524658203125,441.0389404296875,196.20947265625,355.747802734375,-1,-1,-1,-1
217,24,1023.6693115234375,443.3646240234375,182.55224609375,381.761474609375,-1,-1,-1,-1
218,24,1111.5360107421875,425.38238525390625,195.483642578125,417.743408203125,-1,-1,-1,-1
219,24,1142.26513671875,402.762939453125,213.385009765625,458.437744140625,-1,-1,-1,-1
220,24,1130.11962890625,388.0531005859375,238.811767578125,496.5926513671875,-1,-1,-1,-1
221,24,1103.7532958984375,363.85699462890625,259.4158935546875,534.8797607421875,-1,-1,-1,-1
222,24,1056.77880859375,350.51416015625,276.4068603515625,568.687744140625,-1,-1,-1,-1
223,24,933.204833984375,345.54998779296875,334.1976318359375,574.177978515625,-1,-1,-1,-1
224,24,798.8585205078125,361.1322021484375,381.001220703125,603.5403442382812,-1,-1,-1,-1
225,24,697.860107421875,372.4749450683594,378.787353515625,641.6710205078125,-1,-1,-1,-1
226,24,603.0159301757812,355.7489013671875,412.25457763671875,707.94775390625,-1,-1,-1,-1
227,24,518.2030029296875,349.6610107421875,418.003662109375,734.310546875,-1,-1,-1,-1
228,24,368.7595520019531,342.21380615234375,449.7343444824219,763.0387573242188,-1,-1,-1,-1
229,24,267.1233215332031,333.98797607421875,441.8135070800781,799.4590454101562,-1,-1,-1,-1
230,24,145.1359405517578,338.5213623046875,561.0867919921875,836.3892822265625,-1,-1,-1,-1
231,24,78.07160949707031,362.3922119140625,589.9024047851562,861.280517578125,-1,-1,-1,-1
232,24,-29.670162200927734,378.53131103515625,618.312255859375,874.0415649414062,-1,-1,-1,-1
233,24,-108.77838897705078,433.7329406738281,569.9214477539062,978.53759765625,-1,-1,-1,-1
234,24,-226.72714233398438,531.18603515625,655.3228149414062,895.6307373046875,-1,-1,-1,-1
201,25,1301.040283203125,611.2643432617188,39.832763671875,65.38165283203125,-1,-1,-1,-1
202,25,1289.4486083984375,595.9431762695312,38.9168701171875,64.9315185546875,-1,-1,-1,-1
203,25,1280.2208251953125,585.6077270507812,37.0816650390625,65.7611083984375,-1,-1,-1,-1
204,25,1273.5584716796875,580.3287963867188,37.0028076171875,62.38916015625,-1,-1,-1,-1
205,25,1277.246337890625,593.0879516601562,34.9779052734375,63.94757080078125,-1,-1,-1,-1
206,25,1290.858154296875,607.7755126953125,37.5341796875,63.66986083984375,-1,-1,-1,-1
207,25,1329.584228515625,599.8823852539062,40.3907470703125,65.92962646484375,-1,-1,-1,-1
208,25,1364.954833984375,572.7135009765625,54.5274658203125,95.6502685546875,-1,-1,-1,-1
209,25,1331.1767578125,472.8916320800781,156.555908203125,258.6005554199219,-1,-1,-1,-1
210,25,1335.840576171875,419.13671875,147.2742919921875,296.164306640625,-1,-1,-1,-1
211,25,1342.5562744140625,404.8037109375,133.7193603515625,271.399658203125,-1,-1,-1,-1
212,25,1338.685546875,407.652099609375,140.92919921875,268.70330810546875,-1,-1,-1,-1
213,25,1334.64453125,409.12945556640625,148.936767578125,261.1717529296875,-1,-1,-1,-1
214,25,1331.0496826171875,409.0200500488281,154.7647705078125,269.6863708496094,-1,-1,-1,-1
215,25,1333.4742431640625,420.69146728515625,151.017578125,283.94830322265625,-1,-1,-1,-1
216,25,1333.719482421875,428.61669921875,151.4488525390625,272.1044921875,-1,-1,-1,-1
218,25,1284.09423828125,387.89019775390625,250.3004150390625,454.50067138671875,-1,-1,-1,-1
219,25,1270.5303955078125,377.75726318359375,277.036865234375,502.503173828125,-1,-1,-1,-1
220,25,1242.80322265625,358.44329833984375,330.638427734375,566.6271362304688,-1,-1,-1,-1
221,25,1231.2557373046875,340.02490234375,355.0899658203125,599.93896484375,-1,-1,-1,-1
210,26,-93.43568420410156,432.88671875,189.89593505859375,463.33770751953125,-1,-1,-1,-1
211,26,-89.13424682617188,424.66650390625,181.2918701171875,473.72467041015625,-1,-1,-1,-1
212,26,-108.86160278320312,412.4113464355469,220.74659729003906,513.3621826171875,-1,-1,-1,-1
213,26,-125.55690002441406,390.5198669433594,254.13729858398438,573.0584716796875,-1,-1,-1,-1
214,26,-124.69087219238281,400.566162109375,252.40870666503906,601.14501953125,-1,-1,-1,-1
215,26,-171.77615356445312,514.2694091796875,346.5862121582031,529.8609619140625,-1,-1,-1,-1
216,26,-198.92855834960938,414.93292236328125,407.287109375,699.7925415039062,-1,-1,-1,-1
217,26,-128.91891479492188,252.69775390625,625.2205810546875,1161.4849853515625,-1,-1,-1,-1
219,27,183.7690887451172,386.6839599609375,246.5381622314453,476.3919677734375,-1,-1,-1,-1
220,27,227.66468811035156,390.1177978515625,222.8666229248047,482.02630615234375,-1,-1,-1,-1
221,27,310.02069091796875,389.8252258300781,210.63067626953125,470.2093200683594,-1,-1,-1,-1
222,27,322.02679443359375,392.82513427734375,239.6331787109375,474.5360107421875,-1,-1,-1,-1
223,27,293.5860290527344,391.56915283203125,265.5530090332031,493.3095703125,-1,-1,-1,-1
224,27,243.74935913085938,393.39752197265625,329.6636657714844,509.40692138671875,-1,-1,-1,-1
225,27,227.71932983398438,403.20477294921875,332.1245422363281,503.06561279296875,-1,-1,-1,-1
226,27,264.5050048828125,411.1932067871094,271.31768798828125,471.5802917480469,-1,-1,-1,-1
227,27,311.29840087890625,405.9909973144531,228.77618408203125,464.3181457519531,-1,-1,-1,-1
228,27,367.53216552734375,362.64569091796875,252.5775146484375,519.5877685546875,-1,-1,-1,-1
229,27,262.0827331542969,337.9269714355469,432.4631652832031,603.169677734375,-1,-1,-1,-1
230,27,154.20272827148438,345.08343505859375,544.3333740234375,693.4561157226562,-1,-1,-1,-1
231,28,421.30096435546875,447.1146545410156,321.31201171875,494.6985778808594,-1,-1,-1,-1
232,28,450.4049987792969,422.31719970703125,292.8265686035156,517.9185180664062,-1,-1,-1,-1
233,28,502.8570556640625,449.0329284667969,219.73382568359375,494.3294982910156,-1,-1,-1,-1
234,28,544.235595703125,467.8409423828125,179.451904296875,486.322998046875,-1,-1,-1,-1
235,28,561.1404418945312,471.927001953125,192.60699462890625,483.4871826171875,-1,-1,-1,-1
236,28,568.8002319335938,445.1021728515625,227.78411865234375,496.3616943359375,-1,-1,-1,-1
237,28,571.9238891601562,415.3271789550781,272.5068359375,506.4488830566406,-1,-1,-1,-1
238,28,599.58837890625,430.0796813964844,263.4808349609375,484.4822082519531,-1,-1,-1,-1
239,28,646.7467651367188,440.0601501464844,215.93475341796875,453.3178405761719,-1,-1,-1,-1
240,28,706.7147827148438,433.80023193359375,181.5478515625,452.5113525390625,-1,-1,-1,-1
241,28,773.2330322265625,426.93426513671875,159.60205078125,467.67266845703125,-1,-1,-1,-1
242,28,808.5840454101562,419.1995849609375,165.95703125,476.07177734375,-1,-1,-1,-1
243,28,837.203369140625,403.70751953125,188.4664306640625,477.45611572265625,-1,-1,-1,-1
244,28,869.6932373046875,403.896728515625,190.6688232421875,469.10650634765625,-1,-1,-1,-1
245,28,891.0506591796875,391.9906921386719,188.232421875,455.6828308105469,-1,-1,-1,-1
246,28,880.4937133789062,378.46905517578125,198.84637451171875,444.04437255859375,-1,-1,-1,-1
247,28,862.32275390625,352.4567565917969,205.0244140625,441.6866760253906,-1,-1,-1,-1
248,28,836.1102294921875,351.6916809082031,236.6829833984375,445.1887512207031,-1,-1,-1,-1
249,28,806.3713989257812,352.0001220703125,253.27337646484375,443.34228515625,-1,-1,-1,-1
250,28,771.3674926757812,355.73870849609375,251.82958984375,436.812255859375,-1,-1,-1,-1
251,28,744.477294921875,358.19024658203125,240.658203125,432.62890625,-1,-1,-1,-1
252,28,721.4396362304688,367.27008056640625,218.93988037109375,439.173828125,-1,-1,-1,-1
253,28,703.57421875,384.8199462890625,199.4998779296875,444.91644287109375,-1,-1,-1,-1
254,28,684.5991821289062,379.7054138183594,189.33074951171875,463.9396667480469,-1,-1,-1,-1
255,28,674.0203247070312,393.9905090332031,172.336669921875,472.8757019042969,-1,-1,-1,-1
256,28,669.2858276367188,422.3330078125,169.9794921875,471.24700927734375,-1,-1,-1,-1
257,28,660.5008544921875,452.0185546875,165.42071533203125,460.28155517578125,-1,-1,-1,-1
258,28,657.9129028320312,481.4520263671875,163.36334228515625,447.01513671875,-1,-1,-1,-1
259,28,652.8457641601562,504.2833251953125,169.6483154296875,440.2431640625,-1,-1,-1,-1
260,28,639.44091796875,522.4231567382812,184.8717041015625,436.986328125,-1,-1,-1,-1
261,28,617.4801635742188,543.4091186523438,198.1485595703125,447.08966064453125,-1,-1,-1,-1
262,28,550.7527465820312,537.2003784179688,224.13336181640625,473.70294189453125,-1,-1,-1,-1
263,28,410.52056884765625,547.0413208007812,259.413818359375,507.25408935546875,-1,-1,-1,-1
264,28,212.18994140625,548.1539916992188,324.15179443359375,555.9855346679688,-1,-1,-1,-1
265,28,29.99700355529785,591.4171142578125,390.70098876953125,589.0587158203125,-1,-1,-1,-1
266,28,-91.62590789794922,663.47265625,402.33038330078125,598.34033203125,-1,-1,-1,-1
267,28,-190.39418029785156,706.1553955078125,459.9007568359375,630.93359375,-1,-1,-1,-1
268,28,-149.30824279785156,711.9676513671875,350.264892578125,664.50830078125,-1,-1,-1,-1
240,29,1259.8443603515625,610.008544921875,38.5126953125,72.69415283203125,-1,-1,-1,-1
241,29,1194.606201171875,598.47216796875,42.7440185546875,71.64111328125,-1,-1,-1,-1
242,29,1202.6630859375,587.5980834960938,41.37109375,82.67303466796875,-1,-1,-1,-1
243,29,1208.455810546875,558.810302734375,40.959716796875,87.13092041015625,-1,-1,-1,-1
244,29,1198.843994140625,537.833251953125,41.3839111328125,85.7578125,-1,-1,-1,-1
245,29,1178.1390380859375,512.6685180664062,36.634521484375,77.079345703125,-1,-1,-1,-1
246,29,1139.72998046875,489.3142395019531,42.6405029296875,73.82638549804688,-1,-1,-1,-1
247,29,1180.046142578125,483.39404296875,35.7291259765625,70.67535400390625,-1,-1,-1,-1
248,29,1207.093505859375,493.9547119140625,47.040283203125,70.46319580078125,-1,-1,-1,-1
249,29,1141.0574951171875,483.5671691894531,44.038818359375,67.82406616210938,-1,-1,-1,-1
250,29,1139.3526611328125,482.4162902832031,42.752685546875,67.25057983398438,-1,-1,-1,-1
251,29,1067.9915771484375,481.94171142578125,33.987548828125,62.50201416015625,-1,-1,-1,-1
252,29,999.8109130859375,489.34771728515625,36.4771728515625,65.71856689453125,-1,-1,-1,-1
253,29,942.2138671875,507.44085693359375,34.0479736328125,61.491455078125,-1,-1,-1,-1
254,29,899.9327392578125,519.0281982421875,28.41107177734375,60.77642822265625,-1,-1,-1,-1
255,29,863.8809204101562,538.5572509765625,29.25006103515625,60.9349365234375,-1,-1,-1,-1
256,29,840.5945434570312,556.5942993164062,27.60302734375,61.951416015625,-1,-1,-1,-1
257,29,810.71728515625,569.9571533203125,26.74151611328125,61.23712158203125,-1,-1,-1,-1
258,29,787.798583984375,579.0328979492188,27.99127197265625,58.962646484375,-1,-1,-1,-1
259,29,762.037353515625,588.7056884765625,32.8082275390625,65.38568115234375,-1,-1,-1,-1
260,29,732.6996459960938,615.681884765625,61.45819091796875,114.8502197265625,-1,-1,-1,-1
261,29,683.0516967773438,634.5573120117188,114.07928466796875,182.13092041015625,-1,-1,-1,-1
266,30,1155.92041015625,417.254150390625,229.129638671875,392.248779296875,-1,-1,-1,-1
267,30,1026.519775390625,418.7831726074219,228.1072998046875,381.4481506347656,-1,-1,-1,-1
268,30,944.5185546875,417.3107604980469,208.6097412109375,388.2997131347656,-1,-1,-1,-1
269,30,882.2335815429688,415.135498046875,198.58026123046875,396.7623291015625,-1,-1,-1,-1
270,30,831.6277465820312,424.7691345214844,192.6800537109375,398.6721496582031,-1,-1,-1,-1
271,30,776.5196533203125,431.4371032714844,185.34161376953125,393.5713806152344,-1,-1,-1,-1
272,30,726.8693237304688,440.35723876953125,175.61041259765625,380.94622802734375,-1,-1,-1,-1
273,30,694.2747802734375,445.5089416503906,171.87646484375,369.7991638183594,-1,-1,-1,-1
274,30,679.6914672851562,446.4542541503906,165.30242919921875,365.1366882324219,-1,-1,-1,-1
275,30,677.3225708007812,432.39837646484375,153.6397705078125,381.20513916015625,-1,-1,-1,-1
276,30,677.3845825195312,407.1908874511719,155.1611328125,418.0276794433594,-1,-1,-1,-1
277,30,665.5665893554688,378.7455749511719,164.337158203125,448.8669738769531,-1,-1,-1,-1
278,30,635.7529296875,357.0889587402344,171.49749755859375,470.3563537597656,-1,-1,-1,-1
279,30,596.9026489257812,339.72906494140625,180.55364990234375,485.6025390625,-1,-1,-1,-1
280,30,554.39892578125,326.458251953125,194.905517578125,490.609619140625,-1,-1,-1,-1
281,30,512.5384521484375,323.06439208984375,211.18328857421875,496.260986328125,-1,-1,-1,-1
282,30,456.10955810546875,325.0308837890625,248.93524169921875,511.340087890625,-1,-1,-1,-1
283,30,376.0192565917969,307.1253662109375,300.5785217285156,562.65234375,-1,-1,-1,-1
284,30,281.0018005371094,266.2286071777344,368.5480041503906,667.34912109375,-1,-1,-1,-1
285,30,193.90304565429688,233.75289916992188,416.7963562011719,780.00244140625,-1,-1,-1,-1
286,30,120.96640014648438,220.72242736816406,456.8642272949219,872.2486572265625,-1,-1,-1,-1
287,30,88.64729309082031,198.18283081054688,470.264404296875,925.974609375,-1,-1,-1,-1
288,30,112.39579010009766,241.40365600585938,444.4770812988281,867.9339599609375,-1,-1,-1,-1
289,30,183.29458618164062,306.28692626953125,377.2584533691406,775.7356567382812,-1,-1,-1,-1
290,30,247.8963623046875,231.76026916503906,384.826171875,829.39453125,-1,-1,-1,-1
291,30,260.1004943847656,112.76818084716797,416.5484313964844,1026.2757568359375,-1,-1,-1,-1
292,30,72.82255554199219,80.61056518554688,606.3634033203125,1161.900390625,-1,-1,-1,-1
293,30,-45.307159423828125,141.4435272216797,720.3848876953125,1268.55517578125,-1,-1,-1,-1
294,30,3.8575057983398438,441.30816650390625,610.8380126953125,982.4935913085938,-1,-1,-1,-1
295,30,8.295413970947266,788.0787963867188,510.27642822265625,704.8540649414062,-1,-1,-1,-1
266,31,725.7669677734375,540.9450073242188,40.382080078125,106.88323974609375,-1,-1,-1,-1
267,31,620.8497924804688,550.896728515625,38.14447021484375,113.2135009765625,-1,-1,-1,-1
268,31,612.2409057617188,493.2889404296875,42.46038818359375,98.3797607421875,-1,-1,-1,-1
269,31,554.2213745117188,515.709228515625,24.05181884765625,44.24957275390625,-1,-1,-1,-1
270,31,505.93280029296875,534.2078857421875,25.59063720703125,44.33050537109375,-1,-1,-1,-1
271,31,449.935302734375,543.5457763671875,27.93975830078125,45.01361083984375,-1,-1,-1,-1
272,31,398.72320556640625,545.213623046875,26.51654052734375,46.0494384765625,-1,-1,-1,-1
273,31,361.6362609863281,540.5831298828125,29.846466064453125,50.244140625,-1,-1,-1,-1
274,31,353.1598815917969,538.35498046875,27.2044677734375,47.76678466796875,-1,-1,-1,-1
275,31,356.813232421875,531.3516845703125,26.999603271484375,47.8590087890625,-1,-1,-1,-1
276,31,356.8267822265625,516.8609619140625,29.65570068359375,51.09765625,-1,-1,-1,-1
277,31,348.9516906738281,490.9151306152344,29.797882080078125,55.455230712890625,-1,-1,-1,-1
278,31,330.5951843261719,475.2864685058594,23.734954833984375,41.719268798828125,-1,-1,-1,-1
279,31,297.7348937988281,453.85052490234375,24.563018798828125,44.950042724609375,-1,-1,-1,-1
280,31,261.395751953125,428.19195556640625,27.30889892578125,51.8116455078125,-1,-1,-1,-1
281,31,240.50421142578125,429.83367919921875,28.252410888671875,46.1722412109375,-1,-1,-1,-1
272,32,1289.2119140625,400.9328918457031,117.736083984375,292.8932800292969,-1,-1,-1,-1
273,32,1251.9268798828125,398.35931396484375,111.3079833984375,288.11505126953125,-1,-1,-1,-1
274,32,1236.0867919921875,405.08905029296875,114.8624267578125,286.89434814453125,-1,-1,-1,-1
275,32,1235.5509033203125,397.54534912109375,115.8638916015625,286.001708984375,-1,-1,-1,-1
276,32,1236.629150390625,392.70355224609375,122.484130859375,282.95745849609375,-1,-1,-1,-1
277,32,1230.557861328125,404.3247375488281,125.15771484375,276.6916198730469,-1,-1,-1,-1
278,32,1196.4771728515625,406.27606201171875,129.5166015625,269.55767822265625,-1,-1,-1,-1
279,32,1160.0640869140625,420.2056884765625,129.4608154296875,260.6851806640625,-1,-1,-1,-1
280,32,1124.2655029296875,424.3554382324219,129.1175537109375,256.5154113769531,-1,-1,-1,-1
281,32,1098.734619140625,427.443603515625,124.85107421875,254.54901123046875,-1,-1,-1,-1
282,32,1059.82373046875,432.8893127441406,126.6072998046875,252.10659790039062,-1,-1,-1,-1
283,32,1015.5526733398438,415.4543151855469,123.46588134765625,263.6799011230469,-1,-1,-1,-1
284,32,973.2094116210938,390.0562744140625,123.15130615234375,276.20843505859375,-1,-1,-1,-1
285,32,926.3638916015625,374.2325744628906,119.0872802734375,297.1730651855469,-1,-1,-1,-1
286,32,901.9681396484375,372.1278991699219,118.41094970703125,323.2769470214844,-1,-1,-1,-1
287,32,913.7760009765625,375.88134765625,125.766845703125,338.31939697265625,-1,-1,-1,-1
288,32,944.975341796875,356.0846862792969,153.2725830078125,359.4990539550781,-1,-1,-1,-1
289,32,1015.1025390625,347.32183837890625,192.9444580078125,387.6435546875,-1,-1,-1,-1
290,32,1114.3389892578125,332.1778564453125,228.420166015625,436.28436279296875,-1,-1,-1,-1
291,32,1181.61181640625,332.1351623535156,228.51318359375,466.8896789550781,-1,-1,-1,-1
292,32,1248.70654296875,303.5111083984375,175.1370849609375,507.1688232421875,-1,-1,-1,-1
293,32,1230.0838623046875,306.8448486328125,189.475830078125,524.118408203125,-1,-1,-1,-1
294,32,1125.322265625,287.2421875,263.8896484375,572.1468505859375,-1,-1,-1,-1
295,32,964.262939453125,306.9935302734375,335.1361083984375,593.2467041015625,-1,-1,-1,-1
296,32,827.476318359375,312.10595703125,379.248291015625,602.794677734375,-1,-1,-1,-1
297,32,746.6160888671875,317.2066345214844,358.2579345703125,609.5487060546875,-1,-1,-1,-1
298,32,675.6344604492188,316.7309875488281,365.62237548828125,626.898681640625,-1,-1,-1,-1
299,32,572.6226806640625,318.5362854003906,461.1182861328125,646.98486328125,-1,-1,-1,-1
300,32,504.864013671875,274.4836120605469,521.533935546875,689.493896484375,-1,-1,-1,-1
301,32,486.57623291015625,293.9960632324219,499.158203125,667.117431640625,-1,-1,-1,-1
302,32,413.6003723144531,270.3922119140625,513.594970703125,683.0923461914062,-1,-1,-1,-1
303,32,313.8221435546875,317.2708435058594,491.36737060546875,641.2581787109375,-1,-1,-1,-1
304,32,58.598812103271484,393.2872009277344,579.0195922851562,620.6700439453125,-1,-1,-1,-1
305,32,-83.79314422607422,435.8504638671875,489.1729431152344,641.3203125,-1,-1,-1,-1
306,32,-176.3269805908203,530.030517578125,439.10516357421875,631.4415283203125,-1,-1,-1,-1
315,33,-88.2825698852539,419.91162109375,226.5906982421875,391.940185546875,-1,-1,-1,-1
316,33,242.42752075195312,433.49700927734375,206.07611083984375,318.79705810546875,-1,-1,-1,-1
317,33,500.72991943359375,484.515380859375,159.00653076171875,262.125,-1,-1,-1,-1
318,33,638.233642578125,533.0164184570312,140.5906982421875,249.75390625,-1,-1,-1,-1
319,33,709.373779296875,572.0964965820312,130.1712646484375,259.32342529296875,-1,-1,-1,-1
320,33,767.0349731445312,557.8534545898438,115.42523193359375,264.708740234375,-1,-1,-1,-1
321,33,814.8131713867188,545.1951904296875,119.9678955078125,270.5738525390625,-1,-1,-1,-1
322,33,821.1019287109375,547.5721435546875,116.57281494140625,259.1783447265625,-1,-1,-1,-1
323,33,846.477783203125,563.7556762695312,104.16680908203125,260.7557373046875,-1,-1,-1,-1
324,33,876.3765869140625,571.2052001953125,93.5394287109375,274.31072998046875,-1,-1,-1,-1
325,33,902.2540283203125,584.0867919921875,94.28631591796875,287.61883544921875,-1,-1,-1,-1
326,33,925.9520874023438,589.442626953125,97.70269775390625,292.5859375,-1,-1,-1,-1
327,33,933.0586547851562,594.040771484375,107.23956298828125,299.0367431640625,-1,-1,-1,-1
328,33,926.9364624023438,597.7444458007812,119.81793212890625,293.39312744140625,-1,-1,-1,-1
329,33,899.673583984375,573.4321899414062,125.35498046875,279.9749755859375,-1,-1,-1,-1
330,33,827.177978515625,569.9104614257812,128.88201904296875,267.80908203125,-1,-1,-1,-1
331,33,742.6065673828125,565.6148681640625,132.84893798828125,256.86669921875,-1,-1,-1,-1
332,33,672.60986328125,571.8353271484375,135.51751708984375,250.09429931640625,-1,-1,-1,-1
333,33,626.2653198242188,560.9304809570312,141.73760986328125,261.2637939453125,-1,-1,-1,-1
334,33,617.416748046875,551.2223510742188,144.3721923828125,262.71002197265625,-1,-1,-1,-1
335,33,684.1460571289062,558.0601196289062,144.03460693359375,250.15521240234375,-1,-1,-1,-1
336,33,814.2836303710938,528.5632934570312,145.3978271484375,267.16888427734375,-1,-1,-1,-1
337,33,934.8563232421875,510.35382080078125,163.1578369140625,293.68963623046875,-1,-1,-1,-1
338,33,1049.3753662109375,517.5390625,164.2674560546875,320.6015625,-1,-1,-1,-1
339,33,1134.71533203125,531.7256469726562,169.513916015625,348.020751953125,-1,-1,-1,-1
340,33,1173.8236083984375,531.0121459960938,175.0009765625,351.86419677734375,-1,-1,-1,-1
341,33,1193.4884033203125,513.0906372070312,166.9803466796875,356.98736572265625,-1,-1,-1,-1
342,33,1188.7591552734375,487.6371765136719,161.8721923828125,358.6235656738281,-1,-1,-1,-1
343,33,1169.609375,478.3004150390625,154.20166015625,351.0673828125,-1,-1,-1,-1
344,33,1146.71875,482.6033935546875,146.1650390625,341.71112060546875,-1,-1,-1,-1
345,33,1123.2550048828125,488.0345458984375,141.5706787109375,336.61065673828125,-1,-1,-1,-1
346,33,1104.364990234375,503.7708435058594,139.4322509765625,328.8001403808594,-1,-1,-1,-1
347,33,1077.306640625,501.4518737792969,151.646484375,323.3812561035156,-1,-1,-1,-1
348,33,1052.727783203125,508.64404296875,157.676513671875,322.6121826171875,-1,-1,-1,-1
349,33,1031.8599853515625,515.4207153320312,161.9329833984375,325.65423583984375,-1,-1,-1,-1
350,33,998.3342895507812,516.2411499023438,168.41314697265625,325.4053955078125,-1,-1,-1,-1
351,33,956.8843994140625,503.9298400878906,188.97900390625,330.3365173339844,-1,-1,-1,-1
352,33,942.0877685546875,485.1493835449219,206.0218505859375,341.4079895019531,-1,-1,-1,-1
353,33,946.371826171875,478.86553955078125,203.6300048828125,357.08160400390625,-1,-1,-1,-1
354,33,975.0482788085938,486.5924377441406,195.95111083984375,374.9440612792969,-1,-1,-1,-1
355,33,1015.1572265625,493.13232421875,213.658935546875,399.68865966796875,-1,-1,-1,-1
356,33,1079.87548828125,474.57916259765625,216.967041015625,422.579345703125,-1,-1,-1,-1
357,33,1127.8248291015625,441.474853515625,193.3671875,443.59271240234375,-1,-1,-1,-1
358,33,1131.66748046875,422.4672546386719,167.2550048828125,453.6114807128906,-1,-1,-1,-1
359,33,1064.8082275390625,419.3543701171875,179.334228515625,467.0799560546875,-1,-1,-1,-1
360,33,984.1149291992188,390.673095703125,186.87042236328125,491.9188232421875,-1,-1,-1,-1
361,33,903.673583984375,352.71807861328125,221.5234375,501.668701171875,-1,-1,-1,-1
362,33,843.5209350585938,313.5577087402344,243.06341552734375,515.20458984375,-1,-1,-1,-1
363,33,797.3410034179688,297.7711486816406,256.79864501953125,522.6470947265625,-1,-1,-1,-1
364,33,758.8627319335938,305.0422668457031,256.3658447265625,522.0010986328125,-1,-1,-1,-1
365,33,718.4221801757812,322.9049987792969,243.18768310546875,514.58544921875,-1,-1,-1,-1
366,33,678.9998779296875,337.16766357421875,225.07647705078125,510.213623046875,-1,-1,-1,-1
367,33,628.272216796875,330.9181213378906,250.25872802734375,527.579345703125,-1,-1,-1,-1
368,33,610.1909790039062,313.3606872558594,252.3909912109375,583.6607666015625,-1,-1,-1,-1
369,33,572.3353271484375,300.3731689453125,273.27587890625,642.3463745117188,-1,-1,-1,-1
370,33,484.140625,304.681884765625,319.5560302734375,701.7677612304688,-1,-1,-1,-1
371,33,338.3517761230469,361.7458190917969,388.3688049316406,765.62548828125,-1,-1,-1,-1
372,33,45.16360855102539,432.3611755371094,521.2658081054688,670.5267333984375,-1,-1,-1,-1
317,34,-9.297100067138672,486.065673828125,158.6214599609375,395.5057373046875,-1,-1,-1,-1
318,34,120.15824127197266,500.35748291015625,167.41336059570312,369.80303955078125,-1,-1,-1,-1
319,34,212.4347381591797,517.5814208984375,138.9503936767578,356.218017578125,-1,-1,-1,-1
320,34,283.4532775878906,467.5179443359375,142.72720336914062,339.1312255859375,-1,-1,-1,-1
321,34,339.11749267578125,470.88629150390625,147.59585571289062,326.72381591796875,-1,-1,-1,-1
322,34,350.2649230957031,484.1734313964844,147.74212646484375,317.8802795410156,-1,-1,-1,-1
323,34,382.5901184082031,501.78973388671875,152.49319458007812,306.82147216796875,-1,-1,-1,-1
324,34,417.24176025390625,515.428955078125,160.02081298828125,296.34149169921875,-1,-1,-1,-1
325,34,454.2904052734375,540.905517578125,159.673095703125,288.7542724609375,-1,-1,-1,-1
326,34,482.7158203125,552.8571166992188,163.46978759765625,284.5533447265625,-1,-1,-1,-1
327,34,506.5670471191406,559.5640258789062,156.16806030273438,278.53594970703125,-1,-1,-1,-1
328,34,517.8297729492188,559.9041137695312,155.93389892578125,277.29901123046875,-1,-1,-1,-1
329,34,502.73382568359375,550.4920654296875,154.2943115234375,275.36651611328125,-1,-1,-1,-1
330,34,438.6668395996094,564.6695556640625,156.21157836914062,275.706298828125,-1,-1,-1,-1
331,34,352.09906005859375,564.300537109375,161.25372314453125,284.1475830078125,-1,-1,-1,-1
332,34,272.115478515625,574.8644409179688,170.2547607421875,291.56964111328125,-1,-1,-1,-1
333,34,217.4384002685547,573.5623779296875,176.5623321533203,298.43792724609375,-1,-1,-1,-1
334,34,212.23092651367188,559.734375,180.76821899414062,300.39788818359375,-1,-1,-1,-1
335,34,293.8819580078125,556.9608154296875,182.97283935546875,286.741943359375,-1,-1,-1,-1
336,34,449.85784912109375,520.9443359375,166.958740234375,275.20361328125,-1,-1,-1,-1
337,34,592.6146240234375,507.94683837890625,160.1805419921875,264.9903564453125,-1,-1,-1,-1
338,34,704.2091064453125,503.67010498046875,156.12353515625,271.030029296875,-1,-1,-1,-1
339,34,782.748291015625,505.348388671875,154.83648681640625,277.19927978515625,-1,-1,-1,-1
340,34,825.3633422851562,490.8015441894531,152.59124755859375,283.4104919433594,-1,-1,-1,-1
341,34,842.8419799804688,473.9927978515625,145.58349609375,286.34637451171875,-1,-1,-1,-1
342,34,846.771728515625,458.71759033203125,139.36236572265625,288.99127197265625,-1,-1,-1,-1
343,34,840.6449584960938,458.185791015625,113.81829833984375,285.5550537109375,-1,-1,-1,-1
344,34,804.6011962890625,464.63134765625,113.56085205078125,285.9844970703125,-1,-1,-1,-1
345,34,769.6567993164062,476.07928466796875,124.72802734375,288.59503173828125,-1,-1,-1,-1
346,34,748.568603515625,490.8667907714844,128.843994140625,296.8379211425781,-1,-1,-1,-1
347,34,724.1152954101562,489.2286071777344,136.87774658203125,304.3299865722656,-1,-1,-1,-1
348,34,711.0078125,499.79095458984375,129.94854736328125,308.53033447265625,-1,-1,-1,-1
349,34,694.595703125,501.6416320800781,133.09130859375,309.9395446777344,-1,-1,-1,-1
350,34,661.57958984375,494.73736572265625,142.8614501953125,311.75439453125,-1,-1,-1,-1
351,34,632.4415283203125,478.4387512207031,158.460205078125,322.9324035644531,-1,-1,-1,-1
352,34,612.8899536132812,459.5126037597656,173.2977294921875,333.7067565917969,-1,-1,-1,-1
353,34,613.1563110351562,453.05499267578125,176.65191650390625,364.60784912109375,-1,-1,-1,-1
354,34,631.5585327148438,454.402587890625,179.6949462890625,407.43634033203125,-1,-1,-1,-1
355,34,678.2041625976562,459.5007629394531,185.5098876953125,440.3371276855469,-1,-1,-1,-1
356,34,733.1383056640625,430.17431640625,182.2305908203125,475.461669921875,-1,-1,-1,-1
357,34,754.5536499023438,393.75341796875,187.90380859375,500.098876953125,-1,-1,-1,-1
358,34,734.7597045898438,378.15447998046875,191.7767333984375,509.4608154296875,-1,-1,-1,-1
359,34,688.0525512695312,381.7775573730469,180.14324951171875,514.1644287109375,-1,-1,-1,-1
360,34,606.2288208007812,377.7573547363281,177.4027099609375,526.7811279296875,-1,-1,-1,-1
361,34,503.95416259765625,355.95428466796875,247.0556640625,554.7266235351562,-1,-1,-1,-1
362,34,394.66204833984375,320.54638671875,325.53985595703125,627.1763305664062,-1,-1,-1,-1
363,34,318.2499084472656,304.8714599609375,378.1974792480469,683.6796264648438,-1,-1,-1,-1
364,34,265.1130065917969,298.50537109375,404.0754699707031,723.5217895507812,-1,-1,-1,-1
365,34,199.7877197265625,310.4677429199219,426.06256103515625,752.90673828125,-1,-1,-1,-1
366,34,122.15599060058594,309.21588134765625,444.9600830078125,768.3352661132812,-1,-1,-1,-1
367,34,56.03919219970703,304.0813903808594,431.18475341796875,787.5723876953125,-1,-1,-1,-1
368,34,-2.4574317932128906,313.974609375,420.2136535644531,835.668701171875,-1,-1,-1,-1
369,34,-176.66526794433594,277.8886413574219,566.6968383789062,992.4892578125,-1,-1,-1,-1
370,34,-262.0689697265625,258.37371826171875,640.8340454101562,1205.144287109375,-1,-1,-1,-1
371,34,-190.41009521484375,403.86407470703125,472.7507629394531,1018.1524047851562,-1,-1,-1,-1
372,34,22.09830665588379,397.8002014160156,505.9059143066406,873.216796875,-1,-1,-1,-1
320,35,-187.42613220214844,421.22418212890625,377.880859375,716.8195190429688,-1,-1,-1,-1
321,35,-166.89276123046875,490.24609375,337.6629638671875,603.5576171875,-1,-1,-1,-1
322,35,-159.1064910888672,558.5563354492188,321.23876953125,535.9688110351562,-1,-1,-1,-1
323,35,-153.11102294921875,606.500244140625,310.4845275878906,465.301513671875,-1,-1,-1,-1
324,35,-171.39950561523438,618.1923217773438,351.1571044921875,444.51434326171875,-1,-1,-1,-1
325,35,-192.04022216796875,560.9834594726562,387.39239501953125,510.80877685546875,-1,-1,-1,-1
326,35,-183.80853271484375,547.9090576171875,370.79498291015625,527.9083251953125,-1,-1,-1,-1
327,35,-177.8365020751953,554.9362182617188,358.7010498046875,615.4426879882812,-1,-1,-1,-1
328,35,-137.36204528808594,556.2957153320312,277.74896240234375,504.16595458984375,-1,-1,-1,-1
329,35,-151.369140625,521.199462890625,305.7630310058594,577.560791015625,-1,-1,-1,-1
338,36,10.942350387573242,537.9674072265625,143.9488067626953,388.388916015625,-1,-1,-1,-1
339,36,81.77711486816406,514.0244750976562,160.53738403320312,357.96881103515625,-1,-1,-1,-1
340,36,124.33365631103516,493.86407470703125,155.32125854492188,338.05072021484375,-1,-1,-1,-1
341,36,140.97964477539062,480.6669921875,143.95254516601562,330.44573974609375,-1,-1,-1,-1
342,36,138.30245971679688,477.3407897949219,141.776611328125,338.8901672363281,-1,-1,-1,-1
343,36,122.80857849121094,494.03729248046875,135.17953491210938,347.253173828125,-1,-1,-1,-1
344,36,104.71035766601562,507.7934875488281,133.22702026367188,356.9664001464844,-1,-1,-1,-1
345,36,84.2697525024414,525.5782470703125,139.6163330078125,362.34521484375,-1,-1,-1,-1
346,36,62.84638595581055,544.0248413085938,153.3806915283203,359.502685546875,-1,-1,-1,-1
347,36,54.502838134765625,549.3619995117188,156.34693908691406,354.44244384765625,-1,-1,-1,-1
348,36,52.80302810668945,559.810302734375,157.79832458496094,353.86236572265625,-1,-1,-1,-1
349,36,42.68364715576172,540.992919921875,163.59930419921875,366.908935546875,-1,-1,-1,-1
350,36,31.849925994873047,518.5125122070312,169.1658172607422,373.71807861328125,-1,-1,-1,-1
351,36,34.12803649902344,506.2940368652344,195.5463409423828,379.8121032714844,-1,-1,-1,-1
352,36,48.49813461303711,500.4936218261719,189.36483764648438,380.1980285644531,-1,-1,-1,-1
353,36,85.28472137451172,511.2485046386719,168.08456420898438,384.1367492675781,-1,-1,-1,-1
354,36,157.4241485595703,519.1986083984375,138.5386505126953,384.10650634765625,-1,-1,-1,-1
355,36,251.9623260498047,514.82763671875,145.9213409423828,386.1280517578125,-1,-1,-1,-1
356,36,323.5812683105469,487.494384765625,165.48648071289062,383.87890625,-1,-1,-1,-1
357,36,372.6204833984375,450.78167724609375,185.9171142578125,388.34332275390625,-1,-1,-1,-1
358,36,399.4519958496094,439.8614196777344,177.19375610351562,383.3163757324219,-1,-1,-1,-1
359,36,411.0390625,440.9283447265625,157.77642822265625,387.82464599609375,-1,-1,-1,-1
360,36,383.38214111328125,448.5885925292969,187.3348388671875,392.1743469238281,-1,-1,-1,-1
361,36,344.30572509765625,449.7401428222656,239.74652099609375,399.5279235839844,-1,-1,-1,-1
362,36,326.3580017089844,422.6724853515625,248.65585327148438,419.96942138671875,-1,-1,-1,-1
363,36,326.3257141113281,468.0834045410156,237.23110961914062,370.2752990722656,-1,-1,-1,-1
364,36,268.2763977050781,407.6585998535156,348.9231262207031,459.2031555175781,-1,-1,-1,-1
365,36,197.32278442382812,325.763427734375,419.3344421386719,608.4970703125,-1,-1,-1,-1
366,36,116.61216735839844,323.5561218261719,448.32647705078125,674.6820068359375,-1,-1,-1,-1
364,37,374.460693359375,385.52197265625,232.317138671875,406.8033447265625,-1,-1,-1,-1
365,37,384.948486328125,381.25018310546875,204.201904296875,405.89190673828125,-1,-1,-1,-1
366,37,409.74981689453125,376.5467834472656,192.52410888671875,415.9972839355469,-1,-1,-1,-1
367,37,474.0224609375,369.42095947265625,149.57269287109375,423.1776123046875,-1,-1,-1,-1
368,37,483.6191711425781,373.31463623046875,181.08096313476562,428.10186767578125,-1,-1,-1,-1
369,37,478.29656982421875,362.92669677734375,261.30194091796875,455.70172119140625,-1,-1,-1,-1
370,37,468.2682800292969,323.32086181640625,266.3529357910156,524.9241333007812,-1,-1,-1,-1
371,37,483.2879943847656,450.5774230957031,223.57876586914062,402.3817443847656,-1,-1,-1,-1
372,37,331.9599304199219,486.39263916015625,243.61074829101562,417.2353515625,-1,-1,-1,-1
373,37,227.70140075683594,489.88470458984375,184.1804962158203,482.45538330078125,-1,-1,-1,-1
374,37,170.56704711914062,497.75860595703125,221.910888671875,496.15826416015625,-1,-1,-1,-1
375,37,206.43309020996094,484.5534362792969,237.96815490722656,504.3557434082031,-1,-1,-1,-1
376,37,298.88177490234375,467.3276672363281,292.02264404296875,487.7194519042969,-1,-1,-1,-1
377,37,438.39166259765625,461.5565185546875,296.57891845703125,452.00244140625,-1,-1,-1,-1
378,37,604.8779296875,468.0572204589844,260.9617919921875,427.3960266113281,-1,-1,-1,-1
379,37,775.6023559570312,475.4501037597656,262.77606201171875,441.1874694824219,-1,-1,-1,-1
380,37,945.2969360351562,472.58392333984375,267.58770751953125,473.70001220703125,-1,-1,-1,-1
381,37,1079.3245849609375,440.5669250488281,234.260498046875,503.6721496582031,-1,-1,-1,-1
382,37,1103.1934814453125,415.5867004394531,263.402099609375,523.88232421875,-1,-1,-1,-1
383,37,1116.267578125,418.386474609375,262.8076171875,517.286376953125,-1,-1,-1,-1
384,37,1126.9798583984375,418.50079345703125,253.1195068359375,510.8626708984375,-1,-1,-1,-1
385,37,1149.016357421875,407.940673828125,227.083251953125,502.85797119140625,-1,-1,-1,-1
386,37,1157.9334716796875,398.7791748046875,230.243896484375,503.07958984375,-1,-1,-1,-1
387,37,1153.149658203125,384.98114013671875,239.10595703125,516.6473388671875,-1,-1,-1,-1
388,37,1131.04150390625,358.7865905761719,274.0384521484375,515.1121826171875,-1,-1,-1,-1
389,37,1123.238037109375,350.9218444824219,289.7027587890625,532.250244140625,-1,-1,-1,-1
390,37,1127.685791015625,397.79046630859375,288.2086181640625,499.81103515625,-1,-1,-1,-1
391,37,1148.4752197265625,384.6130065917969,271.685546875,522.1737060546875,-1,-1,-1,-1
392,37,1172.0552978515625,352.28497314453125,257.07568359375,557.7295532226562,-1,-1,-1,-1
393,37,1191.49609375,324.1962585449219,254.9283447265625,577.4090576171875,-1,-1,-1,-1
394,37,1215.722412109375,364.35919189453125,229.9990234375,542.7337036132812,-1,-1,-1,-1
395,37,1235.2919921875,375.7904052734375,204.5328369140625,533.499267578125,-1,-1,-1,-1
396,37,1219.350341796875,393.18634033203125,203.23828125,509.40106201171875,-1,-1,-1,-1
397,37,1203.510986328125,396.2452697753906,211.238037109375,498.6514587402344,-1,-1,-1,-1
398,37,1186.12744140625,394.2907409667969,230.8201904296875,500.3457336425781,-1,-1,-1,-1
399,37,1166.408203125,357.59161376953125,254.1380615234375,525.6575927734375,-1,-1,-1,-1
400,37,1137.8494873046875,338.2403564453125,278.512939453125,531.9981079101562,-1,-1,-1,-1
401,37,1106.740966796875,310.2193298339844,290.746826171875,534.010498046875,-1,-1,-1,-1
402,37,1076.968017578125,290.8866271972656,283.7197265625,541.70361328125,-1,-1,-1,-1
403,37,1052.949951171875,285.9244689941406,265.85400390625,532.607666015625,-1,-1,-1,-1
404,37,1015.2406005859375,266.9930114746094,256.284912109375,528.128662109375,-1,-1,-1,-1
405,37,958.678466796875,285.92327880859375,240.7357177734375,512.0425415039062,-1,-1,-1,-1
406,37,893.6558227539062,316.2711486816406,232.41473388671875,499.3601989746094,-1,-1,-1,-1
407,37,854.8834228515625,355.35699462890625,225.9486083984375,488.05328369140625,-1,-1,-1,-1
408,37,829.354248046875,382.9770812988281,225.623779296875,482.5270080566406,-1,-1,-1,-1
409,37,815.5297241210938,419.4696350097656,215.11444091796875,479.2174987792969,-1,-1,-1,-1
410,37,802.6375732421875,459.31097412109375,202.6864013671875,479.7962646484375,-1,-1,-1,-1
411,37,785.009521484375,488.7909851074219,189.02435302734375,480.3365783691406,-1,-1,-1,-1
412,37,737.8568115234375,484.75238037109375,181.43890380859375,477.65875244140625,-1,-1,-1,-1
413,37,658.77294921875,486.294677734375,177.7470703125,475.90252685546875,-1,-1,-1,-1
414,37,557.5811157226562,493.8587341308594,188.40631103515625,478.6948547363281,-1,-1,-1,-1
415,37,456.7129211425781,503.7410888671875,209.30184936523438,492.614501953125,-1,-1,-1,-1
416,37,349.2853088378906,516.7190551757812,241.36911010742188,508.79742431640625,-1,-1,-1,-1
417,37,234.52313232421875,525.2711181640625,279.3519287109375,528.0406494140625,-1,-1,-1,-1
418,37,104.73985290527344,527.3787841796875,317.77252197265625,557.1068115234375,-1,-1,-1,-1
419,37,-17.630760192871094,540.8096313476562,340.2239685058594,562.3727416992188,-1,-1,-1,-1
420,37,-134.22909545898438,543.787109375,367.50689697265625,633.2099609375,-1,-1,-1,-1
421,37,-164.74220275878906,639.4075317382812,339.84124755859375,572.2020874023438,-1,-1,-1,-1
418,38,1219.0972900390625,497.96063232421875,201.0921630859375,320.53448486328125,-1,-1,-1,-1
419,38,1095.09326171875,501.6484069824219,186.2210693359375,298.7140808105469,-1,-1,-1,-1
420,38,982.5133056640625,510.81805419921875,155.5865478515625,288.16229248046875,-1,-1,-1,-1
421,38,895.6183471679688,527.7297973632812,134.72015380859375,275.63641357421875,-1,-1,-1,-1
