1,1,1249.181884765625,405.3074951171875,211.7728271484375,466.86456298828125,-1,-1,-1,-1
2,1,1282.168701171875,406.748779296875,231.191650390625,503.03076171875,-1,-1,-1,-1
7,1,1309.803466796875,427.9361572265625,195.629638671875,425.19036865234375,-1,-1,-1,-1
8,1,1314.3480224609375,382.14666748046875,117.9788818359375,477.802734375,-1,-1,-1,-1
9,1,1304.0299072265625,413.5689697265625,107.568359375,458.09796142578125,-1,-1,-1,-1
10,1,1322.91015625,412.83172607421875,95.01806640625,485.83721923828125,-1,-1,-1,-1
11,1,1332.300048828125,457.4703674316406,105.4483642578125,388.3892517089844,-1,-1,-1,-1
12,1,1289.199462890625,430.2685852050781,144.367919921875,453.6213684082031,-1,-1,-1,-1
13,1,1202.802978515625,451.07281494140625,209.970703125,421.78509521484375,-1,-1,-1,-1
14,1,1132.383056640625,437.5605163574219,248.1943359375,409.0961608886719,-1,-1,-1,-1
15,1,1044.3167724609375,444.05816650390625,251.68701171875,382.433349609375,-1,-1,-1,-1
16,1,961.124267578125,451.80291748046875,231.9805908203125,348.739013671875,-1,-1,-1,-1
17,1,901.9815063476562,452.6239013671875,218.87896728515625,329.5478515625,-1,-1,-1,-1
18,1,862.7865600585938,445.80084228515625,214.56488037109375,315.7855224609375,-1,-1,-1,-1
19,1,819.8572387695312,430.9729309082031,209.83538818359375,316.4017639160156,-1,-1,-1,-1
20,1,798.9295043945312,390.342529296875,208.28179931640625,329.4481201171875,-1,-1,-1,-1
21,1,833.9183959960938,372.658203125,197.32037353515625,329.3289794921875,-1,-1,-1,-1
22,1,915.35791015625,367.96832275390625,174.29345703125,340.319091796875,-1,-1,-1,-1
23,1,1049.8302001953125,373.1781921386719,191.48583984375,360.3919982910156,-1,-1,-1,-1
1,2,675.4550170898438,304.8428649902344,122.46478271484375,302.6828918457031,-1,-1,-1,-1
2,2,716.6192626953125,317.6116943359375,133.1844482421875,304.062744140625,-1,-1,-1,-1
3,2,744.8803100585938,341.13226318359375,143.14208984375,302.62164306640625,-1,-1,-1,-1
4,2,760.1214599609375,358.11181640625,154.4996337890625,301.41192626953125,-1,-1,-1,-1
5,2,766.123779296875,367.1422119140625,160.70428466796875,300.1129150390625,-1,-1,-1,-1
6,2,734.84716796875,394.43621826171875,162.0150146484375,297.30841064453125,-1,-1,-1,-1
7,2,678.4881591796875,399.4239196777344,159.371826171875,299.8232116699219,-1,-1,-1,-1
8,2,635.907470703125,393.828369140625,158.5714111328125,302.8477783203125,-1,-1,-1,-1
9,2,633.259033203125,403.7127685546875,151.93914794921875,300.23699951171875,-1,-1,-1,-1
10,2,656.83740234375,419.02532958984375,148.13153076171875,304.02691650390625,-1,-1,-1,-1
11,2,673.0984497070312,427.416015625,143.72247314453125,306.8052978515625,-1,-1,-1,-1
12,2,644.3153076171875,426.5964050292969,135.97222900390625,312.5559387207031,-1,-1,-1,-1
13,2,586.9803466796875,447.3856506347656,128.75115966796875,312.6649475097656,-1,-1,-1,-1
14,2,532.8366088867188,439.5968933105469,127.53533935546875,320.2472229003906,-1,-1,-1,-1
15,2,454.427734375,442.58734130859375,137.513671875,333.8082275390625,-1,-1,-1,-1
16,2,370.0297546386719,467.7581481933594,159.29165649414062,350.6409606933594,-1,-1,-1,-1
17,2,310.36761474609375,496.6686096191406,177.94818115234375,368.1374206542969,-1,-1,-1,-1
18,2,252.55172729492188,508.7851257324219,204.85977172851562,387.1275939941406,-1,-1,-1,-1
19,2,182.11151123046875,526.5836181640625,236.00100708007812,399.55474853515625,-1,-1,-1,-1
20,2,143.3759002685547,540.8488159179688,266.647216796875,399.21856689453125,-1,-1,-1,-1
21,2,192.88546752929688,501.5096435546875,260.8520812988281,387.97784423828125,-1,-1,-1,-1
22,2,293.3486633300781,482.2186584472656,247.17776489257812,365.7431945800781,-1,-1,-1,-1
23,2,438.88287353515625,474.16131591796875,229.53961181640625,347.6287841796875,-1,-1,-1,-1
24,2,612.2326049804688,430.8466491699219,209.79010009765625,346.3208312988281,-1,-1,-1,-1
25,2,778.9944458007812,431.5080261230469,201.94183349609375,354.1188659667969,-1,-1,-1,-1
26,2,913.2039184570312,422.3729553222656,200.14874267578125,372.3810119628906,-1,-1,-1,-1
27,2,979.9266357421875,407.2918701171875,214.128662109375,387.00286865234375,-1,-1,-1,-1
28,2,948.6594848632812,427.8930969238281,216.51605224609375,377.8921813964844,-1,-1,-1,-1
29,2,818.0120849609375,459.99169921875,211.41845703125,354.2286376953125,-1,-1,-1,-1
30,2,631.884521484375,493.1183776855469,207.66790771484375,339.3742370605469,-1,-1,-1,-1
31,2,449.7868957519531,531.4658203125,228.19338989257812,353.93829345703125,-1,-1,-1,-1
32,2,314.6741027832031,555.197998046875,235.06741333007812,391.1083984375,-1,-1,-1,-1
33,2,221.91195678710938,578.3402709960938,247.80120849609375,398.00567626953125,-1,-1,-1,-1
34,2,175.16598510742188,591.3781127929688,249.13174438476562,398.307373046875,-1,-1,-1,-1
35,2,176.42648315429688,597.086669921875,253.146240234375,385.1119384765625,-1,-1,-1,-1
36,2,202.12306213378906,589.8536376953125,249.3903045654297,378.649658203125,-1,-1,-1,-1
37,2,254.78341674804688,585.3358154296875,239.56436157226562,359.76519775390625,-1,-1,-1,-1
38,2,337.606689453125,583.8967895507812,222.33831787109375,336.737548828125,-1,-1,-1,-1
39,2,423.5206604003906,581.8326416015625,207.02810668945312,319.10400390625,-1,-1,-1,-1
40,2,501.766357421875,571.5196533203125,207.24029541015625,302.5948486328125,-1,-1,-1,-1
41,2,594.4116821289062,556.5758666992188,210.48114013671875,295.91668701171875,-1,-1,-1,-1
42,2,648.595703125,547.033935546875,215.8424072265625,291.4903564453125,-1,-1,-1,-1
43,2,608.202392578125,549.322021484375,223.73358154296875,283.751953125,-1,-1,-1,-1
44,2,484.5311279296875,560.568603515625,261.8883056640625,287.0318603515625,-1,-1,-1,-1
45,2,364.4007263183594,554.6326293945312,268.6874084472656,295.438232421875,-1,-1,-1,-1
46,2,298.0700378417969,545.2500610351562,262.3322448730469,303.26702880859375,-1,-1,-1,-1
47,2,307.0132751464844,537.5335693359375,245.64938354492188,300.2445068359375,-1,-1,-1,-1
48,2,347.3630065917969,539.056640625,242.96127319335938,289.26873779296875,-1,-1,-1,-1
49,2,395.05010986328125,518.9913330078125,230.26776123046875,291.2431640625,-1,-1,-1,-1
50,2,445.2353210449219,504.2984313964844,213.04135131835938,281.9982604980469,-1,-1,-1,-1
51,2,485.6299743652344,526.0411376953125,205.73483276367188,265.3914794921875,-1,-1,-1,-1
52,2,520.6392211914062,535.1301879882812,199.89141845703125,265.7181396484375,-1,-1,-1,-1
53,2,550.434326171875,536.7515869140625,200.18756103515625,262.8115234375,-1,-1,-1,-1
54,2,558.5712280273438,558.6527099609375,187.6046142578125,258.87335205078125,-1,-1,-1,-1
55,2,566.2053833007812,598.9508056640625,162.61322021484375,254.01104736328125,-1,-1,-1,-1
56,2,562.0570068359375,589.3363647460938,140.06036376953125,245.75567626953125,-1,-1,-1,-1
57,2,568.1931762695312,576.6597290039062,113.44610595703125,229.08062744140625,-1,-1,-1,-1
58,2,592.1122436523438,581.6985473632812,102.9556884765625,219.48736572265625,-1,-1,-1,-1
59,2,608.6187133789062,588.486572265625,100.99761962890625,219.17144775390625,-1,-1,-1,-1
60,2,620.188232421875,589.2777709960938,96.73858642578125,219.89825439453125,-1,-1,-1,-1
61,2,625.6982421875,569.565673828125,92.29052734375,225.5716552734375,-1,-1,-1,-1
62,2,614.676025390625,554.7913208007812,88.62841796875,218.85894775390625,-1,-1,-1,-1
63,2,602.511474609375,571.2627563476562,85.991455078125,203.5357666015625,-1,-1,-1,-1
64,2,590.3162231445312,579.301025390625,89.26953125,196.4915771484375,-1,-1,-1,-1
65,2,583.1824340820312,569.6412353515625,94.62115478515625,195.99176025390625,-1,-1,-1,-1
66,2,585.508544921875,545.853759765625,91.1617431640625,214.2657470703125,-1,-1,-1,-1
67,2,593.7970581054688,563.9174194335938,105.5623779296875,200.65618896484375,-1,-1,-1,-1
68,2,573.7128295898438,565.7837524414062,136.40252685546875,192.03338623046875,-1,-1,-1,-1
69,2,537.1190185546875,542.4212036132812,188.94744873046875,216.76220703125,-1,-1,-1,-1
70,2,502.67279052734375,522.2449951171875,257.47650146484375,215.87432861328125,-1,-1,-1,-1
71,2,492.3897399902344,531.4835815429688,341.8155822753906,196.50146484375,-1,-1,-1,-1
72,2,568.6547241210938,558.1812133789062,278.047607421875,190.41375732421875,-1,-1,-1,-1
73,2,596.9576416015625,589.8204345703125,250.30950927734375,208.38873291015625,-1,-1,-1,-1
1,3,291.95697021484375,297.3565979003906,189.57037353515625,463.4542541503906,-1,-1,-1,-1
2,3,342.4832763671875,322.6822204589844,197.22015380859375,457.2929382324219,-1,-1,-1,-1
3,3,380.5182189941406,354.98712158203125,200.24002075195312,453.42242431640625,-1,-1,-1,-1
4,3,404.8368835449219,378.1502380371094,210.53268432617188,457.4916687011719,-1,-1,-1,-1
5,3,419.40032958984375,395.4882507324219,218.180908203125,461.6825256347656,-1,-1,-1,-1
6,3,394.8092346191406,432.1568298339844,227.23861694335938,472.1675109863281,-1,-1,-1,-1
7,3,332.88861083984375,436.625732421875,229.57275390625,488.50482177734375,-1,-1,-1,-1
8,3,284.8417053222656,425.1026611328125,211.16754150390625,511.06640625,-1,-1,-1,-1
9,3,285.6736755371094,432.27105712890625,188.262939453125,520.8450927734375,-1,-1,-1,-1
10,3,317.18939208984375,446.3182678222656,179.40634155273438,524.5865478515625,-1,-1,-1,-1
11,3,343.37005615234375,458.3650817871094,180.83319091796875,533.4002685546875,-1,-1,-1,-1
12,3,308.31036376953125,457.34576416015625,202.04507446289062,551.298583984375,-1,-1,-1,-1
13,3,247.80667114257812,473.0190124511719,225.42990112304688,581.3587646484375,-1,-1,-1,-1
14,3,186.38485717773438,472.3761291503906,259.5530700683594,605.781982421875,-1,-1,-1,-1
15,3,98.74047088623047,489.1798095703125,304.5140380859375,632.311767578125,-1,-1,-1,-1
16,3,10.38531494140625,526.3270263671875,363.9972839355469,656.631103515625,-1,-1,-1,-1
17,3,-12.253582954406738,565.608642578125,374.53515625,663.99609375,-1,-1,-1,-1
18,3,-60.43357467651367,556.0023193359375,381.4798583984375,708.4803466796875,-1,-1,-1,-1
19,3,-143.2241668701172,636.0394287109375,421.8060302734375,672.7998046875,-1,-1,-1,-1
20,3,-180.80116271972656,691.4322509765625,443.79437255859375,638.7030029296875,-1,-1,-1,-1
21,3,-153.02191162109375,654.4772338867188,401.1586608886719,617.7136840820312,-1,-1,-1,-1
22,3,-40.76078796386719,559.6118774414062,350.18426513671875,656.1898803710938,-1,-1,-1,-1
23,3,79.74323272705078,543.8167724609375,355.4710693359375,608.2994384765625,-1,-1,-1,-1
24,3,288.95904541015625,489.3929748535156,301.19268798828125,558.295166015625,-1,-1,-1,-1
25,3,460.8562316894531,496.70245361328125,273.8714294433594,514.5317993164062,-1,-1,-1,-1
26,3,562.2554931640625,501.9109802246094,281.00396728515625,482.2214660644531,-1,-1,-1,-1
27,3,614.34326171875,514.62890625,295.88177490234375,469.5120849609375,-1,-1,-1,-1
28,3,603.1978149414062,548.2066650390625,285.25592041015625,453.8382568359375,-1,-1,-1,-1
29,3,462.8135986328125,583.8079223632812,310.9996337890625,461.76800537109375,-1,-1,-1,-1
24,4,1250.790283203125,353.4869384765625,157.033935546875,393.343505859375,-1,-1,-1,-1
25,4,1249.58447265625,441.2057800292969,200.437255859375,351.0235290527344,-1,-1,-1,-1
30,4,1122.643310546875,388.2711181640625,284.8223876953125,389.13348388671875,-1,-1,-1,-1
31,4,929.5457153320312,416.07476806640625,242.21612548828125,355.66302490234375,-1,-1,-1,-1
32,4,783.481689453125,426.6391296386719,195.90118408203125,345.1358947753906,-1,-1,-1,-1
33,4,684.1096801757812,437.1013488769531,200.27911376953125,338.5473937988281,-1,-1,-1,-1
34,4,624.9765014648438,454.71856689453125,211.21099853515625,337.50360107421875,-1,-1,-1,-1
35,4,599.3126220703125,469.5682678222656,223.08172607421875,334.4982604980469,-1,-1,-1,-1
36,4,592.3798828125,485.0466613769531,237.32513427734375,329.2368469238281,-1,-1,-1,-1
37,4,624.8329467773438,483.95556640625,224.03662109375,324.65655517578125,-1,-1,-1,-1
38,4,673.9483032226562,479.0782470703125,221.45196533203125,322.75958251953125,-1,-1,-1,-1
39,4,732.5078735351562,478.44427490234375,214.08624267578125,322.20428466796875,-1,-1,-1,-1
40,4,794.001220703125,484.29425048828125,228.31103515625,328.26776123046875,-1,-1,-1,-1
41,4,873.403076171875,485.1933288574219,238.1441650390625,339.0631408691406,-1,-1,-1,-1
42,4,898.479248046875,480.25421142578125,243.1705322265625,340.07818603515625,-1,-1,-1,-1
43,4,814.1683349609375,505.2977294921875,265.546875,328.8345947265625,-1,-1,-1,-1
44,4,686.741455078125,539.2049560546875,273.42340087890625,304.5638427734375,-1,-1,-1,-1
45,4,528.8820190429688,556.8530883789062,311.6285400390625,277.348876953125,-1,-1,-1,-1
46,4,428.48736572265625,561.432861328125,350.20233154296875,263.5115966796875,-1,-1,-1,-1
47,4,509.5824890136719,562.6329345703125,260.4399719238281,255.61962890625,-1,-1,-1,-1
48,4,463.1527404785156,580.507080078125,326.7770690917969,232.5921630859375,-1,-1,-1,-1
49,4,510.10357666015625,584.25732421875,295.67181396484375,226.66961669921875,-1,-1,-1,-1
50,4,557.8993530273438,570.734130859375,270.52423095703125,232.95391845703125,-1,-1,-1,-1
51,4,594.2224731445312,575.8095703125,255.5653076171875,229.7716064453125,-1,-1,-1,-1
52,4,642.660888671875,579.5172729492188,224.13134765625,233.31622314453125,-1,-1,-1,-1
53,4,675.0966186523438,581.9346313476562,213.4169921875,240.40264892578125,-1,-1,-1,-1
54,4,693.727783203125,609.441650390625,202.74578857421875,243.76104736328125,-1,-1,-1,-1
55,4,695.0252075195312,653.5689697265625,204.06610107421875,245.9969482421875,-1,-1,-1,-1
56,4,695.657470703125,628.1738891601562,191.186767578125,257.5865478515625,-1,-1,-1,-1
57,4,692.1076049804688,589.975830078125,192.14093017578125,270.517333984375,-1,-1,-1,-1
58,4,707.5812377929688,571.4697265625,191.13336181640625,281.83770751953125,-1,-1,-1,-1
59,4,721.9910278320312,571.0055541992188,172.8983154296875,287.2059326171875,-1,-1,-1,-1
60,4,726.1045532226562,562.5643920898438,150.32525634765625,296.347900390625,-1,-1,-1,-1
61,4,719.9309692382812,540.4780883789062,135.916015625,303.93035888671875,-1,-1,-1,-1
62,4,698.0477905273438,516.9581909179688,124.82989501953125,313.70562744140625,-1,-1,-1,-1
63,4,671.6461181640625,526.0247192382812,131.709716796875,323.6412353515625,-1,-1,-1,-1
64,4,630.871826171875,538.63916015625,173.3466796875,328.05731201171875,-1,-1,-1,-1
65,4,600.4662475585938,541.1203002929688,196.63665771484375,328.53497314453125,-1,-1,-1,-1
66,4,584.1910400390625,536.8362426757812,213.51141357421875,335.19573974609375,-1,-1,-1,-1
67,4,590.6865234375,529.4692993164062,220.2757568359375,358.57354736328125,-1,-1,-1,-1
68,4,565.4390258789062,522.2454223632812,247.12445068359375,362.21728515625,-1,-1,-1,-1
69,4,532.2428588867188,532.313720703125,265.9649658203125,355.5504150390625,-1,-1,-1,-1
70,4,499.4879455566406,518.4779663085938,303.7351379394531,347.82635498046875,-1,-1,-1,-1
71,4,488.9139404296875,529.6926879882812,341.49359130859375,347.10333251953125,-1,-1,-1,-1
72,4,492.04571533203125,560.2637329101562,361.87579345703125,336.40240478515625,-1,-1,-1,-1
73,4,485.38494873046875,616.7672119140625,356.7554931640625,326.394287109375,-1,-1,-1,-1
74,4,485.50054931640625,625.6453857421875,348.50506591796875,324.5789794921875,-1,-1,-1,-1
75,4,415.4207458496094,584.697021484375,423.4913635253906,343.799560546875,-1,-1,-1,-1
76,4,483.6471252441406,648.656005859375,355.9737854003906,337.16656494140625,-1,-1,-1,-1
77,4,464.982421875,705.606201171875,344.6517333984375,316.51177978515625,-1,-1,-1,-1
78,4,458.814453125,706.2125854492188,309.06256103515625,316.1976318359375,-1,-1,-1,-1
79,4,451.31610107421875,686.7506103515625,272.69342041015625,318.4195556640625,-1,-1,-1,-1
80,4,412.3177795410156,672.1487426757812,268.8518371582031,323.1068115234375,-1,-1,-1,-1
81,4,334.2293395996094,643.0994262695312,289.8354187011719,334.3544921875,-1,-1,-1,-1
82,4,203.48678588867188,627.8104858398438,335.7058410644531,336.53692626953125,-1,-1,-1,-1
83,4,91.09141540527344,643.7999267578125,378.69842529296875,325.18365478515625,-1,-1,-1,-1
84,4,43.006568908691406,659.85791015625,376.6109619140625,309.76470947265625,-1,-1,-1,-1
85,4,23.2645263671875,649.9229736328125,346.8642883300781,306.75384521484375,-1,-1,-1,-1
86,4,-2.353303909301758,665.8504638671875,330.1084899902344,313.49859619140625,-1,-1,-1,-1
87,4,-19.49433135986328,706.35302734375,301.6509704589844,310.77294921875,-1,-1,-1,-1
88,4,-19.187591552734375,712.166748046875,254.1573486328125,333.287353515625,-1,-1,-1,-1
89,4,-20.576292037963867,681.2581787109375,199.0390625,392.452880859375,-1,-1,-1,-1
90,4,-88.16436004638672,662.27392578125,224.69558715820312,420.208740234375,-1,-1,-1,-1
91,4,-77.73651123046875,644.6103515625,192.29598999023438,432.283447265625,-1,-1,-1,-1
92,4,-86.90928649902344,645.999755859375,207.28970336914062,433.662841796875,-1,-1,-1,-1
93,4,-65.64936065673828,654.7059326171875,169.5138397216797,424.11328125,-1,-1,-1,-1
94,4,-60.04997253417969,695.0364379882812,133.90518188476562,373.14935302734375,-1,-1,-1,-1
95,4,-72.24097442626953,707.1207275390625,148.78762817382812,357.0096435546875,-1,-1,-1,-1
96,4,-75.8662338256836,739.625732421875,155.37486267089844,341.4256591796875,-1,-1,-1,-1
30,5,240.9039764404297,612.7709350585938,327.656494140625,513.2615356445312,-1,-1,-1,-1
31,6,8.379169464111328,647.1981201171875,380.60040283203125,574.790283203125,-1,-1,-1,-1
32,6,198.0347900390625,527.3367309570312,355.615478515625,534.6416625976562,-1,-1,-1,-1
32,7,-118.19117736816406,701.8209838867188,368.2796630859375,553.0574340820312,-1,-1,-1,-1
33,7,-150.39324951171875,726.7630615234375,361.2693786621094,591.5457763671875,-1,-1,-1,-1
35,7,-140.09193420410156,727.8785400390625,294.190185546875,666.505859375,-1,-1,-1,-1
36,7,-165.28506469726562,681.8489379882812,334.18511962890625,735.5628051757812,-1,-1,-1,-1
37,7,-176.51510620117188,707.669921875,375.2894287109375,551.93798828125,-1,-1,-1,-1
38,7,-128.9121551513672,754.4859619140625,405.89508056640625,531.016845703125,-1,-1,-1,-1
39,7,-5.609088897705078,753.9783325195312,360.3843078613281,603.5640258789062,-1,-1,-1,-1
40,7,47.201351165771484,741.3238525390625,361.93377685546875,594.131103515625,-1,-1,-1,-1
41,7,143.56405639648438,711.9078369140625,320.1424255371094,567.25,-1,-1,-1,-1
42,7,223.09449768066406,696.7064208984375,280.8914794921875,542.045166015625,-1,-1,-1,-1
43,7,155.02244567871094,664.6475830078125,303.9967041015625,542.37841796875,-1,-1,-1,-1
44,7,-5.520318984985352,652.0422973632812,427.06939697265625,553.8900756835938,-1,-1,-1,-1
44,8,-1.1792898178100586,645.4894409179688,345.0954895019531,577.7589721679688,-1,-1,-1,-1
45,8,-143.88134765625,667.3482666015625,387.3283386230469,628.5830078125,-1,-1,-1,-1
46,8,-179.87344360351562,756.5134887695312,367.10467529296875,558.4083862304688,-1,-1,-1,-1
47,8,-186.2781219482422,752.9475708007812,376.1708984375,623.7946166992188,-1,-1,-1,-1
48,8,-57.708885192871094,611.2591552734375,326.3398742675781,797.5233154296875,-1,-1,-1,-1
49,8,-67.6123046875,621.2774658203125,287.3990478515625,665.85498046875,-1,-1,-1,-1
50,8,-21.394912719726562,545.01171875,249.82154846191406,664.1756591796875,-1,-1,-1,-1
51,8,-11.18903636932373,575.4799194335938,291.6125183105469,754.4862670898438,-1,-1,-1,-1
52,8,2.293332099914551,609.299560546875,299.2938537597656,778.8330078125,-1,-1,-1,-1
53,8,17.38658905029297,610.0001831054688,342.616943359375,801.6441040039062,-1,-1,-1,-1
54,8,12.32025146484375,609.4049072265625,297.6061096191406,794.6917724609375,-1,-1,-1,-1
55,8,9.39859676361084,651.500732421875,251.91860961914062,743.093994140625,-1,-1,-1,-1
56,8,1.469813346862793,608.6934204101562,270.2941589355469,741.7477416992188,-1,-1,-1,-1
57,8,0.7471494674682617,552.669921875,244.28204345703125,736.467529296875,-1,-1,-1,-1
58,8,18.832534790039062,565.8521118164062,246.0703582763672,713.7515258789062,-1,-1,-1,-1
59,8,47.071311950683594,607.321533203125,237.366943359375,694.5450439453125,-1,-1,-1,-1
60,8,63.529170989990234,629.490234375,241.9306640625,687.81103515625,-1,-1,-1,-1
61,8,73.7674331665039,647.0783081054688,249.9835205078125,658.2451782226562,-1,-1,-1,-1
62,8,82.74742126464844,631.3978881835938,301.25970458984375,662.8001098632812,-1,-1,-1,-1
63,8,78.18704223632812,665.316162109375,297.9828186035156,632.1043701171875,-1,-1,-1,-1
64,8,79.4952392578125,679.63134765625,256.7997131347656,606.3663330078125,-1,-1,-1,-1
65,8,83.095947265625,663.7886962890625,241.41885375976562,593.6973876953125,-1,-1,-1,-1
66,8,102.474853515625,664.7677612304688,210.96298217773438,489.45196533203125,-1,-1,-1,-1
67,8,138.10836791992188,611.421875,206.90261840820312,587.0771484375,-1,-1,-1,-1
68,8,168.45770263671875,589.062744140625,177.3543701171875,567.679931640625,-1,-1,-1,-1
69,8,200.47317504882812,605.8319702148438,173.60037231445312,475.89581298828125,-1,-1,-1,-1
70,8,227.87628173828125,587.5576782226562,190.87033081054688,419.42327880859375,-1,-1,-1,-1
71,8,268.6880187988281,588.0343017578125,200.5428466796875,402.48797607421875,-1,-1,-1,-1
72,8,322.5293273925781,608.5545654296875,207.80014038085938,387.65728759765625,-1,-1,-1,-1
73,8,357.4534912109375,660.5411987304688,174.530029296875,373.87103271484375,-1,-1,-1,-1
74,8,378.6565856933594,660.7882080078125,143.65103149414062,356.3157958984375,-1,-1,-1,-1
75,8,406.67486572265625,628.6593627929688,137.70123291015625,330.70489501953125,-1,-1,-1,-1
76,8,425.99432373046875,681.3027954101562,125.919921875,302.9632568359375,-1,-1,-1,-1
77,8,438.5047912597656,721.0941162109375,126.11099243164062,266.9022216796875,-1,-1,-1,-1
78,8,460.3184509277344,714.7615356445312,157.08700561523438,267.95025634765625,-1,-1,-1,-1
79,8,451.74871826171875,699.0045166015625,187.85821533203125,251.4102783203125,-1,-1,-1,-1
80,8,419.1812744140625,678.5392456054688,218.55865478515625,247.235107421875,-1,-1,-1,-1
81,8,419.7941589355469,652.5596923828125,128.59988403320312,197.805419921875,-1,-1,-1,-1
82,8,370.5178527832031,617.94580078125,96.73873901367188,202.26318359375,-1,-1,-1,-1
83,8,329.55975341796875,588.3276977539062,100.241943359375,221.01324462890625,-1,-1,-1,-1
84,8,311.3801574707031,572.6206665039062,105.93841552734375,217.53155517578125,-1,-1,-1,-1
85,8,289.53302001953125,533.714111328125,111.91903686523438,234.2081298828125,-1,-1,-1,-1
86,8,273.8839111328125,521.5335693359375,156.34234619140625,249.4990234375,-1,-1,-1,-1
87,8,264.1593933105469,538.9766235351562,174.91897583007812,243.5194091796875,-1,-1,-1,-1
88,8,285.83026123046875,552.8984985351562,158.236083984375,232.25146484375,-1,-1,-1,-1
89,8,299.3577575683594,564.49658203125,141.78097534179688,215.2767333984375,-1,-1,-1,-1
90,8,315.4080810546875,560.1441040039062,125.2938232421875,200.90985107421875,-1,-1,-1,-1
91,8,345.6198425292969,547.4752197265625,104.47323608398438,201.14984130859375,-1,-1,-1,-1
92,8,389.5594482421875,557.3374633789062,110.03900146484375,190.12152099609375,-1,-1,-1,-1
93,8,408.7114562988281,556.3793334960938,112.03463745117188,191.47943115234375,-1,-1,-1,-1
94,8,422.793212890625,545.5256958007812,106.88873291015625,196.3599853515625,-1,-1,-1,-1
95,8,448.94158935546875,527.4454956054688,104.97882080078125,203.198486328125,-1,-1,-1,-1
96,8,476.4057922363281,536.7732543945312,100.67330932617188,198.8062744140625,-1,-1,-1,-1
97,8,499.42047119140625,539.9265747070312,94.46044921875,207.61297607421875,-1,-1,-1,-1
98,8,493.84332275390625,535.7927856445312,95.766357421875,213.90997314453125,-1,-1,-1,-1
99,8,485.77679443359375,558.53564453125,88.766357421875,215.7916259765625,-1,-1,-1,-1
100,8,466.8472900390625,548.7906494140625,93.38909912109375,228.7552490234375,-1,-1,-1,-1
101,8,482.9898681640625,533.1804809570312,91.6839599609375,234.3009033203125,-1,-1,-1,-1
102,8,556.8028564453125,538.3404541015625,86.5926513671875,236.30120849609375,-1,-1,-1,-1
103,8,644.3921508789062,570.0264892578125,93.16278076171875,234.9322509765625,-1,-1,-1,-1
104,8,741.0748901367188,524.1499633789062,101.61431884765625,241.28765869140625,-1,-1,-1,-1
105,8,800.8413696289062,503.4336242675781,113.64276123046875,250.65109252929688,-1,-1,-1,-1
106,8,807.1038818359375,491.0065612792969,114.671142578125,258.0596008300781,-1,-1,-1,-1
107,8,750.6055297851562,507.6679992675781,113.4913330078125,263.1386413574219,-1,-1,-1,-1
108,8,677.0189819335938,535.5174560546875,115.60205078125,262.50946044921875,-1,-1,-1,-1
109,8,605.3421630859375,501.4766845703125,114.49609375,272.80560302734375,-1,-1,-1,-1
110,8,569.2914428710938,533.759033203125,118.21875,281.210693359375,-1,-1,-1,-1
111,8,551.6405639648438,507.595947265625,123.6649169921875,291.193359375,-1,-1,-1,-1
112,8,535.8735961914062,518.5715942382812,124.109130859375,299.83197021484375,-1,-1,-1,-1
113,8,522.4818115234375,563.4047241210938,123.7900390625,309.29815673828125,-1,-1,-1,-1
114,8,522.7230224609375,546.808349609375,135.5987548828125,318.93402099609375,-1,-1,-1,-1
115,8,561.537109375,513.1573486328125,142.2294921875,324.202392578125,-1,-1,-1,-1
116,8,661.8251953125,482.22222900390625,154.294921875,334.63330078125,-1,-1,-1,-1
117,8,776.9144287109375,481.5651550292969,181.833984375,347.4612731933594,-1,-1,-1,-1
118,8,891.3178100585938,449.0717468261719,206.61053466796875,378.4557189941406,-1,-1,-1,-1
119,8,934.5308227539062,439.8961486816406,272.48016357421875,439.1507263183594,-1,-1,-1,-1
120,8,941.1148071289062,396.8616943359375,248.24603271484375,498.90997314453125,-1,-1,-1,-1
121,8,687.209228515625,181.55221557617188,580.45458984375,988.1181640625,-1,-1,-1,-1
45,9,-167.50527954101562,654.9599609375,394.7412109375,651.93359375,-1,-1,-1,-1
46,9,-195.3825225830078,747.48046875,396.3026428222656,581.08349609375,-1,-1,-1,-1
73,10,722.1409301757812,608.25927734375,121.7332763671875,186.9945068359375,-1,-1,-1,-1
74,10,738.0317993164062,600.7769165039062,123.30401611328125,192.75274658203125,-1,-1,-1,-1
75,10,742.9476928710938,554.5912475585938,129.4295654296875,195.95892333984375,-1,-1,-1,-1
76,10,752.8997802734375,601.8189697265625,137.9937744140625,193.782470703125,-1,-1,-1,-1
77,10,761.552001953125,634.4295654296875,139.49078369140625,196.48529052734375,-1,-1,-1,-1
78,10,770.84423828125,636.5472412109375,139.384033203125,207.95513916015625,-1,-1,-1,-1
79,10,783.0684814453125,629.162841796875,136.41522216796875,205.8580322265625,-1,-1,-1,-1
80,10,780.9683227539062,607.5585327148438,133.1002197265625,211.3328857421875,-1,-1,-1,-1
81,10,745.0696411132812,567.2388305664062,128.7425537109375,211.65264892578125,-1,-1,-1,-1
82,10,672.3427124023438,527.5553588867188,123.15625,213.19476318359375,-1,-1,-1,-1
83,10,629.1256103515625,518.728515625,120.60540771484375,212.630615234375,-1,-1,-1,-1
84,10,610.5496826171875,493.25616455078125,121.8218994140625,223.45416259765625,-1,-1,-1,-1
85,10,597.7439575195312,463.57806396484375,123.8406982421875,232.1103515625,-1,-1,-1,-1
86,10,595.2073364257812,463.9856262207031,124.7337646484375,237.17892456054688,-1,-1,-1,-1
87,10,585.4666748046875,474.0200500488281,130.6605224609375,240.39224243164062,-1,-1,-1,-1
88,10,591.0330810546875,489.1890869140625,130.90167236328125,240.35467529296875,-1,-1,-1,-1
89,10,588.735595703125,492.75115966796875,130.346435546875,241.40728759765625,-1,-1,-1,-1
90,10,588.3666381835938,488.4072570800781,128.68438720703125,241.06021118164062,-1,-1,-1,-1
91,10,592.1994018554688,480.9532165527344,131.57672119140625,245.20889282226562,-1,-1,-1,-1
92,10,614.724853515625,484.01666259765625,133.3304443359375,248.1669921875,-1,-1,-1,-1
93,10,623.7406616210938,483.9916687011719,139.09698486328125,253.54757690429688,-1,-1,-1,-1
94,10,632.4801025390625,479.10723876953125,137.4879150390625,259.78692626953125,-1,-1,-1,-1
95,10,649.7064819335938,461.6660461425781,147.0382080078125,269.5221252441406,-1,-1,-1,-1
96,10,672.7813110351562,465.7222595214844,149.0692138671875,278.3888244628906,-1,-1,-1,-1
97,10,689.177734375,474.6988220214844,151.9898681640625,288.9777526855469,-1,-1,-1,-1
98,10,685.0054321289062,472.74542236328125,152.94989013671875,296.48663330078125,-1,-1,-1,-1
99,10,671.78759765625,502.77947998046875,152.2733154296875,308.01324462890625,-1,-1,-1,-1
100,10,655.4238891601562,494.4147644042969,155.63677978515625,321.1891784667969,-1,-1,-1,-1
101,10,668.1650390625,480.05487060546875,153.815673828125,335.51715087890625,-1,-1,-1,-1
102,10,735.9229125976562,498.00054931640625,158.48968505859375,348.15777587890625,-1,-1,-1,-1
103,10,823.5581665039062,531.6607666015625,174.05059814453125,375.1341552734375,-1,-1,-1,-1
104,10,927.3964233398438,480.7740783691406,185.99627685546875,422.2893371582031,-1,-1,-1,-1
105,10,989.1253051757812,459.1301574707031,206.97967529296875,458.3286437988281,-1,-1,-1,-1
106,10,994.9826049804688,434.917724609375,216.11480712890625,496.01788330078125,-1,-1,-1,-1
107,10,931.6602172851562,458.085205078125,212.34869384765625,502.52349853515625,-1,-1,-1,-1
108,10,846.6613159179688,491.01171875,212.81280517578125,512.3798828125,-1,-1,-1,-1
109,10,772.184326171875,446.840576171875,208.7489013671875,536.4070434570312,-1,-1,-1,-1
110,10,721.2000732421875,489.4171447753906,215.991943359375,565.129150390625,-1,-1,-1,-1
111,10,694.6473999023438,457.34222412109375,221.3214111328125,602.5807495117188,-1,-1,-1,-1
112,10,665.2230834960938,468.2857971191406,230.911376953125,649.823486328125,-1,-1,-1,-1
113,10,641.197998046875,504.690673828125,234.37152099609375,640.0380859375,-1,-1,-1,-1
114,10,629.5265502929688,480.43096923828125,252.20220947265625,665.7144165039062,-1,-1,-1,-1
115,10,654.744384765625,435.7021179199219,267.31976318359375,623.7103271484375,-1,-1,-1,-1
116,10,731.3759155273438,393.73101806640625,312.83660888671875,707.7567749023438,-1,-1,-1,-1
117,10,784.8748168945312,369.61639404296875,406.45574951171875,827.9067993164062,-1,-1,-1,-1
118,10,873.2701416015625,309.8137512207031,462.12939453125,940.889404296875,-1,-1,-1,-1
119,10,726.7135620117188,264.96551513671875,673.8048706054688,1151.29248046875,-1,-1,-1,-1
120,10,732.0775146484375,183.630615234375,617.47607421875,1202.391357421875,-1,-1,-1,-1
121,10,625.2604370117188,163.96682739257812,658.6151733398438,1220.8585205078125,-1,-1,-1,-1
76,11,4.635831832885742,475.83404541015625,604.1553955078125,946.1696166992188,-1,-1,-1,-1
77,11,-4.995609283447266,557.27099609375,573.1731567382812,871.850830078125,-1,-1,-1,-1
78,11,-87.56060791015625,715.6329345703125,614.669189453125,705.8670654296875,-1,-1,-1,-1
79,11,-142.16281127929688,823.6904296875,620.9054565429688,592.650146484375,-1,-1,-1,-1
80,11,-40.89650344848633,827.2427978515625,492.7664489746094,599.8326416015625,-1,-1,-1,-1
81,11,-58.01401138305664,781.54248046875,479.7735290527344,642.9361572265625,-1,-1,-1,-1
105,12,-144.9928436279297,550.1079711914062,371.7413330078125,493.02630615234375,-1,-1,-1,-1
106,12,-133.4554443359375,560.085205078125,277.5341796875,480.850341796875,-1,-1,-1,-1
107,12,-42.45570373535156,514.4407348632812,223.69833374023438,398.38739013671875,-1,-1,-1,-1
116,13,306.1277160644531,910.169677734375,754.2030029296875,515.2774658203125,-1,-1,-1,-1
117,13,365.0357360839844,889.6025390625,830.3370361328125,512.808837890625,-1,-1,-1,-1
118,13,402.3008117675781,801.2154541015625,1009.7052001953125,608.936279296875,-1,-1,-1,-1
119,13,524.7210083007812,743.9362182617188,931.9917602539062,669.0653686523438,-1,-1,-1,-1
118,14,-115.82061767578125,451.680419921875,289.1572570800781,583.429931640625,-1,-1,-1,-1
119,14,-89.33810424804688,401.07916259765625,384.6631164550781,629.3685913085938,-1,-1,-1,-1
120,14,-77.29925537109375,371.6111755371094,436.756103515625,678.3599853515625,-1,-1,-1,-1
121,14,-50.899261474609375,353.8437194824219,422.5254211425781,712.087158203125,-1,-1,-1,-1
