1,1,850.9071044921875,555.1422119140625,360.822509765625,583.7178955078125,-1,-1,-1,-1
2,1,833.2808837890625,563.6712036132812,349.173583984375,575.0723266601562,-1,-1,-1,-1
3,1,804.7626342773438,560.13720703125,355.92889404296875,574.297607421875,-1,-1,-1,-1
4,1,790.0038452148438,545.714599609375,354.30718994140625,572.56103515625,-1,-1,-1,-1
5,1,765.811767578125,536.618408203125,369.9451904296875,572.7618408203125,-1,-1,-1,-1
6,1,760.6754760742188,541.2210693359375,367.91741943359375,571.16357421875,-1,-1,-1,-1
7,1,773.6446533203125,552.2097778320312,343.462158203125,566.7417602539062,-1,-1,-1,-1
8,1,759.0743408203125,561.7179565429688,349.2156982421875,561.9631958007812,-1,-1,-1,-1
9,1,770.2439575195312,565.510009765625,334.67010498046875,559.397705078125,-1,-1,-1,-1
10,1,780.4678955078125,564.2041015625,331.932861328125,559.128662109375,-1,-1,-1,-1
11,1,774.4644165039062,564.81494140625,343.52154541015625,559.6585693359375,-1,-1,-1,-1
12,1,766.4303588867188,563.8375244140625,336.94195556640625,556.05810546875,-1,-1,-1,-1
13,1,761.7001953125,563.3222045898438,302.8944091796875,553.2041625976562,-1,-1,-1,-1
14,1,710.5767822265625,560.6030883789062,313.30596923828125,549.0040893554688,-1,-1,-1,-1
15,1,673.119140625,551.2666625976562,314.47918701171875,550.3071899414062,-1,-1,-1,-1
16,1,624.8279418945312,541.2992553710938,336.6727294921875,549.2085571289062,-1,-1,-1,-1
17,1,616.152099609375,538.6758422851562,333.90777587890625,549.7432250976562,-1,-1,-1,-1
18,1,605.103759765625,538.5770263671875,341.27545166015625,551.297607421875,-1,-1,-1,-1
19,1,591.8492431640625,537.0750732421875,349.02337646484375,555.621337890625,-1,-1,-1,-1
20,1,597.8983764648438,535.5718994140625,344.52276611328125,560.0079345703125,-1,-1,-1,-1
21,1,600.4869995117188,534.7801513671875,343.52587890625,564.3692626953125,-1,-1,-1,-1
22,1,604.4950561523438,529.1304931640625,343.9771728515625,573.927734375,-1,-1,-1,-1
23,1,610.9599609375,525.6362915039062,339.50262451171875,580.0123901367188,-1,-1,-1,-1
24,1,600.4119873046875,522.64892578125,355.47320556640625,585.4879150390625,-1,-1,-1,-1
25,1,616.3056030273438,523.9765014648438,354.092529296875,594.7793579101562,-1,-1,-1,-1
26,1,616.5285034179688,534.6676635742188,373.57379150390625,603.0523071289062,-1,-1,-1,-1
27,1,633.1827392578125,539.661865234375,373.5491943359375,613.7525634765625,-1,-1,-1,-1
28,1,651.7915649414062,540.1497802734375,370.62744140625,621.7130126953125,-1,-1,-1,-1
29,1,668.2073364257812,544.6595458984375,362.47894287109375,629.3572998046875,-1,-1,-1,-1
30,1,662.8685913085938,543.5806884765625,376.53228759765625,635.31640625,-1,-1,-1,-1
31,1,671.646484375,538.0973510742188,380.2120361328125,640.5637817382812,-1,-1,-1,-1
32,1,681.4087524414062,537.215576171875,376.90093994140625,646.5145263671875,-1,-1,-1,-1
33,1,694.3818359375,538.8994140625,374.153564453125,654.1058349609375,-1,-1,-1,-1
34,1,717.0289306640625,540.4010009765625,363.9111328125,661.571533203125,-1,-1,-1,-1
35,1,747.8928833007812,540.4159545898438,366.94854736328125,671.0486450195312,-1,-1,-1,-1
36,1,795.5324096679688,540.604736328125,379.27532958984375,688.7000732421875,-1,-1,-1,-1
37,1,838.0507202148438,540.3850708007812,410.28387451171875,706.0079956054688,-1,-1,-1,-1
38,1,872.9848022460938,536.0386352539062,427.95794677734375,718.3983764648438,-1,-1,-1,-1
39,1,897.5339965820312,530.3077392578125,436.14886474609375,730.38671875,-1,-1,-1,-1
40,1,900.3126220703125,531.2382202148438,443.0247802734375,733.0945434570312,-1,-1,-1,-1
41,1,901.8601684570312,537.8446655273438,442.49432373046875,735.7443237304688,-1,-1,-1,-1
42,1,900.6438598632812,543.408935546875,443.38128662109375,735.0203857421875,-1,-1,-1,-1
43,1,903.185546875,546.5117797851562,443.89599609375,735.4104614257812,-1,-1,-1,-1
44,1,911.7306518554688,542.893310546875,436.53497314453125,736.3880615234375,-1,-1,-1,-1
45,1,908.7203979492188,543.3242797851562,439.35052490234375,736.9837036132812,-1,-1,-1,-1
46,1,887.25390625,548.9361572265625,466.73291015625,738.4677734375,-1,-1,-1,-1
47,1,891.529541015625,553.6055908203125,458.9139404296875,742.4056396484375,-1,-1,-1,-1
48,1,894.9848022460938,551.1885375976562,464.71295166015625,746.9983520507812,-1,-1,-1,-1
49,1,894.9765014648438,544.4942016601562,469.99615478515625,754.7553100585938,-1,-1,-1,-1
50,1,913.7994384765625,535.4213256835938,437.4957275390625,765.4620971679688,-1,-1,-1,-1
51,1,924.9988403320312,530.2675170898438,427.88641357421875,775.6961059570312,-1,-1,-1,-1
52,1,926.16748046875,533.510986328125,442.286865234375,784.983154296875,-1,-1,-1,-1
53,1,919.088623046875,542.3134155273438,457.76416015625,789.9235229492188,-1,-1,-1,-1
54,1,919.561279296875,538.1044921875,455.03564453125,798.557861328125,-1,-1,-1,-1
55,1,917.0919189453125,523.0550537109375,448.8533935546875,810.4207763671875,-1,-1,-1,-1
56,1,913.2816772460938,513.5723876953125,440.86505126953125,814.9034423828125,-1,-1,-1,-1
57,1,895.8799438476562,505.484375,444.74249267578125,815.9954833984375,-1,-1,-1,-1
58,1,893.3831176757812,502.99566650390625,427.14190673828125,815.9596557617188,-1,-1,-1,-1
59,1,890.6658935546875,506.58685302734375,422.69189453125,817.2593383789062,-1,-1,-1,-1
60,1,889.5731201171875,511.12823486328125,414.97802734375,817.8137817382812,-1,-1,-1,-1
61,1,881.6064453125,511.8388977050781,403.5155029296875,820.0775146484375,-1,-1,-1,-1
62,1,869.3475952148438,510.2295837402344,393.80438232421875,819.55712890625,-1,-1,-1,-1
63,1,863.76171875,512.8928527832031,382.440185546875,819.1671142578125,-1,-1,-1,-1
64,1,857.820068359375,513.4098510742188,371.299072265625,821.1687622070312,-1,-1,-1,-1
65,1,840.3513793945312,513.6817016601562,360.55548095703125,820.6664428710938,-1,-1,-1,-1
66,1,817.4122924804688,518.9986572265625,354.74407958984375,813.3118896484375,-1,-1,-1,-1
67,1,801.8121337890625,517.3381958007812,350.5015869140625,808.7385864257812,-1,-1,-1,-1
68,1,786.3961791992188,516.5874633789062,356.16290283203125,802.8439331054688,-1,-1,-1,-1
69,1,782.5697021484375,519.1813354492188,353.5009765625,795.7929077148438,-1,-1,-1,-1
70,1,773.223876953125,522.2623901367188,357.2730712890625,793.4070434570312,-1,-1,-1,-1
71,1,777.860595703125,528.85400390625,343.1507568359375,793.7930908203125,-1,-1,-1,-1
72,1,781.58154296875,537.0090942382812,325.294921875,795.6730346679688,-1,-1,-1,-1
73,1,787.0054931640625,544.1661987304688,305.435302734375,800.4411010742188,-1,-1,-1,-1
74,1,785.4655151367188,549.5278930664062,292.57940673828125,807.6397094726562,-1,-1,-1,-1
75,1,783.6804809570312,563.123779296875,283.91998291015625,809.4736328125,-1,-1,-1,-1
76,1,776.1629638671875,576.3965454101562,283.843994140625,817.8512573242188,-1,-1,-1,-1
77,1,774.4464111328125,580.4375610351562,282.7581787109375,827.0267944335938,-1,-1,-1,-1
78,1,771.4815673828125,578.19189453125,283.651611328125,830.3118896484375,-1,-1,-1,-1
79,1,771.671142578125,576.1594848632812,287.605224609375,833.3386840820312,-1,-1,-1,-1
80,1,767.4920043945312,563.620361328125,284.24334716796875,844.2174072265625,-1,-1,-1,-1
81,1,770.0650024414062,551.8822021484375,276.82452392578125,845.5672607421875,-1,-1,-1,-1
82,1,785.6015014648438,543.8626708984375,251.74139404296875,841.497802734375,-1,-1,-1,-1
83,1,802.9752197265625,529.9229736328125,236.8809814453125,841.1380615234375,-1,-1,-1,-1
84,1,808.8858642578125,535.5270385742188,226.245849609375,839.7100219726562,-1,-1,-1,-1
85,1,811.3893432617188,543.7142333984375,222.48651123046875,839.2926025390625,-1,-1,-1,-1
1,2,831.416015625,575.1056518554688,191.54339599609375,356.493896484375,-1,-1,-1,-1
2,2,793.955078125,582.0744018554688,202.5128173828125,352.992431640625,-1,-1,-1,-1
3,2,783.7742919921875,580.116455078125,190.3314208984375,350.322021484375,-1,-1,-1,-1
4,2,773.9177856445312,565.8023681640625,183.08209228515625,346.671875,-1,-1,-1,-1
5,2,755.5916748046875,555.0368041992188,188.97283935546875,349.87567138671875,-1,-1,-1,-1
6,2,754.3082275390625,558.5908813476562,172.64739990234375,347.74334716796875,-1,-1,-1,-1
7,2,747.2725219726562,566.0408935546875,161.109130859375,346.0604248046875,-1,-1,-1,-1
8,2,735.10009765625,571.4248046875,157.18975830078125,345.94293212890625,-1,-1,-1,-1
9,2,729.042724609375,574.1861572265625,148.78814697265625,345.1141357421875,-1,-1,-1,-1
10,2,726.6867065429688,571.305908203125,146.98114013671875,344.6746826171875,-1,-1,-1,-1
11,2,719.5413208007812,572.7820434570312,145.6448974609375,345.5780029296875,-1,-1,-1,-1
12,2,700.6007080078125,574.9442749023438,140.08685302734375,342.7703857421875,-1,-1,-1,-1
13,2,609.4328002929688,579.1727294921875,191.53289794921875,342.270751953125,-1,-1,-1,-1
14,2,559.6854858398438,582.8490600585938,206.15948486328125,340.0264892578125,-1,-1,-1,-1
15,2,534.238525390625,578.037353515625,195.25579833984375,338.14544677734375,-1,-1,-1,-1
16,2,495.409423828125,566.830322265625,198.3707275390625,339.94476318359375,-1,-1,-1,-1
17,2,469.2419738769531,560.8108520507812,204.26358032226562,342.5372314453125,-1,-1,-1,-1
18,2,465.86065673828125,558.3382568359375,194.79132080078125,344.724853515625,-1,-1,-1,-1
19,2,458.0382080078125,557.53955078125,191.5274658203125,344.343505859375,-1,-1,-1,-1
20,2,459.5665283203125,556.7229614257812,190.667236328125,345.3577880859375,-1,-1,-1,-1
21,2,472.1325378417969,557.6223754882812,183.52615356445312,346.65533447265625,-1,-1,-1,-1
22,2,487.63232421875,556.0098876953125,174.53009033203125,347.885009765625,-1,-1,-1,-1
23,2,509.8652648925781,554.6806640625,157.15664672851562,348.7354736328125,-1,-1,-1,-1
24,2,539.7037353515625,551.9871826171875,136.08380126953125,349.548095703125,-1,-1,-1,-1
25,2,563.2322387695312,553.879150390625,129.89434814453125,349.86175537109375,-1,-1,-1,-1
26,2,585.9564819335938,565.445556640625,130.39166259765625,348.39178466796875,-1,-1,-1,-1
27,2,606.104248046875,569.8892211914062,128.63909912109375,351.00091552734375,-1,-1,-1,-1
28,2,615.8726806640625,570.8170776367188,133.483642578125,351.1966552734375,-1,-1,-1,-1
29,2,619.5589599609375,575.2774047851562,139.9659423828125,351.56610107421875,-1,-1,-1,-1
30,2,615.7269897460938,572.545166015625,154.19927978515625,350.88873291015625,-1,-1,-1,-1
31,2,620.4586181640625,568.2660522460938,160.9805908203125,352.39068603515625,-1,-1,-1,-1
32,2,627.9278564453125,569.9249877929688,160.458984375,351.923583984375,-1,-1,-1,-1
33,2,638.1732788085938,577.0950927734375,156.31689453125,350.29248046875,-1,-1,-1,-1
34,2,654.356201171875,582.7673950195312,151.98614501953125,351.89508056640625,-1,-1,-1,-1
35,2,688.6141967773438,586.7001342773438,146.0732421875,351.6817626953125,-1,-1,-1,-1
36,2,736.6129150390625,589.7637939453125,147.66192626953125,355.8050537109375,-1,-1,-1,-1
37,2,792.4073486328125,592.3764038085938,149.32763671875,362.13201904296875,-1,-1,-1,-1
38,2,832.5214233398438,591.2202758789062,154.54327392578125,368.6075439453125,-1,-1,-1,-1
39,2,856.072265625,586.8118896484375,156.131591796875,375.61688232421875,-1,-1,-1,-1
40,2,863.7140502929688,587.157470703125,150.872314453125,374.017578125,-1,-1,-1,-1
41,2,866.2281494140625,589.9706420898438,135.64794921875,373.19366455078125,-1,-1,-1,-1
42,2,869.1947021484375,589.1188354492188,125.78912353515625,372.05560302734375,-1,-1,-1,-1
43,2,873.078125,583.2728881835938,124.043701171875,368.3876953125,-1,-1,-1,-1
44,2,878.0808715820312,574.5580444335938,123.549560546875,361.85845947265625,-1,-1,-1,-1
45,2,875.74072265625,574.7174072265625,124.8699951171875,355.30859375,-1,-1,-1,-1
46,2,864.5853271484375,582.3353881835938,133.323974609375,348.486083984375,-1,-1,-1,-1
47,2,843.55810546875,590.0104370117188,154.01806640625,339.535888671875,-1,-1,-1,-1
48,2,838.7263793945312,593.5271606445312,162.0576171875,331.98944091796875,-1,-1,-1,-1
49,2,839.2894897460938,589.3746337890625,160.328125,331.49481201171875,-1,-1,-1,-1
50,2,845.740966796875,586.6410522460938,152.79986572265625,332.49517822265625,-1,-1,-1,-1
51,2,853.4703979492188,585.7477416992188,148.94189453125,332.56439208984375,-1,-1,-1,-1
52,2,864.2371826171875,591.6526489257812,142.67718505859375,335.92877197265625,-1,-1,-1,-1
53,2,877.2637329101562,598.2146606445312,135.61016845703125,336.834716796875,-1,-1,-1,-1
54,2,887.8690185546875,594.8820190429688,128.89013671875,336.19671630859375,-1,-1,-1,-1
55,2,883.6500244140625,581.2112426757812,133.7049560546875,336.72021484375,-1,-1,-1,-1
56,2,885.0570068359375,569.5087280273438,129.4052734375,336.0474853515625,-1,-1,-1,-1
57,2,883.964599609375,561.0885620117188,121.5093994140625,336.06243896484375,-1,-1,-1,-1
58,2,884.91650390625,560.832275390625,113.6004638671875,336.33819580078125,-1,-1,-1,-1
59,2,883.37451171875,567.7684936523438,114.09527587890625,335.67083740234375,-1,-1,-1,-1
60,2,875.2291870117188,575.7064208984375,120.1080322265625,332.9344482421875,-1,-1,-1,-1
61,2,863.1270751953125,580.6365356445312,123.7325439453125,330.858154296875,-1,-1,-1,-1
62,2,851.4677124023438,582.4009399414062,125.78948974609375,327.1641845703125,-1,-1,-1,-1
63,2,862.4486083984375,584.9580078125,109.17919921875,327.89111328125,-1,-1,-1,-1
64,2,857.6468505859375,585.802490234375,105.55889892578125,328.76513671875,-1,-1,-1,-1
65,2,847.0317993164062,587.3218994140625,97.056640625,325.7611083984375,-1,-1,-1,-1
66,2,830.1484375,587.234375,94.59228515625,323.57415771484375,-1,-1,-1,-1
67,2,819.65673828125,581.5458984375,95.2828369140625,317.19219970703125,-1,-1,-1,-1
68,2,806.497802734375,575.186767578125,108.806396484375,309.7518310546875,-1,-1,-1,-1
69,2,816.50390625,571.5397338867188,102.27716064453125,302.04071044921875,-1,-1,-1,-1
70,2,819.6782836914062,573.5499267578125,99.10992431640625,294.27374267578125,-1,-1,-1,-1
71,2,817.8672485351562,581.05322265625,100.1619873046875,287.14581298828125,-1,-1,-1,-1
72,2,818.90283203125,589.3892822265625,103.3408203125,280.63446044921875,-1,-1,-1,-1
73,2,818.1268920898438,600.43359375,104.34100341796875,275.3800048828125,-1,-1,-1,-1
74,2,818.4924926757812,611.7745971679688,110.96087646484375,272.28424072265625,-1,-1,-1,-1
75,2,823.730224609375,624.0928955078125,110.6226806640625,269.284423828125,-1,-1,-1,-1
76,2,813.20166015625,639.882568359375,131.3787841796875,266.4132080078125,-1,-1,-1,-1
77,2,834.0546264648438,652.183837890625,115.0946044921875,266.63427734375,-1,-1,-1,-1
78,2,800.0835571289062,651.5638427734375,170.939697265625,277.4517822265625,-1,-1,-1,-1
79,2,801.5626220703125,633.6948852539062,198.1134033203125,375.47552490234375,-1,-1,-1,-1
80,2,801.8857421875,616.7981567382812,225.204833984375,458.79058837890625,-1,-1,-1,-1
81,2,801.4529418945312,569.5181274414062,227.26654052734375,520.5946655273438,-1,-1,-1,-1
82,2,807.3314819335938,549.7376098632812,228.23651123046875,564.7063598632812,-1,-1,-1,-1
83,2,816.8241577148438,537.0603637695312,216.00140380859375,665.7399291992188,-1,-1,-1,-1
84,2,818.1268310546875,541.1737670898438,213.0181884765625,710.1188354492188,-1,-1,-1,-1
85,2,816.168701171875,544.4224243164062,217.9539794921875,724.2763061523438,-1,-1,-1,-1
86,2,803.5670166015625,544.4512329101562,228.1475830078125,838.6133422851562,-1,-1,-1,-1
87,2,797.5929565429688,544.608154296875,227.83843994140625,835.5264892578125,-1,-1,-1,-1
88,2,791.0872192382812,547.5944213867188,224.77020263671875,831.4453735351562,-1,-1,-1,-1
89,2,791.9371948242188,555.6384887695312,214.39154052734375,828.9113159179688,-1,-1,-1,-1
90,2,781.7890014648438,562.4310913085938,208.7601318359375,827.0761108398438,-1,-1,-1,-1
91,2,761.3692016601562,557.2244262695312,204.32647705078125,824.7294311523438,-1,-1,-1,-1
92,2,738.1580810546875,554.0867309570312,201.55096435546875,820.5567016601562,-1,-1,-1,-1
93,2,714.0632934570312,552.9846801757812,203.96807861328125,813.5348510742188,-1,-1,-1,-1
94,2,698.2308349609375,549.4102783203125,208.558349609375,811.374267578125,-1,-1,-1,-1
95,2,688.4528198242188,546.185546875,205.5009765625,806.419921875,-1,-1,-1,-1
96,2,680.6989135742188,536.9769287109375,210.1849365234375,797.5665283203125,-1,-1,-1,-1
97,2,675.531005859375,529.270751953125,215.20751953125,785.1595458984375,-1,-1,-1,-1
98,2,670.4761352539062,528.6697387695312,215.49542236328125,783.5385131835938,-1,-1,-1,-1
99,2,663.930908203125,534.95703125,213.41064453125,776.55908203125,-1,-1,-1,-1
100,2,657.2669067382812,542.609619140625,208.77325439453125,775.4569091796875,-1,-1,-1,-1
101,2,648.3063354492188,547.900634765625,212.902587890625,776.4951171875,-1,-1,-1,-1
102,2,643.1506958007812,547.82568359375,213.11273193359375,779.7567138671875,-1,-1,-1,-1
103,2,633.6614379882812,539.3209228515625,213.88885498046875,776.031005859375,-1,-1,-1,-1
104,2,625.0725708007812,536.3020629882812,211.23602294921875,779.7966918945312,-1,-1,-1,-1
105,2,610.8225708007812,539.6329345703125,215.55322265625,778.9681396484375,-1,-1,-1,-1
106,2,589.111083984375,544.6170654296875,221.11541748046875,779.053955078125,-1,-1,-1,-1
107,2,562.205810546875,544.6263427734375,223.61407470703125,777.6417236328125,-1,-1,-1,-1
108,2,540.8445434570312,538.6660766601562,226.46832275390625,774.0265502929688,-1,-1,-1,-1
109,2,527.0667724609375,540.0681762695312,225.26312255859375,767.2643432617188,-1,-1,-1,-1
110,2,514.5717163085938,543.6073608398438,223.6761474609375,755.5092163085938,-1,-1,-1,-1
111,2,502.23651123046875,551.6248779296875,219.05657958984375,748.8419189453125,-1,-1,-1,-1
112,2,493.42376708984375,561.2765502929688,229.26739501953125,748.1447143554688,-1,-1,-1,-1
113,2,486.80938720703125,571.8697509765625,238.44024658203125,746.071044921875,-1,-1,-1,-1
114,2,477.0303039550781,573.1459350585938,242.27902221679688,748.3815307617188,-1,-1,-1,-1
115,2,469.02923583984375,568.3029174804688,238.67340087890625,749.9873657226562,-1,-1,-1,-1
116,2,462.6949462890625,561.6820678710938,239.9866943359375,750.6017456054688,-1,-1,-1,-1
117,2,449.7072448730469,556.978759765625,271.1024475097656,755.0843505859375,-1,-1,-1,-1
118,2,433.9415283203125,555.8212280273438,282.42877197265625,759.0590209960938,-1,-1,-1,-1
119,2,416.2757568359375,553.568115234375,319.27423095703125,764.641845703125,-1,-1,-1,-1
120,2,392.4410400390625,548.8853759765625,300.76104736328125,769.1094970703125,-1,-1,-1,-1
121,2,377.9890441894531,538.5435791015625,321.6806335449219,772.1103515625,-1,-1,-1,-1
122,2,372.55364990234375,523.1968994140625,319.5450439453125,767.2735595703125,-1,-1,-1,-1
123,2,367.7129821777344,527.563720703125,324.2395324707031,765.4462890625,-1,-1,-1,-1
124,2,363.507568359375,533.486572265625,330.58758544921875,758.8836669921875,-1,-1,-1,-1
125,2,361.8998107910156,539.5023193359375,337.4471740722656,754.77294921875,-1,-1,-1,-1
126,2,358.8287353515625,546.3554077148438,334.4178466796875,749.2116088867188,-1,-1,-1,-1
127,2,363.5270080566406,545.4058837890625,320.8187561035156,744.3134765625,-1,-1,-1,-1
128,2,358.0970764160156,546.3390502929688,331.3038024902344,739.3742065429688,-1,-1,-1,-1
129,2,356.4015808105469,548.9369506835938,333.4063415527344,733.5502319335938,-1,-1,-1,-1
130,2,356.3524169921875,551.2802734375,345.54736328125,728.49609375,-1,-1,-1,-1
131,2,359.6822204589844,551.367919921875,341.0213928222656,723.6395263671875,-1,-1,-1,-1
132,2,365.5185852050781,546.6192016601562,341.9092712402344,715.7693481445312,-1,-1,-1,-1
133,2,375.877685546875,539.1627197265625,348.6143798828125,710.9847412109375,-1,-1,-1,-1
134,2,387.53631591796875,531.7186279296875,354.00860595703125,703.1068115234375,-1,-1,-1,-1
135,2,400.1904296875,524.9331665039062,354.0986328125,693.5231323242188,-1,-1,-1,-1
136,2,407.6897277832031,527.7672729492188,357.7247009277344,683.1528930664062,-1,-1,-1,-1
137,2,414.15142822265625,532.0726928710938,355.89984130859375,674.5139770507812,-1,-1,-1,-1
138,2,414.7436218261719,537.404052734375,361.3616027832031,666.8157958984375,-1,-1,-1,-1
139,2,418.4602966308594,539.3795776367188,363.9435729980469,661.7119750976562,-1,-1,-1,-1
140,2,420.18341064453125,537.5100708007812,365.52960205078125,658.9496459960938,-1,-1,-1,-1
141,2,426.0555114746094,539.836181640625,365.5729064941406,659.521728515625,-1,-1,-1,-1
142,2,428.55267333984375,544.9832153320312,373.128173828125,659.3241577148438,-1,-1,-1,-1
143,2,430.0465393066406,544.52978515625,376.3848571777344,660.2017822265625,-1,-1,-1,-1
144,2,428.48321533203125,542.8928833007812,377.57958984375,663.0231323242188,-1,-1,-1,-1
145,2,419.7416687011719,544.218505859375,382.5060119628906,667.2393798828125,-1,-1,-1,-1
146,2,409.24920654296875,547.2391357421875,388.22650146484375,670.222900390625,-1,-1,-1,-1
147,2,396.46112060546875,542.4332885742188,395.64056396484375,677.1703491210938,-1,-1,-1,-1
148,2,385.6476135253906,535.2486572265625,397.5882263183594,675.7369384765625,-1,-1,-1,-1
149,2,375.410400390625,527.2127685546875,405.06768798828125,678.4500732421875,-1,-1,-1,-1
150,2,361.7215270996094,529.0044555664062,406.9784240722656,677.4943237304688,-1,-1,-1,-1
151,2,334.36053466796875,530.5612182617188,417.889892578125,682.3704223632812,-1,-1,-1,-1
152,2,304.75836181640625,530.2306518554688,421.325927734375,690.5211791992188,-1,-1,-1,-1
153,2,272.410888671875,528.985595703125,428.03863525390625,698.726806640625,-1,-1,-1,-1
154,2,247.49012756347656,530.24755859375,431.601806640625,706.3941650390625,-1,-1,-1,-1
155,2,225.6846466064453,536.1329345703125,436.43035888671875,706.698974609375,-1,-1,-1,-1
156,2,205.0047149658203,528.0107421875,445.32147216796875,713.005126953125,-1,-1,-1,-1
157,2,194.7390594482422,527.3756103515625,451.7357177734375,704.0184326171875,-1,-1,-1,-1
158,2,178.34622192382812,522.46142578125,460.7908020019531,703.54833984375,-1,-1,-1,-1
159,2,165.56381225585938,524.59228515625,460.5074768066406,701.31201171875,-1,-1,-1,-1
160,2,157.16339111328125,529.2463989257812,460.43115234375,696.9544067382812,-1,-1,-1,-1
161,2,149.21572875976562,530.6845703125,471.5125427246094,691.75439453125,-1,-1,-1,-1
162,2,141.61599731445312,532.133056640625,460.3204650878906,689.007080078125,-1,-1,-1,-1
163,2,139.45033264160156,532.5357055664062,472.58367919921875,684.9238891601562,-1,-1,-1,-1
164,2,138.273193359375,535.8629760742188,464.3299560546875,679.8626098632812,-1,-1,-1,-1
165,2,138.76528930664062,538.5750732421875,450.1020812988281,675.8250732421875,-1,-1,-1,-1
166,2,137.6952362060547,539.258056640625,451.24737548828125,673.589599609375,-1,-1,-1,-1
167,2,139.6170654296875,534.9061889648438,451.24273681640625,668.3242797851562,-1,-1,-1,-1
168,2,142.30943298339844,526.7220458984375,449.5145263671875,668.5718994140625,-1,-1,-1,-1
169,2,141.9564666748047,524.2369995117188,446.0045166015625,664.5105590820312,-1,-1,-1,-1
170,2,139.87478637695312,524.9066162109375,444.3561706542969,663.14892578125,-1,-1,-1,-1
171,2,133.07977294921875,520.4337158203125,449.536865234375,663.384033203125,-1,-1,-1,-1
172,2,125.43252563476562,503.4990234375,446.7876281738281,664.5224609375,-1,-1,-1,-1
173,2,116.20557403564453,483.98199462890625,443.3905029296875,663.9293823242188,-1,-1,-1,-1
174,2,114.57832336425781,476.04388427734375,442.06134033203125,663.4705200195312,-1,-1,-1,-1
175,2,121.54335021972656,479.1476135253906,434.37506103515625,658.8450927734375,-1,-1,-1,-1
176,2,132.6937255859375,482.6104431152344,426.49127197265625,651.8328857421875,-1,-1,-1,-1
177,2,144.16262817382812,490.1714782714844,426.6059265136719,642.453125,-1,-1,-1,-1
178,2,153.40696716308594,494.99188232421875,426.041259765625,634.3584594726562,-1,-1,-1,-1
179,2,185.93426513671875,501.31219482421875,412.9193115234375,623.8425903320312,-1,-1,-1,-1
180,2,225.55181884765625,506.3113708496094,395.85528564453125,610.656005859375,-1,-1,-1,-1
181,2,261.42510986328125,509.0028381347656,389.646484375,594.154052734375,-1,-1,-1,-1
182,2,291.112060546875,508.2628479003906,379.3173828125,583.9737548828125,-1,-1,-1,-1
183,2,311.715576171875,509.9687805175781,369.61224365234375,573.521728515625,-1,-1,-1,-1
184,2,329.24603271484375,514.4869995117188,364.53955078125,564.0946655273438,-1,-1,-1,-1
185,2,347.00701904296875,520.8419799804688,360.43475341796875,554.1831665039062,-1,-1,-1,-1
186,2,362.7758483886719,520.2965087890625,342.1748352050781,544.9583740234375,-1,-1,-1,-1
187,2,377.6654968261719,522.455810546875,336.9307556152344,537.230224609375,-1,-1,-1,-1
188,2,389.1339111328125,525.2540893554688,327.7264404296875,530.5194702148438,-1,-1,-1,-1
189,2,398.8604431152344,530.684814453125,324.0437316894531,524.37060546875,-1,-1,-1,-1
190,2,408.632080078125,538.6666259765625,317.56072998046875,521.328857421875,-1,-1,-1,-1
191,2,413.45233154296875,547.962646484375,317.8101806640625,517.992431640625,-1,-1,-1,-1
192,2,415.30828857421875,548.1231079101562,313.8699951171875,515.2371215820312,-1,-1,-1,-1
193,2,410.7947998046875,543.40283203125,313.77569580078125,516.3668212890625,-1,-1,-1,-1
194,2,402.41839599609375,539.2833251953125,308.99517822265625,515.9171142578125,-1,-1,-1,-1
195,2,368.84576416015625,538.5247192382812,316.78759765625,520.1094360351562,-1,-1,-1,-1
196,2,331.5935363769531,534.7244262695312,319.7986145019531,527.4917602539062,-1,-1,-1,-1
197,2,294.03564453125,520.73876953125,318.56060791015625,532.3900146484375,-1,-1,-1,-1
198,2,270.9807434082031,507.4900817871094,314.9632873535156,536.7894287109375,-1,-1,-1,-1
199,2,253.00025939941406,502.023193359375,307.90203857421875,539.394775390625,-1,-1,-1,-1
200,2,241.11932373046875,498.6470947265625,303.65069580078125,541.0489501953125,-1,-1,-1,-1
201,2,238.24977111816406,503.5794677734375,295.81280517578125,540.819091796875,-1,-1,-1,-1
202,2,237.03521728515625,509.6231994628906,294.4803466796875,538.0966796875,-1,-1,-1,-1
203,2,239.54940795898438,519.66455078125,289.0825500488281,533.873046875,-1,-1,-1,-1
204,2,245.22547912597656,524.0030517578125,288.25250244140625,531.1363525390625,-1,-1,-1,-1
205,2,251.9431610107422,524.5547485351562,281.23974609375,527.8750610351562,-1,-1,-1,-1
206,2,265.48095703125,525.226806640625,277.33172607421875,522.5914306640625,-1,-1,-1,-1
207,2,279.9010925292969,523.6832275390625,277.2834167480469,514.18603515625,-1,-1,-1,-1
208,2,296.9197692871094,527.88720703125,273.5081481933594,507.6563720703125,-1,-1,-1,-1
209,2,310.41583251953125,538.9144897460938,271.65911865234375,500.11932373046875,-1,-1,-1,-1
210,2,326.068359375,547.6082153320312,270.98175048828125,491.75238037109375,-1,-1,-1,-1
211,2,344.1396179199219,548.248291015625,259.7942199707031,483.9578857421875,-1,-1,-1,-1
212,2,366.5776672363281,543.3379516601562,252.29977416992188,475.48394775390625,-1,-1,-1,-1
213,2,399.395751953125,541.4111938476562,251.76397705078125,467.8580322265625,-1,-1,-1,-1
214,2,436.0028991699219,546.2362060546875,247.19174194335938,457.3031005859375,-1,-1,-1,-1
215,2,471.4334716796875,551.4865112304688,237.76519775390625,452.72259521484375,-1,-1,-1,-1
216,2,494.0155029296875,558.5665893554688,227.15826416015625,447.896484375,-1,-1,-1,-1
217,2,504.7720031738281,559.829345703125,224.78024291992188,444.99822998046875,-1,-1,-1,-1
218,2,511.60186767578125,556.4932250976562,214.3231201171875,441.89190673828125,-1,-1,-1,-1
219,2,517.4083251953125,552.6455688476562,215.78009033203125,441.35821533203125,-1,-1,-1,-1
220,2,521.4174194335938,553.3505249023438,225.96502685546875,440.208251953125,-1,-1,-1,-1
221,2,519.7406616210938,560.287353515625,214.4486083984375,438.03448486328125,-1,-1,-1,-1
222,2,506.9261779785156,565.853271484375,227.21963500976562,440.7349853515625,-1,-1,-1,-1
223,2,496.1276550292969,556.2684326171875,207.95285034179688,439.5699462890625,-1,-1,-1,-1
224,2,486.767578125,535.1965942382812,224.36566162109375,441.00604248046875,-1,-1,-1,-1
225,2,485.0888671875,529.1177978515625,201.800048828125,437.6864013671875,-1,-1,-1,-1
226,2,490.24169921875,532.3259887695312,187.0994873046875,436.0308837890625,-1,-1,-1,-1
227,2,492.7682800292969,539.2327880859375,189.70809936523438,433.5972900390625,-1,-1,-1,-1
228,2,491.2420959472656,544.0639038085938,190.57058715820312,433.19732666015625,-1,-1,-1,-1
229,2,490.3059997558594,549.0640258789062,188.27438354492188,431.162353515625,-1,-1,-1,-1
230,2,488.9942626953125,555.525390625,187.92535400390625,429.10455322265625,-1,-1,-1,-1
231,2,491.8785400390625,563.1776733398438,194.2701416015625,427.28936767578125,-1,-1,-1,-1
232,2,499.48370361328125,568.9765625,188.02099609375,426.3194580078125,-1,-1,-1,-1
233,2,508.12591552734375,574.6948852539062,185.57366943359375,421.85125732421875,-1,-1,-1,-1
234,2,515.2810668945312,578.3975830078125,194.0015869140625,419.2269287109375,-1,-1,-1,-1
235,2,521.2589721679688,580.2605590820312,207.78265380859375,416.9527587890625,-1,-1,-1,-1
236,2,534.0961303710938,581.4061279296875,204.19329833984375,412.267822265625,-1,-1,-1,-1
237,2,542.1807861328125,581.7098388671875,173.2999267578125,409.26605224609375,-1,-1,-1,-1
238,2,545.7120971679688,580.33349609375,178.49652099609375,403.677978515625,-1,-1,-1,-1
239,2,544.204833984375,580.0213012695312,140.82525634765625,400.430419921875,-1,-1,-1,-1
240,2,544.8773193359375,579.5198974609375,126.63861083984375,398.74212646484375,-1,-1,-1,-1
241,2,548.4097290039062,585.8557739257812,120.5633544921875,396.58697509765625,-1,-1,-1,-1
242,2,559.3421630859375,595.1089477539062,115.036376953125,395.68341064453125,-1,-1,-1,-1
243,2,573.2916259765625,602.697021484375,116.71502685546875,394.81903076171875,-1,-1,-1,-1
244,2,578.1458740234375,604.4061889648438,127.87359619140625,393.3587646484375,-1,-1,-1,-1
245,2,579.3925170898438,606.221435546875,126.246337890625,391.96588134765625,-1,-1,-1,-1
246,2,576.2847900390625,609.489501953125,125.19329833984375,392.4873046875,-1,-1,-1,-1
247,2,563.318359375,615.4061889648438,138.9642333984375,395.3939208984375,-1,-1,-1,-1
248,2,548.8822021484375,622.6808471679688,113.760498046875,398.098876953125,-1,-1,-1,-1
249,2,537.55322265625,624.0771484375,102.126220703125,397.83050537109375,-1,-1,-1,-1
250,2,526.5588989257812,617.0546875,111.4376220703125,398.2808837890625,-1,-1,-1,-1
251,2,524.1729125976562,613.2298583984375,102.74267578125,397.573486328125,-1,-1,-1,-1
252,2,525.167236328125,618.7611083984375,101.31121826171875,395.67974853515625,-1,-1,-1,-1
253,2,524.7877197265625,624.5311279296875,114.657958984375,397.251953125,-1,-1,-1,-1
254,2,527.7559204101562,628.1507568359375,122.31109619140625,394.046875,-1,-1,-1,-1
255,2,529.3931884765625,633.9918212890625,115.70330810546875,380.51611328125,-1,-1,-1,-1
256,2,534.6526489257812,641.0767822265625,106.14764404296875,344.29144287109375,-1,-1,-1,-1
257,2,546.0408935546875,642.9427490234375,103.6787109375,359.22808837890625,-1,-1,-1,-1
258,2,549.269775390625,641.8114013671875,110.28973388671875,339.84539794921875,-1,-1,-1,-1
259,2,550.7460327148438,639.8118896484375,107.531005859375,313.27740478515625,-1,-1,-1,-1
260,2,551.8226318359375,637.3466796875,109.73193359375,327.698486328125,-1,-1,-1,-1
261,2,545.33349609375,636.536865234375,109.31866455078125,322.2406005859375,-1,-1,-1,-1
263,2,496.5926208496094,584.3714599609375,145.35055541992188,448.575439453125,-1,-1,-1,-1
265,2,478.0849304199219,580.7962036132812,145.41232299804688,498.41387939453125,-1,-1,-1,-1
266,2,483.940185546875,587.44287109375,156.2406005859375,527.8421630859375,-1,-1,-1,-1
267,2,499.86260986328125,618.3680419921875,162.97003173828125,504.4429931640625,-1,-1,-1,-1
268,2,537.4889526367188,657.3331298828125,123.628662109375,352.36724853515625,-1,-1,-1,-1
269,2,558.8074951171875,661.1926879882812,107.0350341796875,313.6102294921875,-1,-1,-1,-1
270,2,565.4959716796875,660.3776245117188,111.5316162109375,330.75726318359375,-1,-1,-1,-1
271,2,573.7781372070312,658.720947265625,112.323486328125,326.85406494140625,-1,-1,-1,-1
272,2,575.4498291015625,661.0230712890625,112.96343994140625,328.39385986328125,-1,-1,-1,-1
273,2,578.864501953125,662.9566650390625,108.8250732421875,330.84271240234375,-1,-1,-1,-1
274,2,579.6357421875,655.4510498046875,103.89984130859375,333.7083740234375,-1,-1,-1,-1
275,2,574.3826904296875,637.455078125,106.021240234375,340.64630126953125,-1,-1,-1,-1
276,2,566.5608520507812,630.8999633789062,109.712890625,390.10302734375,-1,-1,-1,-1
277,2,565.172119140625,627.7349853515625,110.17681884765625,391.9969482421875,-1,-1,-1,-1
278,2,570.6213989257812,622.3114013671875,105.869873046875,334.40411376953125,-1,-1,-1,-1
279,2,579.1593627929688,613.8046875,106.74407958984375,390.9140625,-1,-1,-1,-1
280,2,585.645263671875,605.2970581054688,107.87530517578125,392.04412841796875,-1,-1,-1,-1
281,2,580.8615112304688,600.0164184570312,118.03436279296875,390.5828857421875,-1,-1,-1,-1
282,2,580.34326171875,598.2470092773438,127.9031982421875,391.78228759765625,-1,-1,-1,-1
283,2,582.8878173828125,598.4759521484375,135.53643798828125,392.1151123046875,-1,-1,-1,-1
284,2,588.9297485351562,594.5387573242188,145.3250732421875,392.5911865234375,-1,-1,-1,-1
285,2,596.498046875,592.1517333984375,155.33935546875,390.93756103515625,-1,-1,-1,-1
286,2,608.433837890625,594.2085571289062,167.40625,389.62066650390625,-1,-1,-1,-1
287,2,667.3928833007812,597.6849365234375,131.6585693359375,389.63818359375,-1,-1,-1,-1
288,2,687.1722412109375,599.9103393554688,133.80413818359375,390.22894287109375,-1,-1,-1,-1
289,2,713.3744506835938,600.0625,130.25604248046875,391.46612548828125,-1,-1,-1,-1
290,2,725.1595458984375,598.7147216796875,136.53369140625,391.93316650390625,-1,-1,-1,-1
291,2,736.9028930664062,597.6629028320312,139.6270751953125,393.91986083984375,-1,-1,-1,-1
292,2,733.912109375,596.2460327148438,156.2381591796875,394.60882568359375,-1,-1,-1,-1
293,2,757.9155883789062,592.4221801757812,147.61090087890625,395.57672119140625,-1,-1,-1,-1
294,2,767.1106567382812,592.9912719726562,151.54754638671875,398.715576171875,-1,-1,-1,-1
295,2,783.6986083984375,595.3067626953125,149.0426025390625,402.68359375,-1,-1,-1,-1
296,2,791.1409301757812,594.3680419921875,153.06536865234375,404.421875,-1,-1,-1,-1
297,2,793.2430419921875,591.195068359375,161.0889892578125,408.882568359375,-1,-1,-1,-1
298,2,790.5767211914062,584.76318359375,162.9730224609375,410.9796142578125,-1,-1,-1,-1
299,2,780.150146484375,580.6282348632812,165.174560546875,412.043212890625,-1,-1,-1,-1
300,2,759.3321533203125,578.430908203125,170.8106689453125,412.34002685546875,-1,-1,-1,-1
301,2,740.56201171875,571.49951171875,175.45330810546875,412.1383056640625,-1,-1,-1,-1
302,2,733.6495971679688,563.0610961914062,172.17083740234375,413.1883544921875,-1,-1,-1,-1
303,2,718.7330322265625,560.2734375,177.6802978515625,413.34375,-1,-1,-1,-1
304,2,712.7920532226562,564.9710693359375,172.814208984375,415.7630615234375,-1,-1,-1,-1
305,2,704.0305786132812,565.87255859375,176.1114501953125,418.1097412109375,-1,-1,-1,-1
306,2,691.9634399414062,564.6155395507812,182.35919189453125,419.2586669921875,-1,-1,-1,-1
307,2,692.8614501953125,565.0393676757812,180.0941162109375,420.97088623046875,-1,-1,-1,-1
308,2,693.378662109375,566.2366943359375,185.59320068359375,423.6607666015625,-1,-1,-1,-1
309,2,697.3394775390625,569.038818359375,189.38323974609375,425.636962890625,-1,-1,-1,-1
310,2,704.081787109375,575.579833984375,193.889892578125,425.08624267578125,-1,-1,-1,-1
311,2,710.14208984375,584.9769287109375,193.73297119140625,429.4547119140625,-1,-1,-1,-1
312,2,707.1806030273438,598.0335083007812,201.83203125,434.18438720703125,-1,-1,-1,-1
313,2,704.9663696289062,618.289794921875,206.7388916015625,438.5255126953125,-1,-1,-1,-1
314,2,705.2969360351562,637.6270141601562,212.946044921875,442.81243896484375,-1,-1,-1,-1
315,2,709.799072265625,647.41162109375,216.8974609375,444.6331787109375,-1,-1,-1,-1
316,2,711.1986083984375,644.74462890625,219.4759521484375,447.0513916015625,-1,-1,-1,-1
317,2,710.2985229492188,635.6553344726562,220.61712646484375,449.48284912109375,-1,-1,-1,-1
318,2,717.0993041992188,627.8052368164062,224.670166015625,449.92974853515625,-1,-1,-1,-1
319,2,730.2568969726562,621.7883911132812,225.71148681640625,450.99884033203125,-1,-1,-1,-1
320,2,740.4139404296875,612.6981201171875,235.579833984375,454.0916748046875,-1,-1,-1,-1
321,2,764.4385986328125,605.5195922851562,245.49407958984375,454.90716552734375,-1,-1,-1,-1
322,2,808.4622192382812,600.8232421875,250.19842529296875,463.335693359375,-1,-1,-1,-1
323,2,847.557861328125,598.7550048828125,259.725830078125,472.21044921875,-1,-1,-1,-1
324,2,889.4215087890625,596.193115234375,260.6134033203125,478.1651611328125,-1,-1,-1,-1
325,2,924.7595825195312,593.603515625,251.54754638671875,485.06884765625,-1,-1,-1,-1
326,2,928.0673828125,587.6360473632812,246.8023681640625,491.60760498046875,-1,-1,-1,-1
327,2,907.7921142578125,581.5986938476562,235.9666748046875,495.32745361328125,-1,-1,-1,-1
328,2,865.6011352539062,577.3787231445312,224.10723876953125,491.70330810546875,-1,-1,-1,-1
329,2,816.2011108398438,581.2127685546875,216.64959716796875,482.295654296875,-1,-1,-1,-1
330,2,772.9521484375,590.3902587890625,217.7249755859375,476.4754638671875,-1,-1,-1,-1
331,2,741.7295532226562,595.64892578125,218.88494873046875,479.351318359375,-1,-1,-1,-1
1,3,459.8057861328125,539.162841796875,261.31781005859375,539.7791748046875,-1,-1,-1,-1
2,3,430.7136535644531,543.6159057617188,270.2853088378906,549.9227905273438,-1,-1,-1,-1
3,3,406.3438720703125,536.6493530273438,282.9794921875,557.8587036132812,-1,-1,-1,-1
4,3,388.4505920410156,519.2344970703125,290.9116516113281,563.4998779296875,-1,-1,-1,-1
5,3,373.9449157714844,509.17706298828125,298.7507629394531,569.4490356445312,-1,-1,-1,-1
6,3,359.68377685546875,509.8724060058594,299.9451904296875,573.490234375,-1,-1,-1,-1
7,3,346.37908935546875,514.877685546875,299.5494384765625,578.7880859375,-1,-1,-1,-1
8,3,332.0816955566406,518.4622802734375,299.5523376464844,585.346435546875,-1,-1,-1,-1
9,3,324.27520751953125,519.156494140625,300.4124755859375,588.484375,-1,-1,-1,-1
10,3,323.0907897949219,515.4191284179688,302.0570373535156,589.5736694335938,-1,-1,-1,-1
11,3,318.2945861816406,517.6611328125,303.0596618652344,591.3968505859375,-1,-1,-1,-1
12,3,290.04901123046875,524.9976196289062,315.92205810546875,595.8912963867188,-1,-1,-1,-1
13,3,242.05262756347656,537.3576049804688,322.04998779296875,603.1705932617188,-1,-1,-1,-1
14,3,185.49342346191406,548.1591186523438,338.476318359375,614.4888305664062,-1,-1,-1,-1
15,3,129.58010864257812,546.7720947265625,346.8452453613281,626.0587158203125,-1,-1,-1,-1
16,3,87.04456329345703,531.2896728515625,351.2304992675781,641.081298828125,-1,-1,-1,-1
17,3,61.44114685058594,522.4371948242188,360.693359375,648.0895385742188,-1,-1,-1,-1
18,3,46.08103942871094,514.8802490234375,361.0482177734375,655.2685546875,-1,-1,-1,-1
19,3,34.34488296508789,512.3146667480469,356.1228332519531,659.4039306640625,-1,-1,-1,-1
20,3,32.579010009765625,511.5774230957031,359.4183349609375,661.4798583984375,-1,-1,-1,-1
21,3,33.30377197265625,513.1409301757812,357.263671875,662.2184448242188,-1,-1,-1,-1
22,3,38.27033233642578,513.33740234375,354.47052001953125,659.8292236328125,-1,-1,-1,-1
23,3,38.39892578125,513.3812255859375,362.7027587890625,658.5577392578125,-1,-1,-1,-1
24,3,47.13288879394531,508.4928283691406,337.90765380859375,657.1617431640625,-1,-1,-1,-1
25,3,67.68634796142578,507.6792297363281,312.8499755859375,652.8021240234375,-1,-1,-1,-1
26,3,86.85355377197266,517.1796264648438,304.9320983886719,645.0656127929688,-1,-1,-1,-1
27,3,112.91424560546875,523.7340087890625,291.4716796875,635.528564453125,-1,-1,-1,-1
28,3,127.73111724853516,529.8199462890625,292.610595703125,624.8577880859375,-1,-1,-1,-1
29,3,131.05503845214844,539.4825439453125,302.700439453125,616.3875732421875,-1,-1,-1,-1
30,3,154.0305938720703,538.6386108398438,295.067626953125,609.7487182617188,-1,-1,-1,-1
31,3,172.93829345703125,537.2936401367188,298.80615234375,598.5344848632812,-1,-1,-1,-1
32,3,188.42527770996094,544.279296875,296.397705078125,591.7049560546875,-1,-1,-1,-1
33,3,205.31405639648438,557.7944946289062,277.9690246582031,582.4066772460938,-1,-1,-1,-1
34,3,227.09300231933594,572.7208251953125,288.45111083984375,573.94970703125,-1,-1,-1,-1
35,3,269.3508605957031,581.3389892578125,291.0383605957031,561.4232177734375,-1,-1,-1,-1
36,3,335.5625305175781,583.9907836914062,266.7054138183594,550.1318969726562,-1,-1,-1,-1
37,3,407.0924987792969,587.0360717773438,261.9714660644531,535.4682006835938,-1,-1,-1,-1
38,3,459.3216552734375,587.34521484375,236.8055419921875,525.6279296875,-1,-1,-1,-1
39,3,490.25994873046875,582.4132690429688,245.52862548828125,520.6599731445312,-1,-1,-1,-1
40,3,506.1091613769531,577.7040405273438,243.05331420898438,515.2921752929688,-1,-1,-1,-1
41,3,514.592041015625,571.1235961914062,216.09735107421875,514.7384643554688,-1,-1,-1,-1
42,3,523.4039916992188,561.802001953125,187.38482666015625,514.1954345703125,-1,-1,-1,-1
43,3,530.9179077148438,548.1712036132812,185.6624755859375,511.22027587890625,-1,-1,-1,-1
44,3,538.5731201171875,535.5157470703125,176.8778076171875,504.9705810546875,-1,-1,-1,-1
45,3,543.0492553710938,538.0567626953125,172.2640380859375,500.36328125,-1,-1,-1,-1
46,3,545.5426025390625,549.6292724609375,169.361572265625,498.3714599609375,-1,-1,-1,-1
47,3,548.1317138671875,558.83154296875,165.784423828125,493.144287109375,-1,-1,-1,-1
48,3,553.7325439453125,561.7167358398438,159.4505615234375,489.53350830078125,-1,-1,-1,-1
49,3,563.33642578125,559.3094482421875,153.9327392578125,487.1763916015625,-1,-1,-1,-1
50,3,571.9041137695312,557.1776733398438,148.5531005859375,483.06353759765625,-1,-1,-1,-1
51,3,578.443115234375,558.1707763671875,142.71722412109375,480.7303466796875,-1,-1,-1,-1
52,3,589.9714965820312,565.459716796875,142.38763427734375,479.0535888671875,-1,-1,-1,-1
53,3,600.3884887695312,571.4857177734375,145.10919189453125,474.85498046875,-1,-1,-1,-1
54,3,605.73779296875,564.4210815429688,152.7646484375,473.97979736328125,-1,-1,-1,-1
55,3,611.24365234375,555.471435546875,155.55694580078125,468.96173095703125,-1,-1,-1,-1
56,3,611.2924194335938,548.2911987304688,142.54425048828125,464.2694091796875,-1,-1,-1,-1
57,3,610.1605834960938,543.69970703125,132.177734375,462.04071044921875,-1,-1,-1,-1
58,3,609.4591674804688,546.5324096679688,130.50421142578125,458.1964111328125,-1,-1,-1,-1
59,3,613.5640258789062,556.5809326171875,124.61212158203125,453.2440185546875,-1,-1,-1,-1
60,3,619.0840454101562,566.152587890625,133.7974853515625,452.16436767578125,-1,-1,-1,-1
61,3,614.8663940429688,571.450927734375,134.6529541015625,449.6165771484375,-1,-1,-1,-1
62,3,604.0164794921875,573.1316528320312,145.2855224609375,446.48052978515625,-1,-1,-1,-1
63,3,603.0272827148438,574.8340454101562,125.53985595703125,443.72247314453125,-1,-1,-1,-1
64,3,599.3914184570312,576.1417846679688,114.894775390625,441.44293212890625,-1,-1,-1,-1
65,3,584.4876098632812,575.099365234375,117.06219482421875,439.3658447265625,-1,-1,-1,-1
66,3,578.1132202148438,570.5823974609375,107.70977783203125,437.4322509765625,-1,-1,-1,-1
67,3,572.7140502929688,558.4369506835938,104.99609375,435.89093017578125,-1,-1,-1,-1
68,3,575.2054443359375,547.1699829101562,105.60546875,432.18572998046875,-1,-1,-1,-1
69,3,581.3930053710938,540.457275390625,103.29541015625,427.1474609375,-1,-1,-1,-1
70,3,583.5066528320312,543.5518798828125,101.02008056640625,425.0433349609375,-1,-1,-1,-1
71,3,585.2091064453125,553.9996337890625,99.50830078125,422.5396728515625,-1,-1,-1,-1
72,3,588.2105102539062,567.1831665039062,99.5224609375,422.72918701171875,-1,-1,-1,-1
73,3,592.3256225585938,580.365966796875,98.06201171875,421.5311279296875,-1,-1,-1,-1
74,3,597.6392211914062,591.942138671875,96.21234130859375,418.85784912109375,-1,-1,-1,-1
75,3,604.5869750976562,603.04052734375,96.39276123046875,419.10760498046875,-1,-1,-1,-1
76,3,610.277099609375,617.0278930664062,97.68560791015625,420.70770263671875,-1,-1,-1,-1
77,3,621.844970703125,624.1812133789062,106.4429931640625,422.85540771484375,-1,-1,-1,-1
78,3,635.47265625,622.7614135742188,104.529296875,420.50946044921875,-1,-1,-1,-1
79,3,651.3014526367188,620.6166381835938,108.72100830078125,417.26422119140625,-1,-1,-1,-1
80,3,659.6107177734375,608.2614135742188,108.46820068359375,414.22357177734375,-1,-1,-1,-1
81,3,663.5366821289062,598.957763671875,112.71148681640625,410.575927734375,-1,-1,-1,-1
82,3,678.81591796875,590.8165283203125,111.51611328125,406.99639892578125,-1,-1,-1,-1
83,3,693.862548828125,581.97802734375,120.08294677734375,406.63507080078125,-1,-1,-1,-1
84,3,701.1923828125,590.5650024414062,132.64776611328125,404.08062744140625,-1,-1,-1,-1
85,3,706.206298828125,601.4653930664062,130.558349609375,405.0216064453125,-1,-1,-1,-1
86,3,707.83056640625,605.60693359375,149.072021484375,404.65948486328125,-1,-1,-1,-1
87,3,706.9631958007812,606.10107421875,141.85174560546875,402.1988525390625,-1,-1,-1,-1
88,3,707.6331176757812,607.8385009765625,135.758056640625,401.01873779296875,-1,-1,-1,-1
89,3,708.6348876953125,615.1404418945312,130.56805419921875,401.20587158203125,-1,-1,-1,-1
90,3,706.6619262695312,620.2349243164062,121.1607666015625,399.140380859375,-1,-1,-1,-1
91,3,701.9019775390625,613.6166381835938,117.57000732421875,395.6446533203125,-1,-1,-1,-1
92,3,693.3696899414062,608.6873779296875,119.492431640625,394.98486328125,-1,-1,-1,-1
93,3,685.8667602539062,604.0690307617188,120.08856201171875,391.14697265625,-1,-1,-1,-1
94,3,684.507568359375,598.4268188476562,116.90045166015625,387.18780517578125,-1,-1,-1,-1
95,3,686.224609375,590.728515625,115.1251220703125,382.18145751953125,-1,-1,-1,-1
96,3,692.4405517578125,580.509521484375,111.5953369140625,366.39215087890625,-1,-1,-1,-1
97,3,696.9630126953125,568.8045043945312,114.8604736328125,360.978271484375,-1,-1,-1,-1
98,3,703.7880249023438,564.4058837890625,118.21453857421875,347.66546630859375,-1,-1,-1,-1
99,3,702.892578125,569.8797607421875,119.47930908203125,344.8145751953125,-1,-1,-1,-1
100,3,707.2186279296875,552.04541015625,119.1376953125,375.4417724609375,-1,-1,-1,-1
104,3,692.1148681640625,542.1759033203125,135.2288818359375,444.4307861328125,-1,-1,-1,-1
105,3,695.251708984375,577.1634521484375,138.07568359375,417.0386962890625,-1,-1,-1,-1
106,3,704.402587890625,588.3228759765625,129.6875,341.18463134765625,-1,-1,-1,-1
107,3,705.0092163085938,592.1929931640625,122.67242431640625,338.16473388671875,-1,-1,-1,-1
108,3,700.0735473632812,586.931640625,121.02972412109375,337.85247802734375,-1,-1,-1,-1
109,3,699.0357055664062,582.8724365234375,118.6883544921875,375.0640869140625,-1,-1,-1,-1
110,3,692.490478515625,580.1006469726562,121.46240234375,374.76397705078125,-1,-1,-1,-1
111,3,694.1254272460938,581.564453125,116.3040771484375,374.67877197265625,-1,-1,-1,-1
112,3,687.0878295898438,587.5327758789062,123.115478515625,374.3846435546875,-1,-1,-1,-1
113,3,673.37841796875,595.2422485351562,138.57830810546875,374.76177978515625,-1,-1,-1,-1
114,3,674.7677001953125,596.4813232421875,139.19134521484375,375.3333740234375,-1,-1,-1,-1
115,3,675.2673950195312,594.1533203125,139.40618896484375,374.84637451171875,-1,-1,-1,-1
116,3,672.775390625,588.849853515625,144.41790771484375,375.4073486328125,-1,-1,-1,-1
117,3,676.2928466796875,586.599365234375,143.80462646484375,376.404052734375,-1,-1,-1,-1
118,3,660.650634765625,588.5585327148438,153.9776611328125,376.7921142578125,-1,-1,-1,-1
119,3,650.4840087890625,590.483642578125,156.10540771484375,378.19512939453125,-1,-1,-1,-1
120,3,655.2319946289062,591.9689331054688,143.62957763671875,378.77252197265625,-1,-1,-1,-1
121,3,648.3508911132812,589.2603149414062,155.99383544921875,379.93603515625,-1,-1,-1,-1
122,3,652.78955078125,577.3150024414062,159.64697265625,379.58203125,-1,-1,-1,-1
123,3,646.828369140625,577.7440795898438,177.2730712890625,380.8472900390625,-1,-1,-1,-1
124,3,646.5230712890625,578.926513671875,178.5675048828125,381.25445556640625,-1,-1,-1,-1
125,3,643.7841796875,580.5618286132812,188.04449462890625,381.80413818359375,-1,-1,-1,-1
126,3,670.7886352539062,581.5189208984375,160.12322998046875,382.49481201171875,-1,-1,-1,-1
127,3,688.6124267578125,578.4937133789062,138.25347900390625,383.02593994140625,-1,-1,-1,-1
128,3,691.4066162109375,576.3943481445312,142.20404052734375,384.89306640625,-1,-1,-1,-1
129,3,687.4456787109375,575.9817504882812,154.17669677734375,384.7564697265625,-1,-1,-1,-1
130,3,691.9093627929688,574.2476196289062,158.58270263671875,387.35833740234375,-1,-1,-1,-1
131,3,722.05126953125,572.4986572265625,145.67730712890625,389.9459228515625,-1,-1,-1,-1
132,3,736.1054077148438,567.3460083007812,147.09967041015625,392.0465087890625,-1,-1,-1,-1
133,3,751.9195556640625,564.3811645507812,153.5323486328125,392.884033203125,-1,-1,-1,-1
134,3,768.8538208007812,561.1715087890625,157.13336181640625,394.6927490234375,-1,-1,-1,-1
135,3,786.1008911132812,553.1456909179688,159.3035888671875,398.38336181640625,-1,-1,-1,-1
136,3,801.9461669921875,549.5873413085938,165.265625,400.77252197265625,-1,-1,-1,-1
137,3,812.8441162109375,545.0737915039062,165.3917236328125,403.9146728515625,-1,-1,-1,-1
138,3,820.4896240234375,544.798828125,169.54974365234375,406.47344970703125,-1,-1,-1,-1
139,3,831.8025512695312,545.2952880859375,170.94964599609375,409.4168701171875,-1,-1,-1,-1
140,3,837.5921630859375,543.7141723632812,176.38079833984375,411.72686767578125,-1,-1,-1,-1
141,3,848.1620483398438,543.6220703125,179.62969970703125,415.7025146484375,-1,-1,-1,-1
142,3,859.1338500976562,545.5834350585938,182.33319091796875,421.64337158203125,-1,-1,-1,-1
143,3,869.4351196289062,543.403076171875,184.45770263671875,425.620361328125,-1,-1,-1,-1
144,3,871.1538696289062,542.69921875,188.42364501953125,429.10943603515625,-1,-1,-1,-1
145,3,870.7463989257812,549.1791381835938,192.76202392578125,433.38177490234375,-1,-1,-1,-1
146,3,866.3897705078125,557.565673828125,196.40673828125,434.8326416015625,-1,-1,-1,-1
147,3,859.344482421875,561.841064453125,201.91650390625,436.55206298828125,-1,-1,-1,-1
148,3,855.3545532226562,557.7818603515625,204.36419677734375,438.334716796875,-1,-1,-1,-1
149,3,848.7848510742188,551.966796875,210.90386962890625,441.4588623046875,-1,-1,-1,-1
150,3,843.5753173828125,553.5887451171875,209.2745361328125,441.13153076171875,-1,-1,-1,-1
151,3,827.61669921875,551.5856323242188,211.57470703125,442.09686279296875,-1,-1,-1,-1
152,3,808.5531616210938,547.2500610351562,207.37103271484375,442.76202392578125,-1,-1,-1,-1
153,3,790.8948974609375,547.042236328125,203.31982421875,444.7010498046875,-1,-1,-1,-1
154,3,773.6163940429688,549.5128173828125,206.35101318359375,447.90252685546875,-1,-1,-1,-1
155,3,762.2149658203125,554.3142700195312,206.3104248046875,450.48272705078125,-1,-1,-1,-1
156,3,753.3446044921875,556.208740234375,208.10589599609375,454.0452880859375,-1,-1,-1,-1
157,3,748.8929443359375,552.1997680664062,210.126708984375,455.87420654296875,-1,-1,-1,-1
158,3,738.83740234375,552.7532348632812,218.49066162109375,457.83905029296875,-1,-1,-1,-1
159,3,730.2977905273438,556.313232421875,220.5367431640625,462.18841552734375,-1,-1,-1,-1
160,3,721.6177978515625,557.1735229492188,225.03521728515625,466.7408447265625,-1,-1,-1,-1
161,3,718.0579833984375,553.755859375,228.80316162109375,469.4176025390625,-1,-1,-1,-1
162,3,710.6336669921875,551.4100341796875,234.9876708984375,472.95196533203125,-1,-1,-1,-1
163,3,712.1625366210938,550.9054565429688,235.33563232421875,475.22235107421875,-1,-1,-1,-1
164,3,712.8323974609375,551.9395751953125,241.74163818359375,480.1708984375,-1,-1,-1,-1
165,3,715.6075439453125,553.3724975585938,240.5855712890625,484.61676025390625,-1,-1,-1,-1
166,3,718.5068969726562,553.7761840820312,243.48504638671875,488.37030029296875,-1,-1,-1,-1
167,3,723.1002197265625,549.6470947265625,247.1002197265625,493.3443603515625,-1,-1,-1,-1
168,3,722.3441162109375,545.0780029296875,257.9693603515625,498.2308349609375,-1,-1,-1,-1
169,3,729.4783935546875,549.5928344726562,255.62176513671875,504.46710205078125,-1,-1,-1,-1
170,3,725.5289916992188,560.7767944335938,265.52923583984375,512.8704223632812,-1,-1,-1,-1
171,3,715.8225708007812,570.25830078125,277.270263671875,516.2713623046875,-1,-1,-1,-1
172,3,714.8841552734375,568.2866821289062,278.4403076171875,519.8124389648438,-1,-1,-1,-1
173,3,708.956298828125,556.799072265625,281.6181640625,522.029296875,-1,-1,-1,-1
174,3,705.2437744140625,554.0055541992188,288.77215576171875,526.2789916992188,-1,-1,-1,-1
175,3,708.3085327148438,555.5333862304688,293.97772216796875,531.8572387695312,-1,-1,-1,-1
176,3,714.6783447265625,552.48876953125,298.08294677734375,535.6593017578125,-1,-1,-1,-1
177,3,723.4973754882812,550.86474609375,299.38067626953125,543.49267578125,-1,-1,-1,-1
178,3,739.7420654296875,552.6981811523438,302.708251953125,550.5830688476562,-1,-1,-1,-1
179,3,756.4117431640625,556.06787109375,307.013916015625,560.133544921875,-1,-1,-1,-1
180,3,777.8604736328125,558.2825927734375,320.222412109375,569.6072998046875,-1,-1,-1,-1
181,3,803.7844848632812,555.5809936523438,331.61395263671875,582.4338989257812,-1,-1,-1,-1
182,3,824.9450073242188,553.8849487304688,341.92510986328125,594.1599731445312,-1,-1,-1,-1
183,3,835.3626708984375,559.3282470703125,352.0888671875,602.8548583984375,-1,-1,-1,-1
184,3,841.1005859375,568.0411376953125,362.398681640625,609.9503173828125,-1,-1,-1,-1
185,3,849.9994506835938,572.5802001953125,371.81988525390625,618.4656982421875,-1,-1,-1,-1
186,3,861.0057373046875,565.5785522460938,372.2249755859375,623.0197143554688,-1,-1,-1,-1
187,3,868.043212890625,560.1483154296875,371.671142578125,628.6827392578125,-1,-1,-1,-1
188,3,876.52490234375,558.5581665039062,372.0601806640625,634.1082153320312,-1,-1,-1,-1
189,3,883.6207275390625,558.4237670898438,375.9395751953125,640.9727172851562,-1,-1,-1,-1
190,3,890.4094848632812,562.6640014648438,377.40972900390625,648.4321899414062,-1,-1,-1,-1
191,3,893.3217163085938,567.7307739257812,382.10528564453125,655.2612915039062,-1,-1,-1,-1
192,3,891.18896484375,564.4409790039062,385.08251953125,663.1602172851562,-1,-1,-1,-1
193,3,883.9173583984375,561.8400268554688,391.302978515625,668.2958374023438,-1,-1,-1,-1
194,3,874.311279296875,561.1156005859375,387.903564453125,671.89111328125,-1,-1,-1,-1
195,3,846.5933837890625,564.9331665039062,384.9315185546875,672.4966430664062,-1,-1,-1,-1
196,3,802.4813842773438,568.304931640625,384.53802490234375,669.6055908203125,-1,-1,-1,-1
197,3,773.5822143554688,556.717529296875,370.96478271484375,666.119140625,-1,-1,-1,-1
198,3,742.760498046875,542.6497802734375,369.80322265625,664.3114013671875,-1,-1,-1,-1
199,3,721.931640625,536.0685424804688,368.31201171875,663.3688354492188,-1,-1,-1,-1
200,3,708.7005004882812,534.2508544921875,362.77899169921875,663.092529296875,-1,-1,-1,-1
201,3,701.0875244140625,533.3385009765625,358.1619873046875,665.2618408203125,-1,-1,-1,-1
202,3,694.4027709960938,536.4398803710938,359.76324462890625,669.0376586914062,-1,-1,-1,-1
203,3,699.8504638671875,542.865966796875,354.595703125,674.280517578125,-1,-1,-1,-1
204,3,699.7260131835938,546.5740356445312,355.51959228515625,680.4255981445312,-1,-1,-1,-1
205,3,703.4806518554688,549.1873168945312,356.13775634765625,686.9729614257812,-1,-1,-1,-1
206,3,707.0264282226562,550.9635620117188,358.76239013671875,694.3135375976562,-1,-1,-1,-1
207,3,715.38232421875,550.5284423828125,362.20068359375,699.4354248046875,-1,-1,-1,-1
208,3,716.9102172851562,557.5485229492188,370.36505126953125,708.4270629882812,-1,-1,-1,-1
209,3,727.3565673828125,577.49755859375,365.6026611328125,714.044189453125,-1,-1,-1,-1
210,3,732.0010986328125,590.4561157226562,367.3760986328125,719.8308715820312,-1,-1,-1,-1
211,3,741.5648803710938,589.631103515625,362.28082275390625,724.1658935546875,-1,-1,-1,-1
212,3,749.9943237304688,577.2489624023438,365.21185302734375,727.7981567382812,-1,-1,-1,-1
213,3,769.7500610351562,567.206298828125,369.33746337890625,733.508056640625,-1,-1,-1,-1
214,3,797.4246826171875,563.2944946289062,371.724853515625,740.2721557617188,-1,-1,-1,-1
215,3,821.78173828125,561.0613403320312,389.2498779296875,750.2113647460938,-1,-1,-1,-1
216,3,839.1959228515625,560.1504516601562,382.7608642578125,758.4907836914062,-1,-1,-1,-1
217,3,845.3334350585938,555.5308227539062,376.41278076171875,766.1464233398438,-1,-1,-1,-1
218,3,849.4522094726562,548.8921508789062,370.97137451171875,769.3574829101562,-1,-1,-1,-1
219,3,849.09521484375,543.385009765625,370.239013671875,774.67041015625,-1,-1,-1,-1
220,3,847.6920166015625,544.6423950195312,372.6070556640625,780.3422241210938,-1,-1,-1,-1
221,3,840.880126953125,548.3883056640625,370.9075927734375,787.7449951171875,-1,-1,-1,-1
222,3,826.10498046875,560.9686279296875,367.739013671875,789.4857177734375,-1,-1,-1,-1
223,3,810.960205078125,547.0773315429688,357.80322265625,792.3793334960938,-1,-1,-1,-1
224,3,797.5765380859375,520.5862426757812,346.3055419921875,790.4107055664062,-1,-1,-1,-1
225,3,792.4147338867188,505.2678527832031,336.40435791015625,791.22607421875,-1,-1,-1,-1
226,3,791.7996215820312,499.3430480957031,327.40911865234375,793.1348876953125,-1,-1,-1,-1
227,3,788.015869140625,498.3211975097656,320.2547607421875,795.623046875,-1,-1,-1,-1
228,3,782.8143920898438,500.4254455566406,310.68585205078125,797.6171875,-1,-1,-1,-1
229,3,773.0142211914062,503.84930419921875,307.34576416015625,799.8936157226562,-1,-1,-1,-1
230,3,766.9058837890625,510.4836120605469,301.67333984375,801.7113037109375,-1,-1,-1,-1
231,3,759.4810791015625,516.3931884765625,300.3433837890625,806.2764892578125,-1,-1,-1,-1
232,3,766.1355590820312,521.4650268554688,294.08831787109375,812.2113647460938,-1,-1,-1,-1
233,3,764.0444946289062,522.9819946289062,296.22235107421875,817.2263793945312,-1,-1,-1,-1
234,3,762.7860717773438,526.9744262695312,274.86090087890625,818.6820678710938,-1,-1,-1,-1
235,3,760.5582275390625,529.0836791992188,267.9088134765625,821.6134643554688,-1,-1,-1,-1
236,3,756.6464233398438,524.9028930664062,264.55535888671875,820.9202270507812,-1,-1,-1,-1
237,3,755.61181640625,522.326171875,254.62152099609375,818.8148193359375,-1,-1,-1,-1
238,3,752.6466064453125,518.0266723632812,249.1346435546875,816.3341674804688,-1,-1,-1,-1
239,3,742.2032470703125,517.4757080078125,247.60418701171875,812.096435546875,-1,-1,-1,-1
240,3,737.8529663085938,517.9894409179688,241.17181396484375,810.0265502929688,-1,-1,-1,-1
241,3,731.7369384765625,524.7518310546875,232.8597412109375,810.9691162109375,-1,-1,-1,-1
242,3,740.8583984375,529.6910400390625,221.82196044921875,814.6031494140625,-1,-1,-1,-1
243,3,747.2958374023438,533.568603515625,218.2607421875,819.7784423828125,-1,-1,-1,-1
244,3,747.727294921875,530.6890258789062,210.35565185546875,824.6393432617188,-1,-1,-1,-1
245,3,744.1353149414062,529.201904296875,204.00299072265625,828.2664794921875,-1,-1,-1,-1
246,3,737.0222778320312,533.9937744140625,196.28778076171875,830.643310546875,-1,-1,-1,-1
247,3,714.241943359375,542.2344360351562,198.1319580078125,834.4375610351562,-1,-1,-1,-1
248,3,684.3793334960938,551.9716796875,205.36883544921875,837.75341796875,-1,-1,-1,-1
249,3,658.3545532226562,554.3223266601562,209.37310791015625,839.0451049804688,-1,-1,-1,-1
250,3,637.1134033203125,549.18359375,214.0850830078125,839.56982421875,-1,-1,-1,-1
251,3,623.2295532226562,546.6102905273438,215.5089111328125,836.7477416992188,-1,-1,-1,-1
252,3,608.8619384765625,552.757080078125,221.49267578125,837.51416015625,-1,-1,-1,-1
253,3,591.8118896484375,560.574462890625,224.2274169921875,834.4677734375,-1,-1,-1,-1
254,3,567.3363647460938,564.4794921875,236.73797607421875,836.989990234375,-1,-1,-1,-1
255,3,557.4750366210938,569.8804321289062,239.20361328125,836.4999389648438,-1,-1,-1,-1
256,3,559.4869384765625,573.0885620117188,232.65936279296875,836.7676391601562,-1,-1,-1,-1
257,3,548.497802734375,576.0402221679688,236.46124267578125,835.4843139648438,-1,-1,-1,-1
258,3,534.3565673828125,572.250732421875,242.1021728515625,837.38134765625,-1,-1,-1,-1
259,3,513.8555297851562,567.0773315429688,249.217529296875,840.1798706054688,-1,-1,-1,-1
260,3,490.207763671875,566.3138427734375,258.556884765625,840.6219482421875,-1,-1,-1,-1
261,3,469.7236328125,569.3488159179688,260.937744140625,837.1112670898438,-1,-1,-1,-1
262,3,451.0254821777344,576.7064208984375,261.4916687011719,831.2552490234375,-1,-1,-1,-1
263,3,434.1166076660156,577.3903198242188,262.6983337402344,829.9199829101562,-1,-1,-1,-1
264,3,418.21624755859375,575.8615112304688,263.76336669921875,829.8486938476562,-1,-1,-1,-1
265,3,408.09088134765625,577.9568481445312,267.82537841796875,827.6105346679688,-1,-1,-1,-1
266,3,404.6474304199219,581.171630859375,270.7392883300781,826.1187744140625,-1,-1,-1,-1
267,3,406.25543212890625,587.8402709960938,271.93475341796875,821.7898559570312,-1,-1,-1,-1
268,3,403.9796447753906,596.26171875,275.7096862792969,815.33154296875,-1,-1,-1,-1
269,3,404.2690124511719,597.724365234375,277.9930725097656,814.8243408203125,-1,-1,-1,-1
270,3,400.02972412109375,596.4298706054688,282.33428955078125,815.8820190429688,-1,-1,-1,-1
271,3,393.6275939941406,592.380126953125,287.2362365722656,819.611572265625,-1,-1,-1,-1
272,3,380.45147705078125,592.26318359375,295.74920654296875,819.8302001953125,-1,-1,-1,-1
273,3,362.6499328613281,589.4090576171875,304.6361999511719,822.2939453125,-1,-1,-1,-1
274,3,344.6560974121094,577.5408935546875,309.1135559082031,834.079345703125,-1,-1,-1,-1
275,3,325.98114013671875,553.893310546875,317.5740966796875,855.1729736328125,-1,-1,-1,-1
276,3,307.6397399902344,541.0906982421875,325.4572448730469,865.46337890625,-1,-1,-1,-1
277,3,289.7876892089844,534.2533569335938,329.7818298339844,871.0808715820312,-1,-1,-1,-1
278,3,279.8396301269531,523.330322265625,339.8695373535156,876.358154296875,-1,-1,-1,-1
279,3,281.30560302734375,515.7057495117188,336.33514404296875,876.1702270507812,-1,-1,-1,-1
280,3,281.7212829589844,509.72003173828125,338.5935974121094,875.6928100585938,-1,-1,-1,-1
281,3,273.0169677734375,505.6732482910156,336.300048828125,875.732666015625,-1,-1,-1,-1
282,3,269.3668518066406,505.8072509765625,340.1400451660156,874.8446044921875,-1,-1,-1,-1
283,3,272.1999816894531,506.7107238769531,338.7863464355469,873.0897216796875,-1,-1,-1,-1
284,3,277.9931640625,500.3663635253906,334.1295166015625,870.758056640625,-1,-1,-1,-1
285,3,289.275146484375,497.55413818359375,330.5977783203125,866.1801147460938,-1,-1,-1,-1
286,3,307.5448303222656,498.6798095703125,329.5971374511719,859.9207763671875,-1,-1,-1,-1
287,3,322.16436767578125,500.84454345703125,322.25848388671875,850.2720336914062,-1,-1,-1,-1
288,3,337.420166015625,504.6538391113281,323.19793701171875,839.357421875,-1,-1,-1,-1
289,3,353.26153564453125,509.8934631347656,332.8602294921875,828.0421142578125,-1,-1,-1,-1
290,3,367.1332702636719,513.8192138671875,343.1814270019531,818.1192626953125,-1,-1,-1,-1
291,3,376.2971496582031,516.005615234375,341.0931091308594,810.7392578125,-1,-1,-1,-1
292,3,382.8086853027344,514.907958984375,341.3244934082031,805.2255859375,-1,-1,-1,-1
293,3,392.94964599609375,512.9176940917969,338.42205810546875,798.7506103515625,-1,-1,-1,-1
294,3,399.88653564453125,516.1563110351562,337.54486083984375,795.5455932617188,-1,-1,-1,-1
295,3,407.1039123535156,519.6517333984375,340.3721618652344,794.33740234375,-1,-1,-1,-1
296,3,408.2591552734375,520.4417724609375,345.62860107421875,794.3387451171875,-1,-1,-1,-1
297,3,409.9458923339844,517.599365234375,343.0894470214844,796.07470703125,-1,-1,-1,-1
298,3,402.0868835449219,510.36920166015625,350.1263732910156,798.4338989257812,-1,-1,-1,-1
299,3,380.2139587402344,498.1653137207031,352.6274719238281,805.3109130859375,-1,-1,-1,-1
300,3,353.0813293457031,487.36761474609375,362.3384094238281,813.3600463867188,-1,-1,-1,-1
301,3,331.4207763671875,470.729248046875,376.4515380859375,822.526123046875,-1,-1,-1,-1
302,3,308.1910705566406,457.04052734375,382.7566833496094,827.1942138671875,-1,-1,-1,-1
303,3,286.6603088378906,451.77947998046875,383.3851623535156,829.8616333007812,-1,-1,-1,-1
304,3,261.6745300292969,454.855224609375,395.0810241699219,837.049072265625,-1,-1,-1,-1
305,3,235.35736083984375,456.43402099609375,409.77410888671875,840.8389282226562,-1,-1,-1,-1
306,3,222.31146240234375,460.58941650390625,404.1365966796875,840.7793579101562,-1,-1,-1,-1
307,3,224.5570068359375,464.1539001464844,392.72637939453125,840.042236328125,-1,-1,-1,-1
308,3,224.09542846679688,465.7035827636719,389.4960632324219,836.182373046875,-1,-1,-1,-1
309,3,222.61380004882812,469.0044250488281,391.4183654785156,831.62890625,-1,-1,-1,-1
310,3,229.66873168945312,474.80914306640625,393.4855651855469,826.3120727539062,-1,-1,-1,-1
311,3,236.43930053710938,484.99853515625,385.6560974121094,822.49609375,-1,-1,-1,-1
312,3,233.5876007080078,495.82867431640625,385.39080810546875,819.2899780273438,-1,-1,-1,-1
313,3,225.1308135986328,512.3610229492188,394.02435302734375,814.5711059570312,-1,-1,-1,-1
314,3,222.09754943847656,522.8236694335938,399.49163818359375,806.0203247070312,-1,-1,-1,-1
315,3,223.2982177734375,522.4257202148438,398.3275146484375,798.0831909179688,-1,-1,-1,-1
316,3,220.81277465820312,519.8496704101562,389.5115051269531,792.3085327148438,-1,-1,-1,-1
317,3,219.4941864013672,520.5570068359375,386.5428466796875,786.8675537109375,-1,-1,-1,-1
318,3,226.08973693847656,523.9563598632812,377.8980712890625,779.0768432617188,-1,-1,-1,-1
319,3,240.1125946044922,524.195068359375,375.64227294921875,767.511474609375,-1,-1,-1,-1
320,3,261.8060302734375,523.2276611328125,367.32086181640625,753.99072265625,-1,-1,-1,-1
321,3,294.21270751953125,519.0357055664062,357.55621337890625,740.1419067382812,-1,-1,-1,-1
322,3,336.0089111328125,514.099853515625,346.79144287109375,724.39013671875,-1,-1,-1,-1
323,3,379.4794616699219,506.6929626464844,337.7416076660156,711.10546875,-1,-1,-1,-1
324,3,410.0906982421875,496.21435546875,333.1290283203125,700.200439453125,-1,-1,-1,-1
325,3,424.638427734375,494.57220458984375,330.7335205078125,697.1119995117188,-1,-1,-1,-1
326,3,417.91131591796875,494.0694274902344,334.53033447265625,699.4041748046875,-1,-1,-1,-1
327,3,382.529052734375,495.63275146484375,336.83978271484375,710.7145385742188,-1,-1,-1,-1
328,3,320.658203125,491.8677978515625,343.9168701171875,726.240966796875,-1,-1,-1,-1
329,3,252.0598602294922,486.8115234375,348.96337890625,745.157470703125,-1,-1,-1,-1
330,3,194.92962646484375,485.45318603515625,343.35211181640625,761.3567504882812,-1,-1,-1,-1
331,3,143.8358154296875,489.00665283203125,343.09576416015625,770.6726684570312,-1,-1,-1,-1
88,4,851.853759765625,560.7190551757812,178.5225830078125,378.60400390625,-1,-1,-1,-1
89,4,898.5585327148438,604.6396484375,140.13983154296875,286.93695068359375,-1,-1,-1,-1
90,4,891.6229248046875,615.509033203125,144.5203857421875,282.77276611328125,-1,-1,-1,-1
91,4,886.7228393554688,614.587158203125,136.3770751953125,280.9033203125,-1,-1,-1,-1
92,4,880.8889770507812,614.570068359375,119.92572021484375,277.1207275390625,-1,-1,-1,-1
93,4,873.9945068359375,615.9182739257812,104.44122314453125,269.4068603515625,-1,-1,-1,-1
94,4,873.431640625,615.415283203125,90.82012939453125,262.77435302734375,-1,-1,-1,-1
95,4,875.6121826171875,613.2914428710938,84.08648681640625,256.42718505859375,-1,-1,-1,-1
96,4,876.4674072265625,604.8171997070312,84.10858154296875,254.6875,-1,-1,-1,-1
97,4,874.6665649414062,594.8428955078125,91.14739990234375,248.0478515625,-1,-1,-1,-1
98,4,863.361328125,590.1444702148438,104.9825439453125,245.11962890625,-1,-1,-1,-1
99,4,858.875732421875,593.4066162109375,109.26141357421875,241.3013916015625,-1,-1,-1,-1
100,4,847.9166870117188,597.8323974609375,119.72198486328125,242.29608154296875,-1,-1,-1,-1
101,4,851.343017578125,604.7727661132812,119.3570556640625,241.10009765625,-1,-1,-1,-1
102,4,858.9558715820312,606.56884765625,119.44854736328125,240.59307861328125,-1,-1,-1,-1
103,4,866.1273803710938,599.094970703125,118.0,243.45184326171875,-1,-1,-1,-1
104,4,873.8850708007812,596.6948852539062,117.79510498046875,246.2955322265625,-1,-1,-1,-1
105,4,880.5494384765625,600.3238525390625,112.3316650390625,247.25726318359375,-1,-1,-1,-1
106,4,882.1121826171875,609.409912109375,105.08404541015625,244.58111572265625,-1,-1,-1,-1
107,4,880.522705078125,614.0773315429688,97.407470703125,244.142333984375,-1,-1,-1,-1
108,4,876.5220336914062,609.9073486328125,92.35638427734375,241.88580322265625,-1,-1,-1,-1
109,4,876.9739379882812,603.3271484375,86.628173828125,243.30682373046875,-1,-1,-1,-1
110,4,872.3880615234375,595.9269409179688,85.43896484375,244.28802490234375,-1,-1,-1,-1
111,4,860.652099609375,594.6490478515625,89.5782470703125,242.0233154296875,-1,-1,-1,-1
112,4,846.5862426757812,600.5258178710938,103.00311279296875,241.76190185546875,-1,-1,-1,-1
113,4,838.2872924804688,607.2709350585938,112.8892822265625,240.04388427734375,-1,-1,-1,-1
114,4,833.0791015625,610.0693359375,113.58935546875,240.2030029296875,-1,-1,-1,-1
115,4,830.0687866210938,608.0076293945312,117.271240234375,242.04730224609375,-1,-1,-1,-1
116,4,832.4674072265625,602.9058837890625,115.128662109375,244.34375,-1,-1,-1,-1
117,4,831.3505859375,601.5711059570312,116.812744140625,245.72552490234375,-1,-1,-1,-1
118,4,826.6304931640625,604.2523193359375,116.97705078125,245.4130859375,-1,-1,-1,-1
119,4,821.538330078125,609.1527099609375,111.76971435546875,245.28973388671875,-1,-1,-1,-1
120,4,811.6695556640625,614.4662475585938,103.822265625,251.26397705078125,-1,-1,-1,-1
121,4,806.2965698242188,617.1673583984375,99.3116455078125,252.18505859375,-1,-1,-1,-1
122,4,813.6138916015625,608.3596801757812,92.5614013671875,252.25689697265625,-1,-1,-1,-1
123,4,820.2840576171875,608.2215576171875,87.33465576171875,244.37750244140625,-1,-1,-1,-1
124,4,824.557861328125,608.8225708007812,84.24591064453125,242.19891357421875,-1,-1,-1,-1
125,4,828.7866821289062,609.3763427734375,84.9820556640625,245.21539306640625,-1,-1,-1,-1
126,4,825.6492919921875,609.650146484375,92.77886962890625,243.380859375,-1,-1,-1,-1
127,4,814.7780151367188,606.0936279296875,104.07550048828125,239.37872314453125,-1,-1,-1,-1
128,4,805.7628173828125,604.5069580078125,118.6331787109375,238.97564697265625,-1,-1,-1,-1
129,4,807.0191650390625,604.8174438476562,123.64385986328125,240.0235595703125,-1,-1,-1,-1
130,4,814.2498779296875,604.836181640625,125.3690185546875,241.7418212890625,-1,-1,-1,-1
131,4,828.6522216796875,604.5746459960938,122.81976318359375,243.39764404296875,-1,-1,-1,-1
132,4,843.8074340820312,601.133056640625,123.781005859375,244.687255859375,-1,-1,-1,-1
133,4,862.9554443359375,598.18994140625,121.7939453125,248.03118896484375,-1,-1,-1,-1
134,4,886.1486206054688,596.8046875,119.3463134765625,253.126220703125,-1,-1,-1,-1
135,4,905.4407958984375,588.550048828125,120.6798095703125,257.01202392578125,-1,-1,-1,-1
136,4,927.5277709960938,583.0416870117188,116.03753662109375,254.26300048828125,-1,-1,-1,-1
137,4,943.4564208984375,576.2801513671875,112.00048828125,257.3997802734375,-1,-1,-1,-1
138,4,954.5409545898438,574.16455078125,112.83355712890625,261.1253662109375,-1,-1,-1,-1
139,4,968.7559814453125,574.3717651367188,111.34375,263.88787841796875,-1,-1,-1,-1
140,4,977.0501098632812,572.0369873046875,111.05340576171875,266.8924560546875,-1,-1,-1,-1
141,4,986.6400756835938,571.9798583984375,111.75079345703125,267.9305419921875,-1,-1,-1,-1
142,4,986.4940185546875,574.3853149414062,122.0003662109375,271.6668701171875,-1,-1,-1,-1
143,4,992.4697265625,572.6041259765625,127.2904052734375,275.1571044921875,-1,-1,-1,-1
144,4,995.4452514648438,572.2005615234375,126.86212158203125,279.8511962890625,-1,-1,-1,-1
145,4,989.4417114257812,580.423095703125,131.39642333984375,282.45269775390625,-1,-1,-1,-1
146,4,991.6878662109375,590.9522705078125,126.4110107421875,283.18218994140625,-1,-1,-1,-1
147,4,990.575439453125,596.4609375,121.9775390625,286.7493896484375,-1,-1,-1,-1
148,4,982.6889038085938,591.3392944335938,123.54180908203125,289.0867919921875,-1,-1,-1,-1
149,4,974.5133666992188,585.1605224609375,125.21429443359375,289.224609375,-1,-1,-1,-1
150,4,960.8652954101562,584.137451171875,130.38397216796875,292.38580322265625,-1,-1,-1,-1
151,4,946.1762084960938,580.5172119140625,124.54388427734375,290.516845703125,-1,-1,-1,-1
152,4,931.5509643554688,574.8811645507812,112.38177490234375,286.4481201171875,-1,-1,-1,-1
153,4,908.80810546875,571.8458862304688,112.0380859375,281.29083251953125,-1,-1,-1,-1
154,4,895.7636108398438,575.9743041992188,109.08740234375,276.68603515625,-1,-1,-1,-1
155,4,885.0377197265625,582.5858154296875,106.07421875,271.024658203125,-1,-1,-1,-1
156,4,873.0985107421875,586.7412109375,111.8682861328125,266.39923095703125,-1,-1,-1,-1
157,4,870.349365234375,584.950927734375,113.33038330078125,263.8939208984375,-1,-1,-1,-1
158,4,869.8489379882812,587.7749633789062,111.88385009765625,263.4974365234375,-1,-1,-1,-1
159,4,864.96240234375,592.9664306640625,117.0997314453125,264.5413818359375,-1,-1,-1,-1
160,4,862.125732421875,594.9857177734375,120.74517822265625,265.03375244140625,-1,-1,-1,-1
161,4,854.7635498046875,592.3611450195312,112.87200927734375,265.90093994140625,-1,-1,-1,-1
162,4,848.63671875,589.1151123046875,111.78485107421875,269.326904296875,-1,-1,-1,-1
163,4,849.561279296875,588.2587280273438,113.85546875,270.88641357421875,-1,-1,-1,-1
164,4,844.7283935546875,587.4246826171875,117.70916748046875,274.429931640625,-1,-1,-1,-1
165,4,841.7847290039062,588.897216796875,116.889404296875,278.1934814453125,-1,-1,-1,-1
166,4,838.93701171875,589.631591796875,123.1856689453125,278.3436279296875,-1,-1,-1,-1
167,4,833.9166259765625,585.4329223632812,132.593505859375,279.599609375,-1,-1,-1,-1
168,4,836.7920532226562,579.7412109375,140.44903564453125,286.3814697265625,-1,-1,-1,-1
169,4,834.832275390625,584.140625,143.374267578125,291.78448486328125,-1,-1,-1,-1
170,4,829.1530151367188,594.6893310546875,152.85711669921875,300.317626953125,-1,-1,-1,-1
171,4,822.8659057617188,586.856201171875,160.72637939453125,321.0516357421875,-1,-1,-1,-1
241,5,839.7601318359375,592.1246337890625,145.1170654296875,324.75506591796875,-1,-1,-1,-1
242,5,853.3883056640625,600.4769287109375,139.6717529296875,321.749267578125,-1,-1,-1,-1
243,5,865.574951171875,607.98388671875,135.65264892578125,315.8807373046875,-1,-1,-1,-1
244,5,879.06103515625,607.6043090820312,123.31341552734375,317.27484130859375,-1,-1,-1,-1
245,5,880.140625,608.182373046875,118.91259765625,312.4765625,-1,-1,-1,-1
246,5,873.5594482421875,612.9346923828125,122.8348388671875,311.93963623046875,-1,-1,-1,-1
247,5,855.2930908203125,624.2449340820312,116.47735595703125,309.82666015625,-1,-1,-1,-1
248,5,833.2227172851562,636.0560913085938,114.962158203125,306.94122314453125,-1,-1,-1,-1
249,5,823.1018676757812,640.2391967773438,112.8704833984375,298.63446044921875,-1,-1,-1,-1
250,5,808.8433837890625,635.548583984375,115.2100830078125,288.526123046875,-1,-1,-1,-1
251,5,799.567138671875,631.4841918945312,114.91070556640625,289.75079345703125,-1,-1,-1,-1
252,5,802.3651733398438,633.95556640625,108.1810302734375,292.7913818359375,-1,-1,-1,-1
253,5,803.5245971679688,638.9124755859375,101.34393310546875,294.80572509765625,-1,-1,-1,-1
254,5,803.118408203125,641.6387329101562,97.5267333984375,293.357177734375,-1,-1,-1,-1
255,5,802.4573974609375,645.73046875,97.61187744140625,295.09527587890625,-1,-1,-1,-1
256,5,803.03076171875,651.6799926757812,100.20794677734375,297.4246826171875,-1,-1,-1,-1
257,5,804.0828247070312,654.4002075195312,105.7930908203125,302.02276611328125,-1,-1,-1,-1
258,5,804.70361328125,653.155029296875,106.86676025390625,299.62457275390625,-1,-1,-1,-1
259,5,804.5608520507812,651.1372680664062,105.426513671875,299.50421142578125,-1,-1,-1,-1
260,5,805.8868408203125,651.9307861328125,107.40185546875,300.285888671875,-1,-1,-1,-1
261,5,806.9510498046875,651.9476318359375,99.38623046875,299.9791259765625,-1,-1,-1,-1
262,5,801.41845703125,652.4993896484375,96.98358154296875,298.3048095703125,-1,-1,-1,-1
263,5,799.0872192382812,650.057373046875,92.49273681640625,288.203125,-1,-1,-1,-1
264,5,786.1896362304688,645.3485717773438,98.92779541015625,285.60516357421875,-1,-1,-1,-1
265,5,790.3374633789062,646.3997802734375,95.28839111328125,278.32080078125,-1,-1,-1,-1
266,5,795.1134643554688,649.3818359375,97.608642578125,272.731689453125,-1,-1,-1,-1
267,5,793.60595703125,653.4774780273438,112.3756103515625,267.3841552734375,-1,-1,-1,-1
268,5,788.974365234375,657.3645629882812,127.81488037109375,265.173095703125,-1,-1,-1,-1
269,5,786.2080078125,659.9342651367188,143.7091064453125,264.085205078125,-1,-1,-1,-1
270,5,789.7786254882812,658.8861083984375,140.53094482421875,265.88079833984375,-1,-1,-1,-1
271,5,794.7395629882812,658.8610229492188,136.33917236328125,266.4400634765625,-1,-1,-1,-1
272,5,793.9041137695312,661.442138671875,140.1708984375,267.53350830078125,-1,-1,-1,-1
273,5,793.0521240234375,666.929931640625,133.6226806640625,270.06744384765625,-1,-1,-1,-1
274,5,787.6024169921875,664.967529296875,128.4400634765625,269.6011962890625,-1,-1,-1,-1
275,5,785.1338500976562,651.6627807617188,115.77508544921875,265.943603515625,-1,-1,-1,-1
276,5,781.0661010742188,647.3416748046875,117.80145263671875,262.03948974609375,-1,-1,-1,-1
277,5,778.813232421875,648.9763793945312,101.7607421875,263.92730712890625,-1,-1,-1,-1
278,5,780.201416015625,644.272216796875,95.152099609375,264.4754638671875,-1,-1,-1,-1
279,5,787.8573608398438,632.6390380859375,92.98822021484375,268.15380859375,-1,-1,-1,-1
280,5,777.1534423828125,621.9977416992188,104.51239013671875,267.1953125,-1,-1,-1,-1
281,5,776.2799682617188,615.8790283203125,104.48602294921875,269.401611328125,-1,-1,-1,-1
282,5,768.4041748046875,613.8486328125,121.5958251953125,272.5740966796875,-1,-1,-1,-1
283,5,766.5549926757812,614.15771484375,133.9725341796875,271.9127197265625,-1,-1,-1,-1
284,5,780.0775756835938,610.7333374023438,129.57489013671875,271.2767333984375,-1,-1,-1,-1
285,5,797.5816040039062,605.6578979492188,129.5557861328125,277.61968994140625,-1,-1,-1,-1
286,5,820.7088012695312,607.0925903320312,125.585205078125,281.260009765625,-1,-1,-1,-1
287,5,849.6680908203125,611.3495483398438,116.15069580078125,285.026123046875,-1,-1,-1,-1
288,5,876.9600219726562,615.1328125,114.95733642578125,285.300048828125,-1,-1,-1,-1
289,5,901.118408203125,614.2330322265625,104.25390625,280.8848876953125,-1,-1,-1,-1
290,5,923.553466796875,610.66552734375,101.97607421875,278.4947509765625,-1,-1,-1,-1
291,5,936.6031494140625,607.9976806640625,101.33544921875,278.64947509765625,-1,-1,-1,-1
292,5,930.7706298828125,606.8543701171875,118.0445556640625,281.175048828125,-1,-1,-1,-1
293,5,933.741943359375,603.5277709960938,131.185791015625,276.2532958984375,-1,-1,-1,-1
294,5,933.5720825195312,603.22412109375,153.25177001953125,278.564208984375,-1,-1,-1,-1
295,5,929.1434326171875,606.0485229492188,176.061767578125,277.64520263671875,-1,-1,-1,-1
296,5,934.0947875976562,604.005126953125,174.26531982421875,279.71514892578125,-1,-1,-1,-1
297,5,943.9754638671875,602.6837158203125,155.3486328125,281.20806884765625,-1,-1,-1,-1
298,5,945.7613525390625,597.4578857421875,149.2265625,284.40087890625,-1,-1,-1,-1
299,5,935.4991455078125,594.3214111328125,143.73291015625,282.4462890625,-1,-1,-1,-1
300,5,919.5355834960938,591.4413452148438,136.91973876953125,279.07037353515625,-1,-1,-1,-1
301,5,905.8846435546875,585.6500854492188,125.880126953125,271.1529541015625,-1,-1,-1,-1
302,5,897.7114868164062,578.57421875,116.2381591796875,268.1185302734375,-1,-1,-1,-1
303,5,887.700439453125,575.09326171875,112.0853271484375,272.10540771484375,-1,-1,-1,-1
304,5,880.5900268554688,580.2166748046875,104.55621337890625,271.83807373046875,-1,-1,-1,-1
305,5,867.3372802734375,580.888916015625,104.23291015625,271.3414306640625,-1,-1,-1,-1
306,5,839.5291137695312,578.9395751953125,119.61761474609375,271.83807373046875,-1,-1,-1,-1
307,5,834.3965454101562,578.9242553710938,119.03948974609375,273.479736328125,-1,-1,-1,-1
308,5,830.7536010742188,580.3342895507812,121.13372802734375,273.30316162109375,-1,-1,-1,-1
309,5,836.4178466796875,583.6962280273438,123.20159912109375,278.19464111328125,-1,-1,-1,-1
310,5,841.3574829101562,588.3885498046875,125.46282958984375,277.5286865234375,-1,-1,-1,-1
311,5,853.6085205078125,597.8247680664062,119.01953125,281.8414306640625,-1,-1,-1,-1
312,5,843.319580078125,610.0899047851562,123.18670654296875,281.912353515625,-1,-1,-1,-1
313,5,847.452880859375,630.3519897460938,116.3638916015625,288.01910400390625,-1,-1,-1,-1
314,5,852.1793823242188,651.0138549804688,113.18115234375,281.26202392578125,-1,-1,-1,-1
315,5,864.1399536132812,663.1251831054688,108.6138916015625,264.18829345703125,-1,-1,-1,-1
316,5,869.1240844726562,660.5523071289062,104.130859375,262.74371337890625,-1,-1,-1,-1
317,5,869.2992553710938,650.3634033203125,104.04656982421875,261.70111083984375,-1,-1,-1,-1
318,5,872.8104858398438,641.3603515625,106.1551513671875,265.42901611328125,-1,-1,-1,-1
319,5,885.194091796875,635.000732421875,105.34356689453125,263.9549560546875,-1,-1,-1,-1
320,5,898.517578125,624.3886108398438,111.40380859375,271.260009765625,-1,-1,-1,-1
321,5,912.7485961914062,615.3751831054688,127.65228271484375,277.4462890625,-1,-1,-1,-1
322,5,955.3392944335938,613.0228881835938,126.60418701171875,284.8388671875,-1,-1,-1,-1
323,5,992.6337280273438,612.4146728515625,134.70599365234375,288.184814453125,-1,-1,-1,-1
324,5,1012.5694580078125,608.196044921875,148.093505859375,312.47003173828125,-1,-1,-1,-1
325,5,1022.8828125,599.0916748046875,155.2117919921875,324.18646240234375,-1,-1,-1,-1
326,5,1011.677978515625,591.1845703125,160.66015625,339.20501708984375,-1,-1,-1,-1
327,5,972.1524047851562,586.1768188476562,165.66888427734375,312.5660400390625,-1,-1,-1,-1
328,5,892.3681640625,579.9437866210938,192.150390625,346.14324951171875,-1,-1,-1,-1
329,5,840.368408203125,584.9352416992188,187.96337890625,338.75616455078125,-1,-1,-1,-1
330,5,806.984130859375,593.3942260742188,180.5260009765625,307.59124755859375,-1,-1,-1,-1
331,5,782.39697265625,595.9102783203125,175.37725830078125,306.5465087890625,-1,-1,-1,-1
290,6,852.6451416015625,618.0943603515625,38.01708984375,82.6402587890625,-1,-1,-1,-1
291,6,871.7515869140625,615.9834594726562,41.150390625,77.4041748046875,-1,-1,-1,-1
292,6,885.4629516601562,613.3712158203125,47.4027099609375,82.51629638671875,-1,-1,-1,-1
293,6,904.9931030273438,610.3240966796875,47.8355712890625,85.64019775390625,-1,-1,-1,-1
294,6,918.5266723632812,610.3890380859375,57.14166259765625,87.11273193359375,-1,-1,-1,-1
295,6,941.2296142578125,613.0132446289062,53.67529296875,86.02520751953125,-1,-1,-1,-1
296,6,953.48779296875,611.590576171875,58.0794677734375,104.524169921875,-1,-1,-1,-1
297,6,970.8701171875,610.9872436523438,53.9517822265625,107.15411376953125,-1,-1,-1,-1
298,6,974.561279296875,604.93701171875,49.59478759765625,106.6077880859375,-1,-1,-1,-1
299,6,964.8262329101562,601.4194946289062,67.94415283203125,135.925048828125,-1,-1,-1,-1
300,6,944.7684936523438,595.0512084960938,84.54974365234375,173.624267578125,-1,-1,-1,-1
301,6,927.6287231445312,590.8067016601562,93.34100341796875,193.7215576171875,-1,-1,-1,-1
302,6,909.1216430664062,584.9237060546875,97.79193115234375,250.7353515625,-1,-1,-1,-1
307,7,934.330078125,595.478515625,43.64312744140625,82.1844482421875,-1,-1,-1,-1
308,7,942.1378784179688,596.220947265625,46.0302734375,81.13079833984375,-1,-1,-1,-1
309,7,952.5640258789062,598.6619873046875,53.36029052734375,85.88726806640625,-1,-1,-1,-1
310,7,968.596435546875,604.5228271484375,54.056640625,92.09130859375,-1,-1,-1,-1
311,7,983.1478881835938,615.0008544921875,52.44512939453125,94.02301025390625,-1,-1,-1,-1
312,7,994.4517822265625,629.8629150390625,50.5985107421875,94.46234130859375,-1,-1,-1,-1
313,7,1003.6044311523438,651.3991088867188,52.23052978515625,95.0828857421875,-1,-1,-1,-1
314,7,1023.9149780273438,676.4970092773438,48.52044677734375,94.88690185546875,-1,-1,-1,-1
315,7,1037.125244140625,692.0028686523438,59.370361328125,97.864501953125,-1,-1,-1,-1
316,7,1054.47900390625,692.0376586914062,53.909912109375,99.890625,-1,-1,-1,-1
317,7,1068.365966796875,679.91943359375,52.6851806640625,106.33404541015625,-1,-1,-1,-1
318,7,1085.5167236328125,668.2766723632812,51.8682861328125,100.30712890625,-1,-1,-1,-1
319,7,1104.6876220703125,659.7076416015625,55.7958984375,101.63140869140625,-1,-1,-1,-1
320,7,1136.44189453125,649.6163940429688,59.6414794921875,108.51116943359375,-1,-1,-1,-1
321,7,1179.60546875,641.1907348632812,61.55517578125,105.38494873046875,-1,-1,-1,-1
322,7,1239.0474853515625,642.17138671875,62.956298828125,119.5238037109375,-1,-1,-1,-1
323,7,1292.4683837890625,648.4346923828125,74.06787109375,147.6514892578125,-1,-1,-1,-1
328,7,1295.692138671875,630.9490966796875,93.657958984375,197.63787841796875,-1,-1,-1,-1
329,7,1229.1910400390625,628.8139038085938,112.817138671875,207.3541259765625,-1,-1,-1,-1
330,7,1187.926025390625,633.293212890625,81.91455078125,154.691650390625,-1,-1,-1,-1
331,7,1160.815673828125,635.482666015625,60.89599609375,128.87274169921875,-1,-1,-1,-1
