1,1,703.8623046875,478.36688232421875,97.7572021484375,354.54510498046875,-1,-1,-1,-1
2,1,699.5060424804688,489.8321838378906,98.97076416015625,354.5683288574219,-1,-1,-1,-1
3,1,701.0731201171875,510.1322021484375,91.466552734375,357.7125244140625,-1,-1,-1,-1
4,1,705.377685546875,524.4498291015625,108.31982421875,357.52294921875,-1,-1,-1,-1
5,1,707.237060546875,523.3656616210938,124.3919677734375,359.53094482421875,-1,-1,-1,-1
6,1,711.7939453125,519.206787109375,132.53033447265625,363.77789306640625,-1,-1,-1,-1
7,1,718.4237670898438,525.0791015625,139.8583984375,366.75250244140625,-1,-1,-1,-1
8,1,726.5789794921875,525.0901489257812,151.4327392578125,366.68878173828125,-1,-1,-1,-1
9,1,736.5034790039062,535.8094482421875,159.1298828125,366.97711181640625,-1,-1,-1,-1
10,1,743.5673217773438,530.8024291992188,181.25006103515625,373.44122314453125,-1,-1,-1,-1
11,1,752.4231567382812,529.5784912109375,178.432373046875,379.73895263671875,-1,-1,-1,-1
12,1,755.6452026367188,525.5534057617188,181.1151123046875,386.84869384765625,-1,-1,-1,-1
13,1,759.479248046875,524.4467163085938,171.6856689453125,392.080078125,-1,-1,-1,-1
14,1,761.507568359375,527.318359375,161.31591796875,395.896240234375,-1,-1,-1,-1
15,1,760.3377075195312,528.9613647460938,161.871826171875,396.08758544921875,-1,-1,-1,-1
16,1,753.068115234375,532.191162109375,167.14520263671875,394.54205322265625,-1,-1,-1,-1
17,1,742.1807250976562,539.9367065429688,177.82061767578125,390.25628662109375,-1,-1,-1,-1
18,1,733.3973388671875,547.00048828125,192.730712890625,387.38909912109375,-1,-1,-1,-1
19,1,730.9683837890625,548.4113159179688,197.4700927734375,387.29425048828125,-1,-1,-1,-1
20,1,726.0180053710938,550.657958984375,198.64013671875,388.30096435546875,-1,-1,-1,-1
21,1,726.18310546875,551.3521118164062,205.08660888671875,388.482666015625,-1,-1,-1,-1
22,1,724.0718383789062,544.6761474609375,211.17657470703125,386.75262451171875,-1,-1,-1,-1
23,1,714.8233642578125,540.9376831054688,232.96112060546875,382.37701416015625,-1,-1,-1,-1
24,1,711.5176391601562,538.7315673828125,227.24322509765625,377.3260498046875,-1,-1,-1,-1
25,1,712.6737670898438,538.798828125,213.09088134765625,375.48101806640625,-1,-1,-1,-1
26,1,724.95703125,540.5985107421875,200.49267578125,376.57159423828125,-1,-1,-1,-1
27,1,730.6279907226562,547.1718139648438,191.3814697265625,376.6414794921875,-1,-1,-1,-1
28,1,732.3526611328125,545.6412353515625,180.7939453125,382.71307373046875,-1,-1,-1,-1
29,1,734.9429931640625,537.882080078125,169.128173828125,391.90283203125,-1,-1,-1,-1
30,1,742.438232421875,528.8178100585938,157.2694091796875,402.636962890625,-1,-1,-1,-1
31,1,748.482666015625,527.4844970703125,150.233154296875,413.2139892578125,-1,-1,-1,-1
32,1,757.303466796875,532.7379150390625,144.44781494140625,428.99578857421875,-1,-1,-1,-1
33,1,764.2320556640625,530.1012573242188,145.709228515625,448.8458251953125,-1,-1,-1,-1
34,1,767.6435546875,518.6497192382812,144.620849609375,462.44244384765625,-1,-1,-1,-1
35,1,763.6227416992188,501.42169189453125,148.33746337890625,474.77996826171875,-1,-1,-1,-1
36,1,759.2772216796875,481.40380859375,151.1278076171875,488.231689453125,-1,-1,-1,-1
37,1,755.5370483398438,468.3138427734375,157.14508056640625,498.928466796875,-1,-1,-1,-1
38,1,750.5723266601562,462.2659912109375,163.63201904296875,509.649658203125,-1,-1,-1,-1
39,1,745.3873291015625,456.32415771484375,165.37896728515625,516.036865234375,-1,-1,-1,-1
40,1,737.6945190429688,450.4034423828125,164.94256591796875,519.259521484375,-1,-1,-1,-1
41,1,732.8106689453125,451.16961669921875,165.2291259765625,520.8637084960938,-1,-1,-1,-1
42,1,727.9136962890625,457.5890808105469,167.297607421875,515.5478515625,-1,-1,-1,-1
43,1,722.045166015625,463.7235107421875,169.42791748046875,509.7464599609375,-1,-1,-1,-1
44,1,717.5383911132812,471.36865234375,171.545166015625,503.875244140625,-1,-1,-1,-1
45,1,717.9451904296875,477.3868103027344,170.47412109375,508.1976013183594,-1,-1,-1,-1
46,1,719.33349609375,476.95989990234375,168.6478271484375,520.3709716796875,-1,-1,-1,-1
47,1,721.1582641601562,472.3531799316406,169.004638671875,537.4461669921875,-1,-1,-1,-1
48,1,723.7105712890625,473.8100891113281,169.068359375,545.2420654296875,-1,-1,-1,-1
49,1,727.2235107421875,481.96685791015625,171.76788330078125,544.1810913085938,-1,-1,-1,-1
50,1,728.6253662109375,492.1175537109375,174.84466552734375,545.813720703125,-1,-1,-1,-1
51,1,731.5271606445312,493.64385986328125,182.24957275390625,556.6133422851562,-1,-1,-1,-1
52,1,725.760009765625,491.7961120605469,191.79266357421875,562.1083984375,-1,-1,-1,-1
53,1,713.7200317382812,492.42529296875,196.8551025390625,564.7303466796875,-1,-1,-1,-1
54,1,696.5504760742188,489.89373779296875,207.92388916015625,568.9926147460938,-1,-1,-1,-1
55,1,690.28271484375,486.3950500488281,213.88934326171875,573.810791015625,-1,-1,-1,-1
56,1,683.57958984375,481.0201110839844,221.761474609375,577.72412109375,-1,-1,-1,-1
57,1,673.0114135742188,471.4434814453125,234.31146240234375,582.350830078125,-1,-1,-1,-1
58,1,670.760009765625,464.0369567871094,239.02874755859375,586.2728271484375,-1,-1,-1,-1
59,1,678.5870361328125,458.7401428222656,239.7061767578125,592.798583984375,-1,-1,-1,-1
60,1,687.0772094726562,456.0363464355469,236.32098388671875,595.8214111328125,-1,-1,-1,-1
61,1,710.6533203125,452.5572204589844,211.7572021484375,596.3701171875,-1,-1,-1,-1
62,1,726.345703125,445.33648681640625,196.64630126953125,599.6680297851562,-1,-1,-1,-1
63,1,735.7191162109375,438.7125549316406,184.98248291015625,610.77392578125,-1,-1,-1,-1
64,1,733.6270141601562,428.5157470703125,185.10882568359375,635.7103271484375,-1,-1,-1,-1
65,1,734.3899536132812,411.7242736816406,177.18280029296875,671.8680419921875,-1,-1,-1,-1
66,1,741.99853515625,351.23870849609375,174.4747314453125,753.8637084960938,-1,-1,-1,-1
67,1,742.413330078125,330.5084228515625,194.00103759765625,776.8343505859375,-1,-1,-1,-1
68,1,742.778564453125,381.1783142089844,209.1495361328125,719.3016357421875,-1,-1,-1,-1
69,1,739.506591796875,380.16815185546875,220.664794921875,720.6133422851562,-1,-1,-1,-1
70,1,737.6576538085938,373.3832092285156,228.25433349609375,728.361328125,-1,-1,-1,-1
71,1,736.8767700195312,370.5888671875,232.39093017578125,727.4683837890625,-1,-1,-1,-1
72,1,735.2797241210938,376.372802734375,233.110107421875,715.87451171875,-1,-1,-1,-1
73,1,734.2158813476562,388.9468078613281,223.66778564453125,702.82470703125,-1,-1,-1,-1
74,1,734.3275146484375,405.891845703125,214.62738037109375,684.7666015625,-1,-1,-1,-1
75,1,733.0608520507812,422.1002502441406,194.30633544921875,668.6722412109375,-1,-1,-1,-1
76,1,735.1295776367188,440.45733642578125,180.047607421875,652.9291381835938,-1,-1,-1,-1
77,1,738.4110717773438,455.6235656738281,176.02044677734375,639.5228271484375,-1,-1,-1,-1
78,1,734.8184814453125,470.5035095214844,178.1171875,629.0457763671875,-1,-1,-1,-1
79,1,731.48291015625,483.415283203125,178.31610107421875,619.4639892578125,-1,-1,-1,-1
80,1,728.4901123046875,494.08135986328125,181.449951171875,614.2417602539062,-1,-1,-1,-1
81,1,724.5008544921875,503.1136779785156,189.1776123046875,617.861572265625,-1,-1,-1,-1
82,1,712.1846923828125,505.0032043457031,208.9541015625,635.703857421875,-1,-1,-1,-1
83,1,698.1715087890625,503.614013671875,219.197998046875,665.292724609375,-1,-1,-1,-1
84,1,695.3175048828125,503.0262451171875,224.51519775390625,689.7225341796875,-1,-1,-1,-1
85,1,693.8009033203125,497.32476806640625,229.8720703125,707.0682983398438,-1,-1,-1,-1
86,1,692.845703125,491.0417175292969,234.76812744140625,721.7763671875,-1,-1,-1,-1
87,1,695.89794921875,484.5935974121094,238.11529541015625,732.8834228515625,-1,-1,-1,-1
88,1,692.2935791015625,478.5455017089844,242.90570068359375,740.685302734375,-1,-1,-1,-1
89,1,686.0596923828125,458.7402648925781,247.853759765625,753.6114501953125,-1,-1,-1,-1
90,1,667.1699829101562,415.05877685546875,262.765625,780.7791137695312,-1,-1,-1,-1
91,1,647.3843383789062,388.70855712890625,279.99261474609375,801.3088989257812,-1,-1,-1,-1
92,1,646.2787475585938,371.45458984375,302.677734375,813.53515625,-1,-1,-1,-1
93,1,649.09228515625,362.9638366699219,310.0631103515625,804.10107421875,-1,-1,-1,-1
94,1,636.0418090820312,386.0090637207031,317.3485107421875,777.8150634765625,-1,-1,-1,-1
95,1,648.3711547851562,433.5466003417969,292.67401123046875,754.6092529296875,-1,-1,-1,-1
96,1,663.7651977539062,441.2759094238281,268.2021484375,774.2650146484375,-1,-1,-1,-1
97,1,674.6385498046875,488.13287353515625,254.44464111328125,744.3883666992188,-1,-1,-1,-1
98,1,679.3583984375,591.2807006835938,250.511474609375,666.3847045898438,-1,-1,-1,-1
99,1,676.7366333007812,655.304931640625,284.0660400390625,611.710205078125,-1,-1,-1,-1
100,1,689.8837280273438,680.1829223632812,227.69744873046875,590.5658569335938,-1,-1,-1,-1
101,1,701.6202392578125,700.1407470703125,202.424560546875,574.685546875,-1,-1,-1,-1
102,1,710.0792236328125,711.0093383789062,174.5831298828125,441.27337646484375,-1,-1,-1,-1
103,1,707.43115234375,716.9658813476562,165.85247802734375,436.08758544921875,-1,-1,-1,-1
104,1,697.143798828125,698.7736206054688,160.957275390625,507.34600830078125,-1,-1,-1,-1
105,1,687.9869384765625,663.013427734375,154.81280517578125,494.3009033203125,-1,-1,-1,-1
106,1,686.1089477539062,624.0534057617188,156.44549560546875,485.61065673828125,-1,-1,-1,-1
107,1,688.0165405273438,590.0467529296875,158.37420654296875,486.6519775390625,-1,-1,-1,-1
108,1,687.5255126953125,570.2457885742188,162.710205078125,494.40484619140625,-1,-1,-1,-1
109,1,686.7403564453125,563.4917602539062,168.39788818359375,509.46197509765625,-1,-1,-1,-1
110,1,688.40625,555.1258544921875,175.83697509765625,527.5428466796875,-1,-1,-1,-1
111,1,688.7012329101562,549.6331176757812,185.29083251953125,540.5140991210938,-1,-1,-1,-1
112,1,694.1538696289062,548.305908203125,191.74505615234375,549.92578125,-1,-1,-1,-1
113,1,700.639404296875,532.00390625,199.24542236328125,564.3734130859375,-1,-1,-1,-1
114,1,710.634521484375,503.88519287109375,205.08648681640625,581.9100952148438,-1,-1,-1,-1
115,1,716.39697265625,474.9559631347656,223.8394775390625,611.6748046875,-1,-1,-1,-1
116,1,726.5693359375,414.528564453125,239.3912353515625,659.0211181640625,-1,-1,-1,-1
117,1,721.5643920898438,345.4648132324219,261.3956298828125,600.1181640625,-1,-1,-1,-1
118,1,712.2339477539062,246.25735473632812,296.9566650390625,775.5909423828125,-1,-1,-1,-1
119,1,729.9120483398438,203.75857543945312,303.95220947265625,814.8848876953125,-1,-1,-1,-1
120,1,726.8292236328125,169.26461791992188,304.7564697265625,835.8067626953125,-1,-1,-1,-1
121,1,722.7747192382812,227.25123596191406,291.9002685546875,809.217529296875,-1,-1,-1,-1
122,1,731.2159423828125,344.4148864746094,279.70843505859375,700.4276123046875,-1,-1,-1,-1
123,1,741.1499633789062,448.6322021484375,248.3848876953125,568.8746337890625,-1,-1,-1,-1
124,1,743.7041015625,523.09130859375,223.43597412109375,467.0445556640625,-1,-1,-1,-1
125,1,744.0650634765625,565.109130859375,208.97430419921875,408.3447265625,-1,-1,-1,-1
126,1,746.911376953125,578.69873046875,204.1024169921875,396.0650634765625,-1,-1,-1,-1
127,1,748.9736328125,585.8766479492188,194.64892578125,400.6822509765625,-1,-1,-1,-1
128,1,744.989990234375,592.3078002929688,183.74139404296875,394.06976318359375,-1,-1,-1,-1
129,1,733.6212158203125,598.8631591796875,185.78863525390625,391.0135498046875,-1,-1,-1,-1
130,1,720.2897338867188,619.8784790039062,195.91278076171875,432.60125732421875,-1,-1,-1,-1
131,1,704.594970703125,638.1226806640625,213.42340087890625,490.0867919921875,-1,-1,-1,-1
132,1,687.6339721679688,660.5755004882812,278.93597412109375,543.1117553710938,-1,-1,-1,-1
133,1,668.7141723632812,669.6581420898438,308.30828857421875,576.8942260742188,-1,-1,-1,-1
134,1,653.2747802734375,682.6502685546875,282.74676513671875,602.1636962890625,-1,-1,-1,-1
135,1,640.2564697265625,707.3426513671875,266.5364990234375,625.5240478515625,-1,-1,-1,-1
136,1,648.1790771484375,733.7127685546875,250.07421875,588.5201416015625,-1,-1,-1,-1
137,1,686.6268920898438,747.4569702148438,226.3692626953125,554.2326049804688,-1,-1,-1,-1
138,1,707.7161865234375,751.076416015625,223.8887939453125,541.4398193359375,-1,-1,-1,-1
139,1,721.923828125,733.0111083984375,255.5357666015625,550.1002197265625,-1,-1,-1,-1
140,1,726.2494506835938,653.6561279296875,242.70526123046875,554.9951171875,-1,-1,-1,-1
141,1,721.3795776367188,603.6470947265625,205.4296875,566.5452880859375,-1,-1,-1,-1
142,1,728.71240234375,574.8400268554688,205.2059326171875,583.7957153320312,-1,-1,-1,-1
143,1,731.4400634765625,549.184326171875,221.2479248046875,586.028564453125,-1,-1,-1,-1
144,1,736.5032958984375,553.4909057617188,222.3956298828125,597.1199340820312,-1,-1,-1,-1
145,1,748.8599853515625,571.7359008789062,224.9727783203125,498.06182861328125,-1,-1,-1,-1
146,1,752.6592407226562,606.3157958984375,222.6448974609375,540.9129638671875,-1,-1,-1,-1
147,1,754.7945556640625,608.6583862304688,218.32989501953125,502.51190185546875,-1,-1,-1,-1
148,1,757.0997924804688,606.0970458984375,208.93182373046875,465.320068359375,-1,-1,-1,-1
149,1,753.21337890625,592.9362182617188,193.12152099609375,436.78485107421875,-1,-1,-1,-1
150,1,745.7922973632812,586.1473388671875,183.64654541015625,410.82489013671875,-1,-1,-1,-1
151,1,746.8187255859375,578.9686279296875,174.2535400390625,386.3978271484375,-1,-1,-1,-1
152,1,746.7413940429688,569.5822143554688,164.76666259765625,369.99127197265625,-1,-1,-1,-1
153,1,745.4447021484375,559.1632080078125,155.3751220703125,366.72283935546875,-1,-1,-1,-1
154,1,745.0166625976562,552.8775634765625,141.28997802734375,362.09912109375,-1,-1,-1,-1
155,1,744.8264770507812,543.5501098632812,133.24945068359375,359.4520263671875,-1,-1,-1,-1
156,1,736.219482421875,539.4278564453125,124.9859619140625,351.479736328125,-1,-1,-1,-1
157,1,728.6448364257812,531.73974609375,120.35894775390625,342.460693359375,-1,-1,-1,-1
158,1,724.3948364257812,520.1874389648438,118.73016357421875,333.84771728515625,-1,-1,-1,-1
159,1,719.3090209960938,508.5396728515625,118.57879638671875,332.326904296875,-1,-1,-1,-1
160,1,713.1927490234375,496.3531799316406,117.70703125,335.3130187988281,-1,-1,-1,-1
161,1,707.591552734375,488.4864807128906,117.66754150390625,340.7732238769531,-1,-1,-1,-1
162,1,703.5198364257812,487.51513671875,118.0562744140625,343.456298828125,-1,-1,-1,-1
163,1,697.8106079101562,493.9880676269531,125.97845458984375,344.5956726074219,-1,-1,-1,-1
164,1,691.5322875976562,496.2735900878906,135.5843505859375,347.5891418457031,-1,-1,-1,-1
165,1,683.3367309570312,491.0690002441406,152.54296875,352.7646179199219,-1,-1,-1,-1
166,1,677.4427490234375,500.9065856933594,162.92572021484375,359.3022155761719,-1,-1,-1,-1
167,1,677.76123046875,517.8567504882812,161.9058837890625,368.6903076171875,-1,-1,-1,-1
168,1,682.9154052734375,526.397705078125,169.67718505859375,378.2969970703125,-1,-1,-1,-1
169,1,685.7864990234375,520.5619506835938,169.49591064453125,386.23260498046875,-1,-1,-1,-1
170,1,687.356689453125,519.23193359375,170.64300537109375,406.4639892578125,-1,-1,-1,-1
171,1,687.9170532226562,512.4432373046875,172.6883544921875,432.09527587890625,-1,-1,-1,-1
172,1,687.4331665039062,509.3694152832031,171.4283447265625,453.3971252441406,-1,-1,-1,-1
173,1,690.0335083007812,509.459716796875,168.8685302734375,469.808837890625,-1,-1,-1,-1
174,1,691.42919921875,507.2146301269531,170.52191162109375,487.5758361816406,-1,-1,-1,-1
175,1,689.8770141601562,505.31719970703125,167.75396728515625,502.78033447265625,-1,-1,-1,-1
176,1,681.02001953125,502.72039794921875,172.9439697265625,505.7158203125,-1,-1,-1,-1
177,1,672.1534423828125,497.9648132324219,184.14013671875,508.1841735839844,-1,-1,-1,-1
178,1,667.9196166992188,494.351318359375,192.15960693359375,514.6998291015625,-1,-1,-1,-1
179,1,663.2838745117188,496.4526062011719,190.17144775390625,521.3507080078125,-1,-1,-1,-1
180,1,663.2636108398438,500.4211730957031,174.3280029296875,526.1197509765625,-1,-1,-1,-1
181,1,664.1031494140625,507.67205810546875,174.90142822265625,524.3633422851562,-1,-1,-1,-1
182,1,672.1942138671875,516.002197265625,173.32867431640625,516.5308837890625,-1,-1,-1,-1
183,1,680.7020263671875,517.2144165039062,173.587158203125,505.44171142578125,-1,-1,-1,-1
184,1,691.2031860351562,513.6361694335938,169.5223388671875,493.639404296875,-1,-1,-1,-1
185,1,702.15234375,506.7677917480469,167.3642578125,480.0155944824219,-1,-1,-1,-1
186,1,711.76513671875,502.7637939453125,169.83746337890625,468.62939453125,-1,-1,-1,-1
187,1,718.663818359375,497.7777404785156,175.59442138671875,453.3476257324219,-1,-1,-1,-1
188,1,721.0439453125,488.7509460449219,175.08453369140625,441.8073425292969,-1,-1,-1,-1
189,1,720.2941284179688,475.1641845703125,167.57623291015625,435.46240234375,-1,-1,-1,-1
190,1,717.552490234375,450.9674072265625,169.56591796875,438.30865478515625,-1,-1,-1,-1
191,1,717.7518920898438,417.376708984375,168.85137939453125,433.8768310546875,-1,-1,-1,-1
192,1,719.8358764648438,391.4933166503906,168.827392578125,426.5862731933594,-1,-1,-1,-1
193,1,711.341552734375,381.9888916015625,171.9224853515625,415.65667724609375,-1,-1,-1,-1
194,1,689.3911743164062,381.531494140625,188.16217041015625,415.88543701171875,-1,-1,-1,-1
195,1,666.9432983398438,389.9863586425781,201.755615234375,418.2194519042969,-1,-1,-1,-1
196,1,656.5687866210938,396.4950256347656,198.611083984375,412.9978332519531,-1,-1,-1,-1
197,1,655.6459350585938,399.6335144042969,195.064697265625,402.8109436035156,-1,-1,-1,-1
198,1,657.74609375,405.5732727050781,193.34375,394.6902770996094,-1,-1,-1,-1
199,1,657.3795166015625,414.4590759277344,202.7158203125,389.7114562988281,-1,-1,-1,-1
200,1,655.2491455078125,412.8457336425781,212.47723388671875,397.5246887207031,-1,-1,-1,-1
201,1,655.0093994140625,405.039306640625,226.03875732421875,414.2137451171875,-1,-1,-1,-1
202,1,647.65380859375,398.32305908203125,247.3778076171875,439.582763671875,-1,-1,-1,-1
203,1,647.2887573242188,401.2204284667969,246.1630859375,449.3414001464844,-1,-1,-1,-1
204,1,660.4227905273438,410.00433349609375,235.11407470703125,459.40020751953125,-1,-1,-1,-1
205,1,662.6416015625,425.01898193359375,236.6151123046875,465.41937255859375,-1,-1,-1,-1
206,1,660.7731323242188,440.0375671386719,236.98394775390625,459.7475280761719,-1,-1,-1,-1
207,1,652.6993408203125,457.78936767578125,246.818115234375,447.92706298828125,-1,-1,-1,-1
208,1,636.740966796875,460.774658203125,267.0311279296875,449.5206298828125,-1,-1,-1,-1
209,1,628.9468383789062,449.033935546875,281.615966796875,461.890380859375,-1,-1,-1,-1
210,1,620.9519653320312,431.7703552246094,293.37823486328125,484.2448425292969,-1,-1,-1,-1
211,1,645.9341430664062,416.26568603515625,258.54248046875,508.83941650390625,-1,-1,-1,-1
212,1,671.6715087890625,408.65814208984375,226.72796630859375,529.3046264648438,-1,-1,-1,-1
213,1,673.35986328125,410.7200012207031,215.82147216796875,538.43896484375,-1,-1,-1,-1
214,1,669.0828247070312,423.88433837890625,214.567626953125,539.0468139648438,-1,-1,-1,-1
215,1,666.38916015625,446.990966796875,207.71392822265625,530.952392578125,-1,-1,-1,-1
216,1,663.0287475585938,475.8926696777344,228.34552001953125,512.9308166503906,-1,-1,-1,-1
217,1,654.2174682617188,506.4259948730469,248.70343017578125,489.5227355957031,-1,-1,-1,-1
218,1,650.1641845703125,523.896484375,246.2562255859375,460.711181640625,-1,-1,-1,-1
219,1,648.5287475585938,526.64013671875,234.03582763671875,442.725830078125,-1,-1,-1,-1
220,1,654.1576538085938,517.3663330078125,219.62384033203125,445.62054443359375,-1,-1,-1,-1
221,1,659.190673828125,501.8016357421875,206.4349365234375,458.9215087890625,-1,-1,-1,-1
222,1,662.23779296875,488.02154541015625,198.455322265625,477.0614013671875,-1,-1,-1,-1
223,1,664.8265380859375,479.93218994140625,195.78851318359375,494.30224609375,-1,-1,-1,-1
224,1,666.3862915039062,473.6388854980469,189.87615966796875,506.6161193847656,-1,-1,-1,-1
225,1,667.8364868164062,477.6065979003906,188.7188720703125,507.1537780761719,-1,-1,-1,-1
226,1,671.6493530273438,488.1722106933594,190.795166015625,504.7809143066406,-1,-1,-1,-1
227,1,674.8704833984375,502.78192138671875,191.51776123046875,493.8502197265625,-1,-1,-1,-1
228,1,676.0806884765625,514.12744140625,194.68548583984375,481.14453125,-1,-1,-1,-1
229,1,675.7822265625,519.2422485351562,201.65118408203125,479.92999267578125,-1,-1,-1,-1
230,1,675.3195190429688,519.1597900390625,201.33843994140625,493.1500244140625,-1,-1,-1,-1
231,1,671.8983154296875,510.4510498046875,207.2259521484375,515.2847900390625,-1,-1,-1,-1
232,1,666.6502075195312,479.2187805175781,210.3558349609375,541.775634765625,-1,-1,-1,-1
233,1,661.7948608398438,460.35821533203125,219.9205322265625,568.6057739257812,-1,-1,-1,-1
234,1,658.4136352539062,454.7472229003906,232.66717529296875,597.78271484375,-1,-1,-1,-1
235,1,660.6304321289062,453.68988037109375,241.41534423828125,619.6203002929688,-1,-1,-1,-1
236,1,661.4921264648438,467.40185546875,249.81353759765625,613.2369384765625,-1,-1,-1,-1
237,1,663.4533081054688,480.834716796875,258.28802490234375,599.326904296875,-1,-1,-1,-1
238,1,668.122802734375,483.2300109863281,266.42388916015625,609.584228515625,-1,-1,-1,-1
239,1,676.5496826171875,475.5240783691406,269.1998291015625,635.5360107421875,-1,-1,-1,-1
240,1,685.2842407226562,419.0439758300781,269.01556396484375,649.59423828125,-1,-1,-1,-1
241,1,689.4467163085938,410.0347900390625,262.171875,644.8984375,-1,-1,-1,-1
242,1,688.6602783203125,427.2939758300781,263.08251953125,618.8695068359375,-1,-1,-1,-1
243,1,687.5477294921875,456.025390625,267.6734619140625,618.0836181640625,-1,-1,-1,-1
244,1,686.03955078125,504.504150390625,272.26513671875,604.5269775390625,-1,-1,-1,-1
245,1,687.4270629882812,560.379638671875,273.50518798828125,570.646728515625,-1,-1,-1,-1
246,1,685.1165771484375,596.1753540039062,269.41485595703125,550.4085083007812,-1,-1,-1,-1
247,1,679.791259765625,608.0143432617188,267.2056884765625,544.2340698242188,-1,-1,-1,-1
248,1,675.7830200195312,601.4277954101562,253.64715576171875,544.6231079101562,-1,-1,-1,-1
249,1,674.66943359375,569.46337890625,241.34771728515625,566.765380859375,-1,-1,-1,-1
250,1,673.697998046875,547.4860229492188,234.13385009765625,584.1366577148438,-1,-1,-1,-1
251,1,677.6256103515625,536.7874145507812,230.9774169921875,593.1110229492188,-1,-1,-1,-1
252,1,676.838623046875,538.9119873046875,236.890869140625,603.8779296875,-1,-1,-1,-1
253,1,674.2391357421875,542.4020385742188,243.56951904296875,621.8255004882812,-1,-1,-1,-1
254,1,672.4962158203125,546.5831298828125,249.17340087890625,638.73681640625,-1,-1,-1,-1
255,1,674.5930786132812,566.0330200195312,268.115234375,638.7230834960938,-1,-1,-1,-1
256,1,677.118896484375,590.1277465820312,276.2130126953125,619.5863647460938,-1,-1,-1,-1
257,1,674.5530395507812,599.7898559570312,284.27532958984375,610.6806030273438,-1,-1,-1,-1
258,1,671.1773071289062,583.314208984375,279.3878173828125,605.193603515625,-1,-1,-1,-1
259,1,656.7633666992188,569.6676025390625,284.76422119140625,595.4876708984375,-1,-1,-1,-1
260,1,655.0569458007812,549.1834106445312,285.841064453125,580.6213989257812,-1,-1,-1,-1
261,1,681.3484497070312,528.4490356445312,278.92120361328125,555.8529663085938,-1,-1,-1,-1
262,1,689.5667724609375,538.0543823242188,279.20989990234375,520.3881225585938,-1,-1,-1,-1
263,1,683.70068359375,566.239990234375,277.13348388671875,485.619873046875,-1,-1,-1,-1
264,1,681.1161499023438,591.37548828125,284.7347412109375,463.9119873046875,-1,-1,-1,-1
265,1,677.82958984375,631.6728515625,289.40032958984375,448.33447265625,-1,-1,-1,-1
266,1,684.8528442382812,679.5579833984375,290.9481201171875,456.3460693359375,-1,-1,-1,-1
267,1,694.9457397460938,688.8673706054688,284.70855712890625,468.24468994140625,-1,-1,-1,-1
268,1,702.0100708007812,667.7543334960938,268.46282958984375,483.60870361328125,-1,-1,-1,-1
269,1,706.7318115234375,643.8370361328125,243.6619873046875,489.76904296875,-1,-1,-1,-1
270,1,706.2359619140625,618.7523193359375,223.5611572265625,503.0406494140625,-1,-1,-1,-1
271,1,704.756103515625,598.98046875,210.97637939453125,516.2999267578125,-1,-1,-1,-1
272,1,705.0316162109375,580.13232421875,197.78497314453125,525.7518310546875,-1,-1,-1,-1
273,1,697.949951171875,570.0188598632812,190.2581787109375,518.3742065429688,-1,-1,-1,-1
274,1,693.6372680664062,571.9285278320312,195.12158203125,507.82525634765625,-1,-1,-1,-1
275,1,688.78125,573.2227172851562,196.5870361328125,501.30181884765625,-1,-1,-1,-1
276,1,681.3348999023438,557.933837890625,197.74493408203125,511.2332763671875,-1,-1,-1,-1
277,1,679.4623413085938,541.1104736328125,198.6351318359375,528.06591796875,-1,-1,-1,-1
278,1,677.9754028320312,526.9719848632812,206.28564453125,550.6384887695312,-1,-1,-1,-1
279,1,674.6785888671875,526.3981323242188,219.14312744140625,570.3026733398438,-1,-1,-1,-1
280,1,676.8289794921875,524.7556762695312,227.40533447265625,582.6951293945312,-1,-1,-1,-1
281,1,675.392578125,506.5323791503906,227.86712646484375,589.5750732421875,-1,-1,-1,-1
282,1,672.8968505859375,528.3603515625,230.609375,603.8114013671875,-1,-1,-1,-1
283,1,670.2825317382812,540.6575927734375,230.81396484375,620.5150146484375,-1,-1,-1,-1
284,1,674.9673461914062,535.6901245117188,232.72760009765625,612.9356079101562,-1,-1,-1,-1
285,1,673.6146240234375,527.7047119140625,230.40625,619.8409423828125,-1,-1,-1,-1
286,1,677.4837036132812,506.1412048339844,225.637451171875,630.5682373046875,-1,-1,-1,-1
287,1,686.4775390625,492.54547119140625,218.26629638671875,641.7011108398438,-1,-1,-1,-1
288,1,693.83203125,494.3296813964844,216.6680908203125,642.230224609375,-1,-1,-1,-1
289,1,702.7164306640625,466.5804138183594,219.35125732421875,637.997802734375,-1,-1,-1,-1
290,1,703.099365234375,469.63983154296875,224.91839599609375,639.8444213867188,-1,-1,-1,-1
291,1,705.8681640625,488.94085693359375,236.8590087890625,637.3650512695312,-1,-1,-1,-1
292,1,706.9515380859375,504.0262451171875,246.107666015625,605.2874755859375,-1,-1,-1,-1
293,1,700.7398681640625,523.5828857421875,238.03057861328125,586.4329833984375,-1,-1,-1,-1
294,1,695.48681640625,531.2337036132812,226.6092529296875,583.8466186523438,-1,-1,-1,-1
295,1,694.8579711914062,534.004150390625,218.08282470703125,591.307861328125,-1,-1,-1,-1
296,1,695.921875,524.8036499023438,209.93499755859375,596.1039428710938,-1,-1,-1,-1
297,1,691.523193359375,519.194580078125,210.1407470703125,591.04833984375,-1,-1,-1,-1
298,1,685.095947265625,525.3982543945312,215.0107421875,573.9114379882812,-1,-1,-1,-1
299,1,678.4697875976562,537.8500366210938,223.66778564453125,552.6384887695312,-1,-1,-1,-1
300,1,672.3629150390625,549.6598510742188,232.3485107421875,536.3677368164062,-1,-1,-1,-1
301,1,666.8094482421875,535.5835571289062,232.52783203125,520.0198364257812,-1,-1,-1,-1
302,1,664.2747192382812,533.296630859375,236.1134033203125,509.095703125,-1,-1,-1,-1
303,1,674.2293701171875,544.2173461914062,233.1361083984375,515.3060913085938,-1,-1,-1,-1
304,1,686.3197021484375,540.379638671875,225.43212890625,539.2919921875,-1,-1,-1,-1
305,1,687.00732421875,526.7015991210938,223.36907958984375,563.4179077148438,-1,-1,-1,-1
306,1,687.8670654296875,529.9989624023438,226.46087646484375,589.8607788085938,-1,-1,-1,-1
307,1,689.8331909179688,546.6767578125,232.69244384765625,601.2086181640625,-1,-1,-1,-1
308,1,689.3203735351562,559.7674560546875,242.38714599609375,592.0714111328125,-1,-1,-1,-1
309,1,691.024658203125,578.0409545898438,246.59161376953125,580.9472045898438,-1,-1,-1,-1
310,1,690.1198120117188,583.726806640625,238.89599609375,581.48388671875,-1,-1,-1,-1
311,1,695.3231201171875,578.6143188476562,232.74542236328125,590.4585571289062,-1,-1,-1,-1
312,1,695.4749755859375,564.2728881835938,228.97283935546875,603.2655639648438,-1,-1,-1,-1
313,1,693.0477905273438,551.1787719726562,232.52154541015625,616.9318237304688,-1,-1,-1,-1
314,1,691.9133911132812,543.427001953125,249.36553955078125,669.0892333984375,-1,-1,-1,-1
315,1,694.4232788085938,547.112060546875,264.55169677734375,734.905517578125,-1,-1,-1,-1
316,1,688.2239379882812,575.6080322265625,288.500244140625,791.108642578125,-1,-1,-1,-1
317,1,671.6589965820312,594.879150390625,308.61614990234375,796.7491455078125,-1,-1,-1,-1
318,1,653.267578125,606.4817504882812,392.8431396484375,792.9004516601562,-1,-1,-1,-1
319,1,625.4120483398438,611.3924560546875,526.9170532226562,755.3062744140625,-1,-1,-1,-1
320,1,589.3583984375,603.2333374023438,508.1585693359375,706.9237670898438,-1,-1,-1,-1
321,1,555.4597778320312,591.4100952148438,485.47650146484375,653.6795043945312,-1,-1,-1,-1
322,1,537.2723999023438,616.3880615234375,430.08575439453125,616.3907470703125,-1,-1,-1,-1
323,1,667.6287841796875,602.2634887695312,243.3756103515625,575.6464233398438,-1,-1,-1,-1
324,1,699.6805419921875,566.6338500976562,297.5247802734375,543.0957641601562,-1,-1,-1,-1
325,1,698.4109497070312,551.1258544921875,433.41400146484375,531.488525390625,-1,-1,-1,-1
326,1,674.4118041992188,550.392822265625,405.79327392578125,525.190185546875,-1,-1,-1,-1
327,1,649.221435546875,535.6218872070312,341.93524169921875,516.6785278320312,-1,-1,-1,-1
328,1,628.0396118164062,529.4412841796875,307.73480224609375,512.632568359375,-1,-1,-1,-1
329,1,614.6611328125,528.634521484375,302.92041015625,513.7952880859375,-1,-1,-1,-1
330,1,605.2274169921875,508.72613525390625,298.44342041015625,519.6764526367188,-1,-1,-1,-1
331,1,600.95458984375,475.3744201660156,297.1168212890625,527.0213623046875,-1,-1,-1,-1
332,1,613.7965087890625,450.8902893066406,282.8074951171875,536.0361328125,-1,-1,-1,-1
333,1,672.5421142578125,408.089111328125,265.84429931640625,553.7886962890625,-1,-1,-1,-1
334,1,774.024169921875,364.5728759765625,290.350341796875,575.0394897460938,-1,-1,-1,-1
335,1,845.5745849609375,313.271484375,329.51171875,583.1903686523438,-1,-1,-1,-1
336,1,817.919677734375,278.4847717285156,303.7666015625,559.129150390625,-1,-1,-1,-1
337,1,687.3561401367188,266.8046569824219,252.35540771484375,517.3616943359375,-1,-1,-1,-1
338,1,710.20263671875,245.93360900878906,307.07012939453125,510.860107421875,-1,-1,-1,-1
341,1,922.3605346679688,622.7147827148438,83.96258544921875,158.239990234375,-1,-1,-1,-1
342,1,847.5626831054688,630.8817138671875,74.35870361328125,95.044189453125,-1,-1,-1,-1
1,2,1113.7379150390625,488.8132629394531,151.6678466796875,335.5779724121094,-1,-1,-1,-1
2,2,1123.8018798828125,493.4964294433594,149.7528076171875,337.0072937011719,-1,-1,-1,-1
3,2,1137.3929443359375,504.8435363769531,150.4852294921875,344.5620422363281,-1,-1,-1,-1
4,2,1147.5313720703125,514.9273681640625,156.8753662109375,351.3924560546875,-1,-1,-1,-1
5,2,1153.810302734375,514.9342651367188,168.579833984375,358.0469970703125,-1,-1,-1,-1
6,2,1163.2620849609375,516.9166259765625,178.8145751953125,367.296875,-1,-1,-1,-1
7,2,1179.75244140625,526.0285034179688,187.9730224609375,377.62298583984375,-1,-1,-1,-1
8,2,1177.3365478515625,527.8418579101562,215.461181640625,389.11322021484375,-1,-1,-1,-1
9,2,1190.059814453125,539.2749633789062,218.27099609375,399.14141845703125,-1,-1,-1,-1
10,2,1212.555908203125,530.4854736328125,194.686767578125,410.47955322265625,-1,-1,-1,-1
11,2,1232.0887451171875,524.2391357421875,175.9705810546875,419.3746337890625,-1,-1,-1,-1
12,2,1249.6678466796875,519.7559204101562,160.4373779296875,385.20172119140625,-1,-1,-1,-1
13,2,1253.3369140625,508.79193115234375,156.8646240234375,387.82049560546875,-1,-1,-1,-1
14,2,1257.458251953125,504.08935546875,151.694580078125,387.078369140625,-1,-1,-1,-1
15,2,1255.1209716796875,508.8382873535156,154.6568603515625,376.7620544433594,-1,-1,-1,-1
16,2,1247.7781982421875,509.27978515625,161.376220703125,380.15655517578125,-1,-1,-1,-1
17,2,1241.7425537109375,511.19549560546875,165.5518798828125,378.54193115234375,-1,-1,-1,-1
18,2,1237.5013427734375,511.2656555175781,169.84326171875,380.7323913574219,-1,-1,-1,-1
19,2,1231.557373046875,514.0045166015625,176.3389892578125,386.8648681640625,-1,-1,-1,-1
20,2,1225.5391845703125,518.2146606445312,181.9697265625,402.14990234375,-1,-1,-1,-1
21,2,1223.9881591796875,525.329833984375,182.4849853515625,414.2205810546875,-1,-1,-1,-1
22,2,1215.262939453125,520.31982421875,186.9923095703125,435.03472900390625,-1,-1,-1,-1
23,2,1209.4263916015625,513.7939453125,181.2847900390625,444.0240478515625,-1,-1,-1,-1
24,2,1206.301025390625,512.2607727050781,177.438232421875,439.8850402832031,-1,-1,-1,-1
25,2,1209.3363037109375,511.5826416015625,171.2830810546875,437.0478515625,-1,-1,-1,-1
26,2,1212.868408203125,523.982177734375,170.71826171875,433.25811767578125,-1,-1,-1,-1
27,2,1216.99853515625,543.4913940429688,175.7646484375,427.32232666015625,-1,-1,-1,-1
28,2,1225.0584716796875,547.3887329101562,174.9847412109375,421.3341064453125,-1,-1,-1,-1
29,2,1231.284423828125,542.123291015625,172.1842041015625,422.65869140625,-1,-1,-1,-1
30,2,1239.70947265625,540.0474243164062,167.7509765625,430.1082763671875,-1,-1,-1,-1
31,2,1245.7750244140625,541.3668823242188,162.1514892578125,437.93389892578125,-1,-1,-1,-1
32,2,1253.0208740234375,550.420654296875,154.572509765625,445.76318359375,-1,-1,-1,-1
33,2,1257.1422119140625,559.3430786132812,150.9375,428.837158203125,-1,-1,-1,-1
34,2,1257.618408203125,546.4395751953125,150.7598876953125,399.42022705078125,-1,-1,-1,-1
35,2,1256.61279296875,531.0282592773438,151.819580078125,393.2796630859375,-1,-1,-1,-1
36,2,1258.41455078125,509.5278015136719,149.7139892578125,434.8554382324219,-1,-1,-1,-1
37,2,1270.98046875,490.341064453125,137.218994140625,406.230224609375,-1,-1,-1,-1
38,2,1278.378662109375,479.6825256347656,129.65478515625,425.6067199707031,-1,-1,-1,-1
39,2,1281.12109375,468.6661682128906,127.376708984375,453.0624694824219,-1,-1,-1,-1
40,2,1278.7291259765625,452.39306640625,129.2108154296875,485.24139404296875,-1,-1,-1,-1
41,2,1276.2900390625,440.7286376953125,130.800048828125,462.72821044921875,-1,-1,-1,-1
42,2,1269.903564453125,436.66485595703125,137.2877197265625,473.66424560546875,-1,-1,-1,-1
43,2,1265.68017578125,436.96246337890625,142.21728515625,463.63726806640625,-1,-1,-1,-1
44,2,1259.402099609375,437.41229248046875,148.5958251953125,453.1907958984375,-1,-1,-1,-1
45,2,1257.5361328125,438.450927734375,149.9432373046875,442.630615234375,-1,-1,-1,-1
46,2,1257.7852783203125,437.8968505859375,149.346435546875,432.205078125,-1,-1,-1,-1
47,2,1258.354248046875,436.418701171875,148.8304443359375,424.4185791015625,-1,-1,-1,-1
48,2,1260.383056640625,441.1317138671875,146.5185546875,415.5709228515625,-1,-1,-1,-1
49,2,1262.021240234375,448.9934387207031,144.3038330078125,408.1412658691406,-1,-1,-1,-1
50,2,1264.1043701171875,456.9244384765625,142.3385009765625,403.83685302734375,-1,-1,-1,-1
51,2,1266.8382568359375,461.4345703125,140.8426513671875,401.6400146484375,-1,-1,-1,-1
52,2,1266.772216796875,463.8854675292969,141.287353515625,399.1603088378906,-1,-1,-1,-1
53,2,1256.26123046875,465.4398193359375,149.956298828125,395.717041015625,-1,-1,-1,-1
54,2,1246.429931640625,468.8078308105469,157.7598876953125,394.2290954589844,-1,-1,-1,-1
55,2,1244.6976318359375,474.27752685546875,160.5975341796875,391.476318359375,-1,-1,-1,-1
56,2,1244.991455078125,479.6653747558594,161.798095703125,389.5859680175781,-1,-1,-1,-1
57,2,1244.932861328125,480.6593017578125,162.2388916015625,390.96649169921875,-1,-1,-1,-1
58,2,1245.255859375,481.67572021484375,162.4263916015625,392.7127685546875,-1,-1,-1,-1
59,2,1249.91552734375,482.33013916015625,157.7403564453125,396.69873046875,-1,-1,-1,-1
60,2,1251.375732421875,481.5676574707031,156.911376953125,399.9377136230469,-1,-1,-1,-1
61,2,1247.479736328125,477.51324462890625,160.373779296875,401.7825927734375,-1,-1,-1,-1
62,2,1251.14892578125,473.55377197265625,156.7294921875,401.69378662109375,-1,-1,-1,-1
63,2,1255.163330078125,466.91363525390625,152.7696533203125,402.09234619140625,-1,-1,-1,-1
64,2,1255.4208984375,456.993896484375,152.026611328125,401.3660888671875,-1,-1,-1,-1
65,2,1253.82275390625,448.3296203613281,153.324462890625,402.1612854003906,-1,-1,-1,-1
66,2,1255.4716796875,439.77520751953125,150.445068359375,400.3419189453125,-1,-1,-1,-1
67,2,1253.2486572265625,432.4273986816406,151.4638671875,398.8775939941406,-1,-1,-1,-1
68,2,1251.5406494140625,426.756103515625,150.280517578125,397.4149169921875,-1,-1,-1,-1
69,2,1243.62255859375,424.45489501953125,153.6739501953125,393.34796142578125,-1,-1,-1,-1
70,2,1240.9034423828125,421.3027648925781,151.6182861328125,386.8711853027344,-1,-1,-1,-1
71,2,1236.640625,419.08642578125,149.97998046875,380.63800048828125,-1,-1,-1,-1
72,2,1231.1380615234375,422.10345458984375,149.3660888671875,373.14599609375,-1,-1,-1,-1
73,2,1224.14599609375,428.0102233886719,146.416015625,367.4582824707031,-1,-1,-1,-1
74,2,1219.664306640625,439.4706726074219,142.146240234375,360.5100402832031,-1,-1,-1,-1
75,2,1212.0069580078125,448.6275939941406,139.8548583984375,354.7780456542969,-1,-1,-1,-1
76,2,1204.36962890625,458.96710205078125,137.9627685546875,350.9246826171875,-1,-1,-1,-1
77,2,1198.5814208984375,467.3277587890625,134.1190185546875,346.49139404296875,-1,-1,-1,-1
78,2,1188.06103515625,474.7099914550781,134.714111328125,341.5773620605469,-1,-1,-1,-1
79,2,1179.448486328125,480.7845458984375,133.95361328125,333.48333740234375,-1,-1,-1,-1
80,2,1173.1019287109375,484.2958984375,133.75,335.467529296875,-1,-1,-1,-1
81,2,1172.8975830078125,493.68609619140625,131.6876220703125,332.00628662109375,-1,-1,-1,-1
82,2,1171.447998046875,497.0523986816406,130.73681640625,330.9562683105469,-1,-1,-1,-1
83,2,1170.7198486328125,500.68255615234375,131.815673828125,331.86138916015625,-1,-1,-1,-1
84,2,1169.0567626953125,504.993896484375,132.39111328125,329.7762451171875,-1,-1,-1,-1
85,2,1169.2802734375,499.7970275878906,131.4688720703125,330.4068298339844,-1,-1,-1,-1
86,2,1167.4224853515625,491.2661437988281,133.583740234375,332.7273864746094,-1,-1,-1,-1
87,2,1168.6402587890625,485.96612548828125,133.066162109375,331.36627197265625,-1,-1,-1,-1
88,2,1163.3184814453125,481.2603454589844,135.019775390625,333.3290710449219,-1,-1,-1,-1
89,2,1154.2255859375,467.6009826660156,134.252197265625,332.3609924316406,-1,-1,-1,-1
90,2,1144.093505859375,446.0773620605469,135.1910400390625,333.5794982910156,-1,-1,-1,-1
91,2,1141.4296875,446.54095458984375,135.9384765625,334.72198486328125,-1,-1,-1,-1
92,2,1140.734375,437.4354248046875,134.4063720703125,335.01171875,-1,-1,-1,-1
93,2,1128.461181640625,416.97216796875,134.7998046875,337.07562255859375,-1,-1,-1,-1
94,2,1112.996337890625,415.00238037109375,134.5262451171875,331.87054443359375,-1,-1,-1,-1
95,2,1086.2078857421875,445.5354309082031,143.882080078125,324.9856872558594,-1,-1,-1,-1
96,2,1090.377685546875,470.4681701660156,131.2171630859375,318.6705627441406,-1,-1,-1,-1
97,2,1089.1522216796875,486.52117919921875,128.0985107421875,314.547607421875,-1,-1,-1,-1
98,2,1076.3021240234375,525.7562255859375,127.0301513671875,306.4691162109375,-1,-1,-1,-1
99,2,1064.45654296875,565.0140380859375,127.34619140625,299.70751953125,-1,-1,-1,-1
100,2,1059.5828857421875,588.3388671875,126.982421875,294.87030029296875,-1,-1,-1,-1
101,2,1056.992919921875,616.05126953125,124.55322265625,293.70849609375,-1,-1,-1,-1
102,2,1060.6165771484375,645.4185180664062,119.327880859375,293.08673095703125,-1,-1,-1,-1
103,2,1060.3624267578125,674.70654296875,115.1636962890625,292.3740234375,-1,-1,-1,-1
104,2,1051.0855712890625,684.1946411132812,113.643310546875,291.18206787109375,-1,-1,-1,-1
105,2,1038.4473876953125,667.757568359375,113.6600341796875,286.54180908203125,-1,-1,-1,-1
106,2,1032.41455078125,637.7201538085938,118.69970703125,287.07489013671875,-1,-1,-1,-1
107,2,1031.9146728515625,606.5966186523438,124.0208740234375,281.69671630859375,-1,-1,-1,-1
108,2,1033.7196044921875,579.3351440429688,123.5205078125,289.45806884765625,-1,-1,-1,-1
109,2,1037.802734375,576.1018676757812,122.6240234375,282.8223876953125,-1,-1,-1,-1
110,2,1045.271240234375,566.1134033203125,121.1268310546875,286.31988525390625,-1,-1,-1,-1
111,2,1052.7337646484375,558.4967041015625,123.145263671875,292.755859375,-1,-1,-1,-1
112,2,1065.938232421875,557.66748046875,125.9012451171875,294.54345703125,-1,-1,-1,-1
113,2,1079.529296875,541.6561279296875,128.5787353515625,298.031005859375,-1,-1,-1,-1
114,2,1097.3475341796875,518.267578125,133.4395751953125,305.557373046875,-1,-1,-1,-1
115,2,1113.7833251953125,497.4629211425781,133.945556640625,312.2681579589844,-1,-1,-1,-1
116,2,1131.664794921875,454.2164611816406,134.323486328125,321.7559509277344,-1,-1,-1,-1
117,2,1137.3514404296875,414.0086669921875,133.818359375,332.4456787109375,-1,-1,-1,-1
118,2,1135.252197265625,376.1480407714844,144.4322509765625,343.6883850097656,-1,-1,-1,-1
119,2,1135.679443359375,348.4792785644531,142.177490234375,350.2523498535156,-1,-1,-1,-1
120,2,1116.50244140625,302.78466796875,143.2744140625,353.277099609375,-1,-1,-1,-1
121,2,1094.0540771484375,341.735595703125,140.468994140625,344.52960205078125,-1,-1,-1,-1
122,2,1088.7166748046875,407.9932861328125,136.5723876953125,334.84161376953125,-1,-1,-1,-1
123,2,1074.846923828125,444.1092224121094,133.222412109375,327.7174987792969,-1,-1,-1,-1
124,2,1057.089599609375,467.9181213378906,129.56884765625,320.8945617675781,-1,-1,-1,-1
125,2,1041.4150390625,479.1939392089844,128.9749755859375,313.8908996582031,-1,-1,-1,-1
126,2,1039.2843017578125,479.9904479980469,125.08203125,309.2207946777344,-1,-1,-1,-1
127,2,1032.9844970703125,483.5101013183594,120.9710693359375,303.9327697753906,-1,-1,-1,-1
128,2,1018.0949096679688,496.57562255859375,120.68218994140625,298.462158203125,-1,-1,-1,-1
129,2,1007.4979248046875,513.3861694335938,118.3714599609375,295.34881591796875,-1,-1,-1,-1
130,2,995.4656982421875,535.8615112304688,117.3741455078125,289.8729248046875,-1,-1,-1,-1
131,2,988.1410522460938,550.3681640625,113.04156494140625,285.9224853515625,-1,-1,-1,-1
132,2,980.5142211914062,561.1361083984375,113.68658447265625,284.1103515625,-1,-1,-1,-1
133,2,981.4105224609375,556.115234375,113.410888671875,282.78729248046875,-1,-1,-1,-1
134,2,982.779541015625,549.3358154296875,113.34912109375,280.3577880859375,-1,-1,-1,-1
135,2,967.056396484375,542.2339477539062,112.6551513671875,276.92803955078125,-1,-1,-1,-1
136,2,973.4474487304688,545.087646484375,109.84417724609375,277.26348876953125,-1,-1,-1,-1
137,2,986.9658203125,543.327392578125,109.2718505859375,278.10107421875,-1,-1,-1,-1
138,2,998.3235473632812,542.9666748046875,110.06329345703125,274.5704345703125,-1,-1,-1,-1
139,2,1012.1160278320312,544.5056762695312,112.78656005859375,276.93115234375,-1,-1,-1,-1
140,2,1021.41845703125,503.6290588378906,111.819580078125,275.8580017089844,-1,-1,-1,-1
141,2,1018.701171875,486.75848388671875,110.091064453125,273.12628173828125,-1,-1,-1,-1
142,2,1022.0028076171875,487.33013916015625,108.8104248046875,271.51104736328125,-1,-1,-1,-1
143,2,1018.6698608398438,478.77850341796875,107.94403076171875,267.93170166015625,-1,-1,-1,-1
144,2,1017.83837890625,494.5941467285156,104.6783447265625,265.7923889160156,-1,-1,-1,-1
145,2,1025.9278564453125,534.3472900390625,105.4056396484375,263.75848388671875,-1,-1,-1,-1
146,2,1020.8400268554688,564.4904174804688,103.37359619140625,257.59149169921875,-1,-1,-1,-1
147,2,1019.7684936523438,573.4521484375,103.46405029296875,256.93231201171875,-1,-1,-1,-1
148,2,1021.2173461914062,575.20947265625,102.55682373046875,255.6644287109375,-1,-1,-1,-1
149,2,1012.6461181640625,569.400634765625,101.3643798828125,249.93731689453125,-1,-1,-1,-1
150,2,1006.2176513671875,566.1746215820312,99.51025390625,247.902587890625,-1,-1,-1,-1
151,2,1007.3424072265625,566.5595092773438,98.9954833984375,243.76373291015625,-1,-1,-1,-1
152,2,1005.9375,557.2838745117188,97.5380859375,243.5244140625,-1,-1,-1,-1
153,2,1000.7418823242188,546.6666870117188,94.76300048828125,242.35394287109375,-1,-1,-1,-1
154,2,997.9759521484375,542.5955810546875,95.6217041015625,240.63128662109375,-1,-1,-1,-1
155,2,999.0166015625,538.7996215820312,94.3763427734375,237.19854736328125,-1,-1,-1,-1
156,2,991.8157348632812,528.81494140625,92.75946044921875,239.3228759765625,-1,-1,-1,-1
157,2,982.9248046875,514.4483032226562,94.70361328125,239.518310546875,-1,-1,-1,-1
158,2,980.0592651367188,498.9920349121094,95.75347900390625,237.74545288085938,-1,-1,-1,-1
159,2,977.7066040039062,486.0867919921875,94.42999267578125,238.93829345703125,-1,-1,-1,-1
160,2,970.844970703125,475.5506896972656,94.672607421875,241.40097045898438,-1,-1,-1,-1
161,2,963.9090576171875,472.6680603027344,95.8607177734375,243.98477172851562,-1,-1,-1,-1
162,2,960.455078125,483.7972106933594,92.90234375,238.03567504882812,-1,-1,-1,-1
163,2,955.7613525390625,487.6099853515625,94.6226806640625,241.66632080078125,-1,-1,-1,-1
164,2,956.2588500976562,492.74365234375,94.81268310546875,241.32818603515625,-1,-1,-1,-1
165,2,958.7112426757812,486.754150390625,96.57086181640625,248.47137451171875,-1,-1,-1,-1
166,2,960.8637084960938,499.410400390625,98.62213134765625,252.83856201171875,-1,-1,-1,-1
167,2,963.3666381835938,520.08740234375,102.08831787109375,255.2646484375,-1,-1,-1,-1
168,2,978.2083740234375,538.8487548828125,102.71728515625,254.72021484375,-1,-1,-1,-1
169,2,988.7996826171875,531.3052368164062,106.4481201171875,257.827392578125,-1,-1,-1,-1
170,2,997.4388427734375,528.2689819335938,108.030517578125,259.0234375,-1,-1,-1,-1
171,2,1004.4288330078125,519.1248168945312,110.964599609375,262.799560546875,-1,-1,-1,-1
172,2,1007.3386840820312,509.67584228515625,113.50897216796875,266.45587158203125,-1,-1,-1,-1
173,2,1014.878173828125,508.58380126953125,120.4830322265625,268.76531982421875,-1,-1,-1,-1
174,2,1022.2362670898438,504.7384033203125,127.41436767578125,272.8131103515625,-1,-1,-1,-1
175,2,1028.414306640625,501.6246337890625,132.9954833984375,275.77984619140625,-1,-1,-1,-1
176,2,1032.0068359375,498.5527038574219,138.9093017578125,276.7037048339844,-1,-1,-1,-1
177,2,1034.53369140625,496.4820251464844,145.1109619140625,273.9939880371094,-1,-1,-1,-1
178,2,1043.7315673828125,498.9421081542969,149.6505126953125,275.3654479980469,-1,-1,-1,-1
179,2,1057.556884765625,506.8582458496094,145.568115234375,276.5783996582031,-1,-1,-1,-1
180,2,1072.1343994140625,513.3754272460938,141.5916748046875,276.46087646484375,-1,-1,-1,-1
181,2,1084.979248046875,518.9601440429688,138.0284423828125,277.4083251953125,-1,-1,-1,-1
182,2,1099.9072265625,523.1204833984375,135.9136962890625,276.4918212890625,-1,-1,-1,-1
183,2,1121.2265625,520.893310546875,132.096923828125,278.2034912109375,-1,-1,-1,-1
184,2,1142.502197265625,516.3592529296875,126.971435546875,279.13275146484375,-1,-1,-1,-1
185,2,1158.860595703125,507.76593017578125,125.6195068359375,278.18365478515625,-1,-1,-1,-1
186,2,1181.60595703125,498.52764892578125,114.5762939453125,274.51031494140625,-1,-1,-1,-1
187,2,1198.383056640625,489.7721252441406,113.3631591796875,272.8821716308594,-1,-1,-1,-1
188,2,1206.704833984375,480.5150146484375,113.5994873046875,274.25115966796875,-1,-1,-1,-1
189,2,1210.363525390625,472.69036865234375,112.892578125,271.33837890625,-1,-1,-1,-1
190,2,1212.731689453125,458.7287292480469,119.077392578125,271.7958679199219,-1,-1,-1,-1
191,2,1220.532470703125,440.43939208984375,124.36376953125,272.00543212890625,-1,-1,-1,-1
192,2,1233.05029296875,428.1650085449219,122.30322265625,274.9404602050781,-1,-1,-1,-1
193,2,1243.452392578125,426.66571044921875,125.12939453125,273.58966064453125,-1,-1,-1,-1
194,2,1248.4581298828125,428.9089660644531,125.6917724609375,273.8993225097656,-1,-1,-1,-1
195,2,1247.986572265625,438.660400390625,127.556884765625,272.69317626953125,-1,-1,-1,-1
196,2,1250.61376953125,440.6252746582031,124.83984375,269.2235412597656,-1,-1,-1,-1
197,2,1249.007568359375,430.6393737792969,127.4635009765625,268.5934143066406,-1,-1,-1,-1
198,2,1249.4510498046875,428.6155700683594,132.4423828125,269.0308532714844,-1,-1,-1,-1
199,2,1255.231689453125,435.936279296875,132.079833984375,269.79107666015625,-1,-1,-1,-1
200,2,1254.3394775390625,444.65386962890625,133.861328125,268.36968994140625,-1,-1,-1,-1
201,2,1248.9656982421875,450.5265197753906,137.3546142578125,268.4875793457031,-1,-1,-1,-1
202,2,1241.5318603515625,456.470947265625,141.87060546875,268.53375244140625,-1,-1,-1,-1
203,2,1227.088134765625,461.66851806640625,144.791748046875,266.90655517578125,-1,-1,-1,-1
204,2,1208.02001953125,464.6285705566406,146.1834716796875,263.7608337402344,-1,-1,-1,-1
205,2,1190.6697998046875,462.5777893066406,143.8118896484375,263.7272644042969,-1,-1,-1,-1
206,2,1176.1322021484375,454.04351806640625,139.5911865234375,261.1761474609375,-1,-1,-1,-1
207,2,1168.612548828125,453.1313781738281,131.74267578125,259.8826599121094,-1,-1,-1,-1
208,2,1153.1812744140625,449.33367919921875,120.6070556640625,261.07647705078125,-1,-1,-1,-1
209,2,1128.05810546875,447.3438415527344,114.616943359375,256.7765197753906,-1,-1,-1,-1
210,2,1100.7752685546875,451.1064758300781,113.0552978515625,255.31021118164062,-1,-1,-1,-1
211,2,1074.1590576171875,457.73486328125,107.7208251953125,250.60516357421875,-1,-1,-1,-1
212,2,1045.244140625,465.053955078125,107.7332763671875,246.03265380859375,-1,-1,-1,-1
213,2,1018.9473876953125,473.0240478515625,106.4346923828125,241.8648681640625,-1,-1,-1,-1
214,2,993.1171875,482.99554443359375,108.46337890625,238.51922607421875,-1,-1,-1,-1
215,2,969.6834716796875,494.6557922363281,105.9090576171875,235.26620483398438,-1,-1,-1,-1
216,2,948.4200439453125,505.56512451171875,100.0518798828125,230.07049560546875,-1,-1,-1,-1
217,2,919.4498901367188,513.9087524414062,100.30413818359375,225.74652099609375,-1,-1,-1,-1
218,2,894.21533203125,510.9860534667969,99.417724609375,221.28042602539062,-1,-1,-1,-1
219,2,868.9461669921875,499.788330078125,97.5887451171875,217.270751953125,-1,-1,-1,-1
220,2,849.5075073242188,495.2718505859375,95.5584716796875,217.0872802734375,-1,-1,-1,-1
221,2,830.7976684570312,496.7131042480469,98.517578125,215.03738403320312,-1,-1,-1,-1
222,2,818.171630859375,501.60260009765625,94.8226318359375,213.21429443359375,-1,-1,-1,-1
223,2,810.8429565429688,508.10894775390625,98.2933349609375,210.84173583984375,-1,-1,-1,-1
224,2,804.1395874023438,512.137939453125,95.60760498046875,210.5299072265625,-1,-1,-1,-1
225,2,795.73046875,516.6138916015625,98.16961669921875,210.05633544921875,-1,-1,-1,-1
226,2,789.8081665039062,519.28271484375,93.12298583984375,208.99664306640625,-1,-1,-1,-1
227,2,785.8004150390625,518.9676513671875,92.17279052734375,223.6685791015625,-1,-1,-1,-1
228,2,781.7933959960938,518.4237060546875,92.79583740234375,223.13177490234375,-1,-1,-1,-1
229,2,770.4566650390625,520.647705078125,92.8228759765625,221.48370361328125,-1,-1,-1,-1
230,2,761.1678466796875,528.7303466796875,91.04205322265625,228.224853515625,-1,-1,-1,-1
231,2,757.0014038085938,536.2901000976562,89.50775146484375,224.0821533203125,-1,-1,-1,-1
232,2,757.5145263671875,525.38720703125,88.07415771484375,215.4453125,-1,-1,-1,-1
233,2,747.0883178710938,514.3021240234375,105.24468994140625,255.23638916015625,-1,-1,-1,-1
234,2,750.8306884765625,508.7113952636719,91.23773193359375,230.54617309570312,-1,-1,-1,-1
235,2,757.4099731445312,499.2736511230469,89.54864501953125,223.52627563476562,-1,-1,-1,-1
236,2,767.2737426757812,494.6903076171875,89.77880859375,231.8865966796875,-1,-1,-1,-1
237,2,774.8533935546875,500.3184509277344,90.39263916015625,237.43991088867188,-1,-1,-1,-1
238,2,783.3465576171875,514.6372680664062,89.1070556640625,233.6744384765625,-1,-1,-1,-1
239,2,787.376220703125,535.7977905273438,86.2979736328125,217.22955322265625,-1,-1,-1,-1
240,2,784.097412109375,518.755615234375,127.58123779296875,266.74041748046875,-1,-1,-1,-1
244,2,746.42431640625,555.3923950195312,115.3931884765625,241.94573974609375,-1,-1,-1,-1
245,2,755.095947265625,576.7935180664062,91.84381103515625,211.7412109375,-1,-1,-1,-1
246,2,740.64208984375,600.0687255859375,99.09228515625,202.556396484375,-1,-1,-1,-1
247,2,740.8014526367188,611.7081909179688,92.7105712890625,193.181640625,-1,-1,-1,-1
248,2,720.3541870117188,607.3954467773438,106.3857421875,213.7169189453125,-1,-1,-1,-1
249,2,699.7235107421875,573.6817626953125,137.188232421875,284.9508056640625,-1,-1,-1,-1
1,3,1.0040020942687988,643.5233154296875,145.6484375,449.6453857421875,-1,-1,-1,-1
2,3,0.25327110290527344,672.7195434570312,149.40768432617188,439.99139404296875,-1,-1,-1,-1
3,3,-7.726527214050293,660.021484375,255.89320373535156,469.02197265625,-1,-1,-1,-1
153,4,2.5263400077819824,573.768798828125,159.0050506591797,523.01025390625,-1,-1,-1,-1
154,4,1.6782946586608887,610.8280639648438,162.44760131835938,475.50848388671875,-1,-1,-1,-1
155,4,1.5310249328613281,608.0878295898438,164.0982208251953,464.21282958984375,-1,-1,-1,-1
156,4,1.700009822845459,541.7467651367188,156.95147705078125,529.6032104492188,-1,-1,-1,-1
157,4,1.7827792167663574,510.2243347167969,154.62913513183594,538.433837890625,-1,-1,-1,-1
158,4,1.4624018669128418,490.96844482421875,152.36964416503906,546.1835327148438,-1,-1,-1,-1
159,4,0.8750014305114746,451.92144775390625,145.59173583984375,571.9581909179688,-1,-1,-1,-1
160,4,1.3766636848449707,453.5293273925781,137.3896026611328,569.627685546875,-1,-1,-1,-1
161,4,1.2935428619384766,438.48944091796875,127.98711395263672,582.7058715820312,-1,-1,-1,-1
162,4,0.9633936882019043,437.7386474609375,119.49494934082031,582.3633422851562,-1,-1,-1,-1
163,4,0.32726526260375977,439.68157958984375,108.85576629638672,602.2219848632812,-1,-1,-1,-1
164,4,2.217087745666504,448.2734680175781,96.58894348144531,602.2257080078125,-1,-1,-1,-1
167,4,1.4611482620239258,476.9350891113281,89.13677215576172,572.1533203125,-1,-1,-1,-1
184,5,0.5440025329589844,599.1249389648438,193.7054443359375,486.43878173828125,-1,-1,-1,-1
185,5,1.1591920852661133,590.9030151367188,222.87539672851562,484.24322509765625,-1,-1,-1,-1
186,5,2.5900535583496094,582.6371459960938,250.50331115722656,475.86260986328125,-1,-1,-1,-1
187,5,15.947942733764648,572.01806640625,261.2052001953125,466.0899658203125,-1,-1,-1,-1
188,5,33.43114471435547,558.7612915039062,262.19671630859375,459.95220947265625,-1,-1,-1,-1
189,5,45.24553680419922,543.1812744140625,261.04949951171875,456.05621337890625,-1,-1,-1,-1
190,5,56.7667350769043,519.87646484375,261.9069519042969,449.05029296875,-1,-1,-1,-1
191,5,70.14149475097656,482.717529296875,262.91357421875,444.7979736328125,-1,-1,-1,-1
192,5,85.04293060302734,454.2599792480469,259.8485412597656,442.0915832519531,-1,-1,-1,-1
193,5,98.76359558105469,436.81146240234375,256.5735626220703,440.0399169921875,-1,-1,-1,-1
194,5,106.89815521240234,430.4322814941406,251.44918823242188,442.0381164550781,-1,-1,-1,-1
195,5,108.37370300292969,432.6087646484375,249.29991149902344,443.6788330078125,-1,-1,-1,-1
196,5,107.51715087890625,431.9234313964844,250.464599609375,444.4512634277344,-1,-1,-1,-1
197,5,105.58181762695312,425.2707214355469,254.14654541015625,446.8986511230469,-1,-1,-1,-1
198,5,103.2900390625,416.15496826171875,255.0103759765625,448.8927001953125,-1,-1,-1,-1
199,5,102.08372497558594,413.3334655761719,251.89109802246094,451.5574035644531,-1,-1,-1,-1
200,5,95.92339324951172,415.1805725097656,247.02200317382812,457.0885925292969,-1,-1,-1,-1
201,5,86.1239013671875,421.8836975097656,239.62176513671875,464.9385681152344,-1,-1,-1,-1
202,5,69.59918212890625,428.8640441894531,238.74551391601562,474.7850036621094,-1,-1,-1,-1
203,5,45.74729537963867,440.54815673828125,237.4642791748047,486.07763671875,-1,-1,-1,-1
204,5,15.813665390014648,455.4197998046875,239.71522521972656,499.16790771484375,-1,-1,-1,-1
205,5,0.32749080657958984,472.5353698730469,230.9860382080078,511.0066833496094,-1,-1,-1,-1
206,5,0.1307535171508789,491.11474609375,209.5287322998047,520.6741333007812,-1,-1,-1,-1
207,5,0.8732128143310547,489.0141296386719,181.6068878173828,547.7747802734375,-1,-1,-1,-1
208,5,0.9524626731872559,471.63763427734375,156.11239624023438,586.5971069335938,-1,-1,-1,-1
209,5,175.46018981933594,494.0268249511719,229.24046325683594,480.9217834472656,-1,-1,-1,-1
261,6,772.8480834960938,553.6439208984375,83.46795654296875,205.07269287109375,-1,-1,-1,-1
262,6,795.24853515625,558.8568115234375,88.030517578125,209.22222900390625,-1,-1,-1,-1
263,6,810.0209350585938,576.007080078125,79.146728515625,188.80926513671875,-1,-1,-1,-1
264,6,824.5587768554688,588.3875122070312,82.93048095703125,185.73614501953125,-1,-1,-1,-1
265,6,834.32861328125,613.3290405273438,77.3433837890625,184.58465576171875,-1,-1,-1,-1
266,6,846.9564819335938,655.6902465820312,80.01348876953125,185.98046875,-1,-1,-1,-1
267,6,856.439697265625,670.7214965820312,80.14959716796875,187.29925537109375,-1,-1,-1,-1
268,6,861.3260498046875,666.8529663085938,73.98358154296875,186.56170654296875,-1,-1,-1,-1
269,6,863.3878173828125,654.1453857421875,75.311767578125,186.2413330078125,-1,-1,-1,-1
270,6,861.5866088867188,642.548583984375,79.790771484375,185.67236328125,-1,-1,-1,-1
271,6,858.8844604492188,629.0956420898438,76.07379150390625,185.52734375,-1,-1,-1,-1
272,6,861.7305297851562,609.1470336914062,73.5921630859375,187.50250244140625,-1,-1,-1,-1
273,6,860.2210693359375,586.603515625,74.01513671875,186.44427490234375,-1,-1,-1,-1
274,6,860.8735961914062,576.2264404296875,80.3646240234375,186.38128662109375,-1,-1,-1,-1
275,6,856.75927734375,568.139892578125,77.971923828125,187.10211181640625,-1,-1,-1,-1
276,6,852.3410034179688,561.4099731445312,74.70501708984375,185.433837890625,-1,-1,-1,-1
277,6,852.0564575195312,559.0564575195312,77.98419189453125,186.09014892578125,-1,-1,-1,-1
278,6,857.6436157226562,565.4857177734375,76.2933349609375,191.36358642578125,-1,-1,-1,-1
279,6,869.2342529296875,580.0858764648438,78.52606201171875,190.38360595703125,-1,-1,-1,-1
280,6,876.4403076171875,580.0205078125,77.54345703125,191.6322021484375,-1,-1,-1,-1
281,6,883.3991088867188,551.2388916015625,74.8824462890625,191.88726806640625,-1,-1,-1,-1
282,6,890.405517578125,549.521484375,77.85986328125,194.3792724609375,-1,-1,-1,-1
283,6,897.4424438476562,540.8880615234375,81.36248779296875,191.05047607421875,-1,-1,-1,-1
284,6,909.0740356445312,532.8394775390625,81.19329833984375,193.56280517578125,-1,-1,-1,-1
285,6,901.8553466796875,537.4486694335938,83.9676513671875,192.5361328125,-1,-1,-1,-1
286,6,903.0803833007812,540.319091796875,83.2515869140625,191.46197509765625,-1,-1,-1,-1
287,6,906.7276000976562,550.3404541015625,81.40997314453125,191.06134033203125,-1,-1,-1,-1
288,6,909.0549926757812,563.2432861328125,79.25665283203125,188.09747314453125,-1,-1,-1,-1
289,6,911.8155517578125,537.9376831054688,79.2232666015625,189.93743896484375,-1,-1,-1,-1
290,6,910.7476196289062,530.5479125976562,79.87451171875,190.19891357421875,-1,-1,-1,-1
291,6,911.9677734375,534.3719482421875,80.01788330078125,186.3914794921875,-1,-1,-1,-1
292,6,910.2103271484375,531.66455078125,78.334716796875,188.33966064453125,-1,-1,-1,-1
293,6,901.6419677734375,539.7659301757812,81.0267333984375,186.02752685546875,-1,-1,-1,-1
294,6,896.96044921875,548.9112548828125,78.78131103515625,184.198486328125,-1,-1,-1,-1
295,6,895.3370361328125,557.4567260742188,74.0396728515625,176.82525634765625,-1,-1,-1,-1
296,6,901.2987060546875,554.5447998046875,78.41107177734375,178.32611083984375,-1,-1,-1,-1
297,6,904.6095581054688,553.880859375,78.59503173828125,177.6407470703125,-1,-1,-1,-1
298,6,907.8693237304688,557.9393920898438,75.0924072265625,178.09344482421875,-1,-1,-1,-1
299,6,914.2351684570312,562.3981323242188,76.99774169921875,186.99853515625,-1,-1,-1,-1
300,6,922.7911376953125,566.3211669921875,78.97198486328125,191.3568115234375,-1,-1,-1,-1
301,6,929.3341064453125,549.3810424804688,79.77435302734375,188.06427001953125,-1,-1,-1,-1
302,6,926.5108032226562,538.7991333007812,81.56890869140625,188.7138671875,-1,-1,-1,-1
303,6,936.6022338867188,542.89013671875,80.08770751953125,183.3477783203125,-1,-1,-1,-1
304,6,953.2114868164062,541.7537231445312,78.38543701171875,183.15771484375,-1,-1,-1,-1
305,6,963.6679077148438,534.7921142578125,78.89251708984375,187.10455322265625,-1,-1,-1,-1
306,6,968.178955078125,541.48876953125,77.8377685546875,185.38232421875,-1,-1,-1,-1
307,6,972.5614013671875,555.5887451171875,78.6383056640625,185.0198974609375,-1,-1,-1,-1
308,6,974.0450439453125,559.1256713867188,78.7630615234375,186.81463623046875,-1,-1,-1,-1
309,6,973.9342041015625,564.2791748046875,80.3759765625,186.2713623046875,-1,-1,-1,-1
310,6,970.9447021484375,568.4505615234375,82.64013671875,192.78594970703125,-1,-1,-1,-1
311,6,972.5599365234375,567.620361328125,81.798583984375,192.909423828125,-1,-1,-1,-1
312,6,966.545166015625,560.1226806640625,78.0107421875,185.555419921875,-1,-1,-1,-1
313,6,960.7657470703125,557.3057250976562,77.3228759765625,185.07171630859375,-1,-1,-1,-1
314,6,959.1296997070312,560.136962890625,78.08538818359375,191.5108642578125,-1,-1,-1,-1
315,6,963.6407470703125,567.0363159179688,78.658447265625,193.935546875,-1,-1,-1,-1
316,6,961.6537475585938,589.0060424804688,79.32220458984375,185.68048095703125,-1,-1,-1,-1
317,6,962.5180053710938,591.662841796875,79.18438720703125,185.1944580078125,-1,-1,-1,-1
318,6,968.8239135742188,576.4579467773438,77.38751220703125,185.72808837890625,-1,-1,-1,-1
319,6,957.5636596679688,550.7809448242188,79.61505126953125,192.9576416015625,-1,-1,-1,-1
320,6,953.3573608398438,521.2526245117188,76.96221923828125,192.2364501953125,-1,-1,-1,-1
321,6,957.7571411132812,497.4836730957031,77.98858642578125,185.04531860351562,-1,-1,-1,-1
322,6,934.9388427734375,510.97662353515625,75.519775390625,187.57391357421875,-1,-1,-1,-1
323,6,915.235595703125,493.0372009277344,72.3603515625,186.31979370117188,-1,-1,-1,-1
324,6,926.6990966796875,463.421875,72.1446533203125,188.34149169921875,-1,-1,-1,-1
325,6,935.751953125,456.47308349609375,70.9908447265625,185.43426513671875,-1,-1,-1,-1
326,6,926.8152465820312,463.0311279296875,72.04583740234375,184.12200927734375,-1,-1,-1,-1
327,6,933.9567260742188,456.5025634765625,69.30218505859375,186.778076171875,-1,-1,-1,-1
328,6,940.4310913085938,454.7796325683594,67.35748291015625,185.00704956054688,-1,-1,-1,-1
329,6,951.0643310546875,464.67535400390625,68.91259765625,184.8753662109375,-1,-1,-1,-1
330,6,964.91552734375,464.28265380859375,69.072021484375,186.79156494140625,-1,-1,-1,-1
331,6,979.6775512695312,454.40240478515625,67.89642333984375,187.68743896484375,-1,-1,-1,-1
332,6,998.8153686523438,457.4649963378906,70.21697998046875,186.16275024414062,-1,-1,-1,-1
333,6,1058.33056640625,440.67803955078125,74.1651611328125,193.365234375,-1,-1,-1,-1
334,6,1137.1943359375,391.61798095703125,69.3682861328125,175.57525634765625,-1,-1,-1,-1
335,6,995.8001708984375,400.013671875,160.3338623046875,215.804931640625,-1,-1,-1,-1
289,7,2.3551626205444336,576.6817016601562,217.5465850830078,648.9581909179688,-1,-1,-1,-1
290,7,1.2712087631225586,578.5174560546875,230.55059814453125,631.5189208984375,-1,-1,-1,-1
291,7,1.5467815399169922,579.4370727539062,244.37557983398438,618.9176635742188,-1,-1,-1,-1
292,7,0.7901496887207031,583.1627807617188,256.7711944580078,605.4738159179688,-1,-1,-1,-1
293,7,1.6624698638916016,590.2520141601562,256.7334289550781,595.0613403320312,-1,-1,-1,-1
294,7,3.0485057830810547,595.3892211914062,252.0628204345703,588.2241821289062,-1,-1,-1,-1
295,7,7.401808738708496,611.382568359375,250.9526824951172,575.6531982421875,-1,-1,-1,-1
296,7,16.536413192749023,610.4164428710938,253.81222534179688,569.7428588867188,-1,-1,-1,-1
297,7,21.913570404052734,608.7437744140625,251.31640625,561.93115234375,-1,-1,-1,-1
298,7,31.026187896728516,610.2049560546875,246.76824951171875,556.7818603515625,-1,-1,-1,-1
299,7,46.66303634643555,610.514404296875,238.35496520996094,549.93310546875,-1,-1,-1,-1
300,7,60.40145492553711,595.6835327148438,227.6353759765625,549.2072143554688,-1,-1,-1,-1
301,7,74.47720336914062,566.8843994140625,224.07540893554688,539.91455078125,-1,-1,-1,-1
302,7,83.6043472290039,580.596435546875,230.95254516601562,530.6309814453125,-1,-1,-1,-1
303,7,106.65714263916016,604.9796752929688,229.1119384765625,514.3505249023438,-1,-1,-1,-1
304,7,130.61268615722656,592.9580078125,218.61708068847656,507.4197998046875,-1,-1,-1,-1
305,7,146.2620849609375,562.4691162109375,206.369873046875,505.4375,-1,-1,-1,-1
306,7,155.23736572265625,544.1990966796875,199.16131591796875,521.0233154296875,-1,-1,-1,-1
307,7,167.16712951660156,582.5996704101562,192.26927185058594,488.11834716796875,-1,-1,-1,-1
308,7,173.35113525390625,590.418701171875,190.31423950195312,485.410400390625,-1,-1,-1,-1
309,7,175.09786987304688,603.2316284179688,192.43038940429688,482.47393798828125,-1,-1,-1,-1
310,7,172.0804443359375,603.6051635742188,190.49420166015625,483.13787841796875,-1,-1,-1,-1
311,7,170.12478637695312,610.0260009765625,189.98397827148438,478.585205078125,-1,-1,-1,-1
312,7,156.65599060058594,613.2666625976562,199.24317932128906,479.04156494140625,-1,-1,-1,-1
313,7,144.8308868408203,595.3049926757812,199.15440368652344,490.30377197265625,-1,-1,-1,-1
314,7,134.30279541015625,592.0067749023438,198.799072265625,490.00079345703125,-1,-1,-1,-1
315,7,130.02899169921875,583.9845581054688,192.9002685546875,496.53106689453125,-1,-1,-1,-1
316,7,124.22354888916016,595.3729248046875,189.94522094726562,506.599365234375,-1,-1,-1,-1
317,7,125.89692687988281,591.4226684570312,189.0869598388672,501.64654541015625,-1,-1,-1,-1
318,7,143.8575897216797,579.9586181640625,185.7952423095703,489.82568359375,-1,-1,-1,-1
319,7,152.3826904296875,567.5234985351562,188.41586303710938,479.62408447265625,-1,-1,-1,-1
320,7,163.2391357421875,552.00390625,193.11981201171875,457.12835693359375,-1,-1,-1,-1
321,7,187.03627014160156,515.62548828125,188.70237731933594,458.62457275390625,-1,-1,-1,-1
322,7,179.33999633789062,527.2261352539062,188.23641967773438,467.2772216796875,-1,-1,-1,-1
323,7,172.7460479736328,518.5433349609375,185.7375946044922,442.6875,-1,-1,-1,-1
324,7,195.85398864746094,475.69305419921875,179.9211883544922,425.17132568359375,-1,-1,-1,-1
325,7,219.79637145996094,454.9474182128906,175.59547424316406,437.6393737792969,-1,-1,-1,-1
326,7,227.62998962402344,491.32244873046875,166.7751007080078,397.05792236328125,-1,-1,-1,-1
327,7,238.22116088867188,455.574462890625,161.18060302734375,408.60247802734375,-1,-1,-1,-1
328,7,253.42539978027344,464.6126708984375,152.9066925048828,384.4339599609375,-1,-1,-1,-1
329,7,276.49908447265625,452.2268981933594,145.48892211914062,393.7884826660156,-1,-1,-1,-1
330,7,298.9146423339844,456.6026611328125,137.22235107421875,370.8892822265625,-1,-1,-1,-1
331,7,318.37835693359375,421.55377197265625,131.8929443359375,384.33966064453125,-1,-1,-1,-1
332,7,345.6469421386719,428.3247985839844,125.3409423828125,366.0520324707031,-1,-1,-1,-1
333,7,411.9981384277344,403.0064697265625,118.95919799804688,356.3424072265625,-1,-1,-1,-1
334,7,547.076171875,355.2542724609375,103.2508544921875,350.53631591796875,-1,-1,-1,-1
335,7,647.1322631835938,258.70172119140625,101.60369873046875,384.21417236328125,-1,-1,-1,-1
336,7,603.0816650390625,217.98094177246094,106.42449951171875,395.329345703125,-1,-1,-1,-1
337,7,419.82598876953125,208.63198852539062,133.2913818359375,408.2199401855469,-1,-1,-1,-1
338,7,425.2409973144531,246.5640411376953,250.28695678710938,552.0761108398438,-1,-1,-1,-1
339,7,44.07282638549805,292.0495300292969,305.7818603515625,564.2445068359375,-1,-1,-1,-1
340,7,176.43113708496094,162.5240478515625,258.75714111328125,547.4541015625,-1,-1,-1,-1
334,8,1204.649169921875,420.3689880371094,86.896728515625,206.29153442382812,-1,-1,-1,-1
335,8,1014.5381469726562,368.4037170410156,145.52069091796875,266.1692810058594,-1,-1,-1,-1
337,9,1106.2138671875,302.6351318359375,100.5888671875,207.33963012695312,-1,-1,-1,-1
338,9,818.5138549804688,279.57342529296875,77.05841064453125,193.0191650390625,-1,-1,-1,-1
339,9,820.515869140625,344.5767517089844,72.1365966796875,144.39962768554688,-1,-1,-1,-1
343,9,782.8709716796875,404.70867919921875,90.45623779296875,204.5057373046875,-1,-1,-1,-1
344,9,697.4298095703125,404.314453125,75.3966064453125,184.406982421875,-1,-1,-1,-1
345,9,629.0357666015625,390.662353515625,64.13299560546875,170.23040771484375,-1,-1,-1,-1
346,9,568.4989624023438,352.4226379394531,66.52178955078125,187.04440307617188,-1,-1,-1,-1
347,9,506.5955810546875,309.9362487792969,73.0369873046875,220.42770385742188,-1,-1,-1,-1
348,9,464.7564392089844,297.37103271484375,77.43399047851562,228.83197021484375,-1,-1,-1,-1
349,9,437.94451904296875,322.50323486328125,76.48150634765625,202.31292724609375,-1,-1,-1,-1
350,9,426.1401062011719,325.92999267578125,72.5469970703125,196.45635986328125,-1,-1,-1,-1
351,9,427.3597717285156,329.66851806640625,71.04592895507812,192.0712890625,-1,-1,-1,-1
352,9,445.2745056152344,322.2890930175781,72.47219848632812,199.68643188476562,-1,-1,-1,-1
353,9,483.0837707519531,342.14520263671875,76.82711791992188,192.4114990234375,-1,-1,-1,-1
338,10,86.14622497558594,263.7923583984375,186.99037170410156,398.77764892578125,-1,-1,-1,-1
339,10,92.02076721191406,215.28475952148438,298.49554443359375,547.572265625,-1,-1,-1,-1
340,10,205.78091430664062,201.81227111816406,348.1294250488281,526.89453125,-1,-1,-1,-1
340,11,1.3321266174316406,247.1238250732422,142.03280639648438,559.295654296875,-1,-1,-1,-1
341,11,95.28395080566406,357.689453125,223.4982147216797,456.44989013671875,-1,-1,-1,-1
357,12,43.15296936035156,346.6548156738281,105.86241149902344,203.10067749023438,-1,-1,-1,-1
358,12,182.00296020507812,330.18511962890625,120.92352294921875,208.7076416015625,-1,-1,-1,-1
359,12,326.9609680175781,331.3656921386719,102.80136108398438,201.12521362304688,-1,-1,-1,-1
360,12,440.02044677734375,332.47943115234375,82.30364990234375,194.64312744140625,-1,-1,-1,-1
361,12,530.5797119140625,322.1291809082031,77.07611083984375,193.27163696289062,-1,-1,-1,-1
362,12,607.2711181640625,310.6492614746094,74.65789794921875,195.103515625,-1,-1,-1,-1
363,12,674.1519775390625,285.97454833984375,74.8056640625,203.44607543945312,-1,-1,-1,-1
364,12,726.7200927734375,266.09326171875,74.09320068359375,206.88998413085938,-1,-1,-1,-1
365,12,761.468017578125,274.31781005859375,74.3455810546875,207.10128784179688,-1,-1,-1,-1
366,12,785.1953735351562,317.0318908691406,76.2601318359375,206.89950561523438,-1,-1,-1,-1
367,12,804.9506225585938,363.0863342285156,72.62786865234375,199.59701538085938,-1,-1,-1,-1
368,12,819.782958984375,381.8182678222656,72.33282470703125,200.55618286132812,-1,-1,-1,-1
369,12,839.5745239257812,367.0528869628906,75.9173583984375,205.81692504882812,-1,-1,-1,-1
370,12,887.2974243164062,343.6393737792969,78.5352783203125,213.00906372070312,-1,-1,-1,-1
371,12,986.7769165039062,349.14825439453125,80.65948486328125,221.25665283203125,-1,-1,-1,-1
372,12,1107.4013671875,380.98248291015625,89.6781005859375,234.75274658203125,-1,-1,-1,-1
373,12,1202.50537109375,403.7320861816406,89.605712890625,245.11123657226562,-1,-1,-1,-1
374,12,1275.6884765625,425.0665588378906,85.185791015625,238.81069946289062,-1,-1,-1,-1
375,12,1319.1845703125,443.9687805175781,80.038818359375,253.39425659179688,-1,-1,-1,-1
376,12,1345.9239501953125,460.9902038574219,59.3458251953125,249.51699829101562,-1,-1,-1,-1
377,12,1355.79248046875,468.08197021484375,51.90576171875,252.23675537109375,-1,-1,-1,-1
378,12,1353.8472900390625,466.67291259765625,53.8575439453125,260.8421630859375,-1,-1,-1,-1
379,12,1341.33056640625,461.99066162109375,64.161865234375,242.01495361328125,-1,-1,-1,-1
380,12,1314.0150146484375,459.0588684082031,87.8787841796875,252.00656127929688,-1,-1,-1,-1
381,12,1287.8365478515625,449.1199951171875,94.4608154296875,271.18609619140625,-1,-1,-1,-1
382,12,1254.39697265625,441.9814758300781,105.5096435546875,266.4231872558594,-1,-1,-1,-1
383,12,1222.8734130859375,439.33050537109375,112.527587890625,260.3367919921875,-1,-1,-1,-1
384,12,1191.5355224609375,439.1185302734375,116.316650390625,256.49505615234375,-1,-1,-1,-1
385,12,1159.8983154296875,444.943603515625,119.6492919921875,264.0970458984375,-1,-1,-1,-1
386,12,1130.8101806640625,441.7589111328125,121.2623291015625,264.6727294921875,-1,-1,-1,-1
387,12,1108.15283203125,436.40704345703125,120.48974609375,262.5115966796875,-1,-1,-1,-1
388,12,1093.87060546875,436.18634033203125,113.851806640625,260.22021484375,-1,-1,-1,-1
389,12,1082.849609375,442.296630859375,109.4051513671875,250.22369384765625,-1,-1,-1,-1
390,12,1082.6800537109375,444.8433532714844,100.0771484375,239.45382690429688,-1,-1,-1,-1
391,12,1080.1844482421875,445.7587890625,100.89794921875,251.88470458984375,-1,-1,-1,-1
392,12,1082.811279296875,445.7913513183594,100.3446044921875,258.4080505371094,-1,-1,-1,-1
393,12,1081.4693603515625,450.0833740234375,106.025146484375,239.3270263671875,-1,-1,-1,-1
394,12,1086.0572509765625,457.0068664550781,106.1842041015625,243.24075317382812,-1,-1,-1,-1
395,12,1096.322998046875,463.39813232421875,107.062255859375,240.693603515625,-1,-1,-1,-1
396,12,1101.6597900390625,465.5592956542969,110.1910400390625,247.91793823242188,-1,-1,-1,-1
397,12,1112.818359375,456.4470520019531,107.570068359375,247.29855346679688,-1,-1,-1,-1
398,12,1116.89501953125,448.24542236328125,111.67529296875,252.75146484375,-1,-1,-1,-1
399,12,1127.790283203125,449.3232727050781,111.9947509765625,254.91769409179688,-1,-1,-1,-1
400,12,1136.397216796875,465.9530029296875,118.5604248046875,258.07415771484375,-1,-1,-1,-1
401,12,1147.0869140625,489.0806884765625,125.1558837890625,261.1519775390625,-1,-1,-1,-1
402,12,1160.06005859375,510.9732666015625,126.3648681640625,261.5479736328125,-1,-1,-1,-1
403,12,1165.6785888671875,524.119384765625,129.68017578125,263.4920654296875,-1,-1,-1,-1
404,12,1169.656982421875,529.4239501953125,135.8876953125,269.87890625,-1,-1,-1,-1
405,12,1174.620361328125,541.6675415039062,143.80322265625,271.7764892578125,-1,-1,-1,-1
406,12,1182.408203125,550.8218994140625,146.7529296875,275.64862060546875,-1,-1,-1,-1
407,12,1186.904052734375,543.4638671875,152.4649658203125,276.3800048828125,-1,-1,-1,-1
408,12,1189.79931640625,550.0484619140625,163.8553466796875,286.9576416015625,-1,-1,-1,-1
409,12,1201.73291015625,580.9801635742188,162.799560546875,285.3134765625,-1,-1,-1,-1
410,12,1219.175537109375,635.718994140625,163.2061767578125,293.6517333984375,-1,-1,-1,-1
411,12,1243.0054931640625,669.7573852539062,155.5970458984375,295.47344970703125,-1,-1,-1,-1
412,12,1256.024169921875,650.9810791015625,148.8907470703125,297.95330810546875,-1,-1,-1,-1
413,12,1260.9501953125,607.970703125,145.24365234375,296.82958984375,-1,-1,-1,-1
414,12,1281.5950927734375,620.5932006835938,126.9190673828125,318.42877197265625,-1,-1,-1,-1
415,12,1306.5140380859375,615.275390625,100.925537109375,357.7364501953125,-1,-1,-1,-1
359,13,2.0670642852783203,419.0448913574219,225.84495544433594,476.5728454589844,-1,-1,-1,-1
360,13,85.16761016845703,388.9951477050781,233.59613037109375,454.3609924316406,-1,-1,-1,-1
361,13,188.5997772216797,364.40740966796875,211.5766143798828,437.6400146484375,-1,-1,-1,-1
362,13,275.3332824707031,337.78863525390625,191.57696533203125,426.47528076171875,-1,-1,-1,-1
363,13,352.6208801269531,301.6373596191406,172.21566772460938,411.9526672363281,-1,-1,-1,-1
364,13,402.7232360839844,272.9210510253906,162.73068237304688,398.6929016113281,-1,-1,-1,-1
365,13,440.3780517578125,283.8290100097656,155.28375244140625,385.3858947753906,-1,-1,-1,-1
366,13,471.316650390625,334.3466796875,143.7188720703125,374.6453857421875,-1,-1,-1,-1
367,13,495.1661376953125,386.7857360839844,135.8179931640625,365.7471008300781,-1,-1,-1,-1
368,13,509.2889404296875,410.0271301269531,132.9619140625,360.8274841308594,-1,-1,-1,-1
369,13,524.1099853515625,398.4945373535156,131.78570556640625,363.2377624511719,-1,-1,-1,-1
370,13,566.6340942382812,376.2097473144531,132.11431884765625,360.3964538574219,-1,-1,-1,-1
371,13,654.0594482421875,382.3581848144531,124.15350341796875,351.2673645019531,-1,-1,-1,-1
372,13,759.4707641601562,417.6488037109375,122.1275634765625,339.31622314453125,-1,-1,-1,-1
373,13,839.119384765625,447.42095947265625,124.52239990234375,335.0208740234375,-1,-1,-1,-1
374,13,895.0982055664062,463.3185729980469,128.4918212890625,343.3457336425781,-1,-1,-1,-1
375,13,931.9006958007812,473.4303283691406,134.44464111328125,350.3886413574219,-1,-1,-1,-1
376,13,951.3626708984375,484.1566467285156,140.4854736328125,352.8885803222656,-1,-1,-1,-1
377,13,958.4744262695312,484.9266357421875,141.22821044921875,354.1046142578125,-1,-1,-1,-1
378,13,953.6488037109375,472.16925048828125,147.12451171875,356.04644775390625,-1,-1,-1,-1
379,13,940.7012329101562,456.78106689453125,151.53192138671875,352.81463623046875,-1,-1,-1,-1
380,13,918.068115234375,445.42083740234375,153.331298828125,347.83526611328125,-1,-1,-1,-1
381,13,891.3809204101562,429.4802551269531,155.83538818359375,347.6750183105469,-1,-1,-1,-1
382,13,865.1556396484375,410.4281921386719,156.66650390625,346.7525939941406,-1,-1,-1,-1
383,13,840.7918090820312,395.94073486328125,155.69342041015625,344.05938720703125,-1,-1,-1,-1
384,13,815.4263916015625,386.3372802734375,154.6356201171875,347.9273681640625,-1,-1,-1,-1
385,13,788.8544311523438,389.4360656738281,152.08721923828125,349.2019958496094,-1,-1,-1,-1
386,13,760.37060546875,388.55712890625,151.07440185546875,350.2728271484375,-1,-1,-1,-1
387,13,738.2960815429688,389.87335205078125,145.21368408203125,349.30072021484375,-1,-1,-1,-1
388,13,720.0175170898438,397.59063720703125,139.337890625,347.14141845703125,-1,-1,-1,-1
389,13,703.9146118164062,413.1436767578125,135.99237060546875,340.1424560546875,-1,-1,-1,-1
390,13,694.9072265625,420.96563720703125,130.78826904296875,336.6854248046875,-1,-1,-1,-1
391,13,691.9099731445312,420.286865234375,128.09417724609375,338.27197265625,-1,-1,-1,-1
392,13,685.7239990234375,417.7204284667969,133.453369140625,334.8847351074219,-1,-1,-1,-1
393,13,678.3564453125,420.89093017578125,139.4901123046875,335.18145751953125,-1,-1,-1,-1
394,13,676.308349609375,431.1380310058594,142.9833984375,340.1479797363281,-1,-1,-1,-1
395,13,678.0283813476562,438.4468994140625,143.72576904296875,345.02447509765625,-1,-1,-1,-1
396,13,678.826171875,442.1618347167969,145.6436767578125,347.5932312011719,-1,-1,-1,-1
397,13,679.32958984375,444.34124755859375,144.761962890625,349.6075439453125,-1,-1,-1,-1
398,13,680.2594604492188,447.94775390625,141.68157958984375,349.81494140625,-1,-1,-1,-1
399,13,685.4550170898438,450.56085205078125,139.09649658203125,347.0478515625,-1,-1,-1,-1
400,13,694.2601318359375,462.66619873046875,135.23480224609375,344.29315185546875,-1,-1,-1,-1
401,13,702.0757446289062,476.71148681640625,137.44805908203125,344.0030517578125,-1,-1,-1,-1
402,13,708.6245727539062,490.7997741699219,135.01416015625,337.4866027832031,-1,-1,-1,-1
403,13,710.4930419921875,495.357177734375,136.59039306640625,334.79412841796875,-1,-1,-1,-1
404,13,708.7438354492188,492.108154296875,139.66717529296875,334.82330322265625,-1,-1,-1,-1
405,13,702.6415405273438,492.6836853027344,147.86956787109375,340.2007751464844,-1,-1,-1,-1
406,13,696.5400390625,490.7906188964844,156.3133544921875,347.6910095214844,-1,-1,-1,-1
407,13,694.1778564453125,473.9005432128906,158.4720458984375,353.4655456542969,-1,-1,-1,-1
408,13,693.2411499023438,466.6773681640625,160.1248779296875,359.50830078125,-1,-1,-1,-1
409,13,694.1620483398438,490.6572265625,159.71533203125,363.5428466796875,-1,-1,-1,-1
410,13,696.3797607421875,539.9205322265625,163.34051513671875,369.610107421875,-1,-1,-1,-1
411,13,700.6505126953125,574.9110107421875,164.57830810546875,375.63214111328125,-1,-1,-1,-1
412,13,693.46728515625,551.460693359375,172.9093017578125,379.9013671875,-1,-1,-1,-1
413,13,691.79541015625,503.3958740234375,171.1226806640625,380.4576416015625,-1,-1,-1,-1
414,13,697.6791381835938,523.6693115234375,174.97137451171875,388.009033203125,-1,-1,-1,-1
415,13,716.3761596679688,557.2380981445312,170.38665771484375,388.8775634765625,-1,-1,-1,-1
416,13,722.3878173828125,555.927734375,176.24774169921875,394.8282470703125,-1,-1,-1,-1
417,13,738.4160766601562,540.6969604492188,175.9951171875,394.66778564453125,-1,-1,-1,-1
418,13,749.8388061523438,540.30615234375,189.5970458984375,397.9766845703125,-1,-1,-1,-1
419,13,762.1864013671875,544.1236572265625,186.5933837890625,401.347900390625,-1,-1,-1,-1
420,13,755.7353515625,521.9466552734375,198.15069580078125,412.72369384765625,-1,-1,-1,-1
421,13,748.4603881835938,495.9516906738281,210.88372802734375,425.1839294433594,-1,-1,-1,-1
422,13,733.5966186523438,522.4838256835938,226.62554931640625,436.73944091796875,-1,-1,-1,-1
423,13,718.9583129882812,561.4845581054688,248.50836181640625,451.143310546875,-1,-1,-1,-1
424,13,716.1656494140625,553.24560546875,266.51416015625,452.69873046875,-1,-1,-1,-1
425,13,747.896484375,489.2993469238281,271.50140380859375,454.8529357910156,-1,-1,-1,-1
426,13,774.6697387695312,473.527587890625,282.47784423828125,454.81890869140625,-1,-1,-1,-1
427,13,810.3793334960938,495.34246826171875,275.24420166015625,463.09149169921875,-1,-1,-1,-1
428,13,841.71923828125,469.5653076171875,274.3868408203125,486.15985107421875,-1,-1,-1,-1
429,13,853.3128662109375,401.2123718261719,280.336669921875,516.8837890625,-1,-1,-1,-1
430,13,850.3484497070312,347.43389892578125,277.36688232421875,542.7330322265625,-1,-1,-1,-1
431,13,840.1527709960938,328.84979248046875,265.78179931640625,549.3906860351562,-1,-1,-1,-1
364,14,199.276123046875,959.6101684570312,399.56378173828125,447.83099365234375,-1,-1,-1,-1
365,14,252.46868896484375,934.6046142578125,394.99359130859375,473.7449951171875,-1,-1,-1,-1
366,14,311.7023620605469,963.0067138671875,365.9268493652344,444.86669921875,-1,-1,-1,-1
367,14,315.92034912109375,999.3580932617188,390.57452392578125,408.66363525390625,-1,-1,-1,-1
368,14,351.0865783691406,1009.2447509765625,374.9890441894531,398.3555908203125,-1,-1,-1,-1
369,14,303.1125793457031,989.2230834960938,444.7154846191406,417.94879150390625,-1,-1,-1,-1
370,14,290.1029968261719,1002.8472290039062,496.3952941894531,403.30316162109375,-1,-1,-1,-1
371,14,333.4400329589844,1024.71337890625,491.1506652832031,382.291748046875,-1,-1,-1,-1
372,14,387.4364013671875,1057.5640869140625,475.3118896484375,349.7703857421875,-1,-1,-1,-1
373,14,474.44329833984375,1070.78271484375,397.8182373046875,336.0958251953125,-1,-1,-1,-1
374,14,457.16717529296875,1048.775634765625,379.4466552734375,360.6627197265625,-1,-1,-1,-1
375,14,358.8236999511719,995.1900634765625,431.9847717285156,413.0673828125,-1,-1,-1,-1
376,14,306.8518371582031,971.690185546875,416.9729919433594,436.8602294921875,-1,-1,-1,-1
377,14,305.399169921875,951.524658203125,385.93212890625,457.445556640625,-1,-1,-1,-1
378,14,150.90676879882812,952.0145874023438,498.2298278808594,455.80133056640625,-1,-1,-1,-1
379,14,197.3123779296875,997.4070434570312,451.38214111328125,410.55157470703125,-1,-1,-1,-1
380,14,178.13687133789062,1076.0220947265625,411.2587585449219,331.0643310546875,-1,-1,-1,-1
364,15,2.2120156288146973,437.8619384765625,146.28036499023438,409.35150146484375,-1,-1,-1,-1
365,15,1.4164066314697266,444.9501037597656,177.3104248046875,367.6869201660156,-1,-1,-1,-1
366,15,1.8452653884887695,470.42242431640625,191.90753173828125,379.40289306640625,-1,-1,-1,-1
367,15,1.6121892929077148,493.26123046875,207.85244750976562,393.50628662109375,-1,-1,-1,-1
368,15,3.393178939819336,501.8266296386719,213.44375610351562,427.6444396972656,-1,-1,-1,-1
369,15,2.6830615997314453,487.8297119140625,220.9036407470703,444.185546875,-1,-1,-1,-1
370,15,25.352066040039062,462.87847900390625,249.9298553466797,437.5802001953125,-1,-1,-1,-1
371,15,125.99231719970703,455.7880554199219,236.92428588867188,423.3970642089844,-1,-1,-1,-1
372,15,257.6596984863281,488.1609802246094,208.3302001953125,402.2622985839844,-1,-1,-1,-1
373,15,347.7127685546875,525.1322021484375,187.9622802734375,389.12615966796875,-1,-1,-1,-1
374,15,403.6163024902344,534.0986938476562,173.67544555664062,385.95111083984375,-1,-1,-1,-1
375,15,434.6596374511719,531.2417602539062,161.26980590820312,384.37640380859375,-1,-1,-1,-1
376,15,445.4783630371094,529.2278442382812,157.47506713867188,387.21368408203125,-1,-1,-1,-1
377,15,444.7196960449219,514.794189453125,150.18222045898438,391.60113525390625,-1,-1,-1,-1
378,15,430.3704833984375,488.9118347167969,152.36041259765625,399.6255187988281,-1,-1,-1,-1
379,15,400.4459228515625,464.18804931640625,157.56268310546875,410.3092041015625,-1,-1,-1,-1
380,15,359.539306640625,446.3020324707031,164.295654296875,424.5451354980469,-1,-1,-1,-1
381,15,312.4667053222656,432.3817443847656,175.17919921875,437.4845275878906,-1,-1,-1,-1
382,15,262.7150573730469,408.3009033203125,187.35589599609375,455.345703125,-1,-1,-1,-1
383,15,212.30465698242188,384.97100830078125,197.23040771484375,469.88018798828125,-1,-1,-1,-1
384,15,161.23294067382812,365.76275634765625,205.92044067382812,489.666259765625,-1,-1,-1,-1
385,15,110.57291412353516,359.87603759765625,216.68115234375,504.71710205078125,-1,-1,-1,-1
386,15,64.25932693481445,361.64251708984375,228.4229278564453,517.6329956054688,-1,-1,-1,-1
387,15,23.118247985839844,372.4405822753906,240.6204833984375,526.3365478515625,-1,-1,-1,-1
388,15,2.4707775115966797,393.02105712890625,241.75244140625,536.0619506835938,-1,-1,-1,-1
389,15,1.1791658401489258,420.3334655761719,225.1313018798828,543.3604736328125,-1,-1,-1,-1
390,15,1.3639965057373047,441.1017150878906,207.65838623046875,559.72216796875,-1,-1,-1,-1
391,15,1.3842639923095703,454.5200500488281,188.56919860839844,576.392822265625,-1,-1,-1,-1
392,15,1.1282768249511719,456.6566162109375,166.96617126464844,606.5323486328125,-1,-1,-1,-1
393,15,1.5000677108764648,477.5484619140625,144.09426879882812,610.75390625,-1,-1,-1,-1
394,15,0.644096851348877,510.2613525390625,130.00259399414062,607.4698486328125,-1,-1,-1,-1
395,15,2.170468330383301,479.66558837890625,116.87615966796875,535.45654296875,-1,-1,-1,-1
396,15,1.7959656715393066,421.98211669921875,107.34373474121094,605.4957885742188,-1,-1,-1,-1
397,15,6.083446502685547,539.4031982421875,102.39894104003906,507.2359619140625,-1,-1,-1,-1
398,15,3.7016234397888184,445.3650207519531,100.2230453491211,620.3800048828125,-1,-1,-1,-1
399,15,3.8513636589050293,407.40765380859375,101.14865112304688,661.6779174804688,-1,-1,-1,-1
