1,1,652.6708374023438,591.7566528320312,97.7333984375,204.49176025390625,-1,-1,-1,-1
2,1,648.6724243164062,605.1112060546875,105.31756591796875,193.258544921875,-1,-1,-1,-1
3,1,652.4863891601562,613.15087890625,110.54498291015625,191.903076171875,-1,-1,-1,-1
4,1,650.7171630859375,610.5555419921875,119.507080078125,194.3043212890625,-1,-1,-1,-1
5,1,648.3383178710938,605.44140625,112.30206298828125,199.20135498046875,-1,-1,-1,-1
6,1,648.0416259765625,603.5381469726562,118.1524658203125,197.3692626953125,-1,-1,-1,-1
7,1,641.5029296875,606.6650390625,132.6934814453125,192.44708251953125,-1,-1,-1,-1
8,1,632.4031982421875,609.5829467773438,129.9522705078125,190.60791015625,-1,-1,-1,-1
9,1,619.9030151367188,609.0464477539062,152.77557373046875,191.57659912109375,-1,-1,-1,-1
10,1,599.0789794921875,606.3517456054688,162.06451416015625,191.17340087890625,-1,-1,-1,-1
11,1,585.0494384765625,603.3440551757812,159.5718994140625,193.042236328125,-1,-1,-1,-1
12,1,581.6998291015625,605.0155029296875,146.79034423828125,194.18621826171875,-1,-1,-1,-1
13,1,586.1583862304688,612.9898681640625,126.44537353515625,197.447998046875,-1,-1,-1,-1
14,1,593.7435913085938,620.52099609375,96.6077880859375,202.906494140625,-1,-1,-1,-1
15,1,584.431396484375,622.7646484375,95.28619384765625,210.670654296875,-1,-1,-1,-1
16,1,580.9686279296875,616.0143432617188,92.8245849609375,213.56585693359375,-1,-1,-1,-1
17,1,578.9921875,604.723388671875,90.644775390625,214.864990234375,-1,-1,-1,-1
18,1,577.7554931640625,597.136962890625,89.5521240234375,215.65576171875,-1,-1,-1,-1
19,1,566.3088989257812,595.0255737304688,95.29595947265625,218.89923095703125,-1,-1,-1,-1
20,1,558.7167358398438,597.8036499023438,97.06524658203125,221.232421875,-1,-1,-1,-1
21,1,553.4439697265625,596.6941528320312,98.3653564453125,224.2772216796875,-1,-1,-1,-1
22,1,559.725830078125,595.6659545898438,92.76287841796875,227.28399658203125,-1,-1,-1,-1
23,1,565.0972290039062,593.559814453125,90.97296142578125,229.1519775390625,-1,-1,-1,-1
24,1,563.4285888671875,590.4298706054688,90.00445556640625,228.403564453125,-1,-1,-1,-1
25,1,558.4331665039062,589.9768676757812,93.67510986328125,228.71630859375,-1,-1,-1,-1
26,1,557.098876953125,597.48779296875,98.6795654296875,232.20062255859375,-1,-1,-1,-1
27,1,556.1680297851562,602.8109130859375,106.8914794921875,236.13421630859375,-1,-1,-1,-1
28,1,557.537109375,605.432861328125,114.52447509765625,240.88226318359375,-1,-1,-1,-1
29,1,565.319091796875,602.6214599609375,113.24365234375,242.0386962890625,-1,-1,-1,-1
30,1,573.46240234375,592.4595336914062,115.4781494140625,243.84478759765625,-1,-1,-1,-1
31,1,587.5928955078125,591.3524780273438,111.9720458984375,243.8377685546875,-1,-1,-1,-1
32,1,606.954345703125,595.912353515625,99.52197265625,247.49102783203125,-1,-1,-1,-1
33,1,622.3037109375,595.288818359375,93.362060546875,249.99505615234375,-1,-1,-1,-1
34,1,635.3909912109375,593.6074829101562,92.0245361328125,252.44732666015625,-1,-1,-1,-1
35,1,649.0840454101562,589.2005615234375,95.80059814453125,254.09649658203125,-1,-1,-1,-1
36,1,658.3348388671875,589.2490844726562,102.04351806640625,258.22503662109375,-1,-1,-1,-1
37,1,661.8145751953125,594.8025512695312,103.00982666015625,266.23046875,-1,-1,-1,-1
38,1,656.3311157226562,599.5902099609375,108.43310546875,270.3760986328125,-1,-1,-1,-1
39,1,649.5240478515625,596.1723022460938,111.23297119140625,269.7371826171875,-1,-1,-1,-1
40,1,646.9266967773438,585.843017578125,106.2545166015625,271.806396484375,-1,-1,-1,-1
41,1,642.3473510742188,567.6893310546875,98.81207275390625,272.62628173828125,-1,-1,-1,-1
42,1,619.8539428710938,538.3616333007812,85.68194580078125,277.86065673828125,-1,-1,-1,-1
43,1,543.1844482421875,502.5291442871094,86.30865478515625,283.1819763183594,-1,-1,-1,-1
44,1,422.1692810058594,469.1048889160156,102.12789916992188,299.6103210449219,-1,-1,-1,-1
45,1,264.1630554199219,431.0955810546875,150.32638549804688,318.79296875,-1,-1,-1,-1
46,1,102.52526092529297,393.542724609375,192.61984252929688,343.74591064453125,-1,-1,-1,-1
1,2,439.40435791015625,601.5759887695312,47.59576416015625,137.73101806640625,-1,-1,-1,-1
2,2,442.79345703125,603.2623291015625,48.66357421875,136.9185791015625,-1,-1,-1,-1
3,2,444.6427307128906,604.5843505859375,51.3206787109375,135.468017578125,-1,-1,-1,-1
4,2,455.0151062011719,601.4703369140625,46.615875244140625,137.530517578125,-1,-1,-1,-1
5,2,459.25982666015625,597.4445190429688,47.7864990234375,139.9627685546875,-1,-1,-1,-1
6,2,463.76251220703125,594.0009155273438,48.022186279296875,137.37384033203125,-1,-1,-1,-1
7,2,463.3146667480469,593.999267578125,48.942901611328125,136.23980712890625,-1,-1,-1,-1
8,2,456.61834716796875,594.4383544921875,49.858978271484375,135.5484619140625,-1,-1,-1,-1
9,2,447.30902099609375,592.688720703125,50.427825927734375,135.57965087890625,-1,-1,-1,-1
10,2,437.5347595214844,587.3743286132812,49.9320068359375,138.87103271484375,-1,-1,-1,-1
11,2,427.9537353515625,586.8741455078125,49.3734130859375,139.14813232421875,-1,-1,-1,-1
12,2,422.7566223144531,592.0805053710938,48.9254150390625,138.62579345703125,-1,-1,-1,-1
13,2,413.75042724609375,599.0757446289062,51.0,140.42578125,-1,-1,-1,-1
14,2,408.48040771484375,606.4492797851562,50.0255126953125,141.51470947265625,-1,-1,-1,-1
15,2,399.93511962890625,608.1282348632812,49.148590087890625,139.36273193359375,-1,-1,-1,-1
16,2,390.02752685546875,595.5890502929688,52.79193115234375,143.6685791015625,-1,-1,-1,-1
17,2,383.5433044433594,580.0642700195312,53.74969482421875,144.86175537109375,-1,-1,-1,-1
18,2,380.45208740234375,571.888671875,51.40484619140625,143.88037109375,-1,-1,-1,-1
19,2,369.4093322753906,568.8043823242188,52.24761962890625,144.45062255859375,-1,-1,-1,-1
20,2,356.3924865722656,571.3426513671875,54.4686279296875,144.45269775390625,-1,-1,-1,-1
21,2,344.8039855957031,568.75634765625,56.8709716796875,145.804931640625,-1,-1,-1,-1
22,2,338.9526672363281,568.9248657226562,55.373992919921875,146.2666015625,-1,-1,-1,-1
23,2,338.9652404785156,568.380615234375,53.957489013671875,146.21893310546875,-1,-1,-1,-1
24,2,333.3612060546875,565.2372436523438,54.51580810546875,147.46771240234375,-1,-1,-1,-1
25,2,327.5378112792969,563.788818359375,55.267242431640625,148.19970703125,-1,-1,-1,-1
26,2,325.3398132324219,568.1071166992188,56.14801025390625,146.96795654296875,-1,-1,-1,-1
27,2,323.8503112792969,570.0946044921875,57.484954833984375,146.1158447265625,-1,-1,-1,-1
28,2,326.8989562988281,572.2047119140625,56.94415283203125,144.82928466796875,-1,-1,-1,-1
29,2,334.3843688964844,568.492431640625,55.544769287109375,145.719970703125,-1,-1,-1,-1
30,2,340.7500305175781,560.9247436523438,53.99371337890625,146.25775146484375,-1,-1,-1,-1
31,2,343.4380187988281,560.5164794921875,54.71710205078125,146.08123779296875,-1,-1,-1,-1
32,2,345.994873046875,564.1220703125,54.403106689453125,147.00262451171875,-1,-1,-1,-1
33,2,345.5397644042969,563.1246337890625,54.039031982421875,146.86358642578125,-1,-1,-1,-1
34,2,351.88372802734375,561.0081176757812,53.224151611328125,145.28973388671875,-1,-1,-1,-1
35,2,357.0710754394531,552.8272094726562,57.062042236328125,145.02301025390625,-1,-1,-1,-1
36,2,365.5293884277344,550.663330078125,52.815185546875,144.9718017578125,-1,-1,-1,-1
37,2,363.824951171875,552.944580078125,53.63922119140625,144.78082275390625,-1,-1,-1,-1
38,2,356.05999755859375,556.2806396484375,55.721466064453125,144.2744140625,-1,-1,-1,-1
39,2,341.9060363769531,554.707275390625,55.576416015625,145.25958251953125,-1,-1,-1,-1
40,2,326.65216064453125,549.2732543945312,55.545166015625,147.9371337890625,-1,-1,-1,-1
41,2,303.83526611328125,537.2996826171875,56.416595458984375,149.6978759765625,-1,-1,-1,-1
42,2,246.92715454101562,521.34814453125,56.736602783203125,156.37237548828125,-1,-1,-1,-1
43,2,545.4019775390625,509.62762451171875,78.44195556640625,185.364501953125,-1,-1,-1,-1
44,2,427.5032043457031,474.7047119140625,93.20925903320312,271.58251953125,-1,-1,-1,-1
1,3,754.2667236328125,619.4832153320312,136.2357177734375,259.54498291015625,-1,-1,-1,-1
2,3,767.1218872070312,625.983642578125,125.71795654296875,255.2623291015625,-1,-1,-1,-1
3,3,782.6216430664062,632.9624633789062,102.0057373046875,249.40655517578125,-1,-1,-1,-1
4,3,790.8278198242188,638.4542236328125,93.9110107421875,240.87139892578125,-1,-1,-1,-1
5,3,804.2493286132812,642.6943969726562,85.2205810546875,231.8411865234375,-1,-1,-1,-1
6,3,813.90087890625,646.5284423828125,80.81658935546875,220.8709716796875,-1,-1,-1,-1
7,3,820.847412109375,645.2408447265625,76.60540771484375,214.3948974609375,-1,-1,-1,-1
8,3,802.939208984375,638.0877685546875,91.4957275390625,211.0831298828125,-1,-1,-1,-1
9,3,792.7325439453125,629.080322265625,96.89532470703125,215.1490478515625,-1,-1,-1,-1
10,3,780.34619140625,620.957763671875,99.85467529296875,216.04864501953125,-1,-1,-1,-1
11,3,774.7639770507812,616.8440551757812,95.08575439453125,212.4632568359375,-1,-1,-1,-1
12,3,766.2152099609375,621.3822631835938,96.51983642578125,207.72052001953125,-1,-1,-1,-1
13,3,765.9034423828125,633.7378540039062,88.74066162109375,198.37457275390625,-1,-1,-1,-1
14,3,762.025390625,643.21728515625,85.8211669921875,192.69671630859375,-1,-1,-1,-1
15,3,752.9508056640625,642.5396118164062,86.57659912109375,189.96099853515625,-1,-1,-1,-1
16,3,742.9152221679688,628.0911254882812,92.1595458984375,192.09600830078125,-1,-1,-1,-1
17,3,744.7456665039062,608.6690673828125,84.69354248046875,195.2626953125,-1,-1,-1,-1
18,3,738.2644653320312,597.6199340820312,85.8365478515625,195.10040283203125,-1,-1,-1,-1
19,3,731.1824951171875,594.089111328125,85.0196533203125,198.50030517578125,-1,-1,-1,-1
20,3,728.4823608398438,601.15869140625,76.8480224609375,194.18939208984375,-1,-1,-1,-1
21,3,721.903076171875,606.8836059570312,74.24627685546875,192.71441650390625,-1,-1,-1,-1
22,3,704.792236328125,613.0706176757812,84.255615234375,190.23553466796875,-1,-1,-1,-1
23,3,700.104248046875,616.845947265625,86.0186767578125,185.870361328125,-1,-1,-1,-1
24,3,696.5833740234375,614.4376220703125,84.13385009765625,181.27978515625,-1,-1,-1,-1
25,3,689.1528930664062,610.3980102539062,87.57550048828125,179.97711181640625,-1,-1,-1,-1
26,3,689.0130004882812,615.270751953125,82.623046875,177.2598876953125,-1,-1,-1,-1
27,3,679.6542358398438,617.6505126953125,89.64923095703125,177.5557861328125,-1,-1,-1,-1
28,3,669.6907958984375,620.2081909179688,103.16436767578125,176.1168212890625,-1,-1,-1,-1
29,3,679.415283203125,618.2474975585938,100.86761474609375,176.80279541015625,-1,-1,-1,-1
30,3,678.8290405273438,612.7081298828125,106.04052734375,174.639404296875,-1,-1,-1,-1
31,3,683.4666748046875,614.2594604492188,102.13623046875,172.4827880859375,-1,-1,-1,-1
32,3,683.5982666015625,620.6300048828125,100.44281005859375,171.8682861328125,-1,-1,-1,-1
33,3,684.302001953125,618.4475708007812,96.3057861328125,172.79498291015625,-1,-1,-1,-1
34,3,683.7237548828125,614.2651977539062,98.58203125,174.0845947265625,-1,-1,-1,-1
35,3,684.4189453125,599.5170288085938,97.38739013671875,182.33868408203125,-1,-1,-1,-1
36,3,685.2098388671875,592.1937866210938,81.0118408203125,187.15631103515625,-1,-1,-1,-1
37,3,676.2603149414062,598.5220336914062,86.77490234375,217.14044189453125,-1,-1,-1,-1
38,3,661.5276489257812,606.4801025390625,96.34478759765625,223.96392822265625,-1,-1,-1,-1
39,3,649.9525146484375,596.02294921875,98.2464599609375,231.9879150390625,-1,-1,-1,-1
40,3,647.7938842773438,583.159423828125,68.67218017578125,183.4794921875,-1,-1,-1,-1
41,3,621.5948486328125,566.0858764648438,73.96270751953125,180.6650390625,-1,-1,-1,-1
42,3,561.3926391601562,539.3172607421875,85.5079345703125,185.3990478515625,-1,-1,-1,-1
43,3,458.56658935546875,507.91558837890625,104.712890625,192.69525146484375,-1,-1,-1,-1
44,3,321.038330078125,479.52874755859375,121.44955444335938,206.0394287109375,-1,-1,-1,-1
45,3,151.12527465820312,443.70233154296875,140.110107421875,230.41546630859375,-1,-1,-1,-1
46,3,104.24151611328125,392.11553955078125,195.58599853515625,296.5330810546875,-1,-1,-1,-1
47,3,9.83096981048584,394.2130432128906,196.89901733398438,343.9416809082031,-1,-1,-1,-1
48,3,0.6191873550415039,404.3005676269531,163.2345733642578,353.4102478027344,-1,-1,-1,-1
49,3,0.9406347274780273,447.08221435546875,145.61102294921875,334.10791015625,-1,-1,-1,-1
50,3,-2.403395652770996,432.67864990234375,133.11029052734375,369.14202880859375,-1,-1,-1,-1
51,3,-1.4576950073242188,505.296875,118.50221252441406,300.88787841796875,-1,-1,-1,-1
52,3,-1.0040054321289062,523.0120239257812,99.34468841552734,304.27227783203125,-1,-1,-1,-1
53,3,-1.4776320457458496,500.38861083984375,97.22713470458984,337.692626953125,-1,-1,-1,-1
54,3,-0.15169572830200195,521.1513061523438,87.23875427246094,324.20843505859375,-1,-1,-1,-1
55,3,-0.3775360584259033,527.6668701171875,87.94342803955078,316.71246337890625,-1,-1,-1,-1
56,3,2.6190805435180664,552.5693359375,118.97360229492188,288.1927490234375,-1,-1,-1,-1
57,3,3.6861867904663086,550.0280151367188,131.58570861816406,281.75469970703125,-1,-1,-1,-1
58,3,1.1955885887145996,540.579833984375,150.07461547851562,286.793701171875,-1,-1,-1,-1
59,3,2.1586194038391113,529.0173950195312,164.72412109375,295.16412353515625,-1,-1,-1,-1
60,3,1.5709199905395508,515.9677124023438,189.19305419921875,297.8621826171875,-1,-1,-1,-1
61,3,1.6837759017944336,442.53863525390625,213.4944305419922,359.385986328125,-1,-1,-1,-1
62,3,2.5147323608398438,430.8504638671875,229.97845458984375,364.171142578125,-1,-1,-1,-1
63,3,1.8239803314208984,427.0688171386719,244.74197387695312,360.4115295410156,-1,-1,-1,-1
64,3,1.234513282775879,434.4012756347656,262.2901916503906,346.1099548339844,-1,-1,-1,-1
65,3,4.06934928894043,421.6920166015625,291.08740234375,348.4881591796875,-1,-1,-1,-1
66,3,89.47645568847656,411.7424011230469,288.54449462890625,344.1966247558594,-1,-1,-1,-1
67,3,248.5825653076172,425.2881164550781,264.679443359375,325.9197692871094,-1,-1,-1,-1
68,3,434.7639465332031,443.7900390625,228.63607788085938,308.108154296875,-1,-1,-1,-1
69,3,612.7649536132812,459.80517578125,206.26739501953125,300.9268798828125,-1,-1,-1,-1
70,3,763.1837158203125,472.98834228515625,194.06982421875,305.65399169921875,-1,-1,-1,-1
71,3,827.7536010742188,489.9991149902344,210.82147216796875,321.1606750488281,-1,-1,-1,-1
72,3,872.5830078125,512.2431030273438,207.26611328125,327.93255615234375,-1,-1,-1,-1
73,3,885.8637084960938,532.4461669921875,207.13897705078125,335.298095703125,-1,-1,-1,-1
74,3,905.9835815429688,549.7176513671875,205.39288330078125,339.07696533203125,-1,-1,-1,-1
75,3,929.2805786132812,564.87451171875,209.86578369140625,343.98046875,-1,-1,-1,-1
76,3,964.0384521484375,580.1566162109375,214.01904296875,351.81890869140625,-1,-1,-1,-1
77,3,1004.7721557617188,592.6165161132812,221.50225830078125,360.302001953125,-1,-1,-1,-1
78,3,1038.957763671875,605.0182495117188,218.1629638671875,367.60369873046875,-1,-1,-1,-1
79,3,1055.67724609375,614.0631713867188,217.724365234375,371.0213623046875,-1,-1,-1,-1
80,3,1056.4068603515625,618.7626953125,217.4757080078125,372.91436767578125,-1,-1,-1,-1
81,3,1055.00048828125,616.2098388671875,212.1097412109375,374.2967529296875,-1,-1,-1,-1
82,3,1052.51611328125,612.8756103515625,200.9996337890625,377.43402099609375,-1,-1,-1,-1
83,3,1052.6658935546875,611.1827392578125,177.537841796875,368.3446044921875,-1,-1,-1,-1
84,3,1043.0775146484375,607.6480102539062,158.8768310546875,364.00958251953125,-1,-1,-1,-1
85,3,1034.924072265625,602.1367797851562,137.462646484375,362.983154296875,-1,-1,-1,-1
86,3,1037.7906494140625,595.466796875,113.94580078125,356.881103515625,-1,-1,-1,-1
87,3,1023.0107421875,592.5859375,126.5904541015625,350.86163330078125,-1,-1,-1,-1
88,3,989.6498413085938,598.0277709960938,160.52203369140625,346.2958984375,-1,-1,-1,-1
89,3,957.5018920898438,605.2998046875,177.64019775390625,338.82855224609375,-1,-1,-1,-1
90,3,938.4781494140625,611.6400756835938,195.042724609375,331.77777099609375,-1,-1,-1,-1
91,3,924.5578002929688,618.7493286132812,207.61871337890625,325.1634521484375,-1,-1,-1,-1
92,3,912.4228515625,623.7249755859375,221.18505859375,318.2347412109375,-1,-1,-1,-1
93,3,904.87744140625,625.722900390625,228.689697265625,315.09857177734375,-1,-1,-1,-1
94,3,907.3353881835938,625.1702880859375,222.44317626953125,312.72393798828125,-1,-1,-1,-1
95,3,907.3866577148438,618.4807739257812,214.04779052734375,315.475830078125,-1,-1,-1,-1
96,3,895.9465942382812,612.8346557617188,210.44769287109375,314.7977294921875,-1,-1,-1,-1
97,3,884.7246704101562,606.7305297851562,182.83465576171875,322.52777099609375,-1,-1,-1,-1
98,3,872.7266845703125,603.7671508789062,156.4283447265625,325.12115478515625,-1,-1,-1,-1
99,3,856.734375,604.8900146484375,144.80670166015625,323.09844970703125,-1,-1,-1,-1
100,3,852.69873046875,608.9415283203125,136.4683837890625,321.49566650390625,-1,-1,-1,-1
101,3,840.5812377929688,615.9713134765625,129.064697265625,315.25189208984375,-1,-1,-1,-1
102,3,813.7181396484375,628.5455322265625,150.2371826171875,306.56903076171875,-1,-1,-1,-1
103,3,790.7700805664062,641.771240234375,162.1910400390625,297.34906005859375,-1,-1,-1,-1
104,3,781.5438232421875,651.9825439453125,161.9434814453125,290.1610107421875,-1,-1,-1,-1
105,3,779.6150512695312,657.98876953125,154.95404052734375,285.5919189453125,-1,-1,-1,-1
106,3,778.6227416992188,669.914306640625,149.48388671875,273.65234375,-1,-1,-1,-1
107,3,774.7200927734375,673.9586791992188,149.1671142578125,269.22705078125,-1,-1,-1,-1
108,3,772.5948486328125,673.5313110351562,149.90924072265625,269.986083984375,-1,-1,-1,-1
109,3,774.236572265625,672.4955444335938,146.02020263671875,277.5611572265625,-1,-1,-1,-1
110,3,772.6431274414062,672.9874267578125,147.569580078125,285.533203125,-1,-1,-1,-1
111,3,770.964599609375,675.4642944335938,151.5419921875,291.947265625,-1,-1,-1,-1
112,3,767.3104858398438,678.3036499023438,150.97064208984375,299.7393798828125,-1,-1,-1,-1
113,3,756.527587890625,674.4671020507812,150.64654541015625,306.07293701171875,-1,-1,-1,-1
114,3,759.476318359375,658.2454833984375,137.1112060546875,309.6243896484375,-1,-1,-1,-1
115,3,770.594482421875,638.236083984375,116.490234375,312.92950439453125,-1,-1,-1,-1
116,3,768.3749389648438,622.9014892578125,108.8662109375,321.11279296875,-1,-1,-1,-1
117,3,745.7731323242188,610.072021484375,128.27850341796875,334.2349853515625,-1,-1,-1,-1
118,3,761.09912109375,607.809814453125,126.7064208984375,337.6923828125,-1,-1,-1,-1
119,3,762.111572265625,610.4169921875,140.58502197265625,344.4921875,-1,-1,-1,-1
120,3,750.5228881835938,624.2438354492188,164.54608154296875,341.83013916015625,-1,-1,-1,-1
121,3,738.0712280273438,633.3164672851562,178.753173828125,345.6357421875,-1,-1,-1,-1
122,3,729.8749389648438,639.8623046875,181.21380615234375,346.2745361328125,-1,-1,-1,-1
123,3,731.0399169921875,637.3036499023438,175.4034423828125,347.6678466796875,-1,-1,-1,-1
124,3,746.6624145507812,621.8074340820312,152.9962158203125,361.23809814453125,-1,-1,-1,-1
125,3,761.80712890625,599.604736328125,137.4696044921875,356.0987548828125,-1,-1,-1,-1
126,3,778.11181640625,582.4046020507812,122.60528564453125,364.52252197265625,-1,-1,-1,-1
127,3,793.4168701171875,573.577392578125,113.8798828125,359.4287109375,-1,-1,-1,-1
128,3,802.6001586914062,573.1782836914062,112.19439697265625,357.37860107421875,-1,-1,-1,-1
129,3,802.40283203125,580.3259887695312,124.2906494140625,361.18487548828125,-1,-1,-1,-1
130,3,800.4537963867188,589.8148803710938,163.08367919921875,365.16705322265625,-1,-1,-1,-1
131,3,801.5071411132812,601.18310546875,169.76531982421875,362.25860595703125,-1,-1,-1,-1
132,3,798.9111328125,607.82958984375,196.5538330078125,360.86614990234375,-1,-1,-1,-1
133,3,796.9044189453125,609.3162841796875,201.99725341796875,356.2677001953125,-1,-1,-1,-1
134,3,793.717529296875,605.2650756835938,217.87939453125,352.64569091796875,-1,-1,-1,-1
135,3,793.249755859375,601.73095703125,228.0205078125,348.0618896484375,-1,-1,-1,-1
136,3,799.1199951171875,602.9030151367188,216.8785400390625,347.40521240234375,-1,-1,-1,-1
137,3,807.8821411132812,608.3110961914062,205.9998779296875,347.6785888671875,-1,-1,-1,-1
138,3,822.4359130859375,614.3143310546875,193.7841796875,348.7781982421875,-1,-1,-1,-1
139,3,833.225830078125,616.519775390625,170.37152099609375,349.6287841796875,-1,-1,-1,-1
140,3,837.7208251953125,614.5164794921875,157.38726806640625,346.393310546875,-1,-1,-1,-1
141,3,845.9735107421875,605.8394775390625,143.521484375,344.8968505859375,-1,-1,-1,-1
142,3,853.9187622070312,594.4405517578125,133.13262939453125,346.4185791015625,-1,-1,-1,-1
143,3,857.7418823242188,586.7277221679688,125.6065673828125,346.74310302734375,-1,-1,-1,-1
144,3,853.6969604492188,586.2137451171875,123.419677734375,344.87652587890625,-1,-1,-1,-1
145,3,848.5631103515625,590.8418579101562,121.48590087890625,342.5635986328125,-1,-1,-1,-1
146,3,844.3651733398438,597.8734130859375,120.676025390625,336.78662109375,-1,-1,-1,-1
147,3,841.159912109375,601.5108032226562,119.36566162109375,334.55511474609375,-1,-1,-1,-1
148,3,847.4514770507812,600.5556640625,113.7347412109375,330.934326171875,-1,-1,-1,-1
149,3,853.1270751953125,592.8543090820312,114.72601318359375,327.308837890625,-1,-1,-1,-1
150,3,869.9417724609375,585.2647705078125,111.105224609375,311.0819091796875,-1,-1,-1,-1
151,3,888.2633056640625,583.4578247070312,107.63751220703125,308.27325439453125,-1,-1,-1,-1
152,3,896.4351196289062,586.8971557617188,111.16192626953125,310.32763671875,-1,-1,-1,-1
153,3,893.1570434570312,592.5459594726562,117.16046142578125,314.5357666015625,-1,-1,-1,-1
154,3,907.927490234375,599.3121337890625,103.11016845703125,312.25958251953125,-1,-1,-1,-1
155,3,899.4178466796875,602.155029296875,110.75543212890625,310.725830078125,-1,-1,-1,-1
156,3,887.349365234375,601.1514282226562,121.2000732421875,307.75726318359375,-1,-1,-1,-1
157,3,885.7487182617188,591.0677490234375,120.40325927734375,306.18658447265625,-1,-1,-1,-1
158,3,883.3147583007812,585.5302124023438,119.20703125,302.4923095703125,-1,-1,-1,-1
159,3,883.120849609375,587.280517578125,118.23468017578125,302.87701416015625,-1,-1,-1,-1
160,3,885.67626953125,595.1100463867188,113.82403564453125,302.2830810546875,-1,-1,-1,-1
161,3,886.11083984375,606.0089721679688,110.98052978515625,304.31475830078125,-1,-1,-1,-1
162,3,884.0899047851562,615.1351318359375,112.8798828125,305.99603271484375,-1,-1,-1,-1
163,3,880.8988037109375,621.668212890625,114.85809326171875,304.857666015625,-1,-1,-1,-1
164,3,883.1109008789062,618.3704833984375,106.20416259765625,307.46435546875,-1,-1,-1,-1
165,3,880.0557861328125,602.8378295898438,105.01708984375,313.58221435546875,-1,-1,-1,-1
166,3,879.08984375,576.7127685546875,100.567626953125,325.852294921875,-1,-1,-1,-1
167,3,876.0029296875,583.784423828125,100.73785400390625,311.28887939453125,-1,-1,-1,-1
168,3,869.2645874023438,585.9144287109375,106.91326904296875,311.321533203125,-1,-1,-1,-1
169,3,861.3279418945312,597.1015014648438,113.339111328125,309.167724609375,-1,-1,-1,-1
170,3,860.5003051757812,607.2258911132812,104.7047119140625,304.84381103515625,-1,-1,-1,-1
171,3,853.200927734375,609.5914306640625,104.67431640625,304.03204345703125,-1,-1,-1,-1
172,3,843.2197265625,603.6284790039062,110.9130859375,306.24920654296875,-1,-1,-1,-1
173,3,833.6303100585938,586.10009765625,112.69390869140625,315.781005859375,-1,-1,-1,-1
174,3,824.9230346679688,584.54345703125,116.3792724609375,311.5472412109375,-1,-1,-1,-1
175,3,822.6647338867188,589.6834716796875,112.37750244140625,309.0618896484375,-1,-1,-1,-1
176,3,810.1384887695312,597.5255737304688,122.78302001953125,309.16131591796875,-1,-1,-1,-1
177,3,793.7647705078125,601.1620483398438,142.43585205078125,308.268310546875,-1,-1,-1,-1
178,3,777.6952514648438,602.095458984375,158.860107421875,306.6407470703125,-1,-1,-1,-1
179,3,766.1069946289062,601.8489990234375,158.04107666015625,304.59063720703125,-1,-1,-1,-1
180,3,753.5846557617188,600.8958740234375,168.63519287109375,302.057861328125,-1,-1,-1,-1
181,3,748.54443359375,603.2703247070312,171.8343505859375,301.02374267578125,-1,-1,-1,-1
182,3,745.6343994140625,606.478759765625,172.59051513671875,300.03424072265625,-1,-1,-1,-1
183,3,749.388916015625,607.4777221679688,166.2049560546875,299.4788818359375,-1,-1,-1,-1
184,3,751.303466796875,605.3907470703125,153.37322998046875,299.23590087890625,-1,-1,-1,-1
185,3,752.6693725585938,601.8107299804688,139.77227783203125,294.97540283203125,-1,-1,-1,-1
186,3,750.2770385742188,601.110595703125,123.52288818359375,292.4569091796875,-1,-1,-1,-1
187,3,754.1514892578125,600.4041748046875,106.45941162109375,294.829345703125,-1,-1,-1,-1
188,3,754.8184204101562,598.5339965820312,101.84814453125,297.6566162109375,-1,-1,-1,-1
189,3,740.679443359375,596.3217163085938,114.34332275390625,298.96295166015625,-1,-1,-1,-1
190,3,717.0394897460938,596.0388793945312,137.09442138671875,295.31024169921875,-1,-1,-1,-1
191,3,696.2496948242188,598.2203369140625,155.90667724609375,290.3453369140625,-1,-1,-1,-1
192,3,684.5420532226562,600.0797119140625,164.046142578125,287.8629150390625,-1,-1,-1,-1
193,3,678.4144897460938,601.9924926757812,160.86962890625,285.4813232421875,-1,-1,-1,-1
194,3,675.4102783203125,601.9774169921875,156.9747314453125,285.4979248046875,-1,-1,-1,-1
195,3,674.9967651367188,600.4373779296875,153.14886474609375,285.530029296875,-1,-1,-1,-1
196,3,672.6246948242188,599.4482421875,147.36962890625,287.06298828125,-1,-1,-1,-1
197,3,669.9630737304688,597.0261840820312,140.46148681640625,292.17181396484375,-1,-1,-1,-1
198,3,668.486572265625,594.1190185546875,132.17181396484375,294.82781982421875,-1,-1,-1,-1
199,3,667.71728515625,588.7238159179688,124.26324462890625,299.274169921875,-1,-1,-1,-1
200,3,664.8286743164062,586.0655517578125,123.12322998046875,297.7584228515625,-1,-1,-1,-1
201,3,661.2603759765625,585.2908325195312,126.16119384765625,296.22955322265625,-1,-1,-1,-1
202,3,647.9846801757812,586.82958984375,135.6007080078125,295.64312744140625,-1,-1,-1,-1
203,3,643.1568603515625,594.767333984375,133.695556640625,293.97052001953125,-1,-1,-1,-1
204,3,642.10107421875,605.036865234375,133.66925048828125,287.71051025390625,-1,-1,-1,-1
205,3,647.7673950195312,612.8604736328125,124.9052734375,277.5750732421875,-1,-1,-1,-1
206,3,647.896240234375,615.9093017578125,126.1619873046875,277.50714111328125,-1,-1,-1,-1
207,3,649.5292358398438,614.298583984375,131.396240234375,280.944091796875,-1,-1,-1,-1
208,3,648.9527587890625,608.8485717773438,139.1986083984375,288.05914306640625,-1,-1,-1,-1
209,3,648.885498046875,600.2747802734375,150.0469970703125,291.1640625,-1,-1,-1,-1
210,3,649.1891479492188,595.3187255859375,158.88446044921875,292.17236328125,-1,-1,-1,-1
211,3,670.3327026367188,593.0596313476562,147.91754150390625,290.30908203125,-1,-1,-1,-1
212,3,699.4946899414062,589.6337890625,125.96942138671875,289.8699951171875,-1,-1,-1,-1
213,3,726.248291015625,588.2390747070312,107.3194580078125,284.1202392578125,-1,-1,-1,-1
214,3,739.2083129882812,592.880859375,98.75274658203125,278.47906494140625,-1,-1,-1,-1
215,3,738.6897583007812,599.790283203125,101.95892333984375,274.62298583984375,-1,-1,-1,-1
216,3,742.3946533203125,607.2272338867188,108.10009765625,268.36883544921875,-1,-1,-1,-1
217,3,742.6480712890625,613.949951171875,118.4075927734375,262.06732177734375,-1,-1,-1,-1
218,3,745.899169921875,617.6050415039062,124.5660400390625,257.43975830078125,-1,-1,-1,-1
219,3,747.1615600585938,619.998046875,131.353759765625,252.93035888671875,-1,-1,-1,-1
220,3,745.1394653320312,624.435791015625,137.10430908203125,248.5921630859375,-1,-1,-1,-1
221,3,742.971923828125,629.2674560546875,139.9998779296875,245.07342529296875,-1,-1,-1,-1
222,3,741.428955078125,632.304931640625,139.4609375,241.8487548828125,-1,-1,-1,-1
223,3,749.3419189453125,632.0821533203125,131.76416015625,242.2132568359375,-1,-1,-1,-1
224,3,760.2786254882812,629.160888671875,120.22320556640625,242.8536376953125,-1,-1,-1,-1
225,3,771.8587646484375,622.3582763671875,107.64141845703125,244.822265625,-1,-1,-1,-1
226,3,781.8776245117188,617.3933715820312,96.1019287109375,246.314697265625,-1,-1,-1,-1
227,3,785.8895874023438,614.7593383789062,92.0150146484375,247.29248046875,-1,-1,-1,-1
228,3,787.3146362304688,616.1903076171875,89.35430908203125,245.140869140625,-1,-1,-1,-1
229,3,784.9400024414062,619.8767700195312,89.5550537109375,243.51605224609375,-1,-1,-1,-1
230,3,782.8965454101562,624.419921875,89.20782470703125,237.58544921875,-1,-1,-1,-1
231,3,778.176025390625,629.876220703125,91.3045654296875,231.2164306640625,-1,-1,-1,-1
232,3,769.20263671875,633.5260009765625,98.231689453125,226.22821044921875,-1,-1,-1,-1
233,3,749.3131103515625,635.4033813476562,113.0418701171875,223.8072509765625,-1,-1,-1,-1
234,3,733.9535522460938,635.231201171875,126.10418701171875,221.26123046875,-1,-1,-1,-1
235,3,730.6852416992188,633.0569458007812,128.5478515625,225.6898193359375,-1,-1,-1,-1
236,3,733.77490234375,630.1066284179688,124.80047607421875,233.28857421875,-1,-1,-1,-1
237,3,733.6044311523438,624.8366088867188,120.80926513671875,240.413818359375,-1,-1,-1,-1
238,3,735.0885009765625,617.2374877929688,115.793701171875,247.79925537109375,-1,-1,-1,-1
239,3,733.128662109375,609.7269287109375,108.0816650390625,253.13299560546875,-1,-1,-1,-1
240,3,735.4628295898438,602.2530517578125,101.015625,255.728271484375,-1,-1,-1,-1
241,3,731.9541015625,599.816162109375,102.081787109375,262.46923828125,-1,-1,-1,-1
242,3,725.2644653320312,598.8529052734375,106.18853759765625,265.35150146484375,-1,-1,-1,-1
243,3,706.9056396484375,599.5729370117188,116.89697265625,268.62969970703125,-1,-1,-1,-1
244,3,680.2771606445312,603.293701171875,136.48370361328125,269.50634765625,-1,-1,-1,-1
245,3,656.9180297851562,609.7337646484375,152.69488525390625,266.9022216796875,-1,-1,-1,-1
246,3,647.191162109375,611.7719116210938,154.931884765625,266.47686767578125,-1,-1,-1,-1
247,3,644.1557006835938,618.656005859375,153.09130859375,259.2186279296875,-1,-1,-1,-1
248,3,643.8825073242188,621.7877197265625,142.72216796875,256.478759765625,-1,-1,-1,-1
249,3,645.3201293945312,621.858642578125,135.91363525390625,257.18255615234375,-1,-1,-1,-1
250,3,643.6882934570312,622.2747192382812,129.31610107421875,256.04681396484375,-1,-1,-1,-1
251,3,645.32568359375,621.9495239257812,124.6480712890625,255.8636474609375,-1,-1,-1,-1
252,3,645.576416015625,622.002685546875,118.692626953125,257.29095458984375,-1,-1,-1,-1
253,3,645.9007568359375,621.8780517578125,117.18414306640625,257.3873291015625,-1,-1,-1,-1
254,3,646.3207397460938,620.2490844726562,115.57928466796875,258.27587890625,-1,-1,-1,-1
255,3,647.0192260742188,618.9609375,106.8193359375,259.944580078125,-1,-1,-1,-1
256,3,647.688720703125,617.619873046875,102.73553466796875,261.69927978515625,-1,-1,-1,-1
257,3,647.2198486328125,615.622802734375,102.8209228515625,263.56256103515625,-1,-1,-1,-1
258,3,648.3035888671875,613.475830078125,100.61944580078125,264.99359130859375,-1,-1,-1,-1
259,3,649.2305297851562,612.697509765625,95.752685546875,259.95404052734375,-1,-1,-1,-1
260,3,649.2667846679688,612.2152709960938,94.7059326171875,255.02972412109375,-1,-1,-1,-1
261,3,648.5659790039062,611.6047973632812,93.4420166015625,247.44873046875,-1,-1,-1,-1
262,3,647.160888671875,610.6267700195312,108.15716552734375,242.15252685546875,-1,-1,-1,-1
263,3,648.8721313476562,610.546142578125,95.95709228515625,236.5350341796875,-1,-1,-1,-1
264,3,652.9063720703125,610.4873657226562,89.447265625,232.03350830078125,-1,-1,-1,-1
265,3,648.2025146484375,614.1525268554688,93.5347900390625,222.50030517578125,-1,-1,-1,-1
266,3,647.8555908203125,617.7499389648438,94.021484375,221.16217041015625,-1,-1,-1,-1
267,3,646.4840698242188,622.4246826171875,96.10809326171875,217.93048095703125,-1,-1,-1,-1
268,3,645.6322631835938,626.6063842773438,112.795166015625,213.23809814453125,-1,-1,-1,-1
269,3,645.173095703125,629.6867065429688,123.6168212890625,210.11376953125,-1,-1,-1,-1
270,3,643.7254028320312,632.3632202148438,132.98504638671875,206.83135986328125,-1,-1,-1,-1
271,3,643.4922485351562,632.2914428710938,135.91229248046875,207.4888916015625,-1,-1,-1,-1
272,3,641.9854125976562,633.7047119140625,137.0946044921875,206.64154052734375,-1,-1,-1,-1
273,3,641.2404174804688,633.7852783203125,138.21197509765625,206.03192138671875,-1,-1,-1,-1
274,3,654.58837890625,632.5308837890625,123.438232421875,207.204833984375,-1,-1,-1,-1
275,3,670.1945190429688,631.135986328125,107.9256591796875,209.18206787109375,-1,-1,-1,-1
276,3,685.9368286132812,629.7552490234375,93.29095458984375,211.1900634765625,-1,-1,-1,-1
277,3,695.8895263671875,628.7389526367188,86.0584716796875,212.97088623046875,-1,-1,-1,-1
278,3,700.8463134765625,626.9547119140625,84.1217041015625,215.8184814453125,-1,-1,-1,-1
279,3,703.6041259765625,627.803466796875,83.3616943359375,215.0654296875,-1,-1,-1,-1
280,3,698.87890625,630.4361572265625,88.50384521484375,211.66802978515625,-1,-1,-1,-1
281,3,698.4097290039062,633.0001220703125,87.4931640625,207.5882568359375,-1,-1,-1,-1
282,3,700.2141723632812,633.3335571289062,84.6798095703125,205.6104736328125,-1,-1,-1,-1
283,3,700.66650390625,635.274658203125,82.1666259765625,203.84405517578125,-1,-1,-1,-1
284,3,699.7098388671875,635.32568359375,81.7813720703125,202.90277099609375,-1,-1,-1,-1
285,3,679.4215698242188,634.9334716796875,107.27972412109375,198.57781982421875,-1,-1,-1,-1
286,3,689.84765625,635.1915283203125,99.0533447265625,189.17462158203125,-1,-1,-1,-1
287,3,690.0894775390625,637.9334716796875,93.06134033203125,183.7374267578125,-1,-1,-1,-1
288,3,681.9074096679688,639.5303344726562,87.30169677734375,182.97613525390625,-1,-1,-1,-1
289,3,695.0577392578125,637.6964111328125,64.8890380859375,185.47406005859375,-1,-1,-1,-1
290,3,697.67822265625,635.9112548828125,56.01885986328125,186.77374267578125,-1,-1,-1,-1
291,3,696.8346557617188,635.380859375,53.73370361328125,184.50738525390625,-1,-1,-1,-1
292,3,692.997802734375,636.3864135742188,52.97991943359375,177.3619384765625,-1,-1,-1,-1
293,3,684.402587890625,639.58642578125,65.91204833984375,170.71197509765625,-1,-1,-1,-1
294,3,685.4302368164062,643.666748046875,80.26861572265625,160.783447265625,-1,-1,-1,-1
295,3,677.3209838867188,647.0352172851562,89.25714111328125,154.53326416015625,-1,-1,-1,-1
296,3,676.7596435546875,648.3632202148438,77.497802734375,148.3662109375,-1,-1,-1,-1
297,3,674.697265625,646.2357177734375,86.0604248046875,148.20623779296875,-1,-1,-1,-1
298,3,672.5677490234375,643.430908203125,88.90228271484375,148.8052978515625,-1,-1,-1,-1
299,3,673.0469970703125,640.9653930664062,88.30364990234375,152.0155029296875,-1,-1,-1,-1
300,3,669.8304443359375,637.362548828125,85.32513427734375,154.46954345703125,-1,-1,-1,-1
301,3,671.2425537109375,634.5216064453125,75.1082763671875,156.80096435546875,-1,-1,-1,-1
302,3,669.2084350585938,631.4285888671875,63.45172119140625,156.97882080078125,-1,-1,-1,-1
303,3,668.62841796875,627.462158203125,61.0413818359375,158.68017578125,-1,-1,-1,-1
304,3,670.6033325195312,621.7591552734375,62.44061279296875,165.3311767578125,-1,-1,-1,-1
305,3,672.8903198242188,618.0260009765625,64.340576171875,170.3326416015625,-1,-1,-1,-1
306,3,675.0536499023438,616.97802734375,65.8572998046875,171.6968994140625,-1,-1,-1,-1
307,3,673.0094604492188,618.3695678710938,70.584228515625,171.37677001953125,-1,-1,-1,-1
308,3,671.5003662109375,619.5156860351562,74.45050048828125,172.31890869140625,-1,-1,-1,-1
309,3,667.854248046875,620.8549194335938,78.1103515625,171.93023681640625,-1,-1,-1,-1
310,3,669.6292114257812,621.1836547851562,79.8292236328125,172.54400634765625,-1,-1,-1,-1
311,3,676.1987915039062,622.3416748046875,79.6458740234375,173.20477294921875,-1,-1,-1,-1
37,4,179.4173126220703,997.6632080078125,213.03501892089844,412.9017333984375,-1,-1,-1,-1
38,4,177.70193481445312,1012.6211547851562,215.06417846679688,397.87030029296875,-1,-1,-1,-1
39,4,169.7312774658203,1015.6105346679688,222.57847595214844,394.11480712890625,-1,-1,-1,-1
40,4,161.89236450195312,1024.8153076171875,235.49545288085938,384.569091796875,-1,-1,-1,-1
41,4,149.3185577392578,1023.146484375,242.54563903808594,385.4449462890625,-1,-1,-1,-1
42,4,121.15601348876953,1075.6082763671875,247.38995361328125,330.9747314453125,-1,-1,-1,-1
43,4,28.48440170288086,1078.913330078125,319.51953125,328.8040771484375,-1,-1,-1,-1
44,4,-2.2967605590820312,1098.2271728515625,307.0200500488281,312.0042724609375,-1,-1,-1,-1
46,5,1.6466031074523926,421.82275390625,128.94834899902344,249.45843505859375,-1,-1,-1,-1
53,6,1168.5684814453125,336.5950012207031,114.82861328125,165.58282470703125,-1,-1,-1,-1
54,6,1166.625732421875,319.21697998046875,115.41845703125,162.45693969726562,-1,-1,-1,-1
55,6,1159.6839599609375,302.7672119140625,119.1280517578125,171.61489868164062,-1,-1,-1,-1
56,6,1159.2479248046875,288.642333984375,110.3990478515625,170.64483642578125,-1,-1,-1,-1
57,6,1163.8671875,280.90533447265625,111.583251953125,167.62030029296875,-1,-1,-1,-1
58,6,1168.040283203125,275.03271484375,132.09033203125,168.25253295898438,-1,-1,-1,-1
59,6,1171.191162109375,275.7218017578125,110.2325439453125,165.54446411132812,-1,-1,-1,-1
60,6,1174.097412109375,278.6297912597656,121.3582763671875,167.19796752929688,-1,-1,-1,-1
61,6,1197.4935302734375,280.82745361328125,129.5498046875,166.9957275390625,-1,-1,-1,-1
62,6,1210.730224609375,281.7105712890625,134.9803466796875,162.95916748046875,-1,-1,-1,-1
63,6,1234.9178466796875,284.8526306152344,118.491455078125,165.74972534179688,-1,-1,-1,-1
64,6,1250.44580078125,288.1676025390625,104.721923828125,164.64544677734375,-1,-1,-1,-1
65,6,1279.5430908203125,299.1380615234375,116.1595458984375,165.76889038085938,-1,-1,-1,-1
68,7,134.88046264648438,571.8912963867188,151.77957153320312,198.20794677734375,-1,-1,-1,-1
69,7,340.3094787597656,572.24072265625,110.9583740234375,185.6744384765625,-1,-1,-1,-1
70,7,490.9726867675781,584.9188232421875,90.33169555664062,171.46405029296875,-1,-1,-1,-1
71,7,573.44873046875,596.7490234375,78.01953125,168.45111083984375,-1,-1,-1,-1
72,7,609.2772216796875,608.6074829101562,72.46600341796875,168.2508544921875,-1,-1,-1,-1
73,7,627.0448608398438,619.9210205078125,67.72381591796875,166.89251708984375,-1,-1,-1,-1
74,7,644.061767578125,627.29833984375,65.22515869140625,167.2850341796875,-1,-1,-1,-1
75,7,669.2605590820312,634.3761596679688,62.8828125,164.66693115234375,-1,-1,-1,-1
76,7,703.447021484375,639.2755737304688,61.9188232421875,167.68756103515625,-1,-1,-1,-1
77,7,742.6563720703125,641.8021850585938,62.75653076171875,169.54376220703125,-1,-1,-1,-1
78,7,772.1657104492188,643.64697265625,62.8472900390625,170.75848388671875,-1,-1,-1,-1
79,7,787.2339477539062,643.5631103515625,64.97698974609375,169.8953857421875,-1,-1,-1,-1
80,7,794.1427001953125,643.1644897460938,65.8935546875,172.09918212890625,-1,-1,-1,-1
81,7,798.4811401367188,638.5115356445312,70.7548828125,178.61273193359375,-1,-1,-1,-1
82,7,801.641357421875,636.0157470703125,72.78009033203125,182.2027587890625,-1,-1,-1,-1
83,7,802.7596435546875,636.7348022460938,72.42376708984375,182.45697021484375,-1,-1,-1,-1
84,7,802.3043212890625,636.58837890625,71.62030029296875,182.84088134765625,-1,-1,-1,-1
85,7,812.25244140625,634.4664306640625,65.56610107421875,185.8594970703125,-1,-1,-1,-1
86,7,813.8485107421875,627.7548828125,66.2078857421875,190.1846923828125,-1,-1,-1,-1
87,7,813.5974731445312,625.6609497070312,67.8177490234375,191.27606201171875,-1,-1,-1,-1
88,7,814.8677978515625,628.0948486328125,66.5594482421875,194.0089111328125,-1,-1,-1,-1
89,7,814.7738037109375,628.6364135742188,70.40631103515625,197.33258056640625,-1,-1,-1,-1
90,7,819.1591796875,627.3414306640625,67.5303955078125,198.4224853515625,-1,-1,-1,-1
91,7,821.429443359375,626.2680053710938,67.27764892578125,199.67559814453125,-1,-1,-1,-1
92,7,822.2603149414062,625.2162475585938,68.60394287109375,200.75323486328125,-1,-1,-1,-1
93,7,820.8367919921875,623.7642822265625,71.3917236328125,201.23504638671875,-1,-1,-1,-1
94,7,824.8265991210938,623.020263671875,69.097412109375,199.93402099609375,-1,-1,-1,-1
95,7,824.1181030273438,622.260986328125,70.68426513671875,199.3944091796875,-1,-1,-1,-1
96,7,824.5392456054688,622.7466430664062,71.02178955078125,198.6785888671875,-1,-1,-1,-1
97,7,825.1361083984375,622.6243286132812,73.0142822265625,199.93353271484375,-1,-1,-1,-1
98,7,825.4427490234375,623.3497924804688,75.6658935546875,198.777099609375,-1,-1,-1,-1
99,7,828.4603271484375,626.865966796875,71.5224609375,188.0242919921875,-1,-1,-1,-1
100,7,830.9895629882812,632.3921508789062,66.26031494140625,185.57464599609375,-1,-1,-1,-1
101,7,828.7092895507812,635.850341796875,64.76312255859375,189.6197509765625,-1,-1,-1,-1
102,7,829.5507202148438,638.7450561523438,72.373291015625,186.28277587890625,-1,-1,-1,-1
103,7,809.6743774414062,645.1475219726562,97.92193603515625,198.27154541015625,-1,-1,-1,-1
104,7,789.6992797851562,652.0119018554688,128.85015869140625,210.3729248046875,-1,-1,-1,-1
105,7,794.1270751953125,661.1198120117188,131.230224609375,207.25439453125,-1,-1,-1,-1
106,7,816.6415405273438,658.3567504882812,120.546630859375,216.78704833984375,-1,-1,-1,-1
107,7,830.5167236328125,659.5296630859375,103.4910888671875,210.94329833984375,-1,-1,-1,-1
108,7,835.4822998046875,666.1500244140625,93.7467041015625,207.092041015625,-1,-1,-1,-1
109,7,835.87646484375,672.1033935546875,92.24462890625,207.710205078125,-1,-1,-1,-1
110,7,831.2643432617188,676.68701171875,98.11407470703125,211.6591796875,-1,-1,-1,-1
111,7,822.3082275390625,680.9937133789062,104.25592041015625,216.06646728515625,-1,-1,-1,-1
112,7,794.0047607421875,683.7705688476562,123.009033203125,223.12017822265625,-1,-1,-1,-1
113,7,778.0689697265625,679.1376953125,126.3319091796875,232.0494384765625,-1,-1,-1,-1
114,7,773.6828002929688,663.4888916015625,118.43695068359375,238.5634765625,-1,-1,-1,-1
115,7,771.07470703125,636.71240234375,102.1014404296875,243.19134521484375,-1,-1,-1,-1
116,7,760.8067626953125,624.8870849609375,85.60174560546875,246.1363525390625,-1,-1,-1,-1
117,7,741.37255859375,618.9696655273438,85.24090576171875,200.833740234375,-1,-1,-1,-1
118,7,717.8992919921875,621.2633056640625,92.78472900390625,206.362060546875,-1,-1,-1,-1
119,7,722.529052734375,622.871337890625,73.99603271484375,206.4268798828125,-1,-1,-1,-1
120,7,709.0169067382812,623.8192138671875,72.9677734375,212.356201171875,-1,-1,-1,-1
121,7,697.1949462890625,625.398681640625,73.99517822265625,217.65869140625,-1,-1,-1,-1
122,7,689.3981323242188,625.064453125,74.714599609375,218.96771240234375,-1,-1,-1,-1
123,7,683.7918701171875,622.5106811523438,77.00201416015625,217.92291259765625,-1,-1,-1,-1
124,7,679.9291381835938,613.6737670898438,73.9072265625,210.565673828125,-1,-1,-1,-1
125,7,671.5822143554688,599.0048828125,77.9854736328125,206.5802001953125,-1,-1,-1,-1
126,7,667.4426879882812,588.01708984375,75.25909423828125,202.3585205078125,-1,-1,-1,-1
127,7,661.9457397460938,579.4330444335938,75.45465087890625,202.2872314453125,-1,-1,-1,-1
128,7,662.3049926757812,577.03173828125,71.71710205078125,205.15447998046875,-1,-1,-1,-1
129,7,659.944091796875,580.2442016601562,70.47674560546875,209.7646484375,-1,-1,-1,-1
130,7,657.9681396484375,587.2443237304688,69.83563232421875,212.817138671875,-1,-1,-1,-1
131,7,655.1080932617188,596.348876953125,72.63702392578125,213.83575439453125,-1,-1,-1,-1
132,7,652.091064453125,604.5924072265625,73.0294189453125,213.547119140625,-1,-1,-1,-1
133,7,646.6796264648438,606.9293212890625,73.8818359375,214.0989990234375,-1,-1,-1,-1
134,7,642.1011352539062,601.0634765625,74.98345947265625,214.64495849609375,-1,-1,-1,-1
135,7,643.7982177734375,591.3308715820312,72.4788818359375,215.182373046875,-1,-1,-1,-1
136,7,641.3392944335938,584.37158203125,75.00335693359375,217.1929931640625,-1,-1,-1,-1
137,7,640.4113159179688,586.4508056640625,77.63226318359375,218.464111328125,-1,-1,-1,-1
138,7,637.3970947265625,592.6488647460938,79.88848876953125,220.26324462890625,-1,-1,-1,-1
139,7,625.3890991210938,598.5255126953125,84.34893798828125,220.29302978515625,-1,-1,-1,-1
140,7,616.7920532226562,599.6729125976562,84.84893798828125,218.1337890625,-1,-1,-1,-1
141,7,608.4998779296875,593.669921875,87.10186767578125,217.74871826171875,-1,-1,-1,-1
142,7,604.0127563476562,583.9448852539062,87.03070068359375,215.436279296875,-1,-1,-1,-1
143,7,597.2237548828125,574.2542724609375,87.07269287109375,214.38653564453125,-1,-1,-1,-1
144,7,590.7803344726562,570.1226196289062,88.01580810546875,215.90576171875,-1,-1,-1,-1
145,7,587.2893676757812,571.5187377929688,99.718505859375,216.92950439453125,-1,-1,-1,-1
146,7,582.6080932617188,576.109619140625,93.47119140625,218.15850830078125,-1,-1,-1,-1
147,7,577.4166259765625,578.572998046875,91.7239990234375,219.7486572265625,-1,-1,-1,-1
148,7,578.5517578125,578.6256103515625,88.7445068359375,217.98760986328125,-1,-1,-1,-1
149,7,586.6663208007812,572.0921630859375,85.77484130859375,218.616943359375,-1,-1,-1,-1
150,7,599.518310546875,567.6395874023438,84.06976318359375,215.879638671875,-1,-1,-1,-1
151,7,615.7236328125,568.4036865234375,82.4608154296875,213.84521484375,-1,-1,-1,-1
152,7,628.1076049804688,572.6146850585938,80.3551025390625,211.85394287109375,-1,-1,-1,-1
153,7,635.0950927734375,577.7420654296875,79.82098388671875,210.04071044921875,-1,-1,-1,-1
154,7,639.1090698242188,578.947509765625,82.5301513671875,211.1976318359375,-1,-1,-1,-1
155,7,641.9949951171875,579.5223388671875,85.88616943359375,209.51812744140625,-1,-1,-1,-1
156,7,644.1278076171875,574.1597290039062,90.3380126953125,207.06494140625,-1,-1,-1,-1
157,7,644.1141357421875,560.34521484375,97.0980224609375,208.3212890625,-1,-1,-1,-1
158,7,645.1028442382812,552.557373046875,87.38641357421875,207.63287353515625,-1,-1,-1,-1
159,7,647.8807373046875,557.2467041015625,86.144775390625,206.60467529296875,-1,-1,-1,-1
160,7,650.1057739257812,569.4169921875,89.4566650390625,203.87738037109375,-1,-1,-1,-1
161,7,653.5479736328125,586.9840698242188,84.8092041015625,199.40582275390625,-1,-1,-1,-1
162,7,652.1056518554688,600.6246337890625,84.11859130859375,195.9444580078125,-1,-1,-1,-1
163,7,653.236572265625,609.4501342773438,83.86468505859375,193.58935546875,-1,-1,-1,-1
164,7,650.564697265625,608.9998168945312,89.81121826171875,193.4442138671875,-1,-1,-1,-1
165,7,644.6895141601562,600.4951171875,83.67279052734375,190.931884765625,-1,-1,-1,-1
166,7,640.4930419921875,583.7877807617188,83.99737548828125,193.45458984375,-1,-1,-1,-1
167,7,639.7518310546875,574.88427734375,85.059326171875,193.5194091796875,-1,-1,-1,-1
168,7,635.5607299804688,577.4662475585938,80.06964111328125,194.43170166015625,-1,-1,-1,-1
169,7,635.1613159179688,583.8762817382812,81.96759033203125,195.51263427734375,-1,-1,-1,-1
170,7,633.8464965820312,589.3561401367188,78.85565185546875,193.17828369140625,-1,-1,-1,-1
171,7,629.3900146484375,589.278564453125,75.99700927734375,193.27850341796875,-1,-1,-1,-1
172,7,624.521728515625,581.4530639648438,72.75390625,195.591064453125,-1,-1,-1,-1
173,7,619.5419311523438,572.3065795898438,70.07696533203125,197.3450927734375,-1,-1,-1,-1
174,7,616.9971923828125,566.4888305664062,67.44329833984375,197.25677490234375,-1,-1,-1,-1
175,7,615.163330078125,567.9135131835938,66.5250244140625,197.33709716796875,-1,-1,-1,-1
176,7,614.6861572265625,574.0176391601562,65.033935546875,196.05010986328125,-1,-1,-1,-1
177,7,614.5547485351562,577.7181396484375,65.09967041015625,194.8892822265625,-1,-1,-1,-1
178,7,614.3477172851562,578.305908203125,64.9176025390625,193.7943115234375,-1,-1,-1,-1
179,7,613.2660522460938,575.6400756835938,64.720947265625,193.7576904296875,-1,-1,-1,-1
180,7,611.2311401367188,572.7892456054688,65.6336669921875,195.95794677734375,-1,-1,-1,-1
181,7,611.1599731445312,572.7857666015625,65.7335205078125,195.1961669921875,-1,-1,-1,-1
182,7,612.8317260742188,575.3861083984375,67.2615966796875,194.25830078125,-1,-1,-1,-1
183,7,613.529052734375,576.3490600585938,71.50738525390625,193.9935302734375,-1,-1,-1,-1
184,7,620.8106079101562,575.7643432617188,70.54803466796875,194.72015380859375,-1,-1,-1,-1
185,7,624.0974731445312,575.9328002929688,69.87335205078125,195.19189453125,-1,-1,-1,-1
186,7,624.9802856445312,579.3604125976562,70.715087890625,196.2366943359375,-1,-1,-1,-1
187,7,627.1439208984375,583.9056396484375,71.4970703125,194.46429443359375,-1,-1,-1,-1
188,7,628.6245727539062,585.48876953125,75.0045166015625,195.091552734375,-1,-1,-1,-1
189,7,633.741943359375,586.8776245117188,74.67083740234375,194.87396240234375,-1,-1,-1,-1
190,7,638.2504272460938,586.78271484375,74.8045654296875,195.48699951171875,-1,-1,-1,-1
191,7,638.7967529296875,588.3088989257812,76.01788330078125,194.89276123046875,-1,-1,-1,-1
192,7,639.6786499023438,589.3206176757812,76.45220947265625,195.30438232421875,-1,-1,-1,-1
193,7,639.7589721679688,590.398193359375,76.89593505859375,194.4091796875,-1,-1,-1,-1
194,7,643.713623046875,590.8770751953125,75.203369140625,192.77301025390625,-1,-1,-1,-1
195,7,646.7182006835938,591.3714599609375,74.82177734375,191.90765380859375,-1,-1,-1,-1
196,7,647.9832153320312,592.646240234375,96.556884765625,191.7108154296875,-1,-1,-1,-1
197,7,644.6236572265625,594.4047241210938,102.5108642578125,192.12139892578125,-1,-1,-1,-1
198,7,642.7236938476562,594.6150512695312,94.16387939453125,191.05029296875,-1,-1,-1,-1
199,7,645.3428955078125,595.119873046875,87.3316650390625,189.97412109375,-1,-1,-1,-1
200,7,647.5010986328125,594.9671630859375,79.83892822265625,190.21551513671875,-1,-1,-1,-1
201,7,647.4963989257812,594.186279296875,77.25006103515625,190.1290283203125,-1,-1,-1,-1
202,7,646.4757690429688,594.3779296875,75.99072265625,189.06207275390625,-1,-1,-1,-1
203,7,647.7379760742188,595.3699340820312,72.674072265625,187.11181640625,-1,-1,-1,-1
204,7,648.2858276367188,596.6429443359375,70.06170654296875,183.7330322265625,-1,-1,-1,-1
205,7,648.1329345703125,597.1620483398438,70.2974853515625,183.69036865234375,-1,-1,-1,-1
206,7,648.435791015625,597.8917236328125,71.51739501953125,183.4813232421875,-1,-1,-1,-1
207,7,647.4896850585938,599.43896484375,72.83172607421875,182.27716064453125,-1,-1,-1,-1
208,7,648.566162109375,600.2260131835938,73.8729248046875,182.7359619140625,-1,-1,-1,-1
209,7,648.0516967773438,602.2099609375,75.1619873046875,180.57958984375,-1,-1,-1,-1
210,7,645.4337768554688,604.9810180664062,77.23541259765625,181.41839599609375,-1,-1,-1,-1
211,7,646.0269165039062,607.6337280273438,74.70806884765625,178.57476806640625,-1,-1,-1,-1
212,7,648.6813354492188,610.4974365234375,72.61248779296875,176.14642333984375,-1,-1,-1,-1
213,7,653.495849609375,613.0450439453125,70.59283447265625,173.01263427734375,-1,-1,-1,-1
214,7,656.1885375976562,615.5360107421875,68.4571533203125,170.7447509765625,-1,-1,-1,-1
215,7,653.4646606445312,616.64306640625,71.27264404296875,170.9349365234375,-1,-1,-1,-1
216,7,650.819580078125,616.6707153320312,73.87298583984375,170.92333984375,-1,-1,-1,-1
217,7,651.6525268554688,616.4901123046875,73.14471435546875,169.13104248046875,-1,-1,-1,-1
218,7,649.6377563476562,615.20654296875,74.9146728515625,168.137939453125,-1,-1,-1,-1
219,7,648.8164672851562,613.069091796875,73.96551513671875,166.5264892578125,-1,-1,-1,-1
220,7,647.6915283203125,612.85107421875,74.4373779296875,167.76318359375,-1,-1,-1,-1
221,7,645.7069702148438,614.407958984375,75.15118408203125,167.1689453125,-1,-1,-1,-1
222,7,640.6558837890625,616.3342895507812,80.18157958984375,165.54229736328125,-1,-1,-1,-1
223,7,641.8365478515625,619.0314331054688,77.81280517578125,163.35400390625,-1,-1,-1,-1
224,7,640.7208251953125,621.615966796875,78.228271484375,162.872802734375,-1,-1,-1,-1
225,7,637.4426879882812,622.2691040039062,79.08038330078125,161.889892578125,-1,-1,-1,-1
226,7,635.8966674804688,621.99853515625,80.2921142578125,159.1396484375,-1,-1,-1,-1
227,7,637.7968139648438,621.9029541015625,78.589599609375,158.02545166015625,-1,-1,-1,-1
228,7,638.2725830078125,622.816650390625,78.56243896484375,157.5078125,-1,-1,-1,-1
229,7,637.35595703125,623.0191040039062,78.7371826171875,157.51416015625,-1,-1,-1,-1
230,7,635.0563354492188,622.1935424804688,77.67474365234375,157.7713623046875,-1,-1,-1,-1
231,7,634.5640869140625,620.9973754882812,77.3544921875,158.6268310546875,-1,-1,-1,-1
232,7,634.3234252929688,619.4934692382812,77.22393798828125,158.24066162109375,-1,-1,-1,-1
233,7,634.9236450195312,617.4695434570312,75.601318359375,156.96795654296875,-1,-1,-1,-1
234,7,634.8636474609375,615.5341796875,74.97821044921875,157.392578125,-1,-1,-1,-1
235,7,635.979248046875,614.88720703125,73.4296875,155.115234375,-1,-1,-1,-1
236,7,636.6495361328125,614.1506958007812,74.05242919921875,156.51141357421875,-1,-1,-1,-1
237,7,638.7103271484375,612.46728515625,73.5201416015625,157.5743408203125,-1,-1,-1,-1
238,7,638.5068969726562,610.9979248046875,75.6312255859375,157.80126953125,-1,-1,-1,-1
239,7,638.81884765625,611.551513671875,77.69012451171875,159.0054931640625,-1,-1,-1,-1
240,7,639.5126953125,614.0728149414062,78.0322265625,157.203369140625,-1,-1,-1,-1
241,7,641.23388671875,617.4006958007812,77.23358154296875,155.15997314453125,-1,-1,-1,-1
242,7,642.8134765625,619.1362915039062,76.48785400390625,153.2860107421875,-1,-1,-1,-1
243,7,643.3690185546875,619.8172607421875,76.6007080078125,153.5970458984375,-1,-1,-1,-1
244,7,643.6596069335938,620.7440795898438,77.18212890625,152.81085205078125,-1,-1,-1,-1
245,7,644.3428955078125,621.3888549804688,77.4249267578125,153.46343994140625,-1,-1,-1,-1
246,7,646.816650390625,621.7334594726562,76.4981689453125,155.2244873046875,-1,-1,-1,-1
247,7,647.6842041015625,621.15087890625,75.96649169921875,154.7899169921875,-1,-1,-1,-1
248,7,647.5182495117188,621.218017578125,76.9984130859375,151.7608642578125,-1,-1,-1,-1
249,7,647.3412475585938,620.7247924804688,76.2000732421875,149.79632568359375,-1,-1,-1,-1
250,7,649.6904296875,621.4432983398438,73.6920166015625,150.01483154296875,-1,-1,-1,-1
251,7,651.849853515625,622.352783203125,73.72216796875,149.0260009765625,-1,-1,-1,-1
252,7,650.8355712890625,622.8172607421875,74.751220703125,147.510986328125,-1,-1,-1,-1
253,7,652.941162109375,622.44384765625,76.743408203125,156.41192626953125,-1,-1,-1,-1
254,7,652.6343383789062,621.1718139648438,80.2022705078125,162.85986328125,-1,-1,-1,-1
255,7,652.2540283203125,620.0236206054688,78.39544677734375,160.42193603515625,-1,-1,-1,-1
256,7,653.1635131835938,619.3388671875,73.6009521484375,151.5748291015625,-1,-1,-1,-1
257,7,652.617431640625,617.9465942382812,71.3251953125,151.10772705078125,-1,-1,-1,-1
258,7,649.5842895507812,613.6959228515625,70.62432861328125,157.0859375,-1,-1,-1,-1
259,7,649.803955078125,614.4679565429688,67.57427978515625,156.6934814453125,-1,-1,-1,-1
260,7,652.3290405273438,613.7132568359375,66.66949462890625,155.40447998046875,-1,-1,-1,-1
261,7,652.5112915039062,615.6761474609375,68.44769287109375,161.86151123046875,-1,-1,-1,-1
262,7,652.2881469726562,617.0736694335938,76.0504150390625,175.17205810546875,-1,-1,-1,-1
263,7,653.2604370117188,616.5711669921875,74.4063720703125,180.57781982421875,-1,-1,-1,-1
264,7,651.220947265625,616.416259765625,71.9873046875,176.81561279296875,-1,-1,-1,-1
265,7,649.34814453125,618.5884399414062,72.73150634765625,162.8277587890625,-1,-1,-1,-1
266,7,650.03955078125,620.3468627929688,70.75311279296875,162.86724853515625,-1,-1,-1,-1
267,7,647.7713012695312,621.0668334960938,71.47576904296875,161.64520263671875,-1,-1,-1,-1
268,7,648.21630859375,621.501953125,68.66644287109375,158.51031494140625,-1,-1,-1,-1
269,7,646.8951416015625,622.3710327148438,67.9036865234375,155.3876953125,-1,-1,-1,-1
270,7,641.7615966796875,623.0640869140625,69.3795166015625,147.89923095703125,-1,-1,-1,-1
271,7,639.254638671875,622.2628173828125,70.94818115234375,149.8927001953125,-1,-1,-1,-1
272,7,638.2520141601562,622.2572631835938,73.5908203125,151.9149169921875,-1,-1,-1,-1
273,7,636.9097900390625,622.2894897460938,72.05419921875,153.08306884765625,-1,-1,-1,-1
274,7,630.7946166992188,622.8200073242188,69.96282958984375,151.38800048828125,-1,-1,-1,-1
275,7,631.6861572265625,623.0867919921875,67.73004150390625,151.3489990234375,-1,-1,-1,-1
276,7,632.1385498046875,622.8544921875,71.803466796875,149.84552001953125,-1,-1,-1,-1
277,7,631.748046875,622.4156494140625,76.642578125,151.20709228515625,-1,-1,-1,-1
278,7,631.7142333984375,622.0853271484375,80.30279541015625,149.8563232421875,-1,-1,-1,-1
279,7,634.2293090820312,622.0399169921875,83.60699462890625,149.29766845703125,-1,-1,-1,-1
280,7,634.9599609375,621.4143676757812,81.03839111328125,148.87811279296875,-1,-1,-1,-1
281,7,634.458251953125,621.197509765625,68.8333740234375,148.39794921875,-1,-1,-1,-1
282,7,635.5592041015625,622.5126342773438,68.39569091796875,147.19964599609375,-1,-1,-1,-1
283,7,636.4466552734375,623.2982177734375,69.33892822265625,146.9481201171875,-1,-1,-1,-1
284,7,636.6044921875,624.0003662109375,93.10369873046875,144.83221435546875,-1,-1,-1,-1
285,7,632.4517822265625,625.005859375,91.4853515625,145.10260009765625,-1,-1,-1,-1
286,7,632.0037231445312,624.0487670898438,92.6407470703125,144.66717529296875,-1,-1,-1,-1
287,7,626.5946044921875,625.5062255859375,78.490478515625,144.72314453125,-1,-1,-1,-1
288,7,628.982421875,624.3392333984375,93.6729736328125,147.341796875,-1,-1,-1,-1
289,7,633.7159423828125,623.493408203125,92.19287109375,149.4091796875,-1,-1,-1,-1
290,7,639.8729858398438,622.0538940429688,96.10394287109375,156.3236083984375,-1,-1,-1,-1
291,7,627.9863891601562,616.5413818359375,88.4771728515625,154.794677734375,-1,-1,-1,-1
292,7,626.89208984375,613.9501342773438,77.12445068359375,155.88372802734375,-1,-1,-1,-1
293,7,625.75927734375,611.6214599609375,73.5228271484375,153.65008544921875,-1,-1,-1,-1
294,7,625.4696044921875,612.2141723632812,72.3095703125,151.745361328125,-1,-1,-1,-1
295,7,622.436279296875,611.5872192382812,68.802490234375,150.6375732421875,-1,-1,-1,-1
296,7,623.6962890625,609.90966796875,68.64453125,152.10321044921875,-1,-1,-1,-1
297,7,622.512939453125,609.1895141601562,66.0548095703125,151.52081298828125,-1,-1,-1,-1
298,7,621.901611328125,607.4652709960938,60.80499267578125,150.0135498046875,-1,-1,-1,-1
299,7,618.9401245117188,607.2354125976562,66.42083740234375,148.4913330078125,-1,-1,-1,-1
300,7,615.9292602539062,607.2791748046875,68.41778564453125,146.78631591796875,-1,-1,-1,-1
301,7,615.0856323242188,607.8126831054688,74.95379638671875,145.50421142578125,-1,-1,-1,-1
302,7,615.647216796875,608.1268920898438,76.10418701171875,146.40899658203125,-1,-1,-1,-1
303,7,614.5819702148438,608.2661743164062,74.26495361328125,146.151123046875,-1,-1,-1,-1
304,7,614.1776123046875,608.119873046875,68.21624755859375,146.848876953125,-1,-1,-1,-1
305,7,616.4273681640625,607.7736206054688,67.04083251953125,147.97637939453125,-1,-1,-1,-1
306,7,614.4580688476562,608.5255737304688,71.80548095703125,150.15679931640625,-1,-1,-1,-1
307,7,615.9149169921875,610.703857421875,73.38916015625,147.67529296875,-1,-1,-1,-1
308,7,614.9078979492188,612.674072265625,72.2899169921875,146.73883056640625,-1,-1,-1,-1
309,7,613.7466430664062,614.8436279296875,66.5404052734375,145.484619140625,-1,-1,-1,-1
310,7,613.5234375,615.83544921875,63.4027099609375,145.29974365234375,-1,-1,-1,-1
311,7,613.7387084960938,616.974609375,62.16961669921875,145.4329833984375,-1,-1,-1,-1
69,8,149.18174743652344,669.8372802734375,100.81581115722656,144.55029296875,-1,-1,-1,-1
70,8,306.98583984375,664.2195434570312,86.17462158203125,131.7525634765625,-1,-1,-1,-1
71,8,394.28338623046875,664.943359375,77.08660888671875,129.3529052734375,-1,-1,-1,-1
72,8,432.517822265625,667.233642578125,67.3802490234375,130.18511962890625,-1,-1,-1,-1
73,8,448.7998352050781,671.0184936523438,62.991912841796875,130.16259765625,-1,-1,-1,-1
74,8,466.8923645019531,672.3128662109375,59.882781982421875,130.28558349609375,-1,-1,-1,-1
75,8,494.44305419921875,674.0498046875,53.06005859375,129.17950439453125,-1,-1,-1,-1
76,8,526.4102172851562,674.1798095703125,54.85687255859375,127.95831298828125,-1,-1,-1,-1
77,8,566.5359497070312,672.7332153320312,50.7188720703125,126.4727783203125,-1,-1,-1,-1
78,8,594.1775512695312,670.2683715820312,50.175048828125,124.75732421875,-1,-1,-1,-1
79,8,607.9586181640625,665.8130493164062,50.59814453125,127.23724365234375,-1,-1,-1,-1
80,8,617.0411987304688,663.142333984375,46.944580078125,125.70806884765625,-1,-1,-1,-1
81,8,622.7951049804688,657.1502075195312,45.70556640625,126.150634765625,-1,-1,-1,-1
82,8,624.2842407226562,651.6239013671875,45.75311279296875,128.6527099609375,-1,-1,-1,-1
83,8,622.1276245117188,651.3209228515625,49.6046142578125,129.20050048828125,-1,-1,-1,-1
84,8,623.7217407226562,650.1796264648438,47.35003662109375,128.30828857421875,-1,-1,-1,-1
85,8,625.7468872070312,647.1024780273438,48.02459716796875,128.3267822265625,-1,-1,-1,-1
86,8,632.3486328125,643.1431274414062,44.667236328125,127.08929443359375,-1,-1,-1,-1
87,8,634.740478515625,643.4290771484375,45.14166259765625,127.62066650390625,-1,-1,-1,-1
88,8,635.5916748046875,648.6038818359375,44.238037109375,128.58709716796875,-1,-1,-1,-1
89,8,637.4727172851562,650.7803344726562,44.2384033203125,129.05914306640625,-1,-1,-1,-1
90,8,637.5982055664062,652.4142456054688,46.33807373046875,127.3897705078125,-1,-1,-1,-1
91,8,634.5266723632812,652.9030151367188,51.43023681640625,127.82330322265625,-1,-1,-1,-1
92,8,637.7708129882812,653.1346435546875,49.81158447265625,127.3363037109375,-1,-1,-1,-1
93,8,637.7424926757812,652.3428955078125,50.61859130859375,128.03326416015625,-1,-1,-1,-1
94,8,637.6414794921875,651.055419921875,52.67730712890625,128.883056640625,-1,-1,-1,-1
95,8,639.5499267578125,650.3949584960938,52.4578857421875,129.2415771484375,-1,-1,-1,-1
96,8,640.1489868164062,650.6087646484375,51.98553466796875,128.60882568359375,-1,-1,-1,-1
97,8,642.7207641601562,651.8643798828125,49.75128173828125,128.02490234375,-1,-1,-1,-1
98,8,642.138916015625,652.3203735351562,51.63873291015625,128.9586181640625,-1,-1,-1,-1
99,8,643.7203369140625,655.98095703125,51.28387451171875,126.49664306640625,-1,-1,-1,-1
100,8,641.3526000976562,660.5075073242188,53.78228759765625,125.37567138671875,-1,-1,-1,-1
101,8,644.1592407226562,662.718505859375,51.04852294921875,126.5919189453125,-1,-1,-1,-1
102,8,644.6571655273438,664.3201904296875,51.2574462890625,127.7806396484375,-1,-1,-1,-1
103,8,645.0809326171875,665.85107421875,51.672119140625,127.51318359375,-1,-1,-1,-1
104,8,648.5888061523438,666.68505859375,50.003173828125,127.28497314453125,-1,-1,-1,-1
105,8,649.8167114257812,666.3438110351562,48.57733154296875,127.55340576171875,-1,-1,-1,-1
106,8,649.2119750976562,666.2522583007812,48.72430419921875,128.42181396484375,-1,-1,-1,-1
107,8,648.4786987304688,665.390380859375,48.59716796875,129.00634765625,-1,-1,-1,-1
108,8,646.7833251953125,666.8972778320312,50.34332275390625,128.18536376953125,-1,-1,-1,-1
109,8,650.301025390625,673.1162719726562,47.4132080078125,125.68017578125,-1,-1,-1,-1
110,8,647.122802734375,680.9160766601562,50.4935302734375,127.48712158203125,-1,-1,-1,-1
111,8,643.482666015625,691.3846435546875,50.30596923828125,128.7099609375,-1,-1,-1,-1
112,8,638.0912475585938,698.7923583984375,46.611572265625,127.0635986328125,-1,-1,-1,-1
113,8,625.2633056640625,697.939697265625,47.038330078125,125.6563720703125,-1,-1,-1,-1
114,8,610.0032958984375,684.586669921875,48.4666748046875,126.20965576171875,-1,-1,-1,-1
115,8,597.084716796875,663.5510864257812,45.4554443359375,128.42987060546875,-1,-1,-1,-1
116,8,580.9003295898438,643.52734375,45.4317626953125,127.51104736328125,-1,-1,-1,-1
117,8,566.7818603515625,631.3119506835938,45.0726318359375,128.400146484375,-1,-1,-1,-1
118,8,553.6417236328125,624.6881713867188,44.3653564453125,129.80450439453125,-1,-1,-1,-1
119,8,541.83251953125,624.6549682617188,43.7813720703125,130.115478515625,-1,-1,-1,-1
120,8,530.258056640625,627.1823120117188,44.633056640625,131.505615234375,-1,-1,-1,-1
121,8,519.888916015625,632.135986328125,45.25408935546875,132.30865478515625,-1,-1,-1,-1
122,8,513.4398193359375,632.8173828125,43.86962890625,132.1190185546875,-1,-1,-1,-1
123,8,509.32183837890625,626.3781127929688,45.52423095703125,130.25823974609375,-1,-1,-1,-1
124,8,504.76953125,614.2354736328125,45.897216796875,130.8421630859375,-1,-1,-1,-1
125,8,498.3478698730469,594.8018188476562,48.198944091796875,132.29425048828125,-1,-1,-1,-1
126,8,493.8406066894531,579.074951171875,47.022247314453125,134.2073974609375,-1,-1,-1,-1
127,8,488.8412170410156,568.6624755859375,46.096710205078125,132.0074462890625,-1,-1,-1,-1
128,8,482.4700927734375,567.06982421875,48.8040771484375,131.43780517578125,-1,-1,-1,-1
129,8,481.5910339355469,570.8436889648438,47.832427978515625,134.50726318359375,-1,-1,-1,-1
130,8,480.4249572753906,579.2019653320312,47.583526611328125,133.16778564453125,-1,-1,-1,-1
131,8,479.15008544921875,586.005615234375,47.5496826171875,133.6883544921875,-1,-1,-1,-1
132,8,474.83355712890625,591.233154296875,48.64007568359375,133.17626953125,-1,-1,-1,-1
133,8,470.3108215332031,589.8760986328125,48.920074462890625,134.011474609375,-1,-1,-1,-1
134,8,466.2451171875,579.6407470703125,47.77862548828125,136.01824951171875,-1,-1,-1,-1
135,8,465.6539001464844,568.8815307617188,46.257171630859375,136.2677001953125,-1,-1,-1,-1
136,8,464.3235168457031,564.0510864257812,47.10235595703125,135.61309814453125,-1,-1,-1,-1
137,8,465.16131591796875,566.2037353515625,46.262725830078125,133.7630615234375,-1,-1,-1,-1
138,8,459.52691650390625,573.9798583984375,48.828338623046875,136.39630126953125,-1,-1,-1,-1
139,8,451.88555908203125,578.9442749023438,49.748565673828125,134.60595703125,-1,-1,-1,-1
140,8,441.57269287109375,577.1640014648438,51.2076416015625,135.08660888671875,-1,-1,-1,-1
141,8,434.8590393066406,566.6707763671875,51.605194091796875,139.412109375,-1,-1,-1,-1
142,8,428.25787353515625,556.8326416015625,50.25848388671875,139.58697509765625,-1,-1,-1,-1
143,8,422.86273193359375,543.8899536132812,50.102630615234375,141.46832275390625,-1,-1,-1,-1
144,8,414.7613220214844,540.0784912109375,51.219482421875,142.78973388671875,-1,-1,-1,-1
145,8,409.99700927734375,542.4288940429688,51.891021728515625,141.78948974609375,-1,-1,-1,-1
146,8,405.29766845703125,548.9326171875,51.90234375,137.22467041015625,-1,-1,-1,-1
147,8,403.0300598144531,552.5278930664062,51.931396484375,139.73797607421875,-1,-1,-1,-1
148,8,404.68157958984375,550.6891479492188,54.53125,143.5284423828125,-1,-1,-1,-1
149,8,415.1069641113281,544.2363891601562,52.034942626953125,140.5604248046875,-1,-1,-1,-1
150,8,430.74749755859375,541.9964599609375,50.37310791015625,138.417724609375,-1,-1,-1,-1
151,8,449.7522277832031,544.6404418945312,49.838287353515625,138.87188720703125,-1,-1,-1,-1
152,8,463.870361328125,551.8076171875,47.9527587890625,136.2938232421875,-1,-1,-1,-1
153,8,470.724853515625,558.709228515625,48.940673828125,137.75396728515625,-1,-1,-1,-1
154,8,476.3676452636719,562.7969970703125,48.385162353515625,135.37158203125,-1,-1,-1,-1
155,8,479.6665344238281,564.7605590820312,48.195831298828125,134.15380859375,-1,-1,-1,-1
156,8,483.5673522949219,561.3941650390625,47.144134521484375,135.3013916015625,-1,-1,-1,-1
157,8,483.547119140625,548.4877319335938,47.9310302734375,135.82879638671875,-1,-1,-1,-1
158,8,484.10345458984375,538.8284912109375,47.43218994140625,136.03192138671875,-1,-1,-1,-1
159,8,485.0826721191406,542.7822265625,47.921844482421875,136.9913330078125,-1,-1,-1,-1
160,8,486.850830078125,553.6485595703125,47.012939453125,133.46649169921875,-1,-1,-1,-1
161,8,486.8713684082031,565.7025146484375,49.048614501953125,133.4844970703125,-1,-1,-1,-1
162,8,487.76446533203125,577.1028442382812,49.49444580078125,134.5858154296875,-1,-1,-1,-1
163,8,486.8592529296875,583.5987548828125,47.607666015625,131.06390380859375,-1,-1,-1,-1
164,8,484.77874755859375,582.3519897460938,47.680908203125,130.8206787109375,-1,-1,-1,-1
165,8,479.9103088378906,569.4699096679688,47.929107666015625,137.45721435546875,-1,-1,-1,-1
166,8,473.9709167480469,554.4048461914062,47.484710693359375,135.93707275390625,-1,-1,-1,-1
167,8,470.9608459472656,546.0520629882812,50.016326904296875,137.8934326171875,-1,-1,-1,-1
168,8,468.07147216796875,549.9837036132812,48.76507568359375,134.34930419921875,-1,-1,-1,-1
169,8,465.6522216796875,557.3447875976562,48.298095703125,138.4615478515625,-1,-1,-1,-1
170,8,461.1358947753906,564.7650756835938,48.639495849609375,135.4996337890625,-1,-1,-1,-1
171,8,457.39862060546875,566.6655883789062,48.415771484375,135.50537109375,-1,-1,-1,-1
172,8,451.8457946777344,563.3311157226562,47.96240234375,136.14501953125,-1,-1,-1,-1
173,8,445.573974609375,555.135986328125,48.654541015625,137.05670166015625,-1,-1,-1,-1
174,8,442.7734680175781,551.614501953125,47.912384033203125,135.3270263671875,-1,-1,-1,-1
175,8,440.52801513671875,553.7376708984375,49.269927978515625,141.67633056640625,-1,-1,-1,-1
176,8,440.9314270019531,559.675537109375,50.049163818359375,138.16058349609375,-1,-1,-1,-1
177,8,441.7561950683594,563.3126831054688,49.678558349609375,135.822998046875,-1,-1,-1,-1
178,8,441.4082336425781,563.290283203125,49.804443359375,135.86041259765625,-1,-1,-1,-1
179,8,439.9379577636719,560.176025390625,48.64898681640625,137.8843994140625,-1,-1,-1,-1
180,8,437.4423522949219,558.4910888671875,48.212188720703125,138.69635009765625,-1,-1,-1,-1
181,8,437.22796630859375,557.1597290039062,48.962890625,139.00714111328125,-1,-1,-1,-1
182,8,440.2234191894531,557.2662963867188,48.888092041015625,137.40130615234375,-1,-1,-1,-1
183,8,442.54656982421875,556.3981323242188,51.091827392578125,138.7803955078125,-1,-1,-1,-1
184,8,450.01177978515625,553.4432373046875,49.416961669921875,136.55303955078125,-1,-1,-1,-1
185,8,453.2738037109375,553.3096923828125,49.92083740234375,135.27581787109375,-1,-1,-1,-1
186,8,454.322998046875,556.8471069335938,49.82342529296875,136.87091064453125,-1,-1,-1,-1
187,8,457.42132568359375,560.3716430664062,49.269012451171875,136.101806640625,-1,-1,-1,-1
188,8,461.0892028808594,560.632568359375,49.280487060546875,136.45361328125,-1,-1,-1,-1
189,8,466.2113342285156,561.2993774414062,48.209747314453125,135.6795654296875,-1,-1,-1,-1
190,8,469.69744873046875,561.8263549804688,49.49786376953125,135.47955322265625,-1,-1,-1,-1
191,8,471.04962158203125,563.4306640625,48.381591796875,134.6629638671875,-1,-1,-1,-1
192,8,470.27484130859375,564.7633666992188,48.34014892578125,133.940185546875,-1,-1,-1,-1
193,8,470.4396057128906,565.0227661132812,47.591217041015625,133.64654541015625,-1,-1,-1,-1
194,8,471.8720397949219,563.833740234375,47.858062744140625,133.59112548828125,-1,-1,-1,-1
195,8,473.26837158203125,563.4271850585938,48.09893798828125,133.67120361328125,-1,-1,-1,-1
196,8,471.77813720703125,565.3326416015625,48.6988525390625,132.6746826171875,-1,-1,-1,-1
197,8,468.37933349609375,566.2034301757812,48.61260986328125,132.30718994140625,-1,-1,-1,-1
198,8,467.493896484375,566.2337036132812,47.62310791015625,133.31512451171875,-1,-1,-1,-1
199,8,466.4335021972656,565.9520263671875,47.755035400390625,133.57977294921875,-1,-1,-1,-1
200,8,466.3981018066406,565.5565795898438,47.57794189453125,133.68072509765625,-1,-1,-1,-1
201,8,463.5747375488281,564.0128173828125,49.930511474609375,135.48406982421875,-1,-1,-1,-1
202,8,463.3232727050781,563.3765258789062,48.97662353515625,134.6473388671875,-1,-1,-1,-1
203,8,462.3177490234375,563.9205322265625,49.40631103515625,134.86895751953125,-1,-1,-1,-1
204,8,462.9165344238281,564.9447631835938,49.057769775390625,134.62237548828125,-1,-1,-1,-1
205,8,465.6393127441406,565.3939208984375,47.289581298828125,134.12457275390625,-1,-1,-1,-1
206,8,466.4566650390625,565.7103881835938,47.188720703125,133.349853515625,-1,-1,-1,-1
207,8,467.28167724609375,566.8306884765625,47.3780517578125,132.305908203125,-1,-1,-1,-1
208,8,468.5826721191406,568.0083618164062,46.695159912109375,132.41796875,-1,-1,-1,-1
209,8,467.42230224609375,569.0917358398438,48.19921875,134.74334716796875,-1,-1,-1,-1
210,8,465.4759826660156,569.28515625,49.311737060546875,137.27001953125,-1,-1,-1,-1
211,8,466.114013671875,569.5934448242188,48.91912841796875,137.23236083984375,-1,-1,-1,-1
212,8,468.0771484375,569.5900268554688,49.8057861328125,136.279052734375,-1,-1,-1,-1
213,8,470.1154479980469,569.5557861328125,49.449371337890625,136.3802490234375,-1,-1,-1,-1
214,8,470.0838928222656,570.8052368164062,50.026214599609375,136.60223388671875,-1,-1,-1,-1
215,8,470.6212158203125,572.1324462890625,49.88018798828125,136.77984619140625,-1,-1,-1,-1
216,8,471.0585632324219,572.7630615234375,49.304595947265625,136.9384765625,-1,-1,-1,-1
217,8,470.0855712890625,573.0264892578125,49.92962646484375,136.78497314453125,-1,-1,-1,-1
218,8,469.7455139160156,572.3631591796875,49.753936767578125,136.611572265625,-1,-1,-1,-1
219,8,467.31475830078125,571.0321044921875,51.1116943359375,138.30987548828125,-1,-1,-1,-1
220,8,466.6043701171875,572.4339599609375,49.1583251953125,136.5550537109375,-1,-1,-1,-1
221,8,464.8629150390625,574.6851196289062,49.2781982421875,135.815185546875,-1,-1,-1,-1
222,8,463.820068359375,576.3677368164062,50.2764892578125,134.97479248046875,-1,-1,-1,-1
223,8,460.4537353515625,577.42529296875,53.010711669921875,135.22808837890625,-1,-1,-1,-1
224,8,459.2320861816406,578.0880126953125,52.962158203125,134.626953125,-1,-1,-1,-1
225,8,457.9712829589844,576.4016723632812,51.6829833984375,134.07586669921875,-1,-1,-1,-1
226,8,458.0028381347656,573.9882202148438,51.0228271484375,134.69000244140625,-1,-1,-1,-1
227,8,458.05242919921875,572.7703247070312,50.830413818359375,134.5535888671875,-1,-1,-1,-1
228,8,457.91558837890625,573.6192016601562,50.355560302734375,133.228271484375,-1,-1,-1,-1
229,8,457.5032653808594,574.1157836914062,50.56243896484375,132.97967529296875,-1,-1,-1,-1
230,8,456.71160888671875,574.234375,51.63372802734375,133.94097900390625,-1,-1,-1,-1
231,8,457.7911376953125,574.0099487304688,51.6534423828125,131.27130126953125,-1,-1,-1,-1
232,8,457.4435729980469,574.1954956054688,53.55999755859375,132.219482421875,-1,-1,-1,-1
233,8,457.6822814941406,574.0040283203125,53.528106689453125,130.380859375,-1,-1,-1,-1
234,8,457.9961242675781,574.3834228515625,55.356048583984375,130.98309326171875,-1,-1,-1,-1
235,8,457.8999328613281,574.9619750976562,58.071746826171875,131.4345703125,-1,-1,-1,-1
236,8,458.95916748046875,576.38671875,60.04913330078125,130.097412109375,-1,-1,-1,-1
237,8,461.2197265625,577.3314819335938,61.28564453125,129.1680908203125,-1,-1,-1,-1
238,8,464.28668212890625,578.586669921875,61.938232421875,127.019287109375,-1,-1,-1,-1
239,8,467.5331726074219,579.195068359375,62.255462646484375,128.53033447265625,-1,-1,-1,-1
240,8,468.3160705566406,580.2947998046875,65.64883422851562,127.96795654296875,-1,-1,-1,-1
241,8,466.0801086425781,581.9841918945312,68.78616333007812,128.2354736328125,-1,-1,-1,-1
242,8,467.2168884277344,583.244384765625,70.58804321289062,127.40228271484375,-1,-1,-1,-1
243,8,468.11773681640625,584.073486328125,71.272705078125,125.95062255859375,-1,-1,-1,-1
244,8,470.36614990234375,584.8403930664062,74.029541015625,124.5740966796875,-1,-1,-1,-1
245,8,470.7375183105469,586.2099609375,77.21969604492188,123.20245361328125,-1,-1,-1,-1
246,8,472.00970458984375,587.4903564453125,79.72882080078125,122.2379150390625,-1,-1,-1,-1
247,8,472.1156005859375,588.1032104492188,79.8404541015625,121.50982666015625,-1,-1,-1,-1
248,8,472.7834167480469,588.75732421875,79.35372924804688,120.61553955078125,-1,-1,-1,-1
249,8,473.61395263671875,589.8123779296875,78.6702880859375,119.78533935546875,-1,-1,-1,-1
250,8,474.5672912597656,591.110595703125,79.54324340820312,119.71197509765625,-1,-1,-1,-1
251,8,475.8288879394531,593.5150756835938,81.43527221679688,118.80108642578125,-1,-1,-1,-1
252,8,477.383544921875,596.056396484375,81.51116943359375,117.8648681640625,-1,-1,-1,-1
253,8,475.4985046386719,596.9232177734375,83.95339965820312,119.83868408203125,-1,-1,-1,-1
254,8,477.25372314453125,597.7815551757812,82.56787109375,119.2921142578125,-1,-1,-1,-1
255,8,480.54150390625,598.8590087890625,79.443115234375,117.473876953125,-1,-1,-1,-1
256,8,476.83843994140625,598.6347045898438,83.8837890625,119.7364501953125,-1,-1,-1,-1
257,8,478.5234680175781,598.2671508789062,83.80221557617188,119.444580078125,-1,-1,-1,-1
258,8,478.6960144042969,597.5076293945312,83.26876831054688,118.6390380859375,-1,-1,-1,-1
259,8,480.6082763671875,597.450927734375,81.26983642578125,118.0146484375,-1,-1,-1,-1
260,8,480.33282470703125,596.7953491210938,82.61328125,117.87054443359375,-1,-1,-1,-1
261,8,479.9779357910156,597.7943725585938,82.85952758789062,117.3648681640625,-1,-1,-1,-1
262,8,478.07220458984375,598.6092529296875,83.92425537109375,118.369873046875,-1,-1,-1,-1
263,8,479.86004638671875,599.251708984375,82.74090576171875,117.9541015625,-1,-1,-1,-1
264,8,478.4695129394531,599.2886352539062,83.65921020507812,118.42822265625,-1,-1,-1,-1
265,8,478.79803466796875,600.5430297851562,81.692626953125,117.18023681640625,-1,-1,-1,-1
266,8,477.5589294433594,600.326416015625,82.77883911132812,117.42132568359375,-1,-1,-1,-1
267,8,476.21734619140625,600.0138549804688,83.0157470703125,117.67535400390625,-1,-1,-1,-1
268,8,474.8656311035156,600.2356567382812,81.84579467773438,116.9395751953125,-1,-1,-1,-1
269,8,473.921875,601.7256469726562,81.73944091796875,116.6634521484375,-1,-1,-1,-1
270,8,471.550537109375,603.0657958984375,83.266845703125,115.68408203125,-1,-1,-1,-1
271,8,470.0409240722656,602.6129150390625,83.56094360351562,116.18109130859375,-1,-1,-1,-1
272,8,470.59844970703125,604.6530151367188,83.33392333984375,115.656005859375,-1,-1,-1,-1
273,8,466.484619140625,605.0889892578125,85.372314453125,116.5631103515625,-1,-1,-1,-1
274,8,464.50152587890625,604.96484375,85.05291748046875,117.9278564453125,-1,-1,-1,-1
275,8,463.86431884765625,606.301025390625,83.9930419921875,116.9544677734375,-1,-1,-1,-1
276,8,464.5553894042969,607.9415893554688,84.03543090820312,116.0186767578125,-1,-1,-1,-1
277,8,464.0460510253906,608.3196411132812,84.77700805664062,115.3916015625,-1,-1,-1,-1
278,8,464.71905517578125,608.2515869140625,83.239990234375,115.1900634765625,-1,-1,-1,-1
279,8,463.5328369140625,607.6648559570312,84.8414306640625,115.72491455078125,-1,-1,-1,-1
280,8,466.10003662109375,607.7110595703125,81.5816650390625,115.62884521484375,-1,-1,-1,-1
281,8,464.5297546386719,606.439453125,84.81759643554688,116.52117919921875,-1,-1,-1,-1
282,8,465.9715881347656,605.2158813476562,84.54043579101562,116.1358642578125,-1,-1,-1,-1
283,8,465.6465759277344,605.416748046875,84.99130249023438,116.3807373046875,-1,-1,-1,-1
284,8,466.18017578125,605.7578735351562,85.90570068359375,115.47528076171875,-1,-1,-1,-1
285,8,466.5843200683594,606.4630737304688,85.92398071289062,115.041015625,-1,-1,-1,-1
286,8,468.01556396484375,606.6287841796875,85.13775634765625,114.66650390625,-1,-1,-1,-1
287,8,470.251220703125,607.6484985351562,83.724365234375,114.158447265625,-1,-1,-1,-1
288,8,470.277587890625,607.609619140625,84.1778564453125,114.72705078125,-1,-1,-1,-1
289,8,471.09661865234375,608.3212890625,83.37213134765625,114.85540771484375,-1,-1,-1,-1
290,8,470.8217468261719,608.4898681640625,84.27529907226562,114.27581787109375,-1,-1,-1,-1
291,8,471.0678405761719,607.7870483398438,83.17788696289062,114.7664794921875,-1,-1,-1,-1
292,8,471.65435791015625,607.2788696289062,82.362060546875,114.98590087890625,-1,-1,-1,-1
293,8,472.6419982910156,607.21142578125,82.13803100585938,114.096435546875,-1,-1,-1,-1
294,8,472.598388671875,606.66357421875,83.08282470703125,114.243896484375,-1,-1,-1,-1
295,8,471.630859375,605.9696044921875,83.34912109375,114.4937744140625,-1,-1,-1,-1
296,8,468.9693908691406,604.9712524414062,84.55831909179688,114.397216796875,-1,-1,-1,-1
297,8,469.7040100097656,604.780029296875,82.76321411132812,113.29931640625,-1,-1,-1,-1
298,8,468.6380920410156,605.0828857421875,84.88143920898438,114.01141357421875,-1,-1,-1,-1
299,8,467.51470947265625,605.4641723632812,85.35614013671875,114.74615478515625,-1,-1,-1,-1
300,8,467.2649841308594,606.1442260742188,84.47317504882812,114.4569091796875,-1,-1,-1,-1
301,8,467.91668701171875,606.3025512695312,83.0023193359375,115.3656005859375,-1,-1,-1,-1
302,8,466.2401428222656,607.1646728515625,83.84487915039062,115.56805419921875,-1,-1,-1,-1
303,8,467.3263854980469,607.52490234375,81.96115112304688,115.189453125,-1,-1,-1,-1
304,8,467.3053894042969,608.1671752929688,80.75619506835938,115.01165771484375,-1,-1,-1,-1
305,8,466.8367919921875,607.3698120117188,81.2225341796875,116.14263916015625,-1,-1,-1,-1
306,8,466.0194396972656,608.7247314453125,81.65023803710938,115.1256103515625,-1,-1,-1,-1
307,8,467.3474426269531,610.4725952148438,81.84848022460938,113.78045654296875,-1,-1,-1,-1
308,8,467.2861633300781,611.993408203125,81.07351684570312,113.8642578125,-1,-1,-1,-1
309,8,467.9256286621094,612.82470703125,79.25534057617188,114.26507568359375,-1,-1,-1,-1
310,8,464.12005615234375,612.9373168945312,81.8289794921875,115.65948486328125,-1,-1,-1,-1
311,8,467.5245666503906,614.5927124023438,78.02944946289062,114.35101318359375,-1,-1,-1,-1
