1,1,170.96188354492188,192.1328887939453,586.8819580078125,838.1886596679688,-1,-1,-1,-1
2,1,1.3062992095947266,242.5718994140625,570.7923583984375,807.742919921875,-1,-1,-1,-1
3,1,5.16461181640625,327.42034912109375,379.52685546875,761.5674438476562,-1,-1,-1,-1
4,1,5.921117782592773,481.22802734375,258.8916931152344,659.0849609375,-1,-1,-1,-1
5,1,1.7512083053588867,589.8477783203125,190.4507598876953,524.91943359375,-1,-1,-1,-1
6,1,3.858523368835449,664.0883178710938,140.1947021484375,470.77264404296875,-1,-1,-1,-1
7,1,1.7097606658935547,608.9435424804688,119.54104614257812,442.67425537109375,-1,-1,-1,-1
8,1,1.124678611755371,446.69091796875,162.5186309814453,506.30133056640625,-1,-1,-1,-1
9,1,7.063492774963379,442.16455078125,205.84962463378906,440.03955078125,-1,-1,-1,-1
10,1,-9.748702049255371,390.71539306640625,240.86436462402344,488.27325439453125,-1,-1,-1,-1
11,1,1.1140413284301758,441.3088684082031,257.32177734375,473.9402160644531,-1,-1,-1,-1
12,1,-2.6223201751708984,359.3775939941406,341.6692199707031,683.035400390625,-1,-1,-1,-1
13,1,2.3814830780029297,376.32275390625,394.386962890625,664.6629638671875,-1,-1,-1,-1
14,1,13.738073348999023,400.18487548828125,429.4467468261719,648.2074584960938,-1,-1,-1,-1
15,1,34.40602111816406,398.3070068359375,458.47454833984375,629.141845703125,-1,-1,-1,-1
16,1,39.17292785644531,370.6584777832031,467.15252685546875,617.439453125,-1,-1,-1,-1
17,1,34.13861846923828,328.9837951660156,474.54534912109375,619.643310546875,-1,-1,-1,-1
18,1,22.836244583129883,295.45458984375,483.4151306152344,625.4854736328125,-1,-1,-1,-1
19,1,15.053173065185547,260.31866455078125,473.8030090332031,631.4754638671875,-1,-1,-1,-1
20,1,5.486604690551758,232.37635803222656,467.99774169921875,624.2613525390625,-1,-1,-1,-1
21,1,5.729101181030273,208.0115203857422,441.9613952636719,626.8221435546875,-1,-1,-1,-1
22,1,0.5117759704589844,196.40792846679688,400.3282775878906,617.5482177734375,-1,-1,-1,-1
23,1,0.9840126037597656,91.44303131103516,347.8356018066406,696.4976196289062,-1,-1,-1,-1
24,1,1.0533332824707031,172.35093688964844,366.2232971191406,584.432373046875,-1,-1,-1,-1
25,1,0.13957595825195312,211.28468322753906,371.88397216796875,551.908447265625,-1,-1,-1,-1
26,1,2.112886428833008,262.3103942871094,365.2888488769531,527.374267578125,-1,-1,-1,-1
27,1,4.17320442199707,324.00189208984375,359.25994873046875,505.48529052734375,-1,-1,-1,-1
28,1,5.075925827026367,373.66107177734375,344.0623779296875,473.13519287109375,-1,-1,-1,-1
29,1,1.9758710861206055,463.6022644042969,314.7250061035156,385.8417053222656,-1,-1,-1,-1
30,1,1.562758445739746,418.0465393066406,270.84674072265625,273.1375427246094,-1,-1,-1,-1
31,1,0.6925048828125,433.6712341308594,226.32803344726562,306.4808654785156,-1,-1,-1,-1
32,1,6.971722602844238,559.845703125,184.63925170898438,290.02777099609375,-1,-1,-1,-1
33,1,3.4671573638916016,674.9113159179688,194.19602966308594,197.5118408203125,-1,-1,-1,-1
34,1,4.856151580810547,716.2679443359375,177.40330505371094,188.40838623046875,-1,-1,-1,-1
36,1,4.528672218322754,768.3319091796875,152.44119262695312,270.52734375,-1,-1,-1,-1
37,1,4.941669464111328,864.810546875,150.2288360595703,166.343017578125,-1,-1,-1,-1
39,1,54.28645324707031,968.9214477539062,65.77051544189453,99.46075439453125,-1,-1,-1,-1
4,2,179.22918701171875,391.6842041015625,111.29763793945312,251.911376953125,-1,-1,-1,-1
5,2,180.3013153076172,412.174560546875,104.03953552246094,253.25201416015625,-1,-1,-1,-1
6,2,193.6615753173828,442.1302795410156,95.63294982910156,251.62142944335938,-1,-1,-1,-1
7,2,264.28265380859375,432.1064758300781,87.9378662109375,246.82211303710938,-1,-1,-1,-1
8,2,340.53192138671875,394.344482421875,86.371826171875,241.632568359375,-1,-1,-1,-1
9,2,403.06689453125,367.10394287109375,82.22698974609375,239.117431640625,-1,-1,-1,-1
10,2,485.67254638671875,374.494873046875,79.7520751953125,235.7081298828125,-1,-1,-1,-1
11,2,583.0492553710938,404.8428955078125,76.7030029296875,228.15521240234375,-1,-1,-1,-1
12,2,676.841064453125,454.4371032714844,72.32861328125,219.86343383789062,-1,-1,-1,-1
13,2,746.9026489257812,480.09393310546875,71.68280029296875,219.17303466796875,-1,-1,-1,-1
14,2,788.8468017578125,470.71044921875,72.13916015625,222.931396484375,-1,-1,-1,-1
15,2,819.8850708007812,393.40093994140625,74.7021484375,236.086669921875,-1,-1,-1,-1
16,2,837.2880249023438,327.6212158203125,77.31536865234375,243.0147705078125,-1,-1,-1,-1
17,2,847.7703247070312,270.17913818359375,81.0047607421875,251.31591796875,-1,-1,-1,-1
18,2,855.3487548828125,224.104248046875,85.7523193359375,259.4132080078125,-1,-1,-1,-1
19,2,868.2051391601562,186.2716827392578,89.20794677734375,265.86029052734375,-1,-1,-1,-1
20,2,890.9293823242188,152.56292724609375,89.69927978515625,272.1673278808594,-1,-1,-1,-1
21,2,910.49560546875,146.81985473632812,95.18048095703125,272.6606140136719,-1,-1,-1,-1
22,2,932.6910400390625,142.92259216308594,97.98388671875,274.77410888671875,-1,-1,-1,-1
23,2,957.71435546875,100.3418960571289,101.33251953125,273.8314514160156,-1,-1,-1,-1
24,2,982.6011352539062,51.856651306152344,107.66741943359375,261.7404479980469,-1,-1,-1,-1
25,2,1005.8793334960938,27.647769927978516,102.52447509765625,248.33966064453125,-1,-1,-1,-1
26,2,973.4578247070312,11.875699043273926,142.55523681640625,236.53912353515625,-1,-1,-1,-1
27,2,980.5735473632812,20.4223575592041,129.25250244140625,213.5089111328125,-1,-1,-1,-1
28,2,982.7371826171875,19.236595153808594,123.0396728515625,212.70822143554688,-1,-1,-1,-1
29,3,544.6918334960938,865.82080078125,445.32470703125,542.290283203125,-1,-1,-1,-1
30,3,543.6740112304688,853.8779907226562,468.3912353515625,553.3598022460938,-1,-1,-1,-1
31,3,544.3939819335938,888.2838134765625,438.758544921875,519.8890380859375,-1,-1,-1,-1
32,3,555.55419921875,907.1594848632812,420.79327392578125,500.67486572265625,-1,-1,-1,-1
33,3,576.0518188476562,935.8276977539062,400.5391845703125,471.86614990234375,-1,-1,-1,-1
34,3,585.1482543945312,976.0918579101562,403.896484375,431.59100341796875,-1,-1,-1,-1
35,3,559.689453125,1034.6676025390625,419.235107421875,372.4686279296875,-1,-1,-1,-1
36,3,585.0574951171875,1078.3924560546875,323.82708740234375,328.6160888671875,-1,-1,-1,-1
37,3,616.44287109375,1112.635009765625,259.0181884765625,295.2196044921875,-1,-1,-1,-1
38,3,645.5438232421875,1150.21923828125,169.1112060546875,246.1695556640625,-1,-1,-1,-1
39,3,682.2839965820312,1193.4462890625,134.0523681640625,170.2296142578125,-1,-1,-1,-1
40,3,598.5062866210938,1150.596923828125,346.61346435546875,254.7322998046875,-1,-1,-1,-1
41,3,536.5286254882812,1082.4970703125,537.1044311523438,323.886962890625,-1,-1,-1,-1
42,3,343.9335021972656,985.9129638671875,729.116455078125,417.19287109375,-1,-1,-1,-1
43,3,238.7555389404297,913.5248413085938,807.4583129882812,491.93475341796875,-1,-1,-1,-1
44,3,227.45018005371094,949.8683471679688,770.3861694335938,455.63165283203125,-1,-1,-1,-1
45,3,226.5118408203125,997.9218139648438,722.2373657226562,406.55316162109375,-1,-1,-1,-1
46,3,216.826904296875,1073.0572509765625,716.8810424804688,330.19580078125,-1,-1,-1,-1
47,3,323.71368408203125,1140.939453125,639.2595825195312,261.7073974609375,-1,-1,-1,-1
48,4,2.5583672523498535,460.62249755859375,122.7314453125,224.78173828125,-1,-1,-1,-1
49,4,111.70439147949219,423.6422119140625,144.11581420898438,225.92645263671875,-1,-1,-1,-1
50,4,259.23577880859375,413.7404479980469,126.26654052734375,210.10195922851562,-1,-1,-1,-1
51,4,382.6423034667969,404.0971984863281,104.21237182617188,203.42660522460938,-1,-1,-1,-1
52,4,462.6018371582031,393.6796875,96.06246948242188,200.7178955078125,-1,-1,-1,-1
53,4,507.6122741699219,389.38330078125,86.61294555664062,199.92047119140625,-1,-1,-1,-1
54,4,525.689697265625,385.5860900878906,75.64215087890625,199.85238647460938,-1,-1,-1,-1
55,4,533.45556640625,381.97344970703125,73.83026123046875,199.37353515625,-1,-1,-1,-1
56,4,543.3958129882812,378.317138671875,70.259765625,200.72760009765625,-1,-1,-1,-1
57,4,562.94580078125,373.531494140625,71.7640380859375,198.22003173828125,-1,-1,-1,-1
58,4,591.2968139648438,367.5770568847656,70.119384765625,199.04934692382812,-1,-1,-1,-1
59,4,629.64990234375,374.28466796875,65.50823974609375,196.41357421875,-1,-1,-1,-1
60,4,664.474609375,392.11920166015625,69.1103515625,193.0499267578125,-1,-1,-1,-1
61,4,704.38671875,411.9678649902344,67.11865234375,189.74392700195312,-1,-1,-1,-1
62,4,740.6157836914062,430.1980285644531,63.70635986328125,190.54440307617188,-1,-1,-1,-1
63,4,775.2107543945312,449.1302795410156,65.08404541015625,187.60604858398438,-1,-1,-1,-1
64,4,810.5593872070312,471.50762939453125,63.68902587890625,185.595458984375,-1,-1,-1,-1
65,4,840.9108276367188,486.5564880371094,65.33209228515625,185.42922973632812,-1,-1,-1,-1
66,4,860.6397094726562,501.45684814453125,67.9122314453125,186.86859130859375,-1,-1,-1,-1
67,4,875.5230102539062,511.8230285644531,68.11163330078125,186.99105834960938,-1,-1,-1,-1
68,4,888.7981567382812,523.208251953125,67.62152099609375,187.45941162109375,-1,-1,-1,-1
69,4,890.9956665039062,535.5134887695312,67.56365966796875,185.6815185546875,-1,-1,-1,-1
70,4,890.8297729492188,537.5133666992188,67.909912109375,185.22064208984375,-1,-1,-1,-1
71,4,895.7635498046875,536.2079467773438,67.87579345703125,185.4193115234375,-1,-1,-1,-1
72,4,904.8631591796875,534.23583984375,67.936279296875,186.0093994140625,-1,-1,-1,-1
73,4,916.9212646484375,531.3531494140625,69.0220947265625,188.04644775390625,-1,-1,-1,-1
74,4,927.4995727539062,531.4382934570312,68.53851318359375,187.74932861328125,-1,-1,-1,-1
75,4,935.7030639648438,529.2802734375,70.20001220703125,190.04742431640625,-1,-1,-1,-1
76,4,943.9361572265625,526.5406494140625,71.77520751953125,190.54461669921875,-1,-1,-1,-1
77,4,945.9197387695312,517.4075317382812,71.85394287109375,192.02825927734375,-1,-1,-1,-1
78,4,948.8255615234375,512.6263122558594,72.6436767578125,195.41989135742188,-1,-1,-1,-1
79,4,948.3796997070312,518.2489013671875,73.152099609375,193.5411376953125,-1,-1,-1,-1
80,4,946.1156005859375,522.9061889648438,72.40869140625,193.09539794921875,-1,-1,-1,-1
81,4,942.7340698242188,522.0145263671875,75.43316650390625,195.48883056640625,-1,-1,-1,-1
82,4,944.7340087890625,528.4334106445312,75.929931640625,198.290771484375,-1,-1,-1,-1
83,4,944.5756225585938,540.0850219726562,75.91973876953125,199.69744873046875,-1,-1,-1,-1
84,4,947.7113037109375,549.7631225585938,76.73583984375,201.0821533203125,-1,-1,-1,-1
85,4,950.8082885742188,547.6158447265625,79.06317138671875,202.7144775390625,-1,-1,-1,-1
86,4,951.8123168945312,547.6409912109375,78.87213134765625,202.0968017578125,-1,-1,-1,-1
87,4,948.7355346679688,544.2529907226562,79.34332275390625,205.15020751953125,-1,-1,-1,-1
88,4,945.9891357421875,546.2581787109375,77.93505859375,204.40264892578125,-1,-1,-1,-1
89,4,942.3826904296875,550.5173950195312,78.249267578125,204.885009765625,-1,-1,-1,-1
90,4,936.4136352539062,553.6157836914062,79.94720458984375,203.22674560546875,-1,-1,-1,-1
91,4,924.837890625,551.2540283203125,79.1480712890625,202.8048095703125,-1,-1,-1,-1
92,4,903.119873046875,543.901123046875,81.570068359375,202.12384033203125,-1,-1,-1,-1
93,4,885.8290405273438,538.088623046875,81.70068359375,201.38287353515625,-1,-1,-1,-1
94,4,872.645751953125,531.1901245117188,81.8040771484375,200.27044677734375,-1,-1,-1,-1
95,4,856.3001098632812,529.1473388671875,82.26361083984375,199.194091796875,-1,-1,-1,-1
96,4,837.3106079101562,525.7813110351562,82.22064208984375,198.91748046875,-1,-1,-1,-1
97,4,821.7118530273438,513.9959106445312,84.060791015625,201.78643798828125,-1,-1,-1,-1
98,4,804.2625732421875,510.71710205078125,84.36138916015625,207.41912841796875,-1,-1,-1,-1
99,4,792.8941040039062,505.0278015136719,81.09674072265625,211.53720092773438,-1,-1,-1,-1
100,4,784.6109619140625,510.46051025390625,79.54150390625,219.46978759765625,-1,-1,-1,-1
101,4,768.79052734375,517.8317260742188,83.53240966796875,216.8607177734375,-1,-1,-1,-1
102,4,864.7286376953125,550.9732055664062,51.552734375,146.86444091796875,-1,-1,-1,-1
104,4,883.5957641601562,587.2891845703125,32.4222412109375,85.0477294921875,-1,-1,-1,-1
105,4,863.022705078125,560.7700805664062,57.9027099609375,139.2470703125,-1,-1,-1,-1
106,4,830.5739135742188,537.6746826171875,81.25689697265625,167.27911376953125,-1,-1,-1,-1
50,5,-0.9045982360839844,507.76898193359375,306.3678283691406,433.40362548828125,-1,-1,-1,-1
51,5,78.19769287109375,472.4892883300781,298.0847473144531,421.6287536621094,-1,-1,-1,-1
52,5,152.72021484375,436.4281921386719,247.62094116210938,414.3346862792969,-1,-1,-1,-1
53,5,188.15216064453125,405.4007263183594,209.73159790039062,417.3796691894531,-1,-1,-1,-1
54,5,195.23074340820312,382.804443359375,188.36825561523438,417.97113037109375,-1,-1,-1,-1
55,5,196.11924743652344,362.29248046875,189.94508361816406,421.69805908203125,-1,-1,-1,-1
56,5,200.4015655517578,345.8537292480469,200.0772247314453,392.7209777832031,-1,-1,-1,-1
57,5,222.60101318359375,333.61956787109375,211.2525634765625,409.3941650390625,-1,-1,-1,-1
58,5,255.090576171875,331.69525146484375,214.75125122070312,388.06658935546875,-1,-1,-1,-1
59,5,298.0870666503906,343.9483642578125,212.70553588867188,388.095458984375,-1,-1,-1,-1
60,5,345.2203369140625,365.58941650390625,223.65643310546875,373.5701904296875,-1,-1,-1,-1
61,5,391.897216796875,387.66351318359375,208.37103271484375,359.5712890625,-1,-1,-1,-1
62,5,434.7510681152344,408.08709716796875,189.29550170898438,346.90899658203125,-1,-1,-1,-1
63,5,474.9039306640625,424.411376953125,166.7994384765625,334.11676025390625,-1,-1,-1,-1
64,5,516.3980102539062,445.4327087402344,142.34442138671875,323.8778991699219,-1,-1,-1,-1
65,5,549.6775512695312,462.0438232421875,121.0098876953125,313.98760986328125,-1,-1,-1,-1
66,5,570.8473510742188,483.170654296875,103.532958984375,305.1923828125,-1,-1,-1,-1
67,5,587.686279296875,495.6141357421875,91.6536865234375,298.70806884765625,-1,-1,-1,-1
68,5,601.2720336914062,508.77435302734375,87.788330078125,290.825927734375,-1,-1,-1,-1
69,5,604.6344604492188,522.3436889648438,85.20831298828125,288.199951171875,-1,-1,-1,-1
70,5,606.3323974609375,528.5535278320312,83.6458740234375,287.61895751953125,-1,-1,-1,-1
71,5,614.4972534179688,532.960205078125,82.98309326171875,288.86749267578125,-1,-1,-1,-1
72,5,625.31005859375,538.0391235351562,88.042236328125,290.61700439453125,-1,-1,-1,-1
73,5,640.5045166015625,540.300048828125,91.7607421875,293.1732177734375,-1,-1,-1,-1
74,5,650.3546142578125,545.5713500976562,99.17901611328125,291.66510009765625,-1,-1,-1,-1
75,5,660.4697875976562,548.6041870117188,102.62860107421875,292.39935302734375,-1,-1,-1,-1
76,5,666.0621948242188,544.3353271484375,104.6480712890625,295.889892578125,-1,-1,-1,-1
77,5,671.3709106445312,536.5425415039062,108.8883056640625,302.4215087890625,-1,-1,-1,-1
78,5,674.4833984375,535.0613403320312,108.79730224609375,307.73126220703125,-1,-1,-1,-1
79,5,676.3772583007812,541.6268310546875,110.10479736328125,312.82958984375,-1,-1,-1,-1
80,5,672.68798828125,545.5167236328125,112.03997802734375,318.88714599609375,-1,-1,-1,-1
81,5,672.7283325195312,542.8021850585938,110.56353759765625,324.96124267578125,-1,-1,-1,-1
82,5,674.6241455078125,545.7942504882812,111.781982421875,332.6614990234375,-1,-1,-1,-1
83,5,674.7794799804688,555.65673828125,115.5006103515625,341.9923095703125,-1,-1,-1,-1
84,5,677.362060546875,560.2938232421875,120.40374755859375,352.55792236328125,-1,-1,-1,-1
85,5,678.7803955078125,552.2870483398438,126.0748291015625,362.23223876953125,-1,-1,-1,-1
86,5,681.5252075195312,548.8566284179688,131.45196533203125,367.78070068359375,-1,-1,-1,-1
87,5,683.08447265625,548.1329345703125,154.14874267578125,376.4757080078125,-1,-1,-1,-1
88,5,688.09716796875,556.199951171875,181.970947265625,383.004150390625,-1,-1,-1,-1
89,5,692.6019287109375,568.1567993164062,201.80255126953125,388.505615234375,-1,-1,-1,-1
90,5,695.2037353515625,576.2191162109375,212.60369873046875,394.365966796875,-1,-1,-1,-1
91,5,693.0287475585938,579.8609008789062,222.650634765625,398.93408203125,-1,-1,-1,-1
92,5,685.6614379882812,581.0669555664062,229.80859375,400.76025390625,-1,-1,-1,-1
93,5,674.5248413085938,576.6529541015625,236.481689453125,407.802734375,-1,-1,-1,-1
94,5,662.7966918945312,561.1104736328125,237.87054443359375,425.22796630859375,-1,-1,-1,-1
95,5,654.0946044921875,548.5308837890625,231.6553955078125,434.98187255859375,-1,-1,-1,-1
96,5,661.5614013671875,530.7294311523438,209.138427734375,449.9989013671875,-1,-1,-1,-1
97,5,676.3571166992188,503.98052978515625,194.081787109375,469.94366455078125,-1,-1,-1,-1
98,5,679.3038330078125,488.7518005371094,193.7388916015625,485.0580749511719,-1,-1,-1,-1
99,5,684.4155883789062,477.1357116699219,191.85113525390625,489.8450622558594,-1,-1,-1,-1
100,5,693.2279663085938,479.61773681640625,204.25640869140625,502.2967529296875,-1,-1,-1,-1
101,5,702.9492797851562,495.87353515625,248.20416259765625,500.63238525390625,-1,-1,-1,-1
102,5,718.7474975585938,491.1153259277344,284.12591552734375,503.3439636230469,-1,-1,-1,-1
103,5,736.706298828125,505.74468994140625,302.6485595703125,499.76727294921875,-1,-1,-1,-1
104,5,761.4157104492188,539.6813354492188,296.55755615234375,497.46954345703125,-1,-1,-1,-1
105,5,787.900146484375,554.7809448242188,293.4051513671875,505.92779541015625,-1,-1,-1,-1
106,5,796.3457641601562,536.4732666015625,291.80450439453125,518.1348876953125,-1,-1,-1,-1
107,5,810.4432373046875,518.6715087890625,310.2994384765625,554.9681396484375,-1,-1,-1,-1
108,5,790.964111328125,493.6108703613281,333.8685302734375,603.6832275390625,-1,-1,-1,-1
109,5,757.3231811523438,492.16796875,380.74517822265625,620.8712158203125,-1,-1,-1,-1
110,5,722.15625,502.7066650390625,407.0296630859375,633.1922607421875,-1,-1,-1,-1
111,5,704.99609375,524.6005859375,422.3408203125,630.3238525390625,-1,-1,-1,-1
112,5,700.0875244140625,542.87646484375,408.6820068359375,615.295654296875,-1,-1,-1,-1
113,5,698.4688720703125,500.4735412597656,351.890380859375,655.7469482421875,-1,-1,-1,-1
114,5,683.285888671875,496.829833984375,299.849853515625,662.995849609375,-1,-1,-1,-1
115,5,673.9713134765625,571.2709350585938,253.9144287109375,601.5110473632812,-1,-1,-1,-1
116,5,672.45556640625,579.2808837890625,238.954345703125,608.530517578125,-1,-1,-1,-1
117,5,680.3203125,585.8983154296875,216.4228515625,607.2989501953125,-1,-1,-1,-1
118,5,685.6504516601562,592.2029418945312,209.01544189453125,599.1203002929688,-1,-1,-1,-1
119,5,689.2877197265625,602.9445190429688,215.16162109375,583.7675170898438,-1,-1,-1,-1
120,5,692.3526000976562,629.8770141601562,238.72821044921875,563.8867797851562,-1,-1,-1,-1
121,5,700.4017333984375,638.8441772460938,246.65570068359375,534.7534790039062,-1,-1,-1,-1
122,5,700.7952880859375,632.5479125976562,238.8096923828125,511.94500732421875,-1,-1,-1,-1
123,5,698.1553955078125,612.8367919921875,209.708740234375,506.0545654296875,-1,-1,-1,-1
124,5,691.2784423828125,590.3018798828125,187.99298095703125,495.82080078125,-1,-1,-1,-1
125,5,687.1939697265625,580.1272583007812,176.175048828125,484.94635009765625,-1,-1,-1,-1
126,5,688.7127075195312,583.1106567382812,160.62841796875,470.76812744140625,-1,-1,-1,-1
127,5,684.5579223632812,585.5673828125,154.2408447265625,454.3660888671875,-1,-1,-1,-1
128,5,679.677001953125,587.0059814453125,155.75830078125,435.5169677734375,-1,-1,-1,-1
129,5,679.3627319335938,589.8732299804688,153.3409423828125,433.59893798828125,-1,-1,-1,-1
130,5,665.8583374023438,596.7177734375,176.43267822265625,441.12255859375,-1,-1,-1,-1
131,5,662.0368041992188,592.3751220703125,194.87347412109375,450.738525390625,-1,-1,-1,-1
132,5,648.205322265625,579.62060546875,219.96856689453125,458.251953125,-1,-1,-1,-1
133,5,639.8488159179688,573.2224731445312,240.95513916015625,463.95477294921875,-1,-1,-1,-1
134,5,644.6907348632812,568.3338012695312,243.8848876953125,465.24151611328125,-1,-1,-1,-1
135,5,651.1962280273438,558.4291381835938,242.07073974609375,456.62689208984375,-1,-1,-1,-1
136,5,664.500244140625,553.6904907226562,226.9578857421875,455.29937744140625,-1,-1,-1,-1
137,5,660.4443359375,536.5697021484375,221.03912353515625,468.3316650390625,-1,-1,-1,-1
138,5,646.6296997070312,524.9965209960938,213.68896484375,482.09991455078125,-1,-1,-1,-1
139,5,634.1864013671875,514.384521484375,209.7489013671875,484.9046630859375,-1,-1,-1,-1
140,5,631.0122680664062,507.12799072265625,194.36505126953125,487.44012451171875,-1,-1,-1,-1
141,5,629.4462890625,501.49249267578125,194.4205322265625,488.9505615234375,-1,-1,-1,-1
142,5,620.5648193359375,498.860107421875,207.413330078125,489.5474853515625,-1,-1,-1,-1
143,5,614.6353759765625,505.80987548828125,213.73193359375,489.67523193359375,-1,-1,-1,-1
144,5,618.9383544921875,512.6966247558594,208.15655517578125,486.1907043457031,-1,-1,-1,-1
145,5,625.5732421875,519.108642578125,194.36761474609375,482.20849609375,-1,-1,-1,-1
146,5,623.8629760742188,529.7794189453125,191.718994140625,475.05609130859375,-1,-1,-1,-1
147,5,629.1640014648438,540.9658203125,186.2235107421875,469.05908203125,-1,-1,-1,-1
148,5,629.102783203125,542.1181640625,189.8516845703125,462.42596435546875,-1,-1,-1,-1
149,5,643.2661743164062,535.5703735351562,180.84051513671875,455.89483642578125,-1,-1,-1,-1
150,5,645.6066284179688,530.119140625,180.693603515625,448.86309814453125,-1,-1,-1,-1
151,5,654.0939331054688,527.54345703125,174.48895263671875,438.135498046875,-1,-1,-1,-1
152,5,657.6961059570312,522.2471923828125,171.08154296875,438.88360595703125,-1,-1,-1,-1
153,5,659.9664916992188,525.48193359375,169.78240966796875,455.33209228515625,-1,-1,-1,-1
154,5,658.2081909179688,535.9832763671875,171.99700927734375,468.990234375,-1,-1,-1,-1
155,5,656.0221557617188,544.35986328125,179.04559326171875,475.9713134765625,-1,-1,-1,-1
156,5,652.5808715820312,551.0008544921875,185.286376953125,486.4739990234375,-1,-1,-1,-1
157,5,653.1044311523438,553.025146484375,193.8275146484375,495.0635986328125,-1,-1,-1,-1
158,5,654.352783203125,547.6439208984375,211.26904296875,499.9783935546875,-1,-1,-1,-1
159,5,653.2756958007812,536.683349609375,231.1142578125,505.743896484375,-1,-1,-1,-1
160,5,649.3920288085938,519.002685546875,259.08306884765625,514.3829345703125,-1,-1,-1,-1
161,5,647.4666748046875,501.1481018066406,285.01580810546875,521.72900390625,-1,-1,-1,-1
162,5,648.06298828125,478.2012023925781,307.03094482421875,529.5625,-1,-1,-1,-1
163,5,650.1906127929688,461.3416748046875,322.83978271484375,534.352294921875,-1,-1,-1,-1
164,5,647.5955810546875,440.3634948730469,333.26995849609375,551.011962890625,-1,-1,-1,-1
165,5,651.7843627929688,442.9611511230469,318.589111328125,549.1131591796875,-1,-1,-1,-1
166,5,655.0568237304688,447.58343505859375,302.02777099609375,551.80517578125,-1,-1,-1,-1
167,5,657.9697875976562,460.7304992675781,285.47393798828125,543.2562255859375,-1,-1,-1,-1
168,5,661.0530395507812,482.55706787109375,266.0697021484375,520.7229614257812,-1,-1,-1,-1
169,5,665.2259521484375,489.3563232421875,248.229248046875,511.54779052734375,-1,-1,-1,-1
170,5,686.8391723632812,493.5623779296875,227.249267578125,503.0477294921875,-1,-1,-1,-1
171,5,689.385498046875,487.91796875,226.2542724609375,491.26007080078125,-1,-1,-1,-1
172,5,683.8778076171875,480.65289306640625,234.58837890625,473.905029296875,-1,-1,-1,-1
173,5,712.0111083984375,482.2507629394531,199.47503662109375,455.7770690917969,-1,-1,-1,-1
174,5,722.273193359375,493.1690673828125,183.0792236328125,430.12811279296875,-1,-1,-1,-1
175,5,651.7484741210938,480.1241455078125,242.04412841796875,429.868408203125,-1,-1,-1,-1
176,5,710.9737548828125,485.5522155761719,171.79962158203125,414.7826843261719,-1,-1,-1,-1
177,5,674.3014526367188,484.1537170410156,200.337890625,412.9256896972656,-1,-1,-1,-1
178,5,662.756591796875,487.4553527832031,203.4794921875,412.4731140136719,-1,-1,-1,-1
179,5,645.7124633789062,490.60858154296875,212.32281494140625,415.3865966796875,-1,-1,-1,-1
180,5,659.1577758789062,503.06182861328125,199.740234375,412.67620849609375,-1,-1,-1,-1
181,5,668.9461669921875,514.3125,194.3734130859375,414.932373046875,-1,-1,-1,-1
182,5,671.69970703125,518.525634765625,197.80108642578125,421.345947265625,-1,-1,-1,-1
183,5,680.9678344726562,521.1956176757812,198.26300048828125,424.872314453125,-1,-1,-1,-1
184,5,688.79296875,525.691650390625,191.06353759765625,432.7974853515625,-1,-1,-1,-1
185,5,700.5595703125,530.3728637695312,176.263671875,440.77081298828125,-1,-1,-1,-1
186,5,709.1944580078125,533.6533203125,163.2789306640625,452.5201416015625,-1,-1,-1,-1
187,5,709.2786865234375,540.2658081054688,158.31866455078125,464.24591064453125,-1,-1,-1,-1
188,5,709.2485961914062,540.80126953125,152.95263671875,475.5589599609375,-1,-1,-1,-1
189,5,707.608642578125,544.1514282226562,176.8785400390625,484.68109130859375,-1,-1,-1,-1
190,5,704.9122314453125,549.9615478515625,212.1873779296875,493.3199462890625,-1,-1,-1,-1
191,5,701.906494140625,554.5299682617188,236.94207763671875,497.51043701171875,-1,-1,-1,-1
192,5,699.4081420898438,555.5515747070312,244.29205322265625,499.98272705078125,-1,-1,-1,-1
193,5,693.3158569335938,555.380126953125,251.55364990234375,502.846435546875,-1,-1,-1,-1
194,5,689.6895141601562,552.3072509765625,251.96990966796875,506.1392822265625,-1,-1,-1,-1
195,5,684.5964965820312,546.1275024414062,248.17999267578125,510.78448486328125,-1,-1,-1,-1
196,5,681.112548828125,536.6765747070312,246.3760986328125,518.8085327148438,-1,-1,-1,-1
197,5,683.7903442382812,525.2521362304688,234.92840576171875,527.6510620117188,-1,-1,-1,-1
198,5,695.1741943359375,513.6156616210938,213.705078125,531.7528686523438,-1,-1,-1,-1
199,5,702.9326171875,504.400634765625,197.67333984375,533.6944580078125,-1,-1,-1,-1
200,5,695.12841796875,498.2371520996094,193.25933837890625,533.519775390625,-1,-1,-1,-1
201,5,689.7144775390625,501.73077392578125,202.7025146484375,523.6383056640625,-1,-1,-1,-1
202,5,689.8455200195312,514.0487670898438,211.65887451171875,510.1910400390625,-1,-1,-1,-1
203,5,690.58251953125,531.113037109375,234.63739013671875,484.5479736328125,-1,-1,-1,-1
204,5,689.3148193359375,548.0845336914062,203.52813720703125,462.96875,-1,-1,-1,-1
205,5,687.3258666992188,555.8004150390625,198.60064697265625,451.8477783203125,-1,-1,-1,-1
206,5,677.6272583007812,556.3997192382812,199.5443115234375,452.00299072265625,-1,-1,-1,-1
207,5,670.8436889648438,548.1830444335938,212.44171142578125,472.3389892578125,-1,-1,-1,-1
208,5,660.3324584960938,528.1881103515625,232.1302490234375,502.5411376953125,-1,-1,-1,-1
209,5,649.0460815429688,505.5664978027344,254.94647216796875,524.70751953125,-1,-1,-1,-1
210,5,642.858154296875,473.264404296875,263.896728515625,544.9276733398438,-1,-1,-1,-1
211,5,643.6119384765625,446.49365234375,238.7313232421875,562.1669921875,-1,-1,-1,-1
212,5,642.5186767578125,423.6490173339844,218.041015625,579.192138671875,-1,-1,-1,-1
213,5,635.803466796875,407.3554382324219,216.1363525390625,602.8111572265625,-1,-1,-1,-1
214,5,637.71044921875,412.8812255859375,218.2459716796875,600.9061889648438,-1,-1,-1,-1
215,5,618.5549926757812,428.2133483886719,235.06793212890625,576.73388671875,-1,-1,-1,-1
216,5,567.2703247070312,445.7979736328125,281.17852783203125,559.45361328125,-1,-1,-1,-1
217,5,530.9168701171875,462.814453125,314.9278564453125,550.1988525390625,-1,-1,-1,-1
218,5,511.85321044921875,467.1710205078125,342.9742431640625,547.9036865234375,-1,-1,-1,-1
219,5,520.4759521484375,475.12689208984375,349.392578125,532.7451782226562,-1,-1,-1,-1
220,5,536.4817504882812,492.0870666503906,348.59405517578125,520.5096435546875,-1,-1,-1,-1
221,5,554.1317749023438,499.45477294921875,346.36968994140625,519.0732421875,-1,-1,-1,-1
222,5,580.6251220703125,489.3219299316406,326.1312255859375,518.0614013671875,-1,-1,-1,-1
223,5,605.5775756835938,468.05712890625,298.02044677734375,529.2940673828125,-1,-1,-1,-1
224,5,619.7024536132812,452.2917175292969,271.8587646484375,548.810791015625,-1,-1,-1,-1
225,5,621.5641479492188,435.0252380371094,243.04376220703125,564.3499755859375,-1,-1,-1,-1
226,5,622.6591186523438,420.5939025878906,220.4508056640625,574.9166259765625,-1,-1,-1,-1
227,5,631.8588256835938,416.3774719238281,205.53692626953125,583.669677734375,-1,-1,-1,-1
228,5,635.80517578125,421.6022033691406,199.5323486328125,582.796875,-1,-1,-1,-1
229,5,640.2592163085938,438.6219482421875,196.30230712890625,560.1142578125,-1,-1,-1,-1
230,5,644.490234375,460.7980651855469,196.2137451171875,534.7239990234375,-1,-1,-1,-1
231,5,648.4029541015625,481.66009521484375,209.18450927734375,509.11871337890625,-1,-1,-1,-1
232,5,647.35302734375,498.05999755859375,238.78607177734375,491.6400146484375,-1,-1,-1,-1
233,5,649.2860717773438,512.1068115234375,274.0499267578125,479.74554443359375,-1,-1,-1,-1
234,5,650.6769409179688,519.7880859375,289.5845947265625,475.28887939453125,-1,-1,-1,-1
235,5,642.5588989257812,519.7857055664062,287.40472412109375,475.65887451171875,-1,-1,-1,-1
236,5,628.602294921875,521.1986694335938,286.96551513671875,478.49810791015625,-1,-1,-1,-1
237,5,614.250244140625,516.8740844726562,287.05218505859375,490.9332275390625,-1,-1,-1,-1
238,5,629.3396606445312,503.0724792480469,260.52301025390625,510.5511169433594,-1,-1,-1,-1
239,5,669.8375244140625,480.8551025390625,215.0245361328125,527.401611328125,-1,-1,-1,-1
240,5,688.9432983398438,462.20574951171875,203.57635498046875,532.7828979492188,-1,-1,-1,-1
241,5,698.6228637695312,445.9056396484375,207.8909912109375,542.7154541015625,-1,-1,-1,-1
242,5,702.95947265625,445.9379577636719,200.2415771484375,532.97412109375,-1,-1,-1,-1
243,5,699.1858520507812,448.9097900390625,228.39263916015625,517.25439453125,-1,-1,-1,-1
244,5,699.3866577148438,455.77001953125,254.97735595703125,494.43218994140625,-1,-1,-1,-1
245,5,701.1616821289062,464.8382568359375,266.29742431640625,474.83740234375,-1,-1,-1,-1
246,5,703.4879760742188,479.27667236328125,266.8021240234375,458.16168212890625,-1,-1,-1,-1
247,5,709.7000732421875,496.8254699707031,247.1036376953125,440.2998962402344,-1,-1,-1,-1
248,5,714.9325561523438,509.6449279785156,232.05743408203125,428.4650573730469,-1,-1,-1,-1
249,5,720.674560546875,517.51220703125,211.1708984375,420.9617919921875,-1,-1,-1,-1
250,5,720.563232421875,521.3909301757812,195.41180419921875,413.822265625,-1,-1,-1,-1
251,5,718.14794921875,523.8551635742188,185.5408935546875,409.24176025390625,-1,-1,-1,-1
252,5,719.1132202148438,526.0322265625,180.16607666015625,409.2340087890625,-1,-1,-1,-1
253,5,716.169189453125,525.8566284179688,181.3546142578125,413.71990966796875,-1,-1,-1,-1
254,5,707.1484375,521.7392578125,188.3509521484375,428.79840087890625,-1,-1,-1,-1
255,5,697.4415283203125,518.6434326171875,193.798095703125,451.336669921875,-1,-1,-1,-1
256,5,690.5989379882812,517.7232055664062,200.78643798828125,473.34356689453125,-1,-1,-1,-1
257,5,687.3893432617188,513.3062744140625,208.41839599609375,492.06353759765625,-1,-1,-1,-1
258,5,688.4453125,504.5865478515625,207.0321044921875,497.60107421875,-1,-1,-1,-1
259,5,689.9192504882812,491.8755798339844,202.44268798828125,509.5665588378906,-1,-1,-1,-1
260,5,695.6536865234375,483.61627197265625,193.91644287109375,513.3978271484375,-1,-1,-1,-1
261,5,697.7362670898438,471.0091552734375,219.78814697265625,522.1478271484375,-1,-1,-1,-1
262,5,696.659423828125,455.412841796875,179.3905029296875,527.5836791992188,-1,-1,-1,-1
263,5,635.1522827148438,437.8865661621094,223.7965087890625,539.1392822265625,-1,-1,-1,-1
264,5,680.8180541992188,444.80499267578125,174.83319091796875,527.0570068359375,-1,-1,-1,-1
265,5,683.5520629882812,452.10174560546875,181.0574951171875,521.3404541015625,-1,-1,-1,-1
266,5,677.6488647460938,465.0692138671875,193.647705078125,520.704833984375,-1,-1,-1,-1
267,5,632.9747924804688,481.75787353515625,241.267822265625,514.882080078125,-1,-1,-1,-1
268,5,586.0913696289062,490.5769958496094,298.94769287109375,511.4934387207031,-1,-1,-1,-1
269,5,568.8909912109375,496.22894287109375,326.29620361328125,523.5547485351562,-1,-1,-1,-1
270,5,577.0617065429688,501.4796142578125,329.48638916015625,516.0667114257812,-1,-1,-1,-1
271,5,589.3025512695312,500.87322998046875,327.58111572265625,505.37310791015625,-1,-1,-1,-1
272,5,607.1920166015625,499.1654968261719,318.90802001953125,498.2674255371094,-1,-1,-1,-1
273,5,629.4024658203125,495.36810302734375,297.22149658203125,492.25811767578125,-1,-1,-1,-1
274,5,646.6405639648438,488.4817810058594,260.9560546875,485.7846984863281,-1,-1,-1,-1
275,5,653.0518798828125,485.8128662109375,240.43817138671875,486.1309814453125,-1,-1,-1,-1
276,5,655.9645385742188,474.930908203125,211.56658935546875,486.01513671875,-1,-1,-1,-1
277,5,645.3987426757812,474.98602294921875,203.16864013671875,485.3486328125,-1,-1,-1,-1
278,5,646.28271484375,486.63861083984375,202.5972900390625,479.81036376953125,-1,-1,-1,-1
279,5,642.7200927734375,494.29241943359375,215.9102783203125,469.69085693359375,-1,-1,-1,-1
280,5,635.8436889648438,495.15716552734375,270.08953857421875,461.69683837890625,-1,-1,-1,-1
281,5,635.517578125,497.23992919921875,315.7822265625,457.2100830078125,-1,-1,-1,-1
282,5,656.6941528320312,496.67926025390625,247.81500244140625,478.2681884765625,-1,-1,-1,-1
283,5,680.4500122070312,487.28375244140625,278.34210205078125,504.18450927734375,-1,-1,-1,-1
284,5,674.0758666992188,475.0250244140625,268.78558349609375,457.60296630859375,-1,-1,-1,-1
285,5,660.8773193359375,467.5957336425781,271.38134765625,520.329833984375,-1,-1,-1,-1
286,5,643.8612670898438,488.62237548828125,266.0872802734375,498.1019287109375,-1,-1,-1,-1
287,5,635.1259765625,513.2238159179688,290.4168701171875,536.1915893554688,-1,-1,-1,-1
288,5,644.6216430664062,505.1289367675781,330.501953125,643.686279296875,-1,-1,-1,-1
289,5,665.1812133789062,499.29302978515625,354.61669921875,744.6152954101562,-1,-1,-1,-1
290,5,687.0621337890625,439.4732666015625,327.4989013671875,856.2291259765625,-1,-1,-1,-1
291,5,694.1710205078125,398.8498840332031,268.73681640625,864.4901123046875,-1,-1,-1,-1
292,5,751.6810913085938,451.90008544921875,258.7391357421875,645.6957397460938,-1,-1,-1,-1
293,5,851.6478271484375,472.0769348144531,334.9794921875,864.31103515625,-1,-1,-1,-1
294,5,914.2418823242188,499.6567077636719,375.08087158203125,818.102294921875,-1,-1,-1,-1
295,5,542.0728149414062,758.8937377929688,396.6307373046875,653.5652465820312,-1,-1,-1,-1
104,6,776.3046264648438,545.0421752929688,84.51849365234375,211.186279296875,-1,-1,-1,-1
105,6,785.0638427734375,554.2299194335938,87.79473876953125,210.085205078125,-1,-1,-1,-1
106,6,777.284912109375,532.0857543945312,91.68408203125,214.75506591796875,-1,-1,-1,-1
107,6,770.2223510742188,529.7725830078125,83.81402587890625,216.0753173828125,-1,-1,-1,-1
108,6,759.52734375,525.77294921875,84.22845458984375,219.24798583984375,-1,-1,-1,-1
109,6,746.9945678710938,540.3678588867188,91.6143798828125,224.14208984375,-1,-1,-1,-1
110,6,748.4228515625,554.0206298828125,92.8604736328125,219.9422607421875,-1,-1,-1,-1
111,6,754.113525390625,562.6392211914062,101.7410888671875,215.36767578125,-1,-1,-1,-1
112,6,701.802734375,565.447509765625,185.2467041015625,217.740234375,-1,-1,-1,-1
113,6,700.529052734375,527.7232666015625,199.93475341796875,327.20391845703125,-1,-1,-1,-1
114,6,690.9684448242188,500.56256103515625,181.9088134765625,402.8035888671875,-1,-1,-1,-1
115,6,683.2401733398438,543.070068359375,154.8992919921875,325.953857421875,-1,-1,-1,-1
116,6,749.4771118164062,587.2318725585938,118.457275390625,251.94439697265625,-1,-1,-1,-1
117,6,788.93701171875,604.0875244140625,89.02801513671875,226.4658203125,-1,-1,-1,-1
118,6,800.9827880859375,606.1898803710938,87.1424560546875,227.33428955078125,-1,-1,-1,-1
119,6,811.83642578125,602.3548583984375,89.06829833984375,220.41607666015625,-1,-1,-1,-1
120,6,825.2976684570312,610.1495971679688,90.36407470703125,217.56298828125,-1,-1,-1,-1
121,6,844.3635864257812,608.8215942382812,89.10540771484375,219.5225830078125,-1,-1,-1,-1
122,6,866.3735961914062,602.74609375,83.5250244140625,221.80352783203125,-1,-1,-1,-1
123,6,882.6205444335938,596.2779541015625,82.7900390625,222.21337890625,-1,-1,-1,-1
124,6,891.4183349609375,586.5653686523438,85.6318359375,223.0452880859375,-1,-1,-1,-1
125,6,898.0140991210938,583.0869750976562,85.6541748046875,223.86590576171875,-1,-1,-1,-1
126,6,912.3798828125,593.4140014648438,85.8001708984375,224.2333984375,-1,-1,-1,-1
127,6,919.0878295898438,596.1253051757812,87.164794921875,226.952880859375,-1,-1,-1,-1
128,6,924.3076171875,593.2430419921875,88.4405517578125,228.03631591796875,-1,-1,-1,-1
129,6,935.84619140625,595.972412109375,92.4366455078125,230.65740966796875,-1,-1,-1,-1
130,6,949.8943481445312,605.2252807617188,95.17999267578125,232.2890625,-1,-1,-1,-1
131,6,971.0016479492188,605.6967163085938,98.60064697265625,237.09393310546875,-1,-1,-1,-1
132,6,989.9076538085938,598.4701538085938,105.37762451171875,242.11895751953125,-1,-1,-1,-1
133,6,1005.0012817382812,591.7637939453125,111.10272216796875,245.9268798828125,-1,-1,-1,-1
134,6,1022.7644653320312,587.7203979492188,117.49163818359375,251.8094482421875,-1,-1,-1,-1
135,6,1032.7978515625,570.7199096679688,123.000244140625,256.54412841796875,-1,-1,-1,-1
136,6,1050.3919677734375,556.6246337890625,122.6798095703125,259.82427978515625,-1,-1,-1,-1
137,6,1070.8758544921875,538.4688720703125,128.5247802734375,264.9228515625,-1,-1,-1,-1
138,6,1081.95068359375,528.593017578125,130.77294921875,267.77301025390625,-1,-1,-1,-1
139,6,1092.3487548828125,525.2578735351562,134.602294921875,272.1474609375,-1,-1,-1,-1
140,6,1103.735595703125,522.65625,136.24365234375,274.392822265625,-1,-1,-1,-1
141,6,1113.4342041015625,515.8736572265625,137.315673828125,276.20819091796875,-1,-1,-1,-1
142,6,1117.281005859375,512.3160400390625,139.4803466796875,277.87725830078125,-1,-1,-1,-1
143,6,1117.7628173828125,514.784423828125,140.0406494140625,277.5401611328125,-1,-1,-1,-1
144,6,1127.471923828125,510.9275207519531,134.060791015625,277.5890808105469,-1,-1,-1,-1
145,6,1133.3642578125,513.3388061523438,137.29541015625,276.6478271484375,-1,-1,-1,-1
146,6,1138.671142578125,520.5352172851562,134.2584228515625,274.32855224609375,-1,-1,-1,-1
147,6,1140.728271484375,530.0801391601562,133.949462890625,272.500244140625,-1,-1,-1,-1
148,6,1142.3568115234375,533.991455078125,132.7918701171875,271.88336181640625,-1,-1,-1,-1
149,6,1145.737548828125,529.5384521484375,131.822265625,273.43109130859375,-1,-1,-1,-1
150,6,1144.5350341796875,524.54833984375,131.282470703125,268.4034423828125,-1,-1,-1,-1
151,6,1146.6148681640625,522.9039916992188,130.1427001953125,266.02325439453125,-1,-1,-1,-1
152,6,1143.7275390625,520.0379638671875,131.4892578125,261.1591796875,-1,-1,-1,-1
153,6,1142.1536865234375,523.4481201171875,133.4205322265625,260.8302001953125,-1,-1,-1,-1
154,6,1139.673095703125,532.2285766601562,133.095458984375,258.76031494140625,-1,-1,-1,-1
155,6,1143.15673828125,538.6483154296875,132.8607177734375,258.97314453125,-1,-1,-1,-1
156,6,1146.406005859375,541.865478515625,135.177490234375,259.50970458984375,-1,-1,-1,-1
157,6,1155.4337158203125,539.2890625,132.72802734375,261.50555419921875,-1,-1,-1,-1
158,6,1165.0509033203125,535.9996948242188,135.2625732421875,262.236572265625,-1,-1,-1,-1
159,6,1174.13623046875,531.9534912109375,139.8795166015625,265.11749267578125,-1,-1,-1,-1
160,6,1180.9376220703125,518.907958984375,137.7208251953125,263.69097900390625,-1,-1,-1,-1
161,6,1186.33203125,507.0953369140625,138.693359375,267.1141357421875,-1,-1,-1,-1
162,6,1191.9188232421875,495.5387268066406,136.3287353515625,268.6642150878906,-1,-1,-1,-1
163,6,1191.4671630859375,487.6901550292969,139.986328125,269.0328674316406,-1,-1,-1,-1
164,6,1187.5888671875,486.0353088378906,136.4332275390625,266.6753845214844,-1,-1,-1,-1
165,6,1180.2344970703125,491.47100830078125,134.0911865234375,264.44158935546875,-1,-1,-1,-1
166,6,1171.953125,500.5785217285156,131.1571044921875,260.8829650878906,-1,-1,-1,-1
167,6,1167.0272216796875,509.8048400878906,128.7410888671875,258.1325378417969,-1,-1,-1,-1
168,6,1156.203125,518.9432983398438,122.08056640625,251.824951171875,-1,-1,-1,-1
169,6,1133.877685546875,520.3807373046875,119.901123046875,246.31805419921875,-1,-1,-1,-1
170,6,1118.581787109375,525.422607421875,117.908203125,242.0313720703125,-1,-1,-1,-1
171,6,1114.054443359375,520.8202514648438,115.93017578125,238.89630126953125,-1,-1,-1,-1
172,6,1105.056396484375,512.9791870117188,116.59619140625,238.34979248046875,-1,-1,-1,-1
173,6,1088.78759765625,509.8513488769531,117.311279296875,234.55661010742188,-1,-1,-1,-1
174,6,1074.4161376953125,507.91864013671875,116.8983154296875,229.72833251953125,-1,-1,-1,-1
175,6,1056.9857177734375,504.4747314453125,118.5333251953125,226.01434326171875,-1,-1,-1,-1
176,6,1043.8211669921875,498.7645568847656,117.5020751953125,224.04611206054688,-1,-1,-1,-1
177,6,1024.072021484375,492.3916015625,114.9097900390625,222.37530517578125,-1,-1,-1,-1
178,6,1003.9967041015625,489.7621765136719,113.9678955078125,219.06454467773438,-1,-1,-1,-1
179,6,991.6564331054688,492.99383544921875,112.61370849609375,219.66424560546875,-1,-1,-1,-1
180,6,987.245849609375,497.7016296386719,105.4820556640625,219.50881958007812,-1,-1,-1,-1
181,6,976.7106323242188,503.8963928222656,103.79815673828125,216.50039672851562,-1,-1,-1,-1
182,6,971.8466796875,506.8887939453125,104.321533203125,217.3397216796875,-1,-1,-1,-1
183,6,966.3119506835938,509.39971923828125,103.04168701171875,216.94366455078125,-1,-1,-1,-1
184,6,961.2528686523438,516.8440551757812,99.69952392578125,216.95977783203125,-1,-1,-1,-1
185,6,964.0847778320312,525.3013916015625,93.01641845703125,218.25689697265625,-1,-1,-1,-1
186,6,950.094482421875,535.1515502929688,97.988525390625,217.4400634765625,-1,-1,-1,-1
187,6,947.5218505859375,546.2266845703125,94.76416015625,216.34149169921875,-1,-1,-1,-1
188,6,936.6563720703125,550.6157836914062,96.4666748046875,217.59295654296875,-1,-1,-1,-1
189,6,932.055419921875,553.4456787109375,92.3193359375,217.88177490234375,-1,-1,-1,-1
190,6,919.3388671875,559.1942749023438,94.4271240234375,218.65289306640625,-1,-1,-1,-1
191,6,906.8829345703125,562.1167602539062,95.74713134765625,217.90155029296875,-1,-1,-1,-1
192,6,894.21826171875,558.5573120117188,95.6279296875,218.1124267578125,-1,-1,-1,-1
193,6,890.6046752929688,557.4334106445312,85.419677734375,218.2015380859375,-1,-1,-1,-1
194,6,875.161376953125,553.986572265625,91.6622314453125,217.2490234375,-1,-1,-1,-1
195,6,847.19091796875,550.714599609375,113.3682861328125,216.28643798828125,-1,-1,-1,-1
196,6,860.8926391601562,547.255859375,85.6533203125,217.21917724609375,-1,-1,-1,-1
197,6,848.9959716796875,542.3713989257812,84.1051025390625,217.55841064453125,-1,-1,-1,-1
198,6,835.2340087890625,540.635986328125,84.21282958984375,215.76568603515625,-1,-1,-1,-1
199,6,827.0580444335938,539.4222412109375,78.63427734375,215.6527099609375,-1,-1,-1,-1
200,6,816.783447265625,539.8596801757812,75.128662109375,214.35760498046875,-1,-1,-1,-1
201,6,803.08642578125,540.802001953125,76.32757568359375,212.8138427734375,-1,-1,-1,-1
202,6,796.4544677734375,543.0816040039062,78.2022705078125,210.4075927734375,-1,-1,-1,-1
203,6,791.2612915039062,543.1944580078125,75.78070068359375,211.94482421875,-1,-1,-1,-1
204,6,780.542724609375,543.9962768554688,78.48797607421875,214.1488037109375,-1,-1,-1,-1
205,6,776.9880981445312,544.4728393554688,73.74896240234375,207.772705078125,-1,-1,-1,-1
206,6,773.307373046875,543.73291015625,74.19342041015625,207.1387939453125,-1,-1,-1,-1
207,6,775.1264038085938,543.0691528320312,73.85284423828125,208.75128173828125,-1,-1,-1,-1
208,6,788.1911010742188,540.8062744140625,72.72607421875,205.81243896484375,-1,-1,-1,-1
209,6,799.31005859375,537.25048828125,76.1529541015625,206.3465576171875,-1,-1,-1,-1
210,6,809.7696533203125,527.4411010742188,81.81982421875,209.1407470703125,-1,-1,-1,-1
211,6,833.2592163085938,520.6754150390625,87.456298828125,209.85369873046875,-1,-1,-1,-1
212,6,860.4490966796875,513.9463500976562,84.776123046875,211.78253173828125,-1,-1,-1,-1
213,6,864.8087768554688,501.5250244140625,87.50830078125,213.70794677734375,-1,-1,-1,-1
214,6,878.3296508789062,497.1446838378906,91.39013671875,213.60238647460938,-1,-1,-1,-1
215,6,896.3946533203125,495.41558837890625,90.473876953125,214.06109619140625,-1,-1,-1,-1
216,6,906.0252075195312,495.6873779296875,91.60260009765625,213.95538330078125,-1,-1,-1,-1
217,6,921.6080932617188,496.322021484375,85.7904052734375,213.68194580078125,-1,-1,-1,-1
218,6,935.9130859375,492.50372314453125,91.121337890625,215.60888671875,-1,-1,-1,-1
219,6,951.6327514648438,492.6871337890625,95.34454345703125,215.99884033203125,-1,-1,-1,-1
220,6,980.3118896484375,500.562744140625,86.2703857421875,216.82373046875,-1,-1,-1,-1
221,6,992.91650390625,505.267333984375,99.26318359375,219.49676513671875,-1,-1,-1,-1
222,6,1018.609130859375,499.69573974609375,102.2613525390625,222.6956787109375,-1,-1,-1,-1
223,6,1046.6185302734375,493.4603271484375,107.598388671875,225.67236328125,-1,-1,-1,-1
224,6,1063.891357421875,495.9555969238281,107.9754638671875,227.84426879882812,-1,-1,-1,-1
225,6,1067.3779296875,496.28253173828125,104.6619873046875,227.50543212890625,-1,-1,-1,-1
226,6,1064.6634521484375,494.0169372558594,103.26708984375,225.82473754882812,-1,-1,-1,-1
227,6,1065.2783203125,490.7808837890625,99.24951171875,224.45587158203125,-1,-1,-1,-1
228,6,1061.0389404296875,487.53363037109375,99.6890869140625,223.88330078125,-1,-1,-1,-1
229,6,1061.5941162109375,489.597412109375,96.599609375,221.09735107421875,-1,-1,-1,-1
230,6,1058.3505859375,491.9429016113281,97.05712890625,221.48379516601562,-1,-1,-1,-1
231,6,1049.2039794921875,493.0133056640625,96.8985595703125,218.0328369140625,-1,-1,-1,-1
232,6,1053.0023193359375,497.0783386230469,82.17333984375,215.46762084960938,-1,-1,-1,-1
233,6,1039.09130859375,503.0574951171875,86.7841796875,213.772216796875,-1,-1,-1,-1
234,6,1016.9329223632812,506.7551574707031,96.24090576171875,211.14712524414062,-1,-1,-1,-1
235,6,1004.2698974609375,511.23468017578125,92.8475341796875,208.45465087890625,-1,-1,-1,-1
236,6,991.8517456054688,519.9503173828125,84.97869873046875,206.08740234375,-1,-1,-1,-1
237,6,978.2283935546875,527.7818603515625,81.6474609375,205.29339599609375,-1,-1,-1,-1
238,6,962.226806640625,530.7966918945312,84.6297607421875,203.275390625,-1,-1,-1,-1
239,6,951.3575439453125,528.2257080078125,79.8236083984375,203.314208984375,-1,-1,-1,-1
240,6,939.081298828125,525.4561157226562,86.1466064453125,202.52191162109375,-1,-1,-1,-1
241,6,936.1868286132812,526.9536743164062,80.86126708984375,201.50360107421875,-1,-1,-1,-1
242,6,923.5873413085938,525.2005615234375,79.09515380859375,200.95379638671875,-1,-1,-1,-1
243,6,898.3200073242188,521.4578857421875,84.248779296875,197.88037109375,-1,-1,-1,-1
244,6,876.542724609375,514.1838989257812,85.5762939453125,197.15606689453125,-1,-1,-1,-1
245,6,869.2616577148438,510.69049072265625,75.97894287109375,195.83270263671875,-1,-1,-1,-1
246,6,851.75439453125,514.6017456054688,79.172607421875,192.4530029296875,-1,-1,-1,-1
247,6,845.5494995117188,522.1544189453125,73.38018798828125,189.5289306640625,-1,-1,-1,-1
248,6,833.7203369140625,529.6309814453125,72.6650390625,190.1754150390625,-1,-1,-1,-1
249,6,822.9577026367188,534.4932250976562,72.76751708984375,191.8455810546875,-1,-1,-1,-1
250,6,815.4953002929688,536.3187255859375,66.77496337890625,183.8443603515625,-1,-1,-1,-1
251,6,804.2936401367188,536.5205078125,65.4061279296875,179.392333984375,-1,-1,-1,-1
252,6,805.2159423828125,538.9056396484375,55.1387939453125,153.81390380859375,-1,-1,-1,-1
253,6,779.1145629882812,533.70947265625,73.90472412109375,188.9478759765625,-1,-1,-1,-1
254,6,768.198486328125,526.4097290039062,82.14111328125,216.15289306640625,-1,-1,-1,-1
255,6,761.20263671875,523.8840942382812,82.374267578125,223.0980224609375,-1,-1,-1,-1
256,6,751.77197265625,524.5223999023438,95.5625,216.7889404296875,-1,-1,-1,-1
257,6,736.9013671875,517.794189453125,109.71728515625,226.82733154296875,-1,-1,-1,-1
258,6,728.084716796875,508.45770263671875,110.53271484375,256.85394287109375,-1,-1,-1,-1
259,6,730.5409545898438,494.56256103515625,106.7083740234375,267.873779296875,-1,-1,-1,-1
260,6,730.3045043945312,487.2747497558594,109.36395263671875,288.9193420410156,-1,-1,-1,-1
261,6,716.3126831054688,473.7864074707031,132.400146484375,289.4707946777344,-1,-1,-1,-1
262,6,709.160400390625,466.35247802734375,152.1165771484375,374.6124267578125,-1,-1,-1,-1
263,6,644.6599731445312,458.24176025390625,194.73883056640625,406.3050537109375,-1,-1,-1,-1
264,6,685.1624755859375,462.81829833984375,157.2237548828125,415.97601318359375,-1,-1,-1,-1
265,6,691.01123046875,460.69378662109375,158.0714111328125,411.25994873046875,-1,-1,-1,-1
266,6,683.9867553710938,469.4588317871094,177.86474609375,489.3041076660156,-1,-1,-1,-1
105,7,476.0977478027344,596.386474609375,59.968658447265625,107.59625244140625,-1,-1,-1,-1
106,7,461.5831298828125,578.986083984375,53.61273193359375,105.579833984375,-1,-1,-1,-1
107,7,451.01153564453125,591.7385864257812,54.232757568359375,111.81585693359375,-1,-1,-1,-1
108,7,435.06597900390625,588.7869262695312,52.34027099609375,114.23675537109375,-1,-1,-1,-1
109,7,422.67889404296875,606.2471923828125,64.29061889648438,119.15570068359375,-1,-1,-1,-1
110,7,424.1627502441406,616.3533935546875,58.679595947265625,115.49267578125,-1,-1,-1,-1
111,7,436.9559326171875,613.9413452148438,50.3394775390625,115.295166015625,-1,-1,-1,-1
112,7,438.5458984375,607.5701904296875,55.721221923828125,114.03948974609375,-1,-1,-1,-1
113,7,437.13043212890625,600.3790893554688,62.9544677734375,121.09967041015625,-1,-1,-1,-1
114,7,439.35736083984375,601.2783813476562,68.44131469726562,126.46990966796875,-1,-1,-1,-1
115,7,448.7105407714844,614.2150268554688,50.447784423828125,117.6729736328125,-1,-1,-1,-1
116,7,457.92138671875,634.1639404296875,52.299468994140625,111.6851806640625,-1,-1,-1,-1
117,7,471.38885498046875,649.3064575195312,50.3260498046875,111.072265625,-1,-1,-1,-1
118,7,477.6279602050781,656.0874633789062,49.264923095703125,110.24249267578125,-1,-1,-1,-1
119,7,490.59912109375,651.6220092773438,47.657958984375,111.304443359375,-1,-1,-1,-1
120,7,502.35552978515625,663.8264770507812,48.9227294921875,113.15447998046875,-1,-1,-1,-1
121,7,524.7981567382812,657.1647338867188,43.93109130859375,105.21893310546875,-1,-1,-1,-1
122,7,544.88671875,641.1309814453125,45.25982666015625,102.4876708984375,-1,-1,-1,-1
123,7,557.8240356445312,625.93408203125,47.655517578125,105.2674560546875,-1,-1,-1,-1
124,7,568.0487670898438,616.6956787109375,43.14599609375,97.1163330078125,-1,-1,-1,-1
125,7,574.770263671875,620.3802490234375,46.80682373046875,100.9580078125,-1,-1,-1,-1
126,7,585.8251953125,625.7738647460938,48.01409912109375,102.447265625,-1,-1,-1,-1
127,7,591.7852172851562,624.2468872070312,47.67510986328125,112.775634765625,-1,-1,-1,-1
128,7,596.2716064453125,621.9834594726562,47.63427734375,105.63299560546875,-1,-1,-1,-1
129,7,609.17919921875,620.0883178710938,42.6761474609375,105.37255859375,-1,-1,-1,-1
130,7,621.7032470703125,627.3712158203125,43.2369384765625,102.8956298828125,-1,-1,-1,-1
131,7,636.71826171875,627.5570678710938,49.5205078125,103.41046142578125,-1,-1,-1,-1
132,7,653.4306030273438,617.3507080078125,46.88812255859375,106.38348388671875,-1,-1,-1,-1
133,7,667.60546875,613.6961059570312,52.447509765625,116.429931640625,-1,-1,-1,-1
134,7,683.1140747070312,603.8782958984375,56.4964599609375,113.69903564453125,-1,-1,-1,-1
135,7,688.3262939453125,572.9488525390625,90.4832763671875,178.28131103515625,-1,-1,-1,-1
140,7,659.7198486328125,514.3995971679688,156.1942138671875,337.58648681640625,-1,-1,-1,-1
141,7,673.441650390625,517.5645141601562,143.8787841796875,320.82183837890625,-1,-1,-1,-1
142,7,699.3340454101562,536.0993041992188,116.18572998046875,246.32464599609375,-1,-1,-1,-1
143,7,741.6356201171875,551.3865356445312,63.99053955078125,161.49578857421875,-1,-1,-1,-1
144,7,758.69384765625,552.1014404296875,49.95025634765625,108.49261474609375,-1,-1,-1,-1
145,7,768.0228271484375,555.4795532226562,51.7841796875,105.56207275390625,-1,-1,-1,-1
146,7,772.9405517578125,562.720703125,45.26904296875,96.42584228515625,-1,-1,-1,-1
147,7,775.0108032226562,572.9944458007812,44.6925048828125,98.0538330078125,-1,-1,-1,-1
148,7,783.1294555664062,574.8509521484375,41.9049072265625,86.337646484375,-1,-1,-1,-1
149,7,784.8750610351562,570.6939086914062,46.49432373046875,99.61077880859375,-1,-1,-1,-1
150,7,790.4346923828125,565.548583984375,43.11846923828125,105.32733154296875,-1,-1,-1,-1
151,7,790.9612426757812,561.4724731445312,44.81170654296875,104.69598388671875,-1,-1,-1,-1
152,7,793.5944213867188,554.8221435546875,47.28106689453125,111.27655029296875,-1,-1,-1,-1
153,7,796.5433349609375,554.02587890625,43.82977294921875,113.95343017578125,-1,-1,-1,-1
154,7,796.0525512695312,558.6592407226562,43.4769287109375,111.00494384765625,-1,-1,-1,-1
155,7,800.2762451171875,560.8067626953125,46.0389404296875,117.10675048828125,-1,-1,-1,-1
156,7,804.1306762695312,560.7351684570312,42.38916015625,113.70269775390625,-1,-1,-1,-1
157,7,806.6911010742188,558.9710693359375,43.86956787109375,108.33612060546875,-1,-1,-1,-1
158,7,814.6958618164062,552.8572998046875,49.7122802734375,117.442138671875,-1,-1,-1,-1
159,7,827.1561889648438,550.6324462890625,43.051513671875,93.8480224609375,-1,-1,-1,-1
160,7,829.0758056640625,542.6929931640625,46.49462890625,87.32501220703125,-1,-1,-1,-1
161,7,829.6480712890625,534.5973510742188,56.20343017578125,89.88580322265625,-1,-1,-1,-1
162,7,830.9592895507812,524.0540771484375,102.45574951171875,116.64422607421875,-1,-1,-1,-1
164,7,794.8802490234375,480.3150939941406,174.474853515625,214.31838989257812,-1,-1,-1,-1
115,8,751.7381591796875,578.2171630859375,100.79595947265625,244.780517578125,-1,-1,-1,-1
116,8,763.0955810546875,590.1712646484375,101.21759033203125,237.96881103515625,-1,-1,-1,-1
267,9,751.72802734375,495.89495849609375,68.233154296875,185.7701416015625,-1,-1,-1,-1
268,9,763.8548583984375,498.2778015136719,61.67254638671875,170.86312866210938,-1,-1,-1,-1
269,9,769.2764892578125,499.7479248046875,66.1107177734375,164.54913330078125,-1,-1,-1,-1
270,9,781.2030029296875,500.2331848144531,66.14044189453125,174.19381713867188,-1,-1,-1,-1
271,9,790.5152587890625,497.5199279785156,66.797607421875,176.77487182617188,-1,-1,-1,-1
272,9,803.172607421875,496.36431884765625,66.8375244140625,175.14276123046875,-1,-1,-1,-1
273,9,823.0535888671875,496.833740234375,67.12353515625,174.04083251953125,-1,-1,-1,-1
274,9,846.9365234375,495.3437194824219,67.24456787109375,175.29470825195312,-1,-1,-1,-1
275,9,863.4111938476562,496.5399169921875,68.06243896484375,175.38916015625,-1,-1,-1,-1
276,9,875.9869995117188,490.76092529296875,68.050048828125,176.81536865234375,-1,-1,-1,-1
277,9,875.091796875,490.4278259277344,67.871826171875,176.90884399414062,-1,-1,-1,-1
278,9,881.5389404296875,497.2514953613281,69.84820556640625,177.40164184570312,-1,-1,-1,-1
279,9,891.9146728515625,502.1528015136719,68.5953369140625,176.11233520507812,-1,-1,-1,-1
280,9,894.0996704101562,496.7654724121094,73.426025390625,176.54226684570312,-1,-1,-1,-1
281,9,902.0128173828125,495.91729736328125,72.65203857421875,176.85882568359375,-1,-1,-1,-1
282,9,909.1022338867188,496.77423095703125,75.06048583984375,176.86566162109375,-1,-1,-1,-1
283,9,913.6004638671875,491.81927490234375,73.82330322265625,179.38250732421875,-1,-1,-1,-1
284,9,922.6492309570312,488.5225524902344,71.66192626953125,179.45852661132812,-1,-1,-1,-1
285,9,908.6985473632812,485.2814025878906,83.47430419921875,180.80911254882812,-1,-1,-1,-1
286,9,899.6484985351562,490.61456298828125,74.87066650390625,177.70123291015625,-1,-1,-1,-1
287,9,904.3419189453125,502.6358947753906,71.5765380859375,175.81033325195312,-1,-1,-1,-1
288,9,914.6459350585938,503.7998046875,74.919189453125,175.8463134765625,-1,-1,-1,-1
289,9,940.2588500976562,500.4841613769531,78.86859130859375,175.35427856445312,-1,-1,-1,-1
290,9,944.370849609375,451.3777160644531,71.17486572265625,177.85928344726562,-1,-1,-1,-1
291,9,979.639404296875,392.4130554199219,80.5687255859375,181.91409301757812,-1,-1,-1,-1
292,9,1018.0484008789062,384.8681335449219,98.07659912109375,184.57388305664062,-1,-1,-1,-1
293,9,1179.5257568359375,372.36865234375,80.776123046875,193.386474609375,-1,-1,-1,-1
294,9,1170.3370361328125,342.0022277832031,144.557373046875,203.55746459960938,-1,-1,-1,-1
282,10,617.793701171875,527.1148071289062,35.2493896484375,81.852783203125,-1,-1,-1,-1
283,10,621.821533203125,520.3932495117188,40.5615234375,98.794921875,-1,-1,-1,-1
284,10,625.9791259765625,515.5347290039062,36.74285888671875,92.33074951171875,-1,-1,-1,-1
285,10,625.181396484375,509.4634094238281,34.903076171875,87.69918823242188,-1,-1,-1,-1
286,10,613.7207641601562,518.3377075195312,37.7655029296875,91.42669677734375,-1,-1,-1,-1
287,10,616.7971801757812,537.7711791992188,37.43804931640625,86.35797119140625,-1,-1,-1,-1
288,10,630.1107788085938,543.5548095703125,38.55023193359375,84.81427001953125,-1,-1,-1,-1
289,10,648.03857421875,541.144287109375,42.38250732421875,91.75384521484375,-1,-1,-1,-1
290,10,656.3034057617188,491.9092102050781,37.87249755859375,90.67910766601562,-1,-1,-1,-1
291,10,689.4022216796875,412.8172912597656,40.904052734375,106.57864379882812,-1,-1,-1,-1
292,10,733.3098754882812,412.6138000488281,70.55364990234375,140.72775268554688,-1,-1,-1,-1
293,10,865.0319213867188,408.5317077636719,41.3038330078125,114.78860473632812,-1,-1,-1,-1
294,10,811.5782470703125,464.9105529785156,80.1318359375,136.12655639648438,-1,-1,-1,-1
