1,1,895.109375,505.0872497558594,138.5184326171875,377.7848815917969,-1,-1,-1,-1
2,1,831.7421875,531.75732421875,133.12286376953125,366.123046875,-1,-1,-1,-1
3,1,781.3803100585938,561.7437133789062,139.61968994140625,375.395263671875,-1,-1,-1,-1
4,1,745.0075073242188,594.0819702148438,139.4085693359375,395.20050048828125,-1,-1,-1,-1
5,1,724.6524047851562,622.4341430664062,134.99853515625,399.012939453125,-1,-1,-1,-1
6,1,711.3734741210938,643.4163208007812,139.3074951171875,407.90997314453125,-1,-1,-1,-1
7,1,701.4915161132812,663.4953002929688,144.22943115234375,428.30206298828125,-1,-1,-1,-1
8,1,695.1697387695312,680.1332397460938,152.04302978515625,433.82171630859375,-1,-1,-1,-1
9,1,686.9714965820312,692.1838989257812,161.48663330078125,439.99859619140625,-1,-1,-1,-1
10,1,681.977783203125,706.700927734375,169.91204833984375,441.110107421875,-1,-1,-1,-1
11,1,684.067138671875,714.5912475585938,172.33251953125,446.46136474609375,-1,-1,-1,-1
12,1,675.2349243164062,711.3132934570312,158.32891845703125,443.04302978515625,-1,-1,-1,-1
13,1,670.9638671875,717.6173095703125,147.30963134765625,377.22509765625,-1,-1,-1,-1
14,1,668.06884765625,737.4638671875,155.39630126953125,438.1865234375,-1,-1,-1,-1
15,1,665.563232421875,753.5641479492188,167.136474609375,439.08282470703125,-1,-1,-1,-1
16,1,666.0648803710938,765.4190673828125,179.28997802734375,438.0155029296875,-1,-1,-1,-1
17,1,665.7271728515625,767.886474609375,183.9439697265625,433.840087890625,-1,-1,-1,-1
18,1,663.3667602539062,772.095458984375,190.55621337890625,429.572998046875,-1,-1,-1,-1
19,1,660.9371948242188,774.441162109375,191.49957275390625,424.38671875,-1,-1,-1,-1
20,1,663.5523681640625,775.7293090820312,188.14434814453125,418.88690185546875,-1,-1,-1,-1
21,1,665.5990600585938,777.2750244140625,186.49853515625,414.0030517578125,-1,-1,-1,-1
22,1,669.3369140625,771.219970703125,186.2445068359375,407.048095703125,-1,-1,-1,-1
23,1,677.8499755859375,763.9923095703125,165.16790771484375,401.5859375,-1,-1,-1,-1
24,1,688.316162109375,765.3050537109375,150.19427490234375,403.2833251953125,-1,-1,-1,-1
25,1,691.9857788085938,763.9844970703125,132.57037353515625,411.188232421875,-1,-1,-1,-1
26,1,697.9661865234375,754.185546875,119.49761962890625,420.615234375,-1,-1,-1,-1
27,1,703.6402587890625,749.376708984375,122.45343017578125,431.236328125,-1,-1,-1,-1
28,1,704.1265869140625,752.7142944335938,129.38226318359375,440.72845458984375,-1,-1,-1,-1
29,1,701.8174438476562,754.22509765625,135.7777099609375,446.219970703125,-1,-1,-1,-1
30,1,695.2091064453125,753.2299194335938,142.45928955078125,451.78094482421875,-1,-1,-1,-1
31,1,691.313720703125,753.947265625,144.2054443359375,462.6153564453125,-1,-1,-1,-1
32,1,688.9697875976562,751.6859130859375,143.5172119140625,477.70751953125,-1,-1,-1,-1
33,1,679.7249145507812,747.3394775390625,147.7906494140625,484.17333984375,-1,-1,-1,-1
34,1,675.401611328125,744.9441528320312,152.2867431640625,490.58001708984375,-1,-1,-1,-1
35,1,668.6283569335938,748.8301391601562,157.08197021484375,497.17657470703125,-1,-1,-1,-1
36,1,659.9453125,746.5595092773438,157.0472412109375,500.90179443359375,-1,-1,-1,-1
37,1,661.381103515625,747.111572265625,153.965576171875,507.184814453125,-1,-1,-1,-1
38,1,660.1551513671875,752.4880981445312,155.02935791015625,511.88531494140625,-1,-1,-1,-1
39,1,656.5272216796875,756.8097534179688,136.20367431640625,516.6638793945312,-1,-1,-1,-1
40,1,654.8139038085938,751.3059692382812,136.51104736328125,517.4381713867188,-1,-1,-1,-1
41,1,654.9627075195312,740.2083740234375,139.99774169921875,516.9329833984375,-1,-1,-1,-1
42,1,654.4771118164062,725.9599609375,145.15155029296875,516.8758544921875,-1,-1,-1,-1
43,1,651.5272216796875,723.795166015625,150.48681640625,522.251220703125,-1,-1,-1,-1
44,1,654.4224243164062,726.6781005859375,158.81866455078125,528.06201171875,-1,-1,-1,-1
45,1,660.6919555664062,728.480224609375,156.55780029296875,538.3184814453125,-1,-1,-1,-1
46,1,661.6815185546875,727.9215087890625,157.81768798828125,544.5145263671875,-1,-1,-1,-1
47,1,666.6595458984375,731.08447265625,158.23724365234375,547.42919921875,-1,-1,-1,-1
48,1,668.9244384765625,730.4298095703125,162.190673828125,551.646728515625,-1,-1,-1,-1
49,1,661.8822631835938,728.612060546875,175.03338623046875,555.321044921875,-1,-1,-1,-1
50,1,664.808837890625,722.8870239257812,179.08050537109375,558.9574584960938,-1,-1,-1,-1
51,1,667.6342163085938,713.47900390625,186.51190185546875,558.4976806640625,-1,-1,-1,-1
52,1,668.8860473632812,710.4404296875,185.6702880859375,560.1151123046875,-1,-1,-1,-1
53,1,667.0716552734375,698.3053588867188,166.44464111328125,565.0545043945312,-1,-1,-1,-1
54,1,665.7222290039062,676.8975830078125,152.02606201171875,564.02880859375,-1,-1,-1,-1
55,1,667.5457153320312,657.9840698242188,147.96246337890625,556.7202758789062,-1,-1,-1,-1
56,1,664.4727783203125,642.4158325195312,151.9591064453125,541.6773071289062,-1,-1,-1,-1
57,1,664.600830078125,630.9634399414062,153.90545654296875,529.7642211914062,-1,-1,-1,-1
58,1,667.0543823242188,624.23046875,154.43603515625,524.2210693359375,-1,-1,-1,-1
59,1,670.611572265625,618.5411376953125,155.272216796875,523.210693359375,-1,-1,-1,-1
60,1,672.72607421875,615.059326171875,154.07904052734375,520.15673828125,-1,-1,-1,-1
61,1,672.8623046875,607.5177001953125,155.09246826171875,520.2481689453125,-1,-1,-1,-1
62,1,671.0336303710938,602.2465209960938,155.74456787109375,465.55694580078125,-1,-1,-1,-1
63,1,668.0924682617188,607.3925170898438,160.13238525390625,453.07037353515625,-1,-1,-1,-1
64,1,665.9686279296875,612.259033203125,165.5731201171875,443.120849609375,-1,-1,-1,-1
65,1,667.09033203125,616.2840576171875,164.5726318359375,540.7049560546875,-1,-1,-1,-1
66,1,667.0454711914062,617.27197265625,169.36761474609375,537.3328857421875,-1,-1,-1,-1
67,1,663.3717041015625,618.988037109375,204.4588623046875,538.632080078125,-1,-1,-1,-1
68,1,654.39111328125,636.526123046875,180.3846435546875,403.072509765625,-1,-1,-1,-1
69,1,663.6217651367188,626.0151977539062,175.24383544921875,469.42938232421875,-1,-1,-1,-1
70,1,671.5638427734375,631.4180297851562,169.5833740234375,544.4502563476562,-1,-1,-1,-1
71,1,672.5302124023438,636.3413696289062,171.16888427734375,553.3607788085938,-1,-1,-1,-1
72,1,672.5584106445312,636.0543823242188,168.17095947265625,560.4368286132812,-1,-1,-1,-1
73,1,664.7857666015625,637.8336791992188,170.35125732421875,568.6494750976562,-1,-1,-1,-1
74,1,662.5889282226562,641.9268798828125,167.21185302734375,580.4300537109375,-1,-1,-1,-1
75,1,659.860107421875,648.2152709960938,165.82257080078125,589.8897094726562,-1,-1,-1,-1
76,1,663.5971069335938,657.2521362304688,161.00689697265625,418.56304931640625,-1,-1,-1,-1
77,1,665.2982177734375,661.9205322265625,162.77081298828125,427.274169921875,-1,-1,-1,-1
78,1,669.2887573242188,664.049560546875,160.50531005859375,437.4559326171875,-1,-1,-1,-1
79,1,672.2217407226562,663.8374633789062,162.49432373046875,446.41607666015625,-1,-1,-1,-1
80,1,672.4180908203125,670.4088745117188,167.168701171875,458.07318115234375,-1,-1,-1,-1
81,1,673.9172973632812,677.201171875,169.44500732421875,471.153076171875,-1,-1,-1,-1
82,1,671.9864501953125,676.8225708007812,171.38525390625,589.9369506835938,-1,-1,-1,-1
83,1,669.1048583984375,678.8615112304688,171.68853759765625,596.2180786132812,-1,-1,-1,-1
84,1,661.1942138671875,680.2160034179688,176.86773681640625,600.3703002929688,-1,-1,-1,-1
85,1,659.0924072265625,675.9345092773438,181.6329345703125,607.4904174804688,-1,-1,-1,-1
86,1,657.7451782226562,672.8380737304688,192.91778564453125,620.2151489257812,-1,-1,-1,-1
87,1,651.2758178710938,674.4849853515625,222.33502197265625,579.910400390625,-1,-1,-1,-1
88,1,643.1879272460938,675.6712036132812,261.871337890625,683.6647338867188,-1,-1,-1,-1
89,1,642.8323364257812,680.9957885742188,298.504150390625,713.2976684570312,-1,-1,-1,-1
90,1,645.3848266601562,691.4424438476562,308.17486572265625,704.6924438476562,-1,-1,-1,-1
91,1,637.0934448242188,695.92822265625,300.4539794921875,682.9342041015625,-1,-1,-1,-1
92,1,616.4950561523438,678.4990844726562,286.62158203125,642.2343139648438,-1,-1,-1,-1
93,1,615.62548828125,668.8101806640625,273.872802734375,615.927978515625,-1,-1,-1,-1
94,1,635.12939453125,670.0006713867188,273.4571533203125,609.1323852539062,-1,-1,-1,-1
95,1,651.0962524414062,680.1136474609375,281.39105224609375,596.86279296875,-1,-1,-1,-1
96,1,663.1536254882812,650.3478393554688,252.84234619140625,620.9747924804688,-1,-1,-1,-1
97,1,671.9794921875,631.431396484375,243.7720947265625,553.3743896484375,-1,-1,-1,-1
98,1,677.7877807617188,601.362060546875,232.4713134765625,544.072265625,-1,-1,-1,-1
99,1,645.1422119140625,589.1287231445312,268.919677734375,603.7587280273438,-1,-1,-1,-1
100,1,685.9227294921875,581.3849487304688,190.3446044921875,578.8507690429688,-1,-1,-1,-1
101,1,688.0596313476562,600.8016967773438,179.64898681640625,551.6616821289062,-1,-1,-1,-1
102,1,693.791259765625,630.4682006835938,168.09307861328125,516.6130981445312,-1,-1,-1,-1
103,1,690.7154541015625,647.49072265625,162.0244140625,493.5831298828125,-1,-1,-1,-1
104,1,690.2157592773438,663.996826171875,159.4947509765625,491.5810546875,-1,-1,-1,-1
105,1,690.2194213867188,669.7739868164062,162.7362060546875,499.06268310546875,-1,-1,-1,-1
106,1,690.6488647460938,671.7813110351562,164.70404052734375,509.74981689453125,-1,-1,-1,-1
107,1,688.7188720703125,671.3348999023438,167.67242431640625,527.0208129882812,-1,-1,-1,-1
108,1,682.0631103515625,674.77783203125,170.21453857421875,549.58837890625,-1,-1,-1,-1
109,1,676.3145751953125,684.579345703125,170.876953125,564.07763671875,-1,-1,-1,-1
110,1,668.999267578125,697.0049438476562,184.4658203125,574.7235717773438,-1,-1,-1,-1
111,1,658.2216186523438,701.298583984375,185.329833984375,595.754150390625,-1,-1,-1,-1
112,1,659.0117797851562,700.7293701171875,184.4049072265625,626.464599609375,-1,-1,-1,-1
113,1,657.3035278320312,686.9356689453125,187.205078125,632.3673095703125,-1,-1,-1,-1
114,1,657.0999145507812,677.9855346679688,183.77325439453125,631.6455688476562,-1,-1,-1,-1
115,1,657.7576293945312,681.3738403320312,194.5133056640625,640.5065307617188,-1,-1,-1,-1
116,1,662.2332153320312,691.4669189453125,218.7528076171875,650.066650390625,-1,-1,-1,-1
117,1,665.0942993164062,722.7554931640625,247.377197265625,640.6373291015625,-1,-1,-1,-1
118,1,676.8828735351562,747.1527099609375,258.6541748046875,629.3028564453125,-1,-1,-1,-1
119,1,682.3024291992188,762.8497924804688,246.43060302734375,582.6027221679688,-1,-1,-1,-1
120,1,684.3480834960938,745.7949829101562,231.21026611328125,551.0553588867188,-1,-1,-1,-1
121,1,674.56494140625,703.4663696289062,218.63519287109375,564.5304565429688,-1,-1,-1,-1
122,1,671.0474243164062,633.9346313476562,202.11895751953125,610.9166870117188,-1,-1,-1,-1
123,1,659.153076171875,545.249755859375,209.10809326171875,655.068115234375,-1,-1,-1,-1
124,1,671.7196044921875,479.5429382324219,216.0361328125,700.4600830078125,-1,-1,-1,-1
125,1,669.6657104492188,470.85552978515625,227.2177734375,724.6548461914062,-1,-1,-1,-1
126,1,664.7857666015625,497.0928955078125,223.7945556640625,728.401611328125,-1,-1,-1,-1
127,1,663.968505859375,490.5547180175781,204.690185546875,699.4749755859375,-1,-1,-1,-1
128,1,661.9830932617188,428.88525390625,192.69329833984375,654.4605712890625,-1,-1,-1,-1
129,1,667.7937622070312,437.1508483886719,192.44256591796875,657.7249755859375,-1,-1,-1,-1
130,1,660.3246459960938,462.6241149902344,199.53607177734375,673.007568359375,-1,-1,-1,-1
131,1,659.694091796875,482.3077087402344,210.7174072265625,708.513671875,-1,-1,-1,-1
132,1,661.513916015625,462.4217529296875,220.43621826171875,755.2891845703125,-1,-1,-1,-1
133,1,700.5845947265625,437.9699401855469,235.9830322265625,812.40185546875,-1,-1,-1,-1
134,1,739.02490234375,405.4164733886719,261.0072021484375,845.7236328125,-1,-1,-1,-1
135,1,693.2374877929688,408.99658203125,298.1031494140625,858.626708984375,-1,-1,-1,-1
136,1,639.87451171875,468.313232421875,353.1634521484375,877.1204833984375,-1,-1,-1,-1
137,1,598.681884765625,489.7057189941406,665.5537109375,841.3052978515625,-1,-1,-1,-1
138,1,567.36767578125,444.1802673339844,465.45166015625,640.545166015625,-1,-1,-1,-1
139,1,555.1585693359375,469.7364501953125,400.0091552734375,844.1575927734375,-1,-1,-1,-1
140,1,576.8571166992188,594.1531372070312,374.14898681640625,815.3900756835938,-1,-1,-1,-1
141,1,614.0079345703125,701.0715942382812,351.7762451171875,710.8728637695312,-1,-1,-1,-1
142,1,660.4677734375,775.5028076171875,296.9227294921875,635.1007080078125,-1,-1,-1,-1
143,1,681.4024047851562,800.946044921875,261.3365478515625,605.778564453125,-1,-1,-1,-1
144,1,697.3993530273438,794.5579833984375,228.8277587890625,607.4398193359375,-1,-1,-1,-1
145,1,709.643310546875,763.1698608398438,202.2821044921875,579.0817260742188,-1,-1,-1,-1
146,1,706.5750122070312,765.3350219726562,200.595703125,552.0470581054688,-1,-1,-1,-1
147,1,714.2235107421875,779.21240234375,178.37652587890625,529.7623291015625,-1,-1,-1,-1
148,1,715.4091186523438,797.5401611328125,166.67724609375,517.6051025390625,-1,-1,-1,-1
149,1,710.847412109375,807.12109375,157.8004150390625,497.802490234375,-1,-1,-1,-1
150,1,701.9859619140625,801.4030151367188,149.791748046875,470.36822509765625,-1,-1,-1,-1
151,1,693.653564453125,796.20947265625,134.501708984375,458.5889892578125,-1,-1,-1,-1
152,1,694.8699340820312,789.6103515625,120.21697998046875,446.78662109375,-1,-1,-1,-1
153,1,690.012451171875,778.1987915039062,117.833984375,431.35687255859375,-1,-1,-1,-1
154,1,690.0604248046875,773.8944091796875,116.9237060546875,410.3623046875,-1,-1,-1,-1
155,1,688.688720703125,770.2722778320312,117.3323974609375,389.76715087890625,-1,-1,-1,-1
156,1,689.016845703125,758.7935180664062,117.443603515625,372.16375732421875,-1,-1,-1,-1
157,1,689.631591796875,733.59521484375,119.0159912109375,363.935546875,-1,-1,-1,-1
158,1,692.3657836914062,722.4659423828125,124.365966796875,358.383056640625,-1,-1,-1,-1
159,1,700.513671875,726.4340209960938,122.348876953125,361.94488525390625,-1,-1,-1,-1
160,1,700.377685546875,728.2501831054688,120.3914794921875,370.29559326171875,-1,-1,-1,-1
161,1,694.5255126953125,725.9967651367188,119.3458251953125,378.01690673828125,-1,-1,-1,-1
162,1,690.7988891601562,719.278564453125,121.571533203125,391.583251953125,-1,-1,-1,-1
163,1,694.69921875,718.995361328125,124.3240966796875,402.8521728515625,-1,-1,-1,-1
164,1,699.7457275390625,730.5552368164062,127.2230224609375,411.54974365234375,-1,-1,-1,-1
165,1,697.3193969726562,744.4974975585938,130.1961669921875,421.02508544921875,-1,-1,-1,-1
166,1,695.9156494140625,755.577880859375,131.1533203125,434.0035400390625,-1,-1,-1,-1
167,1,692.0347900390625,761.0711669921875,133.75091552734375,452.0064697265625,-1,-1,-1,-1
168,1,693.86181640625,755.4437866210938,131.67706298828125,459.95489501953125,-1,-1,-1,-1
169,1,697.3477783203125,755.7875366210938,130.4061279296875,465.96490478515625,-1,-1,-1,-1
170,1,695.5057373046875,755.4827270507812,136.227294921875,474.04730224609375,-1,-1,-1,-1
171,1,690.4977416992188,753.315185546875,149.63726806640625,479.8800048828125,-1,-1,-1,-1
172,1,687.9755859375,745.3338623046875,154.28125,488.14013671875,-1,-1,-1,-1
173,1,687.6123657226562,736.1566162109375,156.86322021484375,492.3602294921875,-1,-1,-1,-1
174,1,682.4603881835938,733.56884765625,166.0291748046875,496.8809814453125,-1,-1,-1,-1
175,1,677.5120239257812,742.5013427734375,171.19293212890625,507.6861572265625,-1,-1,-1,-1
176,1,685.5232543945312,755.5787353515625,175.40435791015625,516.88623046875,-1,-1,-1,-1
177,1,695.2714233398438,757.5145874023438,181.16363525390625,524.0908813476562,-1,-1,-1,-1
178,1,704.0195922851562,755.7742919921875,181.81719970703125,529.651611328125,-1,-1,-1,-1
179,1,710.1065063476562,754.37158203125,179.33941650390625,423.7098388671875,-1,-1,-1,-1
180,1,711.0174560546875,749.8506469726562,175.29571533203125,410.79815673828125,-1,-1,-1,-1
181,1,703.7256469726562,732.6240234375,170.72235107421875,398.0040283203125,-1,-1,-1,-1
182,1,691.421142578125,707.1031494140625,165.26446533203125,415.8160400390625,-1,-1,-1,-1
183,1,684.9487915039062,686.2598876953125,156.23162841796875,382.183349609375,-1,-1,-1,-1
184,1,686.1244506835938,677.1220703125,151.341064453125,436.9169921875,-1,-1,-1,-1
185,1,689.272705078125,681.885986328125,146.63922119140625,508.7626953125,-1,-1,-1,-1
186,1,692.114990234375,694.9561767578125,144.51043701171875,508.510009765625,-1,-1,-1,-1
187,1,692.6575927734375,720.2514038085938,141.41546630859375,502.53179931640625,-1,-1,-1,-1
188,1,688.21435546875,741.7772216796875,140.47015380859375,497.4818115234375,-1,-1,-1,-1
189,1,682.76806640625,754.5419921875,140.479736328125,501.3551025390625,-1,-1,-1,-1
190,1,689.8106689453125,755.2571411132812,140.03466796875,498.48834228515625,-1,-1,-1,-1
191,1,703.3740234375,751.8764038085938,138.6378173828125,490.90313720703125,-1,-1,-1,-1
192,1,710.766845703125,749.173583984375,140.22198486328125,479.3260498046875,-1,-1,-1,-1
193,1,711.2644653320312,750.0864868164062,144.00299072265625,469.77557373046875,-1,-1,-1,-1
194,1,711.6021728515625,758.489013671875,149.052001953125,464.891845703125,-1,-1,-1,-1
195,1,706.2528076171875,772.6541137695312,159.6240234375,466.72503662109375,-1,-1,-1,-1
196,1,697.0675048828125,774.7308959960938,165.05804443359375,469.85150146484375,-1,-1,-1,-1
197,1,692.8319702148438,768.2451171875,173.10479736328125,476.6295166015625,-1,-1,-1,-1
198,1,685.8001708984375,752.2364501953125,167.884765625,488.0174560546875,-1,-1,-1,-1
199,1,662.4600219726562,765.0338745117188,158.35943603515625,512.4281616210938,-1,-1,-1,-1
200,1,637.9073486328125,770.6416625976562,152.91162109375,534.4359741210938,-1,-1,-1,-1
201,1,633.7260131835938,770.1636962890625,161.098388671875,540.94580078125,-1,-1,-1,-1
202,1,637.3341064453125,757.0543212890625,179.49505615234375,535.179443359375,-1,-1,-1,-1
203,1,629.7871704101562,738.6726684570312,182.1669921875,537.9426879882812,-1,-1,-1,-1
204,1,626.6090087890625,723.0567626953125,181.28106689453125,541.1065673828125,-1,-1,-1,-1
205,1,630.0103149414062,710.0953979492188,184.67913818359375,547.4703979492188,-1,-1,-1,-1
206,1,621.1416015625,704.4741821289062,193.81005859375,554.6065063476562,-1,-1,-1,-1
207,1,616.3397216796875,711.255126953125,202.39666748046875,563.35791015625,-1,-1,-1,-1
208,1,617.0758666992188,727.9207153320312,201.85638427734375,571.7705688476562,-1,-1,-1,-1
209,1,621.6050415039062,741.83251953125,205.58648681640625,576.3358154296875,-1,-1,-1,-1
210,1,622.8823852539062,729.51806640625,193.69268798828125,564.8499755859375,-1,-1,-1,-1
211,1,620.0894165039062,728.3736572265625,186.865478515625,554.1658935546875,-1,-1,-1,-1
212,1,617.45751953125,733.7088623046875,174.02142333984375,554.903076171875,-1,-1,-1,-1
213,1,622.0533447265625,722.6181030273438,171.039306640625,550.1661987304688,-1,-1,-1,-1
214,1,632.4728393554688,709.1260986328125,193.69134521484375,545.874267578125,-1,-1,-1,-1
215,1,633.8701782226562,701.4989013671875,213.54913330078125,548.875732421875,-1,-1,-1,-1
216,1,628.2203369140625,694.31787109375,218.57904052734375,553.982666015625,-1,-1,-1,-1
217,1,628.4837646484375,687.148681640625,216.04632568359375,568.758544921875,-1,-1,-1,-1
218,1,634.5145263671875,684.2608032226562,220.3616943359375,578.8153686523438,-1,-1,-1,-1
219,1,643.2120971679688,684.2533569335938,214.04168701171875,590.0647583007812,-1,-1,-1,-1
220,1,643.6679077148438,702.1397094726562,217.5535888671875,595.5972290039062,-1,-1,-1,-1
221,1,647.3252563476562,723.080078125,220.45904541015625,597.763427734375,-1,-1,-1,-1
222,1,665.7496337890625,730.0078735351562,202.0462646484375,590.5198364257812,-1,-1,-1,-1
223,1,680.4661865234375,719.869873046875,175.2735595703125,574.4505615234375,-1,-1,-1,-1
224,1,678.5687866210938,708.505126953125,181.25177001953125,564.606201171875,-1,-1,-1,-1
225,1,679.0411987304688,705.3717041015625,192.12646484375,564.875244140625,-1,-1,-1,-1
226,1,682.87841796875,695.8753051757812,202.72119140625,573.5914916992188,-1,-1,-1,-1
227,1,682.7290649414062,687.2061767578125,218.83160400390625,583.38525390625,-1,-1,-1,-1
228,1,683.0608520507812,691.5067749023438,248.50469970703125,595.4351196289062,-1,-1,-1,-1
229,1,677.515625,695.6111450195312,268.8577880859375,599.2474975585938,-1,-1,-1,-1
230,1,668.598388671875,704.7046508789062,271.8302001953125,604.1134643554688,-1,-1,-1,-1
231,1,665.2393798828125,714.44189453125,267.66290283203125,608.65771484375,-1,-1,-1,-1
232,1,661.685791015625,718.9140014648438,262.8782958984375,609.8563842773438,-1,-1,-1,-1
233,1,661.1301879882812,709.9431762695312,247.10955810546875,609.8566284179688,-1,-1,-1,-1
234,1,664.496826171875,711.2647094726562,230.78631591796875,620.3317260742188,-1,-1,-1,-1
235,1,667.18505859375,705.4800415039062,220.40093994140625,633.4437866210938,-1,-1,-1,-1
236,1,661.1231689453125,695.108642578125,214.06744384765625,646.8555908203125,-1,-1,-1,-1
237,1,658.1472778320312,709.2805786132812,229.05560302734375,670.7039184570312,-1,-1,-1,-1
238,1,644.4385986328125,743.1367797851562,248.07415771484375,667.2916870117188,-1,-1,-1,-1
239,1,644.9378051757812,767.7422485351562,237.10308837890625,643.5988159179688,-1,-1,-1,-1
240,1,650.3262329101562,782.0230102539062,226.38433837890625,629.1939086914062,-1,-1,-1,-1
241,1,653.870361328125,748.4401245117188,229.546630859375,647.4982299804688,-1,-1,-1,-1
242,1,658.337646484375,729.9608764648438,223.30633544921875,659.0532836914062,-1,-1,-1,-1
243,1,669.8873291015625,693.739501953125,220.70928955078125,674.888916015625,-1,-1,-1,-1
244,1,678.3428955078125,657.0046997070312,225.2525634765625,682.8331909179688,-1,-1,-1,-1
245,1,671.7793579101562,636.1885986328125,235.12127685546875,668.37939453125,-1,-1,-1,-1
246,1,671.3262939453125,637.9613647460938,222.00555419921875,671.8910522460938,-1,-1,-1,-1
247,1,673.11962890625,662.2124633789062,189.09722900390625,658.8399047851562,-1,-1,-1,-1
248,1,672.4110717773438,678.681396484375,180.92242431640625,621.090576171875,-1,-1,-1,-1
249,1,681.610595703125,690.398193359375,183.87481689453125,589.800537109375,-1,-1,-1,-1
250,1,689.8602905273438,686.2412719726562,187.38067626953125,583.8801879882812,-1,-1,-1,-1
251,1,696.4356079101562,679.1912841796875,191.04656982421875,586.1365966796875,-1,-1,-1,-1
252,1,700.478515625,674.0734252929688,190.7127685546875,599.9143676757812,-1,-1,-1,-1
253,1,696.6597900390625,655.4096069335938,188.11712646484375,624.9834594726562,-1,-1,-1,-1
254,1,695.4161376953125,631.7346801757812,186.9481201171875,669.2183227539062,-1,-1,-1,-1
255,1,695.8290405273438,619.4439086914062,199.58294677734375,707.8742065429688,-1,-1,-1,-1
256,1,688.7398681640625,617.41357421875,213.10247802734375,731.3958740234375,-1,-1,-1,-1
257,1,684.3748168945312,636.65234375,224.99713134765625,732.2525634765625,-1,-1,-1,-1
258,1,673.926513671875,646.4376220703125,223.7191162109375,728.753173828125,-1,-1,-1,-1
259,1,651.8247680664062,639.3800048828125,221.89361572265625,717.5340576171875,-1,-1,-1,-1
260,1,646.21142578125,631.380615234375,208.71466064453125,717.21533203125,-1,-1,-1,-1
261,1,643.173828125,628.551025390625,194.403564453125,696.31787109375,-1,-1,-1,-1
262,1,641.6478881835938,626.0692749023438,181.740478515625,652.0090942382812,-1,-1,-1,-1
263,1,631.4732055664062,620.124267578125,178.622802734375,597.7703857421875,-1,-1,-1,-1
264,1,620.8462524414062,625.2460327148438,170.47467041015625,550.0109252929688,-1,-1,-1,-1
265,1,625.7979736328125,642.1808471679688,163.552490234375,550.8757934570312,-1,-1,-1,-1
266,1,644.0194702148438,652.5020141601562,155.10418701171875,568.5136108398438,-1,-1,-1,-1
267,1,672.0442504882812,670.7395629882812,156.00653076171875,586.6326293945312,-1,-1,-1,-1
268,1,698.5653686523438,677.4030151367188,154.42425537109375,583.6426391601562,-1,-1,-1,-1
269,1,704.4056396484375,681.27880859375,156.45068359375,558.7030029296875,-1,-1,-1,-1
270,1,709.7131958007812,682.000244140625,160.26702880859375,530.777587890625,-1,-1,-1,-1
271,1,717.416259765625,676.7965698242188,160.4130859375,520.2952270507812,-1,-1,-1,-1
272,1,717.9893188476562,669.6888427734375,163.42205810546875,521.139404296875,-1,-1,-1,-1
273,1,715.671875,658.4419555664062,165.013916015625,534.2410278320312,-1,-1,-1,-1
274,1,711.6248779296875,658.701416015625,165.9677734375,560.7247314453125,-1,-1,-1,-1
275,1,692.7910766601562,671.8135375976562,173.40289306640625,596.7422485351562,-1,-1,-1,-1
276,1,681.1630859375,681.33837890625,173.90576171875,636.5869140625,-1,-1,-1,-1
277,1,673.8876342773438,680.6976318359375,176.94305419921875,662.03173828125,-1,-1,-1,-1
278,1,672.0775146484375,670.87255859375,179.94305419921875,659.9893798828125,-1,-1,-1,-1
279,1,666.2091064453125,667.30078125,182.5093994140625,639.6055908203125,-1,-1,-1,-1
280,1,662.770263671875,669.1767578125,183.91729736328125,635.55078125,-1,-1,-1,-1
281,1,663.4663696289062,661.023193359375,185.3350830078125,642.52490234375,-1,-1,-1,-1
282,1,664.1138305664062,643.6069946289062,185.420654296875,673.1443481445312,-1,-1,-1,-1
283,1,666.4677734375,636.4512939453125,189.3446044921875,716.6884765625,-1,-1,-1,-1
284,1,664.9844970703125,644.6328125,192.9754638671875,729.0528564453125,-1,-1,-1,-1
285,1,660.4664306640625,666.4010009765625,193.6871337890625,702.1475830078125,-1,-1,-1,-1
286,1,663.5731201171875,671.4742431640625,192.85394287109375,651.3759765625,-1,-1,-1,-1
287,1,675.554443359375,680.2498168945312,193.1990966796875,632.2208862304688,-1,-1,-1,-1
288,1,680.6522827148438,669.7247314453125,196.24444580078125,616.1082763671875,-1,-1,-1,-1
289,1,686.7999877929688,670.37548828125,196.6016845703125,617.9027099609375,-1,-1,-1,-1
290,1,688.686767578125,662.5181274414062,201.10650634765625,627.3190307617188,-1,-1,-1,-1
291,1,686.5006103515625,657.992919921875,207.4205322265625,644.66015625,-1,-1,-1,-1
292,1,683.4046630859375,672.7554931640625,219.09796142578125,656.2791748046875,-1,-1,-1,-1
293,1,672.5093383789062,692.6085205078125,235.3797607421875,661.5482177734375,-1,-1,-1,-1
294,1,657.0066528320312,690.088134765625,231.21844482421875,658.884765625,-1,-1,-1,-1
295,1,656.0332641601562,679.5045166015625,202.80206298828125,646.1116943359375,-1,-1,-1,-1
296,1,656.6384887695312,664.9020385742188,182.68182373046875,619.5249633789062,-1,-1,-1,-1
297,1,658.3041381835938,655.6491088867188,178.7545166015625,585.0645141601562,-1,-1,-1,-1
298,1,655.365966796875,649.8402709960938,178.45806884765625,570.4624633789062,-1,-1,-1,-1
299,1,656.8093872070312,650.19873046875,177.29302978515625,568.92333984375,-1,-1,-1,-1
300,1,655.8892211914062,657.4918212890625,176.20574951171875,568.3525390625,-1,-1,-1,-1
301,1,660.2777709960938,679.0931396484375,174.75421142578125,572.741455078125,-1,-1,-1,-1
302,1,668.7627563476562,697.0136108398438,176.04693603515625,578.3632202148438,-1,-1,-1,-1
303,1,675.038330078125,696.6600952148438,173.9796142578125,591.5371704101562,-1,-1,-1,-1
304,1,683.9006958007812,686.2965698242188,170.647216796875,604.5654907226562,-1,-1,-1,-1
305,1,691.4620971679688,664.285400390625,166.69757080078125,607.21337890625,-1,-1,-1,-1
306,1,697.8713989257812,655.3834228515625,163.94036865234375,596.582763671875,-1,-1,-1,-1
307,1,692.7214965820312,653.1134033203125,171.45343017578125,575.9244384765625,-1,-1,-1,-1
308,1,688.082275390625,653.860107421875,179.7572021484375,566.9901123046875,-1,-1,-1,-1
309,1,686.76953125,651.3558349609375,183.3392333984375,576.46728515625,-1,-1,-1,-1
310,1,674.937255859375,655.0017700195312,188.92431640625,594.1253051757812,-1,-1,-1,-1
311,1,657.2260131835938,631.264892578125,192.60400390625,615.6900634765625,-1,-1,-1,-1
312,1,653.9060668945312,617.2667846679688,195.49652099609375,655.2586059570312,-1,-1,-1,-1
313,1,638.7803955078125,607.5867919921875,201.50946044921875,712.600830078125,-1,-1,-1,-1
314,1,620.4323120117188,596.6810913085938,209.7901611328125,750.4081420898438,-1,-1,-1,-1
315,1,609.187744140625,573.7561645507812,222.3446044921875,761.6456909179688,-1,-1,-1,-1
316,1,602.4908447265625,553.37744140625,245.301513671875,780.4124755859375,-1,-1,-1,-1
317,1,588.2922973632812,535.3715209960938,287.13275146484375,733.5073852539062,-1,-1,-1,-1
318,1,561.5377807617188,522.6920166015625,305.93878173828125,859.009521484375,-1,-1,-1,-1
319,1,503.73956298828125,514.3240966796875,337.38189697265625,895.064453125,-1,-1,-1,-1
320,1,545.76806640625,514.5660400390625,346.45849609375,897.3236083984375,-1,-1,-1,-1
321,1,583.5593872070312,514.1696166992188,320.21417236328125,896.1742553710938,-1,-1,-1,-1
322,1,585.9880981445312,509.31927490234375,305.0169677734375,901.8566284179688,-1,-1,-1,-1
323,1,593.6492309570312,517.9060668945312,315.3917236328125,893.0261840820312,-1,-1,-1,-1
324,1,588.826416015625,493.6341247558594,330.99700927734375,901.4630126953125,-1,-1,-1,-1
325,1,578.347900390625,458.9779052734375,304.14990234375,793.652099609375,-1,-1,-1,-1
326,1,604.685302734375,477.18817138671875,297.59124755859375,733.6482543945312,-1,-1,-1,-1
327,1,640.2230834960938,502.5906982421875,286.15875244140625,882.3873291015625,-1,-1,-1,-1
328,1,671.7195434570312,506.84625244140625,266.33056640625,834.1674194335938,-1,-1,-1,-1
329,1,697.4192504882812,524.4542236328125,252.48443603515625,788.9295654296875,-1,-1,-1,-1
330,1,707.3013305664062,571.0130615234375,244.0665283203125,744.24072265625,-1,-1,-1,-1
331,1,710.9927978515625,624.5515747070312,245.62646484375,698.0028686523438,-1,-1,-1,-1
332,1,705.3201904296875,667.318115234375,244.25762939453125,653.0767822265625,-1,-1,-1,-1
333,1,703.99951171875,695.589599609375,255.86187744140625,613.1820068359375,-1,-1,-1,-1
334,1,709.5379028320312,701.0294799804688,256.72332763671875,588.7341918945312,-1,-1,-1,-1
335,1,720.4893188476562,697.8017578125,232.02685546875,582.795654296875,-1,-1,-1,-1
336,1,729.279541015625,692.0191650390625,208.87371826171875,585.738525390625,-1,-1,-1,-1
337,1,683.8990478515625,703.0806884765625,243.97821044921875,585.5042724609375,-1,-1,-1,-1
338,1,708.1263427734375,717.7523803710938,218.84130859375,578.8793334960938,-1,-1,-1,-1
339,1,723.1842651367188,735.2314453125,190.7830810546875,564.77685546875,-1,-1,-1,-1
340,1,711.6409912109375,722.4617919921875,179.4989013671875,536.4833984375,-1,-1,-1,-1
341,1,707.860595703125,710.2611694335938,170.86322021484375,515.5784301757812,-1,-1,-1,-1
342,1,710.1678466796875,710.1466064453125,164.2320556640625,504.181640625,-1,-1,-1,-1
343,1,711.9125366210938,706.3271484375,161.57470703125,494.658203125,-1,-1,-1,-1
344,1,714.568603515625,717.84814453125,166.93524169921875,481.9420166015625,-1,-1,-1,-1
345,1,705.7633666992188,716.473388671875,176.8209228515625,464.709228515625,-1,-1,-1,-1
346,1,695.6824951171875,703.2568359375,183.48406982421875,443.485107421875,-1,-1,-1,-1
347,1,689.086181640625,668.6242065429688,181.40093994140625,423.55291748046875,-1,-1,-1,-1
348,1,683.272705078125,614.388427734375,176.47393798828125,404.62078857421875,-1,-1,-1,-1
349,1,677.9342041015625,568.2659912109375,179.52642822265625,389.182861328125,-1,-1,-1,-1
350,1,670.9220581054688,519.0690307617188,182.4224853515625,384.89556884765625,-1,-1,-1,-1
351,1,664.060302734375,485.74725341796875,183.8865966796875,382.93084716796875,-1,-1,-1,-1
352,1,649.5700073242188,466.1859130859375,186.84637451171875,382.2890625,-1,-1,-1,-1
353,1,639.4016723632812,443.6170349121094,178.39874267578125,389.7485656738281,-1,-1,-1,-1
354,1,624.7907104492188,420.6824035644531,240.46563720703125,398.7664489746094,-1,-1,-1,-1
355,1,613.8177490234375,402.593505859375,173.88916015625,389.3302001953125,-1,-1,-1,-1
356,1,620.3603515625,394.9798278808594,165.4454345703125,391.1949768066406,-1,-1,-1,-1
357,1,621.6257934570312,389.43231201171875,164.91156005859375,395.576904296875,-1,-1,-1,-1
358,1,626.9141845703125,386.0851745605469,161.78857421875,366.1648254394531,-1,-1,-1,-1
359,1,618.3432006835938,363.8488464355469,160.00787353515625,369.0903015136719,-1,-1,-1,-1
360,1,615.76806640625,346.92095947265625,155.9173583984375,362.1595458984375,-1,-1,-1,-1
361,1,608.94287109375,330.7193603515625,152.865966796875,360.7698974609375,-1,-1,-1,-1
362,1,614.4730834960938,296.7787780761719,146.960693359375,361.9190368652344,-1,-1,-1,-1
363,1,618.137939453125,266.68603515625,144.07550048828125,405.93402099609375,-1,-1,-1,-1
364,1,613.1492309570312,246.58522033691406,144.96533203125,404.65802001953125,-1,-1,-1,-1
365,1,603.511962890625,219.53396606445312,146.6805419921875,409.3405456542969,-1,-1,-1,-1
366,1,587.9358520507812,184.417236328125,148.38555908203125,411.5311279296875,-1,-1,-1,-1
367,1,573.4860229492188,135.64268493652344,150.508056640625,433.18109130859375,-1,-1,-1,-1
368,1,553.275390625,85.34770202636719,154.01007080078125,455.164794921875,-1,-1,-1,-1
369,1,529.0465087890625,42.39759826660156,159.74615478515625,458.76409912109375,-1,-1,-1,-1
370,1,502.9911804199219,9.98674201965332,163.46261596679688,455.1937255859375,-1,-1,-1,-1
371,1,444.6540222167969,1.5987091064453125,171.89437866210938,445.79296875,-1,-1,-1,-1
372,1,406.0633544921875,-0.0033664703369140625,180.17315673828125,422.46575927734375,-1,-1,-1,-1
373,1,388.9705505371094,0.7906951904296875,181.81997680664062,421.14141845703125,-1,-1,-1,-1
374,1,379.91741943359375,11.057687759399414,184.9049072265625,425.8519592285156,-1,-1,-1,-1
375,1,370.9715881347656,30.04393768310547,185.57192993164062,426.2979736328125,-1,-1,-1,-1
376,1,356.4526062011719,46.22412872314453,189.27938842773438,428.06756591796875,-1,-1,-1,-1
377,1,334.20086669921875,60.498435974121094,196.3311767578125,425.7942810058594,-1,-1,-1,-1
378,1,308.7454528808594,64.6887092590332,206.23287963867188,435.82647705078125,-1,-1,-1,-1
379,1,294.9336853027344,65.73554992675781,210.87020874023438,439.64471435546875,-1,-1,-1,-1
380,1,303.0763854980469,66.08747863769531,204.400634765625,436.704833984375,-1,-1,-1,-1
381,1,341.84234619140625,78.9978256225586,204.94415283203125,441.6842346191406,-1,-1,-1,-1
382,1,376.1943664550781,137.3890380859375,187.77877807617188,436.28826904296875,-1,-1,-1,-1
383,1,413.1137390136719,223.41171264648438,169.23690795898438,414.7577209472656,-1,-1,-1,-1
384,1,448.72833251953125,295.74029541015625,151.89263916015625,391.96575927734375,-1,-1,-1,-1
385,1,476.720458984375,341.9559326171875,148.71923828125,379.51959228515625,-1,-1,-1,-1
386,1,502.92279052734375,365.5560607910156,125.52117919921875,371.6060485839844,-1,-1,-1,-1
387,1,524.57470703125,377.08758544921875,121.5247802734375,365.13983154296875,-1,-1,-1,-1
388,1,539.0067138671875,391.9124450683594,125.2747802734375,366.6586608886719,-1,-1,-1,-1
389,1,553.28369140625,401.59405517578125,120.1322021484375,358.49603271484375,-1,-1,-1,-1
390,1,561.5784912109375,403.1264953613281,121.9444580078125,368.5418395996094,-1,-1,-1,-1
391,1,567.3427124023438,405.56268310546875,125.20526123046875,378.5518798828125,-1,-1,-1,-1
392,1,569.3679809570312,410.4510498046875,127.47515869140625,377.6922607421875,-1,-1,-1,-1
393,1,578.3972778320312,425.12530517578125,127.9290771484375,371.95361328125,-1,-1,-1,-1
394,1,588.1370239257812,445.8964538574219,128.00518798828125,373.3307189941406,-1,-1,-1,-1
395,1,595.5288696289062,461.2690734863281,120.76153564453125,377.4959411621094,-1,-1,-1,-1
396,1,604.5934448242188,476.819580078125,120.16058349609375,371.85345458984375,-1,-1,-1,-1
397,1,604.5557861328125,495.9220886230469,120.480712890625,371.0392150878906,-1,-1,-1,-1
398,1,604.4295654296875,509.8157958984375,119.8089599609375,369.4927978515625,-1,-1,-1,-1
399,1,605.4705810546875,516.820068359375,117.99932861328125,371.35650634765625,-1,-1,-1,-1
400,1,618.0036010742188,529.8851318359375,118.26385498046875,369.77728271484375,-1,-1,-1,-1
401,1,624.0780639648438,552.3784790039062,125.121826171875,370.58453369140625,-1,-1,-1,-1
402,1,626.5285034179688,576.3855590820312,120.27764892578125,371.59674072265625,-1,-1,-1,-1
403,1,629.78955078125,602.6945190429688,119.08905029296875,388.24798583984375,-1,-1,-1,-1
404,1,632.4501953125,629.4406127929688,118.6529541015625,405.48907470703125,-1,-1,-1,-1
405,1,634.8869018554688,654.0021362304688,119.8419189453125,409.46026611328125,-1,-1,-1,-1
406,1,641.3009643554688,669.6578369140625,119.47650146484375,420.5010986328125,-1,-1,-1,-1
407,1,640.4136352539062,679.447998046875,126.61590576171875,427.325927734375,-1,-1,-1,-1
408,1,632.4435424804688,686.01318359375,124.47149658203125,435.6258544921875,-1,-1,-1,-1
409,1,619.9646606445312,683.818603515625,130.2393798828125,434.0958251953125,-1,-1,-1,-1
410,1,609.4978637695312,679.4284057617188,136.09765625,434.09747314453125,-1,-1,-1,-1
411,1,604.56640625,679.1070556640625,140.40625,433.5208740234375,-1,-1,-1,-1
412,1,597.2828979492188,680.0219116210938,150.64813232421875,435.83453369140625,-1,-1,-1,-1
413,1,593.6987915039062,685.9814453125,155.0560302734375,437.283447265625,-1,-1,-1,-1
414,1,592.9287719726562,689.4334106445312,154.15093994140625,435.12701416015625,-1,-1,-1,-1
415,1,588.9832763671875,684.990966796875,157.74725341796875,450.195068359375,-1,-1,-1,-1
416,1,588.0820922851562,669.9614868164062,158.35546875,470.56341552734375,-1,-1,-1,-1
417,1,585.6666259765625,662.6336669921875,159.93109130859375,480.1767578125,-1,-1,-1,-1
418,1,583.8872680664062,672.0997924804688,162.0947265625,489.70123291015625,-1,-1,-1,-1
419,1,585.16357421875,678.4082641601562,167.2930908203125,509.37200927734375,-1,-1,-1,-1
420,1,591.0518798828125,684.154296875,168.82012939453125,525.3199462890625,-1,-1,-1,-1
421,1,607.758544921875,686.921630859375,166.67193603515625,532.275390625,-1,-1,-1,-1
422,1,620.0552978515625,684.15576171875,165.03070068359375,536.4375,-1,-1,-1,-1
423,1,619.56591796875,676.5964965820312,161.218505859375,540.5932006835938,-1,-1,-1,-1
424,1,617.4575805664062,670.6184692382812,163.4832763671875,544.4264526367188,-1,-1,-1,-1
425,1,612.7890014648438,654.0786743164062,176.87152099609375,542.1007690429688,-1,-1,-1,-1
426,1,606.4010620117188,643.9453125,187.3397216796875,544.001953125,-1,-1,-1,-1
427,1,600.954345703125,664.4692993164062,200.9647216796875,549.0994262695312,-1,-1,-1,-1
428,1,602.45556640625,703.8843994140625,192.4451904296875,555.9517822265625,-1,-1,-1,-1
429,1,615.8258056640625,737.1251220703125,173.13006591796875,553.580322265625,-1,-1,-1,-1
430,1,632.5250854492188,750.756591796875,149.76617431640625,542.35400390625,-1,-1,-1,-1
431,1,638.4320678710938,755.6329345703125,140.49188232421875,537.5411376953125,-1,-1,-1,-1
3,2,1312.1905517578125,500.13946533203125,97.5489501953125,431.02935791015625,-1,-1,-1,-1
4,2,1270.9688720703125,522.330078125,136.4703369140625,436.79412841796875,-1,-1,-1,-1
5,2,1254.6881103515625,543.2980346679688,153.3070068359375,451.0220947265625,-1,-1,-1,-1
6,2,1243.608642578125,559.1351318359375,160.862548828125,463.601318359375,-1,-1,-1,-1
7,2,1233.368896484375,577.1619873046875,164.3289794921875,465.1099853515625,-1,-1,-1,-1
8,2,1230.4583740234375,590.7353515625,163.7257080078125,429.345703125,-1,-1,-1,-1
9,2,1223.6136474609375,600.037841796875,164.97998046875,427.478271484375,-1,-1,-1,-1
10,2,1214.47900390625,609.1443481445312,167.8502197265625,454.80035400390625,-1,-1,-1,-1
11,2,1211.2305908203125,622.668701171875,173.3701171875,438.9813232421875,-1,-1,-1,-1
12,2,1209.9854736328125,622.4188232421875,174.5205078125,429.670654296875,-1,-1,-1,-1
13,2,1211.406982421875,633.6937255859375,161.362060546875,427.4075927734375,-1,-1,-1,-1
14,2,1201.370849609375,655.7764282226562,169.7501220703125,425.41473388671875,-1,-1,-1,-1
15,2,1206.083740234375,673.9791870117188,165.4443359375,421.28656005859375,-1,-1,-1,-1
16,2,1211.745849609375,689.0845947265625,167.1319580078125,422.0589599609375,-1,-1,-1,-1
17,2,1218.654296875,691.9966430664062,165.0738525390625,423.67962646484375,-1,-1,-1,-1
18,2,1220.70654296875,695.921142578125,164.998291015625,427.6533203125,-1,-1,-1,-1
19,2,1221.5721435546875,694.56298828125,163.4866943359375,424.895263671875,-1,-1,-1,-1
20,2,1221.1082763671875,696.5805053710938,164.5972900390625,420.81268310546875,-1,-1,-1,-1
21,2,1230.7923583984375,698.3250122070312,158.54150390625,423.85809326171875,-1,-1,-1,-1
22,2,1237.6689453125,691.5592041015625,157.1473388671875,415.4241943359375,-1,-1,-1,-1
23,2,1244.50927734375,682.99072265625,155.1673583984375,425.606689453125,-1,-1,-1,-1
24,2,1256.1201171875,684.3189697265625,148.8330078125,447.3033447265625,-1,-1,-1,-1
25,2,1270.3349609375,689.4143676757812,136.342529296875,450.04766845703125,-1,-1,-1,-1
26,2,1279.49072265625,678.704833984375,128.7218017578125,436.3450927734375,-1,-1,-1,-1
27,2,1287.4779052734375,667.906494140625,121.400146484375,432.169189453125,-1,-1,-1,-1
28,2,1289.4871826171875,663.699951171875,119.322509765625,431.9757080078125,-1,-1,-1,-1
29,2,1298.7904052734375,658.356689453125,110.372802734375,442.5966796875,-1,-1,-1,-1
30,2,1288.833251953125,654.2611083984375,119.9947509765625,417.1026611328125,-1,-1,-1,-1
31,2,1296.8314208984375,648.7888793945312,112.0079345703125,410.10931396484375,-1,-1,-1,-1
32,2,1299.8831787109375,637.276611328125,106.7423095703125,423.7396240234375,-1,-1,-1,-1
33,2,1303.4351806640625,645.03564453125,102.7601318359375,415.621337890625,-1,-1,-1,-1
34,2,1309.346435546875,639.77783203125,97.916015625,451.841796875,-1,-1,-1,-1
35,2,1302.5152587890625,647.7823486328125,106.0784912109375,458.824462890625,-1,-1,-1,-1
36,2,1308.5367431640625,649.7672119140625,99.5416259765625,472.343505859375,-1,-1,-1,-1
37,2,1314.3885498046875,657.5870361328125,93.5181884765625,472.8363037109375,-1,-1,-1,-1
38,2,1323.24658203125,665.0626220703125,84.8046875,451.9140625,-1,-1,-1,-1
39,2,1328.349609375,668.6131591796875,79.085205078125,443.924072265625,-1,-1,-1,-1
40,2,1334.120361328125,669.5584716796875,72.9345703125,446.5509033203125,-1,-1,-1,-1
41,2,1342.736328125,658.3159790039062,65.320068359375,428.67596435546875,-1,-1,-1,-1
42,2,1348.7908935546875,641.2345581054688,59.611328125,443.15167236328125,-1,-1,-1,-1
43,2,1352.6995849609375,627.9005737304688,56.1103515625,431.75201416015625,-1,-1,-1,-1
44,2,1359.1259765625,630.363037109375,49.9691162109375,387.80853271484375,-1,-1,-1,-1
73,3,864.3084106445312,510.7536315917969,38.869384765625,78.22103881835938,-1,-1,-1,-1
74,3,857.3218994140625,518.485595703125,40.36102294921875,80.49151611328125,-1,-1,-1,-1
75,3,849.4188842773438,524.243408203125,37.39422607421875,85.73101806640625,-1,-1,-1,-1
76,3,848.1548461914062,536.7593994140625,38.53302001953125,81.6107177734375,-1,-1,-1,-1
77,3,847.3839111328125,546.4192504882812,36.74365234375,74.4154052734375,-1,-1,-1,-1
78,3,840.912353515625,556.4573974609375,39.73394775390625,84.0860595703125,-1,-1,-1,-1
79,3,841.567138671875,564.1007080078125,39.54913330078125,80.0413818359375,-1,-1,-1,-1
80,3,834.3672485351562,574.6961059570312,38.7659912109375,76.7545166015625,-1,-1,-1,-1
81,3,828.62451171875,589.0361328125,40.4134521484375,79.894775390625,-1,-1,-1,-1
82,3,821.8209228515625,592.044189453125,35.76409912109375,75.7657470703125,-1,-1,-1,-1
83,3,810.330322265625,595.95703125,40.8848876953125,77.08026123046875,-1,-1,-1,-1
84,3,802.2262573242188,595.4264526367188,41.2781982421875,80.279296875,-1,-1,-1,-1
85,3,796.461181640625,593.8926391601562,39.44024658203125,74.71917724609375,-1,-1,-1,-1
86,3,791.8514404296875,593.5850219726562,37.39788818359375,74.549560546875,-1,-1,-1,-1
87,3,786.9633178710938,596.9072265625,41.15765380859375,81.84930419921875,-1,-1,-1,-1
88,3,782.7067260742188,601.8897705078125,40.5626220703125,79.73040771484375,-1,-1,-1,-1
89,3,778.71875,601.0482177734375,40.3817138671875,74.55413818359375,-1,-1,-1,-1
90,3,774.6188354492188,595.6109008789062,39.7532958984375,74.07464599609375,-1,-1,-1,-1
91,3,757.1036376953125,580.9628295898438,41.7401123046875,73.43536376953125,-1,-1,-1,-1
92,3,722.4322509765625,545.8219604492188,41.3397216796875,76.43743896484375,-1,-1,-1,-1
93,3,722.0673217773438,529.837890625,42.27520751953125,87.205078125,-1,-1,-1,-1
94,3,750.6534423828125,533.3707885742188,38.6839599609375,73.79107666015625,-1,-1,-1,-1
95,3,765.2962646484375,543.1575927734375,39.4476318359375,71.34185791015625,-1,-1,-1,-1
96,3,713.9486083984375,422.13775634765625,138.0655517578125,114.02325439453125,-1,-1,-1,-1
99,4,605.577392578125,588.673095703125,798.6688232421875,665.8958740234375,-1,-1,-1,-1
100,4,698.5218505859375,775.3036499023438,687.89892578125,417.87725830078125,-1,-1,-1,-1
101,4,645.1013793945312,791.53857421875,613.7225952148438,386.16015625,-1,-1,-1,-1
205,5,652.421630859375,730.4175415039062,48.953369140625,117.72222900390625,-1,-1,-1,-1
206,5,636.6214599609375,738.2434692382812,55.0089111328125,117.38922119140625,-1,-1,-1,-1
207,5,616.9785766601562,758.5985717773438,44.3367919921875,105.83636474609375,-1,-1,-1,-1
208,5,593.191650390625,782.9725341796875,49.9827880859375,110.51959228515625,-1,-1,-1,-1
209,5,565.723388671875,799.40283203125,54.2469482421875,114.39422607421875,-1,-1,-1,-1
210,5,537.8560180664062,783.0721435546875,48.8770751953125,103.6219482421875,-1,-1,-1,-1
211,5,515.0883178710938,768.8507080078125,53.21112060546875,119.75823974609375,-1,-1,-1,-1
212,5,495.797119140625,760.75537109375,50.1085205078125,109.70794677734375,-1,-1,-1,-1
213,5,481.8028564453125,742.4599609375,54.59368896484375,119.36309814453125,-1,-1,-1,-1
214,5,475.4990234375,730.2332153320312,50.91754150390625,114.33428955078125,-1,-1,-1,-1
215,5,460.7099914550781,731.8746948242188,50.260986328125,112.21319580078125,-1,-1,-1,-1
216,5,428.6524963378906,738.3681030273438,58.983551025390625,123.3172607421875,-1,-1,-1,-1
217,5,412.92755126953125,749.1883544921875,58.72467041015625,124.72430419921875,-1,-1,-1,-1
218,5,404.24945068359375,766.2069091796875,51.98956298828125,119.92572021484375,-1,-1,-1,-1
219,5,388.649169921875,785.4446411132812,61.92657470703125,137.42327880859375,-1,-1,-1,-1
220,5,378.04632568359375,795.1732177734375,107.503173828125,169.95208740234375,-1,-1,-1,-1
221,5,374.64617919921875,807.0565795898438,105.9619140625,184.20416259765625,-1,-1,-1,-1
222,5,383.4963684082031,811.3872680664062,94.5797119140625,175.72637939453125,-1,-1,-1,-1
223,5,383.9566650390625,785.5543212890625,95.51388549804688,187.69805908203125,-1,-1,-1,-1
224,5,352.4947814941406,765.8427734375,108.80783081054688,188.352783203125,-1,-1,-1,-1
225,5,336.2021484375,761.6873779296875,105.231201171875,175.80712890625,-1,-1,-1,-1
226,5,325.110595703125,753.7890625,107.24325561523438,173.5477294921875,-1,-1,-1,-1
227,5,349.7994079589844,760.0481567382812,81.00601196289062,148.953857421875,-1,-1,-1,-1
228,5,345.2884521484375,779.39697265625,70.43841552734375,133.804443359375,-1,-1,-1,-1
229,5,325.6152038574219,778.504150390625,78.08551025390625,146.044921875,-1,-1,-1,-1
230,5,297.0736083984375,777.792236328125,81.07562255859375,151.5355224609375,-1,-1,-1,-1
232,5,298.86627197265625,789.1882934570312,75.92626953125,143.0076904296875,-1,-1,-1,-1
234,5,280.7650146484375,768.2727661132812,71.46954345703125,156.515625,-1,-1,-1,-1
235,5,273.8912353515625,768.38427734375,67.773193359375,134.2344970703125,-1,-1,-1,-1
219,6,1330.435302734375,578.3106689453125,77.560302734375,502.0831298828125,-1,-1,-1,-1
220,6,1312.0032958984375,592.8995971679688,95.530029296875,490.18377685546875,-1,-1,-1,-1
221,6,1299.458984375,609.0055541992188,108.59375,506.31451416015625,-1,-1,-1,-1
222,6,1302.3592529296875,614.5314331054688,105.9500732421875,503.47979736328125,-1,-1,-1,-1
223,6,1302.599609375,613.893798828125,105.596923828125,504.7244873046875,-1,-1,-1,-1
224,6,1287.3577880859375,620.74853515625,119.7376708984375,463.647705078125,-1,-1,-1,-1
225,6,1277.3704833984375,635.2424926757812,130.0025634765625,459.02569580078125,-1,-1,-1,-1
226,6,1265.568603515625,633.3590087890625,141.4571533203125,458.0579833984375,-1,-1,-1,-1
227,6,1249.4017333984375,632.3394165039062,157.4453125,454.97625732421875,-1,-1,-1,-1
228,6,1240.675537109375,642.6839599609375,164.44189453125,456.71337890625,-1,-1,-1,-1
229,6,1223.996337890625,644.818603515625,174.3529052734375,455.2088623046875,-1,-1,-1,-1
230,6,1202.3516845703125,650.9159545898438,177.2381591796875,451.44537353515625,-1,-1,-1,-1
231,6,1191.4072265625,655.8253173828125,176.126708984375,451.361328125,-1,-1,-1,-1
232,6,1186.7843017578125,661.2739868164062,175.938232421875,451.62432861328125,-1,-1,-1,-1
233,6,1176.8961181640625,655.6141967773438,175.920166015625,452.38568115234375,-1,-1,-1,-1
234,6,1170.300537109375,663.882080078125,180.2701416015625,456.2427978515625,-1,-1,-1,-1
235,6,1166.0416259765625,662.332763671875,177.1898193359375,459.796142578125,-1,-1,-1,-1
236,6,1152.0628662109375,654.2338256835938,180.222412109375,464.03839111328125,-1,-1,-1,-1
237,6,1151.4520263671875,668.4700317382812,182.745361328125,471.18988037109375,-1,-1,-1,-1
238,6,1138.0426025390625,696.59130859375,186.66357421875,476.8741455078125,-1,-1,-1,-1
239,6,1136.5787353515625,699.0409545898438,184.962158203125,476.80584716796875,-1,-1,-1,-1
240,6,1137.750244140625,699.1909790039062,186.0982666015625,477.45111083984375,-1,-1,-1,-1
241,6,1136.8441162109375,659.078369140625,182.9959716796875,477.2255859375,-1,-1,-1,-1
242,6,1142.73974609375,652.6155395507812,186.937744140625,482.10784912109375,-1,-1,-1,-1
243,6,1156.7703857421875,629.9560546875,191.7991943359375,488.9444580078125,-1,-1,-1,-1
244,6,1173.3983154296875,607.9951782226562,192.754638671875,494.44305419921875,-1,-1,-1,-1
245,6,1170.615478515625,596.0782470703125,192.945556640625,495.63623046875,-1,-1,-1,-1
246,6,1177.28466796875,607.2667236328125,191.466552734375,499.5948486328125,-1,-1,-1,-1
247,6,1186.7620849609375,637.745361328125,193.062744140625,502.114990234375,-1,-1,-1,-1
248,6,1186.916748046875,648.582763671875,192.0274658203125,503.8897705078125,-1,-1,-1,-1
249,6,1198.1124267578125,651.2867431640625,192.64501953125,504.4068603515625,-1,-1,-1,-1
250,6,1212.737548828125,640.4213256835938,188.5291748046875,503.90008544921875,-1,-1,-1,-1
251,6,1224.3597412109375,640.7322387695312,182.22509765625,506.78546142578125,-1,-1,-1,-1
252,6,1232.9842529296875,642.47314453125,173.7796630859375,509.8135986328125,-1,-1,-1,-1
253,6,1228.033447265625,636.9883422851562,178.840576171875,512.4299926757812,-1,-1,-1,-1
254,6,1228.0294189453125,624.6206665039062,179.6563720703125,515.6525268554688,-1,-1,-1,-1
255,6,1235.3953857421875,613.2438354492188,172.157470703125,524.6618041992188,-1,-1,-1,-1
256,6,1236.8565673828125,604.0645751953125,170.8858642578125,534.8460693359375,-1,-1,-1,-1
257,6,1244.533203125,600.3262939453125,163.803466796875,542.5853271484375,-1,-1,-1,-1
258,6,1238.8792724609375,597.6077270507812,169.0316162109375,546.6563110351562,-1,-1,-1,-1
259,6,1216.53857421875,592.3128662109375,190.8963623046875,543.6343994140625,-1,-1,-1,-1
260,6,1204.07470703125,605.0689697265625,203.982177734375,540.60205078125,-1,-1,-1,-1
261,6,1195.99560546875,625.8121337890625,211.9173583984375,542.2327880859375,-1,-1,-1,-1
262,6,1190.6474609375,617.5025024414062,217.0396728515625,540.3545532226562,-1,-1,-1,-1
263,6,1183.16845703125,608.614013671875,225.4609375,540.9366455078125,-1,-1,-1,-1
264,6,1166.2303466796875,618.703125,242.09423828125,543.9388427734375,-1,-1,-1,-1
265,6,1171.1568603515625,635.1293334960938,236.825927734375,556.5553588867188,-1,-1,-1,-1
266,6,1191.2454833984375,647.0028686523438,217.5872802734375,562.2979125976562,-1,-1,-1,-1
267,6,1271.70068359375,666.64013671875,131.47900390625,558.31982421875,-1,-1,-1,-1
268,6,1305.068115234375,670.5813598632812,102.5531005859375,528.9518432617188,-1,-1,-1,-1
269,6,1331.0296630859375,675.7578125,79.9322509765625,493.0584716796875,-1,-1,-1,-1
268,7,282.8598937988281,718.8795776367188,53.982940673828125,102.58917236328125,-1,-1,-1,-1
269,7,291.24835205078125,716.8642578125,52.40557861328125,106.85064697265625,-1,-1,-1,-1
270,7,299.0794677734375,712.3601684570312,51.64642333984375,105.73516845703125,-1,-1,-1,-1
271,7,305.4367980957031,703.0931396484375,50.75921630859375,107.2210693359375,-1,-1,-1,-1
272,7,304.38189697265625,696.8885498046875,48.93695068359375,107.79180908203125,-1,-1,-1,-1
273,7,299.44488525390625,697.478271484375,51.406463623046875,105.9229736328125,-1,-1,-1,-1
274,7,290.7908020019531,710.6734008789062,57.823822021484375,108.0579833984375,-1,-1,-1,-1
275,7,271.39508056640625,736.60107421875,56.483734130859375,107.14959716796875,-1,-1,-1,-1
276,7,261.9591979980469,739.525390625,59.45416259765625,110.33984375,-1,-1,-1,-1
277,7,262.0102233886719,726.3974609375,53.93817138671875,112.0303955078125,-1,-1,-1,-1
278,7,270.68377685546875,700.9217529296875,51.57135009765625,112.29913330078125,-1,-1,-1,-1
279,7,271.0074462890625,678.3643798828125,52.74285888671875,115.62982177734375,-1,-1,-1,-1
280,7,275.67706298828125,663.6630859375,57.5572509765625,120.11151123046875,-1,-1,-1,-1
281,7,285.39703369140625,661.9630126953125,53.72808837890625,115.6397705078125,-1,-1,-1,-1
282,7,296.900146484375,663.076904296875,52.355072021484375,113.08642578125,-1,-1,-1,-1
283,7,303.0289001464844,680.7035522460938,56.581756591796875,114.534912109375,-1,-1,-1,-1
284,7,301.18951416015625,707.4420166015625,57.59698486328125,121.416015625,-1,-1,-1,-1
285,7,294.76885986328125,730.4830932617188,53.49920654296875,112.75714111328125,-1,-1,-1,-1
286,7,297.0560607910156,719.9625854492188,54.9559326171875,120.1092529296875,-1,-1,-1,-1
287,7,308.35235595703125,711.1486206054688,54.957733154296875,118.51873779296875,-1,-1,-1,-1
288,7,316.5863342285156,681.7105102539062,57.220703125,125.6392822265625,-1,-1,-1,-1
289,7,326.6678161621094,672.659912109375,56.5943603515625,122.49981689453125,-1,-1,-1,-1
290,7,327.03521728515625,666.749267578125,56.8634033203125,122.447998046875,-1,-1,-1,-1
291,7,325.573974609375,667.8119506835938,55.842803955078125,119.63287353515625,-1,-1,-1,-1
292,7,326.7740478515625,688.3635864257812,54.380523681640625,120.93768310546875,-1,-1,-1,-1
293,7,315.966796875,721.9484252929688,54.70074462890625,121.90496826171875,-1,-1,-1,-1
294,7,301.83734130859375,728.5933837890625,60.216400146484375,117.29156494140625,-1,-1,-1,-1
295,7,301.8350524902344,726.9483032226562,60.9822998046875,128.04583740234375,-1,-1,-1,-1
296,7,309.9726257324219,707.2976684570312,59.485626220703125,139.0120849609375,-1,-1,-1,-1
297,7,327.9260559082031,685.8822021484375,58.708526611328125,123.1627197265625,-1,-1,-1,-1
298,7,330.3034362792969,678.9298095703125,65.128173828125,126.75811767578125,-1,-1,-1,-1
299,7,342.28875732421875,682.110595703125,60.0985107421875,112.8973388671875,-1,-1,-1,-1
300,7,347.1924133300781,687.9414672851562,60.097381591796875,121.22625732421875,-1,-1,-1,-1
301,7,363.7015686035156,705.4242553710938,57.629302978515625,117.0765380859375,-1,-1,-1,-1
302,7,378.9860534667969,719.56982421875,58.8907470703125,126.73663330078125,-1,-1,-1,-1
303,7,389.2842102050781,722.8400268554688,60.313751220703125,122.94091796875,-1,-1,-1,-1
304,7,400.22064208984375,719.2518310546875,59.502288818359375,119.214111328125,-1,-1,-1,-1
305,7,409.0659484863281,706.2911376953125,60.155548095703125,124.60028076171875,-1,-1,-1,-1
306,7,415.361083984375,698.9586181640625,61.584259033203125,124.8260498046875,-1,-1,-1,-1
307,7,414.2960205078125,695.0460815429688,63.54779052734375,126.81512451171875,-1,-1,-1,-1
308,7,413.6083068847656,699.2622680664062,65.90530395507812,121.8626708984375,-1,-1,-1,-1
309,7,415.4424133300781,700.9129638671875,62.822357177734375,126.402587890625,-1,-1,-1,-1
310,7,398.77056884765625,708.62109375,68.04391479492188,126.91473388671875,-1,-1,-1,-1
311,7,380.9068603515625,697.0969848632812,67.34231567382812,118.61102294921875,-1,-1,-1,-1
312,7,370.16583251953125,687.1384887695312,72.689697265625,132.7626953125,-1,-1,-1,-1
313,7,363.7710266113281,669.0665893554688,66.32525634765625,130.72808837890625,-1,-1,-1,-1
314,7,356.4024658203125,644.2446899414062,63.436767578125,128.8272705078125,-1,-1,-1,-1
315,7,354.1674499511719,612.8355102539062,66.11328125,133.05389404296875,-1,-1,-1,-1
316,7,368.6951904296875,581.6226196289062,63.863433837890625,126.64892578125,-1,-1,-1,-1
317,7,387.11798095703125,555.6634521484375,70.61114501953125,127.3648681640625,-1,-1,-1,-1
318,7,367.84405517578125,558.854248046875,70.61474609375,127.22393798828125,-1,-1,-1,-1
319,7,318.90509033203125,546.6866455078125,75.58090209960938,135.33282470703125,-1,-1,-1,-1
320,7,342.5201416015625,573.4140625,78.11480712890625,134.38665771484375,-1,-1,-1,-1
321,7,283.9335632324219,618.2276611328125,88.07272338867188,144.78759765625,-1,-1,-1,-1
322,7,247.58114624023438,639.7685546875,73.85955810546875,153.25640869140625,-1,-1,-1,-1
323,7,264.518798828125,624.5440673828125,73.84182739257812,149.05316162109375,-1,-1,-1,-1
324,7,232.56353759765625,621.0275268554688,82.4482421875,147.0501708984375,-1,-1,-1,-1
325,7,225.72024536132812,567.9053344726562,77.22183227539062,154.1683349609375,-1,-1,-1,-1
326,7,259.2303771972656,576.5380859375,74.70785522460938,149.46783447265625,-1,-1,-1,-1
327,7,289.7828369140625,609.3077392578125,78.72900390625,141.03106689453125,-1,-1,-1,-1
328,7,327.89630126953125,630.69189453125,72.28399658203125,139.307861328125,-1,-1,-1,-1
329,7,356.9786071777344,664.08203125,78.8072509765625,141.18048095703125,-1,-1,-1,-1
330,7,372.71649169921875,699.6152954101562,70.75833129882812,143.765869140625,-1,-1,-1,-1
331,7,388.3919677734375,729.056396484375,68.0699462890625,130.2110595703125,-1,-1,-1,-1
332,7,404.0186767578125,735.9259033203125,66.42294311523438,125.7508544921875,-1,-1,-1,-1
333,7,424.10870361328125,729.1378784179688,69.46902465820312,129.5262451171875,-1,-1,-1,-1
334,7,448.4411926269531,721.0877685546875,71.19241333007812,124.16571044921875,-1,-1,-1,-1
335,7,478.0027770996094,716.030517578125,68.18490600585938,115.965087890625,-1,-1,-1,-1
336,7,498.0653991699219,724.3265380859375,63.592193603515625,116.05084228515625,-1,-1,-1,-1
337,7,514.884765625,745.8607788085938,66.7867431640625,118.06512451171875,-1,-1,-1,-1
338,7,523.0084228515625,764.0933837890625,59.050537109375,120.972900390625,-1,-1,-1,-1
339,7,514.9016723632812,776.65869140625,61.9586181640625,112.6502685546875,-1,-1,-1,-1
340,7,498.1712951660156,755.8950805664062,64.33517456054688,116.4190673828125,-1,-1,-1,-1
341,7,496.997802734375,742.5319213867188,57.624755859375,110.18731689453125,-1,-1,-1,-1
342,7,489.4012756347656,745.1746826171875,59.629608154296875,115.0184326171875,-1,-1,-1,-1
343,7,483.18536376953125,742.9933471679688,65.87078857421875,131.7928466796875,-1,-1,-1,-1
344,7,489.6304626464844,751.8184814453125,61.355255126953125,113.946533203125,-1,-1,-1,-1
345,7,487.40655517578125,749.7293701171875,59.66351318359375,117.2041015625,-1,-1,-1,-1
346,7,481.3171081542969,733.8248901367188,59.608856201171875,121.4189453125,-1,-1,-1,-1
347,7,478.6202697753906,698.7772216796875,55.305389404296875,130.3851318359375,-1,-1,-1,-1
348,7,479.4611511230469,649.4292602539062,64.28482055664062,137.4813232421875,-1,-1,-1,-1
349,7,472.830810546875,606.286376953125,60.54034423828125,139.39532470703125,-1,-1,-1,-1
350,7,465.39788818359375,567.3822021484375,63.20703125,134.8101806640625,-1,-1,-1,-1
351,7,458.0637512207031,541.2327270507812,73.99325561523438,131.9658203125,-1,-1,-1,-1
352,7,448.25390625,523.9536743164062,61.18597412109375,136.389892578125,-1,-1,-1,-1
353,7,433.7442321777344,504.403076171875,71.69827270507812,135.5902099609375,-1,-1,-1,-1
354,7,423.80291748046875,482.3342590332031,66.193603515625,132.04208374023438,-1,-1,-1,-1
355,7,416.80963134765625,464.9150085449219,72.94271850585938,141.97470092773438,-1,-1,-1,-1
356,7,418.5467834472656,457.4223327636719,73.54147338867188,141.80899047851562,-1,-1,-1,-1
357,7,424.08526611328125,454.242919921875,66.32757568359375,134.049072265625,-1,-1,-1,-1
358,7,424.80535888671875,451.73681640625,56.005035400390625,132.376708984375,-1,-1,-1,-1
359,7,414.7510070800781,435.9019470214844,62.15618896484375,137.11996459960938,-1,-1,-1,-1
360,7,404.70196533203125,420.5058898925781,62.430389404296875,136.03457641601562,-1,-1,-1,-1
361,7,397.3199462890625,404.2738952636719,64.85284423828125,136.91671752929688,-1,-1,-1,-1
362,7,395.45916748046875,367.4114074707031,63.305267333984375,135.4774169921875,-1,-1,-1,-1
363,7,397.345458984375,334.992431640625,63.57049560546875,139.76275634765625,-1,-1,-1,-1
364,7,393.0454406738281,312.886474609375,65.21469116210938,138.01950073242188,-1,-1,-1,-1
365,7,384.6949157714844,291.24542236328125,58.5343017578125,137.24661254882812,-1,-1,-1,-1
366,7,370.8651123046875,261.6048889160156,62.038604736328125,145.92132568359375,-1,-1,-1,-1
367,7,359.47857666015625,221.28684997558594,70.51724243164062,167.25245666503906,-1,-1,-1,-1
368,7,338.5541076660156,178.02374267578125,67.32418823242188,150.0250244140625,-1,-1,-1,-1
369,7,317.9781799316406,135.99484252929688,71.18939208984375,168.5550537109375,-1,-1,-1,-1
370,7,295.916259765625,109.64075469970703,84.52117919921875,175.57492065429688,-1,-1,-1,-1
350,8,513.0267944335938,831.8017578125,290.44024658203125,581.5963134765625,-1,-1,-1,-1
351,8,494.5946044921875,727.0694580078125,295.853515625,687.0567626953125,-1,-1,-1,-1
352,8,483.8491516113281,656.3849487304688,318.9884948730469,757.7373657226562,-1,-1,-1,-1
353,8,465.4207763671875,703.9718017578125,344.18231201171875,708.6712646484375,-1,-1,-1,-1
354,8,472.66839599609375,620.6675415039062,337.95416259765625,792.1693725585938,-1,-1,-1,-1
355,8,468.21832275390625,615.5440673828125,333.74993896484375,796.9923095703125,-1,-1,-1,-1
356,8,457.3950500488281,648.8452758789062,349.1862487792969,764.5314331054688,-1,-1,-1,-1
357,8,444.0327453613281,588.98876953125,351.0254211425781,823.6802978515625,-1,-1,-1,-1
358,8,415.53045654296875,564.971923828125,366.96783447265625,847.8721923828125,-1,-1,-1,-1
359,8,401.3734130859375,487.684326171875,383.06939697265625,925.5303955078125,-1,-1,-1,-1
360,8,387.0013732910156,479.5738220214844,388.4277038574219,934.4263916015625,-1,-1,-1,-1
361,8,376.9216003417969,519.46826171875,400.9275207519531,895.625,-1,-1,-1,-1
362,8,321.21746826171875,524.418212890625,424.3687744140625,893.9288330078125,-1,-1,-1,-1
363,8,286.54815673828125,459.6748352050781,426.140625,955.1502685546875,-1,-1,-1,-1
364,8,248.77919006347656,541.9994506835938,441.025634765625,870.8175659179688,-1,-1,-1,-1
365,8,203.66262817382812,439.6511535644531,469.2986755371094,976.063232421875,-1,-1,-1,-1
366,8,59.581871032714844,438.0269775390625,605.1741943359375,974.6536865234375,-1,-1,-1,-1
367,8,9.20233154296875,466.9337463378906,637.6094360351562,945.0089111328125,-1,-1,-1,-1
368,8,5.42131233215332,287.2410583496094,622.9080200195312,1126.2254638671875,-1,-1,-1,-1
369,8,-3.545581817626953,274.5931396484375,583.1994018554688,1136.979736328125,-1,-1,-1,-1
370,8,-1.5372753143310547,255.0675048828125,545.3992309570312,1155.8857421875,-1,-1,-1,-1
371,8,-1.483123779296875,133.9427947998047,565.0482177734375,1277.5218505859375,-1,-1,-1,-1
372,8,-1.2733993530273438,317.1736755371094,570.3126831054688,1095.288818359375,-1,-1,-1,-1
373,8,-4.788486480712891,410.4394836425781,575.5289916992188,1001.5318603515625,-1,-1,-1,-1
374,8,-2.862865447998047,564.79736328125,634.3331298828125,845.5966796875,-1,-1,-1,-1
375,8,1.246734619140625,718.940673828125,573.04296875,689.5869140625,-1,-1,-1,-1
376,8,67.64948272705078,866.1567993164062,585.998046875,540.8787231445312,-1,-1,-1,-1
377,8,223.6244659423828,986.1511840820312,443.17822265625,420.85162353515625,-1,-1,-1,-1
378,8,286.921875,1073.96630859375,398.5933837890625,333.002685546875,-1,-1,-1,-1
379,8,278.51641845703125,1148.5362548828125,396.13555908203125,259.5074462890625,-1,-1,-1,-1
380,8,368.83697509765625,1229.255615234375,301.55975341796875,179.2396240234375,-1,-1,-1,-1
381,8,377.2051696777344,1189.691162109375,370.4933776855469,210.0552978515625,-1,-1,-1,-1
367,9,701.8270874023438,1286.747802734375,135.1796875,123.461669921875,-1,-1,-1,-1
368,9,673.6437377929688,1208.910888671875,163.0821533203125,200.8248291015625,-1,-1,-1,-1
369,9,643.4058837890625,1134.3734130859375,208.8057861328125,275.7066650390625,-1,-1,-1,-1
370,9,623.9224853515625,1075.552001953125,220.0040283203125,336.293701171875,-1,-1,-1,-1
371,9,622.697998046875,1100.8280029296875,198.33721923828125,311.38623046875,-1,-1,-1,-1
372,9,616.2725830078125,1128.546142578125,217.7626953125,280.4686279296875,-1,-1,-1,-1
373,9,632.194091796875,1205.3187255859375,259.01153564453125,203.1446533203125,-1,-1,-1,-1
374,9,637.169921875,1196.501953125,330.5419921875,213.1441650390625,-1,-1,-1,-1
375,9,635.9207763671875,1189.0743408203125,353.67523193359375,218.4073486328125,-1,-1,-1,-1
376,9,716.7081298828125,1178.489990234375,255.8721923828125,228.69189453125,-1,-1,-1,-1
377,9,713.990478515625,1159.063232421875,301.3887939453125,248.562255859375,-1,-1,-1,-1
378,9,705.115478515625,1125.020751953125,355.6689453125,284.6417236328125,-1,-1,-1,-1
379,9,693.5993041992188,1147.44873046875,398.06707763671875,261.829833984375,-1,-1,-1,-1
380,9,657.4906005859375,1169.7403564453125,407.2740478515625,237.994140625,-1,-1,-1,-1
381,9,688.7582397460938,1110.1536865234375,357.31756591796875,299.9739990234375,-1,-1,-1,-1
382,9,714.09765625,1234.394287109375,243.65472412109375,173.3043212890625,-1,-1,-1,-1
383,9,785.5276489257812,1373.8663330078125,56.57232666015625,35.7684326171875,-1,-1,-1,-1
373,10,1175.213134765625,179.5576934814453,230.3017578125,495.6890869140625,-1,-1,-1,-1
374,10,1154.9000244140625,154.56939697265625,251.6370849609375,519.8385009765625,-1,-1,-1,-1
375,10,1138.9901123046875,137.92601013183594,266.619873046875,534.5941162109375,-1,-1,-1,-1
376,10,1118.7572021484375,148.32565307617188,272.044189453125,516.3251953125,-1,-1,-1,-1
377,10,1096.2720947265625,146.94357299804688,264.22216796875,505.0119934082031,-1,-1,-1,-1
378,10,1068.3902587890625,135.19287109375,267.353515625,495.77593994140625,-1,-1,-1,-1
379,10,1048.96044921875,84.2816162109375,264.022705078125,534.2411499023438,-1,-1,-1,-1
380,10,1036.50146484375,92.2172622680664,265.2001953125,524.6113891601562,-1,-1,-1,-1
381,10,1041.6356201171875,139.57330322265625,274.724609375,506.67095947265625,-1,-1,-1,-1
382,10,1047.2174072265625,184.89254760742188,267.9095458984375,502.9554138183594,-1,-1,-1,-1
383,10,1055.8360595703125,239.79757690429688,255.37841796875,502.5559387207031,-1,-1,-1,-1
384,10,1070.684814453125,290.1514892578125,242.9429931640625,497.3756103515625,-1,-1,-1,-1
385,10,1089.38671875,323.7115173339844,230.9923095703125,490.2871398925781,-1,-1,-1,-1
386,10,1104.0511474609375,342.8354797363281,223.36572265625,487.7864074707031,-1,-1,-1,-1
387,10,1114.313720703125,352.7878723144531,219.5701904296875,485.1780700683594,-1,-1,-1,-1
388,10,1115.4693603515625,365.6077880859375,221.4285888671875,481.7030029296875,-1,-1,-1,-1
389,10,1114.1861572265625,377.55145263671875,226.6632080078125,480.38775634765625,-1,-1,-1,-1
390,10,1105.5604248046875,374.65655517578125,231.569091796875,475.35504150390625,-1,-1,-1,-1
391,10,1090.2027587890625,378.163818359375,238.82763671875,469.35418701171875,-1,-1,-1,-1
392,10,1077.541259765625,380.9970397949219,234.6044921875,462.7200012207031,-1,-1,-1,-1
393,10,1059.5946044921875,401.1043701171875,241.685546875,448.7275390625,-1,-1,-1,-1
394,10,1054.02734375,427.7557373046875,239.9654541015625,440.42578125,-1,-1,-1,-1
395,10,1052.481689453125,444.2120056152344,233.300048828125,436.9219665527344,-1,-1,-1,-1
396,10,1054.10107421875,460.00408935546875,227.851806640625,430.740478515625,-1,-1,-1,-1
397,10,1052.6995849609375,479.07421875,211.4901123046875,423.5806884765625,-1,-1,-1,-1
398,10,1053.313232421875,490.6553955078125,203.6142578125,418.502197265625,-1,-1,-1,-1
399,10,1057.6015625,502.05712890625,200.09423828125,413.74365234375,-1,-1,-1,-1
400,10,1068.5537109375,531.35009765625,196.4061279296875,412.2166748046875,-1,-1,-1,-1
401,10,1067.7535400390625,563.9232177734375,206.5364990234375,410.36578369140625,-1,-1,-1,-1
402,10,1060.3460693359375,591.1166381835938,210.822021484375,405.66357421875,-1,-1,-1,-1
403,10,1050.284912109375,619.48046875,199.521728515625,382.71588134765625,-1,-1,-1,-1
404,10,1041.8653564453125,648.3223876953125,178.6739501953125,359.95703125,-1,-1,-1,-1
405,10,1031.9459228515625,667.67822265625,146.76953125,346.05865478515625,-1,-1,-1,-1
406,10,1035.7198486328125,675.5082397460938,142.5970458984375,344.75738525390625,-1,-1,-1,-1
407,10,1026.8016357421875,678.3270263671875,151.8721923828125,343.6900634765625,-1,-1,-1,-1
408,10,998.654541015625,681.6749267578125,166.5406494140625,339.719482421875,-1,-1,-1,-1
409,10,972.3408813476562,680.9530639648438,169.70806884765625,338.31170654296875,-1,-1,-1,-1
410,10,958.4149169921875,683.8366088867188,161.094970703125,323.0010986328125,-1,-1,-1,-1
411,10,945.9646606445312,688.353759765625,153.08404541015625,301.020751953125,-1,-1,-1,-1
412,10,920.7467651367188,694.8833618164062,159.58538818359375,285.24835205078125,-1,-1,-1,-1
413,10,904.4654541015625,706.6764526367188,159.8919677734375,280.86102294921875,-1,-1,-1,-1
414,10,904.226318359375,708.4583129882812,154.20947265625,281.37005615234375,-1,-1,-1,-1
415,10,910.99462890625,700.9756469726562,146.25634765625,285.575439453125,-1,-1,-1,-1
416,10,921.0020751953125,685.6148071289062,130.1812744140625,286.32476806640625,-1,-1,-1,-1
417,10,925.7839965820312,678.961669921875,119.81597900390625,284.9163818359375,-1,-1,-1,-1
418,10,924.3375244140625,689.2640991210938,119.80419921875,276.72418212890625,-1,-1,-1,-1
419,10,926.2217407226562,704.7807006835938,121.80340576171875,264.49176025390625,-1,-1,-1,-1
420,10,942.3378295898438,718.2079467773438,115.30242919921875,249.65899658203125,-1,-1,-1,-1
421,10,966.2296142578125,717.7162475585938,108.6796875,245.02655029296875,-1,-1,-1,-1
422,10,980.115966796875,712.0403442382812,108.361572265625,243.51715087890625,-1,-1,-1,-1
423,10,983.1886596679688,707.4829711914062,108.81695556640625,243.14837646484375,-1,-1,-1,-1
424,10,984.3394775390625,702.6596069335938,112.5133056640625,246.43438720703125,-1,-1,-1,-1
425,10,979.2030639648438,687.0070190429688,127.37652587890625,249.16680908203125,-1,-1,-1,-1
426,10,982.609375,678.4293823242188,125.88525390625,245.46881103515625,-1,-1,-1,-1
427,10,983.4921875,700.2034301757812,121.367919921875,237.12603759765625,-1,-1,-1,-1
428,10,984.6635131835938,724.2262573242188,117.62945556640625,224.12933349609375,-1,-1,-1,-1
429,10,989.7722778320312,744.0735473632812,115.35040283203125,216.56109619140625,-1,-1,-1,-1
430,10,1003.72509765625,749.3529663085938,109.877685546875,210.79827880859375,-1,-1,-1,-1
431,10,1010.9775390625,758.59814453125,101.635498046875,203.11138916015625,-1,-1,-1,-1
389,11,447.4699401855469,450.0273742675781,51.04608154296875,122.49288940429688,-1,-1,-1,-1
390,11,460.6724853515625,453.2772216796875,49.5640869140625,113.68121337890625,-1,-1,-1,-1
391,11,473.02935791015625,454.14361572265625,49.3021240234375,108.2113037109375,-1,-1,-1,-1
392,11,476.0912780761719,452.1649475097656,51.188262939453125,115.13870239257812,-1,-1,-1,-1
393,11,490.0824890136719,458.74652099609375,48.334747314453125,107.89300537109375,-1,-1,-1,-1
394,11,505.677734375,473.3536682128906,49.5618896484375,105.16128540039062,-1,-1,-1,-1
395,11,518.6346435546875,485.4986267089844,46.6695556640625,106.42477416992188,-1,-1,-1,-1
396,11,532.3950805664062,500.5747985839844,48.8707275390625,104.22244262695312,-1,-1,-1,-1
397,11,539.1063232421875,523.9273071289062,46.91229248046875,100.1895751953125,-1,-1,-1,-1
398,11,538.4220581054688,543.5460815429688,48.1990966796875,100.10198974609375,-1,-1,-1,-1
399,11,543.389892578125,555.4893798828125,47.4639892578125,101.78466796875,-1,-1,-1,-1
400,11,561.2555541992188,569.482421875,46.3529052734375,100.03839111328125,-1,-1,-1,-1
401,11,575.719482421875,593.5869140625,42.4317626953125,93.10205078125,-1,-1,-1,-1
402,11,578.7484741210938,616.1472778320312,47.4134521484375,104.9410400390625,-1,-1,-1,-1
403,11,587.8667602539062,639.8197021484375,48.375,101.4449462890625,-1,-1,-1,-1
404,11,593.0853881835938,663.26025390625,45.1998291015625,104.777587890625,-1,-1,-1,-1
405,11,601.470458984375,686.5697631835938,42.5224609375,97.5462646484375,-1,-1,-1,-1
406,11,608.149658203125,698.5362548828125,43.62615966796875,102.2774658203125,-1,-1,-1,-1
407,11,612.2369384765625,706.1187133789062,41.909912109375,105.664794921875,-1,-1,-1,-1
408,11,609.9322509765625,713.0255737304688,42.5364990234375,103.0167236328125,-1,-1,-1,-1
409,11,606.9995727539062,712.0880126953125,45.53204345703125,113.962646484375,-1,-1,-1,-1
410,11,609.618408203125,709.3318481445312,43.7589111328125,113.412841796875,-1,-1,-1,-1
411,11,615.9750366210938,711.968017578125,39.9683837890625,104.85845947265625,-1,-1,-1,-1
412,11,623.6395874023438,715.697021484375,39.18511962890625,95.94232177734375,-1,-1,-1,-1
413,11,631.4306640625,720.9259643554688,40.42828369140625,96.35552978515625,-1,-1,-1,-1
414,11,632.3513793945312,721.18408203125,49.58416748046875,127.844970703125,-1,-1,-1,-1
424,12,746.0614013671875,713.5438842773438,37.40057373046875,78.66168212890625,-1,-1,-1,-1
425,12,755.7962646484375,705.321533203125,37.69903564453125,92.20281982421875,-1,-1,-1,-1
426,12,759.9642333984375,705.2757568359375,38.72607421875,85.45745849609375,-1,-1,-1,-1
427,12,759.3516845703125,728.772216796875,41.7884521484375,85.898681640625,-1,-1,-1,-1
428,12,759.5885009765625,759.2710571289062,38.53155517578125,74.66522216796875,-1,-1,-1,-1
429,12,764.5752563476562,772.9796752929688,37.74932861328125,77.2252197265625,-1,-1,-1,-1
430,12,776.465087890625,767.5159301757812,36.7965087890625,76.92510986328125,-1,-1,-1,-1
431,12,781.2432861328125,764.3255004882812,34.978515625,76.62835693359375,-1,-1,-1,-1
