1,1,996.1083374023438,318.6994934082031,404.91351318359375,583.232177734375,-1,-1,-1,-1
2,1,1004.7450561523438,303.47064208984375,406.50653076171875,611.4575805664062,-1,-1,-1,-1
3,1,1009.746826171875,294.1536560058594,399.279052734375,601.7099609375,-1,-1,-1,-1
4,1,1020.1290283203125,329.8813781738281,389.2713623046875,587.0478515625,-1,-1,-1,-1
5,1,1032.5050048828125,337.7930603027344,378.3360595703125,604.38134765625,-1,-1,-1,-1
6,1,977.9844970703125,266.2629089355469,427.6334228515625,685.6488037109375,-1,-1,-1,-1
7,1,961.6055908203125,270.2760925292969,443.8175048828125,650.473388671875,-1,-1,-1,-1
8,1,964.7362670898438,303.857421875,439.37237548828125,517.4521484375,-1,-1,-1,-1
9,1,1005.6683959960938,314.5843200683594,393.41949462890625,327.5591735839844,-1,-1,-1,-1
10,1,1064.8438720703125,329.0721435546875,305.43994140625,314.69891357421875,-1,-1,-1,-1
16,1,1074.9210205078125,337.2611389160156,195.5360107421875,229.15603637695312,-1,-1,-1,-1
5,2,10.798847198486328,734.437255859375,735.15087890625,674.099609375,-1,-1,-1,-1
6,2,-4.851030349731445,638.4030151367188,482.779541015625,774.2802124023438,-1,-1,-1,-1
7,2,-3.325450897216797,760.4419555664062,433.3538513183594,652.3070678710938,-1,-1,-1,-1
8,2,4.2261810302734375,647.1726684570312,421.7777099609375,765.7106323242188,-1,-1,-1,-1
9,2,4.418176651000977,668.9437866210938,449.73895263671875,563.6768188476562,-1,-1,-1,-1
10,2,1.4472484588623047,400.0277404785156,487.1550598144531,798.7415771484375,-1,-1,-1,-1
11,2,9.323160171508789,435.4757385253906,510.8205261230469,722.176513671875,-1,-1,-1,-1
12,2,74.042236328125,461.4084777832031,481.10382080078125,658.796142578125,-1,-1,-1,-1
13,2,149.77357482910156,397.32708740234375,456.59942626953125,714.5034790039062,-1,-1,-1,-1
14,2,205.35018920898438,211.42724609375,432.7425231933594,881.1365966796875,-1,-1,-1,-1
15,2,262.650634765625,195.18434143066406,399.39837646484375,882.53759765625,-1,-1,-1,-1
16,2,306.6748046875,187.58995056152344,347.03619384765625,875.4976806640625,-1,-1,-1,-1
17,2,354.44915771484375,262.85894775390625,303.38140869140625,782.6981811523438,-1,-1,-1,-1
18,2,395.68353271484375,248.34524536132812,295.06756591796875,778.23193359375,-1,-1,-1,-1
19,2,433.80035400390625,287.61053466796875,287.27813720703125,720.1929931640625,-1,-1,-1,-1
20,2,471.5571594238281,281.9861755371094,264.2964782714844,711.6871337890625,-1,-1,-1,-1
21,2,502.618408203125,277.580810546875,251.0291748046875,707.7561645507812,-1,-1,-1,-1
22,2,530.93017578125,238.04957580566406,263.78460693359375,755.4393920898438,-1,-1,-1,-1
23,2,556.3468627929688,265.32818603515625,289.7279052734375,747.5138549804688,-1,-1,-1,-1
24,2,564.0468139648438,278.68975830078125,389.74853515625,753.3176879882812,-1,-1,-1,-1
25,2,575.3885498046875,316.1649475097656,395.9566650390625,721.2054443359375,-1,-1,-1,-1
26,2,583.3735961914062,367.93951416015625,434.551513671875,674.3987426757812,-1,-1,-1,-1
27,2,587.003173828125,451.25799560546875,412.1292724609375,598.6167602539062,-1,-1,-1,-1
28,2,592.0877075195312,485.6183776855469,397.16497802734375,583.3040771484375,-1,-1,-1,-1
29,2,594.3635864257812,521.0270385742188,411.780029296875,557.9461059570312,-1,-1,-1,-1
30,2,592.9992065429688,550.433837890625,391.191162109375,541.1910400390625,-1,-1,-1,-1
31,2,595.3289794921875,582.650146484375,384.18438720703125,527.59326171875,-1,-1,-1,-1
32,2,600.384521484375,634.5084838867188,391.2403564453125,503.48834228515625,-1,-1,-1,-1
33,2,608.801025390625,656.6600952148438,390.235595703125,496.73919677734375,-1,-1,-1,-1
34,2,621.120361328125,669.9817504882812,386.39495849609375,498.49456787109375,-1,-1,-1,-1
35,2,634.2672729492188,690.16162109375,393.56146240234375,514.6915283203125,-1,-1,-1,-1
36,2,653.3306884765625,712.7283935546875,406.2711181640625,511.1683349609375,-1,-1,-1,-1
37,2,666.2498779296875,728.1827392578125,406.611083984375,507.345703125,-1,-1,-1,-1
38,2,683.951171875,743.282958984375,414.591796875,507.967041015625,-1,-1,-1,-1
39,2,702.2002563476562,745.6936645507812,567.9414672851562,530.5243530273438,-1,-1,-1,-1
40,2,722.35498046875,656.1705932617188,588.5914306640625,669.0331420898438,-1,-1,-1,-1
41,2,757.0029907226562,631.7771606445312,608.5116577148438,593.0598754882812,-1,-1,-1,-1
42,2,761.6197509765625,591.3458251953125,644.6749267578125,713.1082763671875,-1,-1,-1,-1
43,2,724.87890625,559.23876953125,687.12353515625,850.5750732421875,-1,-1,-1,-1
44,2,708.7882080078125,518.3653564453125,704.8819580078125,893.4432373046875,-1,-1,-1,-1
45,2,733.736328125,484.1383972167969,678.5791015625,925.6717529296875,-1,-1,-1,-1
46,2,695.7966918945312,595.054443359375,731.9548950195312,817.3876953125,-1,-1,-1,-1
47,2,699.146240234375,642.9259033203125,728.552490234375,768.59130859375,-1,-1,-1,-1
48,2,715.5634155273438,577.2404174804688,698.7360229492188,832.8722534179688,-1,-1,-1,-1
49,2,703.952880859375,582.4183959960938,710.445068359375,826.9866333007812,-1,-1,-1,-1
50,2,708.4959716796875,590.0242309570312,703.7694091796875,819.4873657226562,-1,-1,-1,-1
51,2,701.1173095703125,659.35205078125,717.242431640625,751.4755859375,-1,-1,-1,-1
52,2,720.2872924804688,691.1077880859375,696.2297973632812,721.02978515625,-1,-1,-1,-1
53,2,727.7137451171875,673.8403930664062,692.2557373046875,738.8807983398438,-1,-1,-1,-1
58,2,699.6859130859375,528.9778442382812,874.8896484375,883.3710327148438,-1,-1,-1,-1
56,3,1268.012451171875,427.1839904785156,98.2318115234375,201.95059204101562,-1,-1,-1,-1
57,3,1208.8314208984375,402.6947937011719,117.7694091796875,227.24514770507812,-1,-1,-1,-1
58,3,1155.8740234375,361.0950927734375,128.356689453125,232.12469482421875,-1,-1,-1,-1
59,3,1107.4019775390625,332.8472595214844,123.853515625,235.93270874023438,-1,-1,-1,-1
60,3,1066.2025146484375,318.3574523925781,120.1248779296875,248.57705688476562,-1,-1,-1,-1
61,3,1028.03076171875,308.0932922363281,115.0972900390625,245.09866333007812,-1,-1,-1,-1
62,3,992.5767822265625,292.3713684082031,112.9796142578125,242.42123413085938,-1,-1,-1,-1
63,3,963.075927734375,274.59478759765625,110.0782470703125,250.9288330078125,-1,-1,-1,-1
64,3,935.7844848632812,260.45721435546875,109.53033447265625,252.87139892578125,-1,-1,-1,-1
65,3,908.7935791015625,244.9470672607422,111.036376953125,251.01963806152344,-1,-1,-1,-1
66,3,886.57421875,229.17236328125,112.447998046875,252.05902099609375,-1,-1,-1,-1
67,3,863.2813720703125,219.84890747070312,112.40753173828125,262.15185546875,-1,-1,-1,-1
68,3,835.7733154296875,208.0487823486328,112.9515380859375,265.693359375,-1,-1,-1,-1
69,3,808.176025390625,192.9693603515625,121.01611328125,272.2288818359375,-1,-1,-1,-1
70,3,781.2225341796875,177.6863250732422,129.709716796875,276.31585693359375,-1,-1,-1,-1
71,3,758.75390625,162.55458068847656,133.2376708984375,297.95184326171875,-1,-1,-1,-1
72,3,734.0687866210938,142.75778198242188,139.83990478515625,293.7906494140625,-1,-1,-1,-1
73,3,707.3048706054688,127.38600158691406,153.62384033203125,303.59307861328125,-1,-1,-1,-1
74,3,686.0996704101562,116.3486328125,160.603759765625,303.9701843261719,-1,-1,-1,-1
75,3,654.63916015625,94.92890930175781,170.63653564453125,314.1259765625,-1,-1,-1,-1
76,3,626.3007202148438,91.75445556640625,182.0496826171875,320.1867980957031,-1,-1,-1,-1
77,3,606.0553588867188,74.67793273925781,180.5750732421875,326.31219482421875,-1,-1,-1,-1
78,3,577.66259765625,65.95713806152344,199.61676025390625,339.4349365234375,-1,-1,-1,-1
79,3,562.749267578125,56.735816955566406,209.3343505859375,339.8916931152344,-1,-1,-1,-1
80,3,564.3533935546875,53.458580017089844,202.2127685546875,328.66827392578125,-1,-1,-1,-1
81,3,549.8388671875,23.711322784423828,189.95867919921875,331.7549743652344,-1,-1,-1,-1
82,3,536.0576171875,13.198750495910645,184.2440185546875,319.1653137207031,-1,-1,-1,-1
83,3,507.39019775390625,1.7459945678710938,206.1319580078125,326.8213806152344,-1,-1,-1,-1
84,3,501.0625,1.3219194412231445,240.8818359375,306.0834045410156,-1,-1,-1,-1
85,3,475.8428649902344,-29.467498779296875,255.86233520507812,332.1515808105469,-1,-1,-1,-1
86,3,481.10345458984375,-26.87041664123535,236.806884765625,293.99658203125,-1,-1,-1,-1
87,3,434.9732971191406,-5.8238067626953125,268.7731628417969,283.84771728515625,-1,-1,-1,-1
88,3,424.6433410644531,-86.83953094482422,249.08779907226562,341.9539489746094,-1,-1,-1,-1
89,3,410.9298095703125,-96.10958862304688,242.89923095703125,364.5390319824219,-1,-1,-1,-1
90,3,391.7081604003906,-85.07585144042969,252.47628784179688,335.77508544921875,-1,-1,-1,-1
91,3,382.19970703125,-72.4675521850586,226.31298828125,318.62359619140625,-1,-1,-1,-1
57,4,794.7199096679688,500.0610046386719,43.70208740234375,96.11502075195312,-1,-1,-1,-1
58,4,751.41455078125,472.6163024902344,44.14984130859375,104.47964477539062,-1,-1,-1,-1
59,4,710.6559448242188,458.7032470703125,36.710205078125,97.293701171875,-1,-1,-1,-1
60,4,671.2593383789062,456.5477294921875,43.97454833984375,98.22955322265625,-1,-1,-1,-1
61,4,633.07470703125,451.9709167480469,42.6434326171875,102.02499389648438,-1,-1,-1,-1
62,4,593.9414672851562,434.6796569824219,51.10986328125,109.18832397460938,-1,-1,-1,-1
63,4,560.8307495117188,418.82122802734375,49.0362548828125,113.03009033203125,-1,-1,-1,-1
64,4,530.6860961914062,408.0963439941406,42.88848876953125,97.71267700195312,-1,-1,-1,-1
65,4,502.08197021484375,400.1571044921875,44.3165283203125,94.086181640625,-1,-1,-1,-1
66,4,477.2866516113281,388.134033203125,47.108795166015625,106.70681762695312,-1,-1,-1,-1
67,4,450.9420166015625,383.7555236816406,46.39154052734375,103.06320190429688,-1,-1,-1,-1
68,4,414.7213439941406,391.3334655761719,96.40203857421875,121.3076171875,-1,-1,-1,-1
60,5,1258.2303466796875,312.247314453125,149.957275390625,452.32000732421875,-1,-1,-1,-1
61,5,1221.040283203125,322.47021484375,181.960205078125,426.57757568359375,-1,-1,-1,-1
62,5,1190.1224365234375,317.2746887207031,203.2305908203125,410.0040588378906,-1,-1,-1,-1
63,5,1157.923095703125,317.5087890625,241.9207763671875,390.9666748046875,-1,-1,-1,-1
64,5,1132.5628662109375,292.6749267578125,264.591064453125,401.3551025390625,-1,-1,-1,-1
65,5,1118.1396484375,262.560546875,240.757568359375,420.49993896484375,-1,-1,-1,-1
66,5,1097.8265380859375,226.0017852783203,280.6029052734375,449.99066162109375,-1,-1,-1,-1
67,5,1075.419189453125,236.57162475585938,239.16259765625,434.8085021972656,-1,-1,-1,-1
68,5,1061.8045654296875,203.2528533935547,234.521484375,447.9595947265625,-1,-1,-1,-1
69,5,1042.29736328125,168.64292907714844,254.3458251953125,471.526611328125,-1,-1,-1,-1
70,5,1026.18603515625,148.1021728515625,265.011962890625,479.5523681640625,-1,-1,-1,-1
71,5,1009.1005859375,127.01561737060547,261.765380859375,490.83148193359375,-1,-1,-1,-1
72,5,992.858642578125,100.39257049560547,251.4635009765625,507.61676025390625,-1,-1,-1,-1
73,5,981.7393798828125,78.5423355102539,247.1943359375,516.3033447265625,-1,-1,-1,-1
74,5,963.7432250976562,59.866851806640625,262.13067626953125,527.44287109375,-1,-1,-1,-1
75,5,939.95947265625,39.07006072998047,283.116943359375,544.25634765625,-1,-1,-1,-1
76,5,913.0266723632812,22.598804473876953,305.09283447265625,541.7437744140625,-1,-1,-1,-1
77,5,890.4527587890625,7.062349319458008,316.505126953125,552.9031372070312,-1,-1,-1,-1
78,5,872.1856079101562,1.8445205688476562,316.08636474609375,552.7587280273438,-1,-1,-1,-1
79,5,866.8170166015625,0.49996376037597656,301.1168212890625,545.1275024414062,-1,-1,-1,-1
80,5,858.9866333007812,4.956020355224609,278.21209716796875,525.3790893554688,-1,-1,-1,-1
81,5,857.38671875,-11.21969985961914,281.1287841796875,512.7855834960938,-1,-1,-1,-1
82,5,842.5313110351562,-9.364931106567383,256.47454833984375,485.0487365722656,-1,-1,-1,-1
83,5,829.5165405273438,-21.94126319885254,266.56182861328125,473.8598327636719,-1,-1,-1,-1
84,5,819.2816772460938,-17.983501434326172,265.52911376953125,452.9864807128906,-1,-1,-1,-1
85,5,807.7198486328125,-39.368408203125,283.2728271484375,456.6955261230469,-1,-1,-1,-1
86,5,793.0116577148438,-45.54988479614258,292.60943603515625,446.58636474609375,-1,-1,-1,-1
87,5,776.7429809570312,-43.011558532714844,286.27862548828125,429.95306396484375,-1,-1,-1,-1
88,5,766.4188232421875,-57.6959228515625,272.2628173828125,427.29266357421875,-1,-1,-1,-1
89,5,764.43994140625,-59.93340301513672,260.55731201171875,406.16253662109375,-1,-1,-1,-1
90,5,755.2078247070312,-38.33370590209961,265.34185791015625,363.6947326660156,-1,-1,-1,-1
91,5,756.3789672851562,-42.303749084472656,252.43902587890625,352.1578063964844,-1,-1,-1,-1
92,5,749.4046630859375,-30.458160400390625,253.1275634765625,313.41058349609375,-1,-1,-1,-1
93,5,735.370361328125,-9.305859565734863,254.466064453125,275.970703125,-1,-1,-1,-1
94,5,724.3207397460938,-19.79340362548828,253.54296875,267.0238342285156,-1,-1,-1,-1
95,5,718.8508911132812,-6.3956499099731445,255.1708984375,235.36476135253906,-1,-1,-1,-1
96,5,716.0474243164062,0.8699712753295898,253.133056640625,209.0064697265625,-1,-1,-1,-1
97,5,720.5513305664062,0.49308204650878906,254.46710205078125,188.96649169921875,-1,-1,-1,-1
98,5,734.1431884765625,1.5082292556762695,244.16925048828125,169.83815002441406,-1,-1,-1,-1
99,5,745.9776000976562,2.1371140480041504,246.26361083984375,162.06214904785156,-1,-1,-1,-1
100,5,773.8430786132812,1.2922263145446777,225.70806884765625,159.43759155273438,-1,-1,-1,-1
101,5,752.383544921875,-1.6570024490356445,231.9136962890625,157.8490753173828,-1,-1,-1,-1
102,5,749.2228393554688,0.35515403747558594,212.8199462890625,173.08840942382812,-1,-1,-1,-1
103,5,747.050048828125,-0.1955404281616211,192.94775390625,191.14414978027344,-1,-1,-1,-1
104,5,743.70458984375,2.03304386138916,188.46160888671875,195.91737365722656,-1,-1,-1,-1
105,5,743.766357421875,2.952413558959961,179.90509033203125,199.7248992919922,-1,-1,-1,-1
106,5,752.9757690429688,1.5541353225708008,173.8663330078125,211.09521484375,-1,-1,-1,-1
107,5,757.0884399414062,1.8643999099731445,168.35003662109375,212.6675262451172,-1,-1,-1,-1
108,5,768.0432739257812,1.7807807922363281,163.400390625,205.2963104248047,-1,-1,-1,-1
109,5,787.6765747070312,1.5215730667114258,159.256103515625,198.49038696289062,-1,-1,-1,-1
110,5,797.876220703125,1.3787355422973633,160.73126220703125,195.2733917236328,-1,-1,-1,-1
111,5,814.3525390625,-1.1214981079101562,156.491455078125,194.3160400390625,-1,-1,-1,-1
112,5,840.8241577148438,0.7508106231689453,141.16619873046875,181.49359130859375,-1,-1,-1,-1
113,5,854.0938720703125,0.42606401443481445,134.221923828125,166.6627197265625,-1,-1,-1,-1
114,5,860.2575073242188,0.4239501953125,135.55950927734375,157.82244873046875,-1,-1,-1,-1
115,5,861.4534301757812,0.7341833114624023,133.80780029296875,148.4904327392578,-1,-1,-1,-1
116,5,866.0294799804688,1.0419564247131348,132.81085205078125,137.2255859375,-1,-1,-1,-1
117,5,860.8660888671875,-0.020528793334960938,133.37451171875,131.26759338378906,-1,-1,-1,-1
118,5,845.323486328125,-0.8078346252441406,142.62921142578125,123.5654296875,-1,-1,-1,-1
119,5,818.4226684570312,-1.7589168548583984,166.8662109375,117.27613830566406,-1,-1,-1,-1
120,5,772.24951171875,-1.5776896476745605,205.11566162109375,109.20391845703125,-1,-1,-1,-1
121,5,762.8353271484375,-2.8418374061584473,201.96136474609375,108.28958129882812,-1,-1,-1,-1
122,5,808.37109375,0.8393864631652832,140.7645263671875,111.55482482910156,-1,-1,-1,-1
123,5,803.09326171875,0.20231914520263672,131.50567626953125,117.64804077148438,-1,-1,-1,-1
124,5,786.872314453125,-3.7885241508483887,129.3968505859375,119.71766662597656,-1,-1,-1,-1
125,5,766.9461669921875,-34.1607551574707,136.87774658203125,141.00587463378906,-1,-1,-1,-1
126,5,726.2838745117188,-39.292999267578125,146.6009521484375,136.01776123046875,-1,-1,-1,-1
127,5,720.1746826171875,-35.49247360229492,130.74078369140625,119.06552124023438,-1,-1,-1,-1
128,5,701.2504272460938,-26.80316162109375,126.9912109375,93.09889221191406,-1,-1,-1,-1
129,5,688.6600952148438,-9.724595069885254,134.497314453125,66.63829803466797,-1,-1,-1,-1
79,6,730.670166015625,1120.938720703125,472.801025390625,262.9202880859375,-1,-1,-1,-1
80,6,722.4349975585938,1132.77099609375,453.14739990234375,273.14501953125,-1,-1,-1,-1
81,6,733.9475708007812,1133.8800048828125,499.47467041015625,274.244140625,-1,-1,-1,-1
82,6,715.293701171875,1108.8699951171875,578.4390869140625,300.51318359375,-1,-1,-1,-1
83,6,706.0108642578125,1059.6107177734375,640.9384765625,350.349365234375,-1,-1,-1,-1
84,6,745.4178466796875,989.4337158203125,644.682373046875,420.87646484375,-1,-1,-1,-1
85,6,741.2743530273438,972.2966918945312,643.7161254882812,439.29449462890625,-1,-1,-1,-1
86,6,735.88671875,960.7530517578125,661.4163818359375,452.9619140625,-1,-1,-1,-1
87,6,735.4780883789062,917.8739013671875,669.8203735351562,495.808349609375,-1,-1,-1,-1
88,6,734.0284423828125,965.1770629882812,599.6771240234375,452.67376708984375,-1,-1,-1,-1
89,6,729.218505859375,920.3060302734375,664.0762939453125,497.8548583984375,-1,-1,-1,-1
90,6,733.4244995117188,882.0728759765625,647.1492309570312,534.796875,-1,-1,-1,-1
91,6,727.5037841796875,854.495361328125,669.29931640625,559.82080078125,-1,-1,-1,-1
92,6,735.2269287109375,920.0390625,617.18115234375,494.5535888671875,-1,-1,-1,-1
93,6,712.597900390625,861.554443359375,675.4830322265625,549.3931884765625,-1,-1,-1,-1
94,6,717.2120361328125,842.2208862304688,685.511962890625,566.9398803710938,-1,-1,-1,-1
95,6,714.6796875,866.8046875,689.4429931640625,542.7392578125,-1,-1,-1,-1
96,6,715.5696411132812,810.9219360351562,690.9396362304688,597.4338989257812,-1,-1,-1,-1
97,6,723.0709838867188,822.8367919921875,682.3449096679688,584.0330810546875,-1,-1,-1,-1
98,6,709.5689697265625,859.8488159179688,691.416015625,548.5856323242188,-1,-1,-1,-1
99,6,671.5902709960938,826.6453857421875,729.9955444335938,581.2325439453125,-1,-1,-1,-1
100,6,709.9528198242188,818.271728515625,693.9352416992188,589.4696044921875,-1,-1,-1,-1
101,6,657.0279541015625,771.228759765625,748.3333740234375,635.7159423828125,-1,-1,-1,-1
102,6,642.6533203125,818.1629638671875,759.5965576171875,590.3834228515625,-1,-1,-1,-1
103,6,691.3887939453125,807.548583984375,716.2926025390625,601.55517578125,-1,-1,-1,-1
104,6,628.2092895507812,827.7801513671875,779.0338745117188,581.9404296875,-1,-1,-1,-1
105,6,761.2254638671875,867.8379516601562,638.553466796875,540.5879516601562,-1,-1,-1,-1
106,6,759.2200317382812,832.0413818359375,643.9819946289062,575.6630859375,-1,-1,-1,-1
107,6,732.9690551757812,831.0615844726562,675.8933715820312,575.9548950195312,-1,-1,-1,-1
108,6,760.0078735351562,776.0894775390625,651.9328002929688,632.6693115234375,-1,-1,-1,-1
109,6,763.9991455078125,783.3988037109375,646.6455078125,624.167724609375,-1,-1,-1,-1
110,6,763.2922973632812,779.3092651367188,646.0248413085938,628.1458129882812,-1,-1,-1,-1
111,6,773.3314819335938,760.784912109375,635.7271118164062,647.5966796875,-1,-1,-1,-1
112,6,813.0169067382812,780.8026123046875,595.3031616210938,627.81787109375,-1,-1,-1,-1
113,6,823.839111328125,754.2305297851562,582.07568359375,655.6090698242188,-1,-1,-1,-1
114,6,827.67578125,732.261962890625,573.970947265625,677.43408203125,-1,-1,-1,-1
115,6,812.2042846679688,723.6925048828125,590.3895874023438,685.8011474609375,-1,-1,-1,-1
116,6,816.1997680664062,724.4788818359375,589.6527709960938,684.487548828125,-1,-1,-1,-1
117,6,740.89404296875,717.8526000976562,659.16259765625,690.7931518554688,-1,-1,-1,-1
118,6,794.9945068359375,721.9576416015625,601.3692626953125,687.332275390625,-1,-1,-1,-1
119,6,825.148681640625,786.2962646484375,584.50927734375,622.7667236328125,-1,-1,-1,-1
120,6,831.0320434570312,796.03125,578.8601684570312,612.561767578125,-1,-1,-1,-1
121,6,828.0222778320312,782.81640625,586.4618530273438,626.902099609375,-1,-1,-1,-1
122,6,819.2650146484375,870.6180419921875,581.5296630859375,539.851806640625,-1,-1,-1,-1
123,6,813.5040893554688,831.1911010742188,578.1968383789062,578.3737182617188,-1,-1,-1,-1
124,6,605.72216796875,825.2982177734375,747.1002197265625,587.8553466796875,-1,-1,-1,-1
125,6,469.4652099609375,798.10693359375,876.930908203125,610.798828125,-1,-1,-1,-1
126,6,251.41033935546875,733.2921752929688,1110.932373046875,674.6664428710938,-1,-1,-1,-1
127,6,212.3796844482422,731.5629272460938,1159.0755615234375,677.9959106445312,-1,-1,-1,-1
128,6,220.27310180664062,830.4500122070312,1159.2740478515625,578.7866821289062,-1,-1,-1,-1
129,6,145.37869262695312,872.54638671875,1263.6375732421875,534.416748046875,-1,-1,-1,-1
130,6,123.07325744628906,857.8475341796875,1287.212158203125,548.5859375,-1,-1,-1,-1
131,6,126.65774536132812,850.5777587890625,1281.9794921875,554.2015380859375,-1,-1,-1,-1
132,6,97.54054260253906,849.4962158203125,1321.41455078125,555.3197021484375,-1,-1,-1,-1
133,6,85.02392578125,873.9542846679688,1333.852783203125,530.2405395507812,-1,-1,-1,-1
134,6,149.81739807128906,903.662841796875,1269.239013671875,500.3138427734375,-1,-1,-1,-1
135,6,274.7788391113281,883.01513671875,1124.7232666015625,519.42138671875,-1,-1,-1,-1
136,6,287.6098327636719,832.6076049804688,1103.66845703125,573.0494995117188,-1,-1,-1,-1
137,6,441.51947021484375,841.7220458984375,940.5244750976562,565.8958740234375,-1,-1,-1,-1
138,6,515.4405517578125,870.4594116210938,863.3621826171875,537.9712524414062,-1,-1,-1,-1
139,6,605.8776245117188,847.7579345703125,799.8173217773438,561.6556396484375,-1,-1,-1,-1
140,6,549.3453369140625,826.4683837890625,841.781494140625,582.8876953125,-1,-1,-1,-1
141,6,775.602294921875,820.2119750976562,637.5020751953125,587.6832885742188,-1,-1,-1,-1
142,6,822.6064453125,807.26123046875,586.150634765625,600.81982421875,-1,-1,-1,-1
143,6,828.9706420898438,821.0184936523438,581.7376098632812,587.4777221679688,-1,-1,-1,-1
144,6,824.9310913085938,835.6129150390625,584.4934692382812,572.890380859375,-1,-1,-1,-1
145,6,829.1844482421875,792.1468505859375,581.6063232421875,615.7589111328125,-1,-1,-1,-1
146,6,837.5760498046875,809.0926513671875,570.7489013671875,599.0555419921875,-1,-1,-1,-1
147,6,846.1471557617188,742.4027099609375,565.3993530273438,666.656982421875,-1,-1,-1,-1
148,6,826.2515258789062,759.2702026367188,585.0872192382812,649.4229125976562,-1,-1,-1,-1
149,6,821.9841918945312,711.8525390625,593.5582885742188,696.9398193359375,-1,-1,-1,-1
150,6,812.2079467773438,740.7142333984375,607.3544311523438,668.7845458984375,-1,-1,-1,-1
151,6,829.8331909179688,822.9664916992188,561.3593139648438,587.0427856445312,-1,-1,-1,-1
152,6,875.813232421875,873.853271484375,535.206787109375,536.03125,-1,-1,-1,-1
153,6,904.0667724609375,935.634521484375,506.705322265625,473.218505859375,-1,-1,-1,-1
154,6,906.3441162109375,950.1854858398438,507.8956298828125,458.29913330078125,-1,-1,-1,-1
155,6,857.9737548828125,875.4619750976562,554.85546875,535.0446166992188,-1,-1,-1,-1
156,6,813.4097900390625,842.4117431640625,595.897705078125,568.529541015625,-1,-1,-1,-1
157,6,794.0147094726562,824.8939208984375,613.4386596679688,584.4117431640625,-1,-1,-1,-1
158,6,785.13623046875,829.8911743164062,626.6693115234375,579.0816040039062,-1,-1,-1,-1
159,6,794.023193359375,828.4053955078125,625.9366455078125,582.0948486328125,-1,-1,-1,-1
160,6,784.6298217773438,863.2416381835938,627.3811645507812,549.7998657226562,-1,-1,-1,-1
161,6,817.28515625,912.1697387695312,595.2181396484375,500.74505615234375,-1,-1,-1,-1
162,6,812.05419921875,955.768798828125,603.58642578125,455.32763671875,-1,-1,-1,-1
163,6,809.485595703125,980.615966796875,597.6143798828125,431.285400390625,-1,-1,-1,-1
164,6,810.454345703125,1029.8360595703125,628.9119873046875,383.14404296875,-1,-1,-1,-1
165,6,762.030517578125,958.157958984375,692.3642578125,465.1239013671875,-1,-1,-1,-1
156,7,585.18212890625,1126.6817626953125,271.67529296875,284.738037109375,-1,-1,-1,-1
157,7,495.30816650390625,1124.609375,333.47332763671875,286.090087890625,-1,-1,-1,-1
158,7,424.99322509765625,1132.5966796875,397.85552978515625,278.1341552734375,-1,-1,-1,-1
159,7,390.29925537109375,1006.5913696289062,433.42926025390625,404.79168701171875,-1,-1,-1,-1
160,7,412.7462158203125,1033.5020751953125,399.05560302734375,379.239501953125,-1,-1,-1,-1
161,7,421.7578125,1081.87353515625,387.41107177734375,330.267333984375,-1,-1,-1,-1
162,7,421.6946105957031,1135.75830078125,398.6355895996094,277.5166015625,-1,-1,-1,-1
163,7,419.5355224609375,1106.3304443359375,354.0601806640625,304.68017578125,-1,-1,-1,-1
164,8,207.0902557373047,-94.36691284179688,421.521484375,718.498779296875,-1,-1,-1,-1
165,8,181.5362091064453,-76.40859985351562,434.68011474609375,791.435546875,-1,-1,-1,-1
166,8,182.46197509765625,-46.30372619628906,431.26861572265625,820.9783325195312,-1,-1,-1,-1
167,8,156.98822021484375,-16.368858337402344,420.98162841796875,850.6757202148438,-1,-1,-1,-1
168,8,126.77288818359375,0.8959770202636719,412.99969482421875,886.11962890625,-1,-1,-1,-1
169,8,91.00431823730469,31.090713500976562,409.3238525390625,902.3426513671875,-1,-1,-1,-1
170,8,52.96510314941406,55.52818298339844,409.51007080078125,912.8579711914062,-1,-1,-1,-1
171,8,18.90523338317871,81.25332641601562,411.3335876464844,915.2938232421875,-1,-1,-1,-1
172,8,3.05645751953125,108.94517517089844,404.1712951660156,922.837158203125,-1,-1,-1,-1
173,8,1.4650402069091797,144.05349731445312,393.3130798339844,924.688720703125,-1,-1,-1,-1
174,8,1.3144607543945312,175.62960815429688,382.7099609375,943.200927734375,-1,-1,-1,-1
175,8,1.708984375,191.26437377929688,362.8581848144531,905.91259765625,-1,-1,-1,-1
176,8,-0.2556610107421875,230.599365234375,338.144775390625,721.874267578125,-1,-1,-1,-1
177,8,-1.2084636688232422,249.9503631591797,307.2605895996094,719.2193603515625,-1,-1,-1,-1
178,8,-2.613204002380371,280.3197021484375,281.11981201171875,695.3748168945312,-1,-1,-1,-1
179,8,-2.0110645294189453,307.8347473144531,257.3935546875,675.01806640625,-1,-1,-1,-1
180,8,-0.7462244033813477,298.06414794921875,226.69691467285156,687.2125854492188,-1,-1,-1,-1
181,8,-42.979522705078125,368.7774963378906,238.35264587402344,629.6107177734375,-1,-1,-1,-1
182,8,0.12291193008422852,407.51837158203125,170.5821533203125,594.9354858398438,-1,-1,-1,-1
183,8,-37.411460876464844,434.56646728515625,195.51901245117188,567.4851684570312,-1,-1,-1,-1
184,8,-26.263221740722656,426.29376220703125,179.18572998046875,563.8751831054688,-1,-1,-1,-1
186,8,-31.33892059326172,417.68408203125,198.359619140625,530.3939819335938,-1,-1,-1,-1
187,8,-28.94972801208496,404.26995849609375,200.64505004882812,524.8309326171875,-1,-1,-1,-1
167,9,1101.463623046875,193.28152465820312,242.2647705078125,525.148681640625,-1,-1,-1,-1
168,9,1039.982421875,206.96302795410156,235.46630859375,521.1361694335938,-1,-1,-1,-1
169,9,981.4273071289062,238.761962890625,232.90118408203125,494.8660888671875,-1,-1,-1,-1
170,9,934.1240844726562,264.34100341796875,217.23687744140625,467.92364501953125,-1,-1,-1,-1
171,9,896.0367431640625,280.89404296875,205.7044677734375,451.6490478515625,-1,-1,-1,-1
172,9,859.258544921875,286.01580810546875,203.2965087890625,449.75390625,-1,-1,-1,-1
173,9,836.0452270507812,298.4331359863281,196.13043212890625,449.2237243652344,-1,-1,-1,-1
174,9,818.0653686523438,310.6197204589844,183.3419189453125,445.4231262207031,-1,-1,-1,-1
175,9,800.76904296875,327.9242248535156,175.61041259765625,434.5321960449219,-1,-1,-1,-1
176,9,781.26708984375,328.06097412109375,169.66326904296875,442.40447998046875,-1,-1,-1,-1
177,9,763.6503295898438,339.85809326171875,165.30126953125,442.38568115234375,-1,-1,-1,-1
178,9,749.56982421875,351.2333984375,161.80029296875,440.15667724609375,-1,-1,-1,-1
179,9,735.839111328125,360.2337646484375,163.4755859375,442.7027587890625,-1,-1,-1,-1
180,9,719.31298828125,368.599853515625,160.734619140625,440.40631103515625,-1,-1,-1,-1
181,9,699.7838134765625,378.40283203125,157.923583984375,434.90472412109375,-1,-1,-1,-1
182,9,684.4391479492188,386.6291809082031,157.332763671875,437.6502990722656,-1,-1,-1,-1
183,9,674.4478759765625,393.406982421875,155.4931640625,436.337890625,-1,-1,-1,-1
184,9,669.9754638671875,384.97235107421875,160.59136962890625,443.45428466796875,-1,-1,-1,-1
185,9,677.0059204101562,363.53253173828125,160.90972900390625,452.20465087890625,-1,-1,-1,-1
186,9,686.4092407226562,324.8908996582031,168.9268798828125,466.1717224121094,-1,-1,-1,-1
187,9,697.9558715820312,290.4344787597656,177.1187744140625,488.5508117675781,-1,-1,-1,-1
188,9,709.748046875,274.15545654296875,178.813232421875,503.34368896484375,-1,-1,-1,-1
189,9,710.985595703125,265.0736999511719,190.11920166015625,518.5159912109375,-1,-1,-1,-1
190,9,714.2947387695312,260.02752685546875,194.6962890625,528.1473388671875,-1,-1,-1,-1
191,9,709.4957885742188,270.6916198730469,208.73260498046875,526.02294921875,-1,-1,-1,-1
192,9,707.3038330078125,247.4439239501953,227.795654296875,552.3901977539062,-1,-1,-1,-1
193,9,713.4970703125,238.16445922851562,240.82568359375,566.501708984375,-1,-1,-1,-1
194,9,710.5941772460938,231.1314697265625,267.46160888671875,573.603271484375,-1,-1,-1,-1
195,9,697.224609375,213.1476287841797,303.30670166015625,591.7348022460938,-1,-1,-1,-1
196,9,741.8713989257812,212.4714813232422,276.14349365234375,593.9514770507812,-1,-1,-1,-1
197,9,756.3433837890625,204.04676818847656,274.03076171875,600.5448608398438,-1,-1,-1,-1
198,9,753.7744140625,191.67616271972656,297.599609375,620.8679809570312,-1,-1,-1,-1
199,9,781.4434204101562,179.07403564453125,289.76312255859375,632.2445678710938,-1,-1,-1,-1
200,9,800.2462158203125,167.56692504882812,288.04443359375,619.4298095703125,-1,-1,-1,-1
201,9,829.6266479492188,169.58761596679688,278.10394287109375,617.71875,-1,-1,-1,-1
202,9,826.6680297851562,155.64236450195312,316.14727783203125,626.6285400390625,-1,-1,-1,-1
203,9,839.6683349609375,156.3162384033203,335.97802734375,641.3659057617188,-1,-1,-1,-1
204,9,856.8707275390625,148.1278076171875,359.2254638671875,665.5006713867188,-1,-1,-1,-1
205,9,884.819580078125,146.96551513671875,370.6416015625,709.4030151367188,-1,-1,-1,-1
206,9,893.5390625,152.1009979248047,399.40478515625,748.6611938476562,-1,-1,-1,-1
207,9,904.3305053710938,162.51583862304688,456.93206787109375,770.4251708984375,-1,-1,-1,-1
208,9,948.1348266601562,174.9308319091797,460.12261962890625,780.0826416015625,-1,-1,-1,-1
209,9,962.9630737304688,213.42848205566406,443.13800048828125,721.9901123046875,-1,-1,-1,-1
210,9,957.0262451171875,252.3992462158203,451.5054931640625,702.0306396484375,-1,-1,-1,-1
211,9,1008.5153198242188,292.80126953125,396.12628173828125,688.663330078125,-1,-1,-1,-1
212,9,1044.2239990234375,355.5162658691406,361.3939208984375,616.337158203125,-1,-1,-1,-1
213,9,1023.1636352539062,331.2228088378906,380.58087158203125,655.483642578125,-1,-1,-1,-1
214,9,956.327880859375,380.6430969238281,453.6295166015625,607.6461181640625,-1,-1,-1,-1
215,9,1003.4340209960938,394.2989196777344,399.35772705078125,599.108642578125,-1,-1,-1,-1
216,9,856.105712890625,363.25048828125,551.522216796875,623.4766235351562,-1,-1,-1,-1
217,9,839.8209838867188,420.3240966796875,566.9729614257812,562.8003540039062,-1,-1,-1,-1
218,9,862.4581298828125,406.0950927734375,545.8250732421875,582.9093627929688,-1,-1,-1,-1
219,9,863.6770629882812,417.958251953125,536.9686889648438,562.8014526367188,-1,-1,-1,-1
220,9,876.904541015625,426.06011962890625,531.67919921875,572.01171875,-1,-1,-1,-1
221,9,906.8364868164062,456.7527770996094,495.34930419921875,579.35009765625,-1,-1,-1,-1
222,9,843.7415771484375,459.0880126953125,562.0518798828125,608.139892578125,-1,-1,-1,-1
223,9,785.5042114257812,482.2257080078125,626.0739135742188,601.43115234375,-1,-1,-1,-1
224,9,763.4500122070312,494.0379638671875,649.1987915039062,621.38330078125,-1,-1,-1,-1
225,9,877.6918334960938,618.232666015625,535.7839965820312,536.113037109375,-1,-1,-1,-1
226,9,843.0861206054688,594.8748779296875,567.6116333007812,612.0791015625,-1,-1,-1,-1
227,9,768.1974487304688,606.027587890625,640.8170776367188,618.735107421875,-1,-1,-1,-1
228,9,738.9923095703125,653.3170776367188,669.1796875,641.4800415039062,-1,-1,-1,-1
229,9,820.2169189453125,793.2314453125,592.45703125,416.85107421875,-1,-1,-1,-1
230,9,904.9769897460938,914.5552368164062,470.45025634765625,228.74261474609375,-1,-1,-1,-1
231,9,935.5607299804688,906.1558837890625,459.95196533203125,267.7078857421875,-1,-1,-1,-1
201,10,48.9723014831543,888.216064453125,930.6719970703125,518.576171875,-1,-1,-1,-1
202,10,48.705467224121094,864.5512084960938,929.3460693359375,543.3505249023438,-1,-1,-1,-1
203,10,30.449119567871094,848.791748046875,967.142822265625,560.161376953125,-1,-1,-1,-1
204,10,38.18244552612305,841.2503662109375,980.3306274414062,565.1661376953125,-1,-1,-1,-1
205,10,60.54994583129883,853.7423706054688,976.4176025390625,549.5322875976562,-1,-1,-1,-1
206,10,70.43070220947266,894.4478759765625,962.9689331054688,510.4722900390625,-1,-1,-1,-1
207,10,58.99148941040039,803.5696411132812,1008.9500122070312,603.1696166992188,-1,-1,-1,-1
208,10,31.216304779052734,833.935791015625,975.0706176757812,571.588623046875,-1,-1,-1,-1
209,10,33.484500885009766,846.7767333984375,876.456787109375,558.1549072265625,-1,-1,-1,-1
210,10,26.868572235107422,882.1064453125,844.2101440429688,522.3486328125,-1,-1,-1,-1
211,10,10.025871276855469,828.8389892578125,848.845947265625,571.047119140625,-1,-1,-1,-1
212,10,27.124706268310547,779.99560546875,783.168701171875,618.978271484375,-1,-1,-1,-1
213,10,33.296974182128906,696.5016479492188,807.8814086914062,714.5953979492188,-1,-1,-1,-1
214,10,31.271400451660156,742.344482421875,791.2056884765625,663.3173828125,-1,-1,-1,-1
215,10,70.50267028808594,834.1915893554688,745.1193237304688,571.7251586914062,-1,-1,-1,-1
216,10,76.82423400878906,817.5797119140625,726.0216064453125,588.5489501953125,-1,-1,-1,-1
217,10,68.7052001953125,788.4932861328125,756.920166015625,617.52001953125,-1,-1,-1,-1
218,10,71.84455871582031,789.0079956054688,744.5186157226562,617.7785034179688,-1,-1,-1,-1
219,10,110.9913558959961,854.8934326171875,737.9212036132812,552.2291259765625,-1,-1,-1,-1
220,10,42.70603942871094,822.770263671875,768.9542846679688,585.998291015625,-1,-1,-1,-1
221,10,31.627906799316406,803.6409912109375,740.0536499023438,607.5477294921875,-1,-1,-1,-1
222,10,41.63909912109375,790.3124389648438,689.2974853515625,618.9279174804688,-1,-1,-1,-1
223,10,34.18586730957031,741.1287231445312,655.0983276367188,666.3672485351562,-1,-1,-1,-1
224,10,17.339391708374023,726.5228881835938,668.8898315429688,681.2514038085938,-1,-1,-1,-1
225,10,15.969720840454102,695.9696655273438,665.7093505859375,711.9963989257812,-1,-1,-1,-1
226,10,9.906049728393555,696.2986450195312,651.548828125,712.7819213867188,-1,-1,-1,-1
227,10,11.538694381713867,691.1801147460938,648.3357543945312,718.0552368164062,-1,-1,-1,-1
228,10,18.202983856201172,701.8817138671875,611.726318359375,707.0667724609375,-1,-1,-1,-1
229,10,10.626489639282227,710.3673095703125,608.5447998046875,698.115966796875,-1,-1,-1,-1
230,10,5.598726272583008,727.1397094726562,626.0487670898438,681.4513549804688,-1,-1,-1,-1
231,10,1.7226428985595703,739.4810791015625,632.7345581054688,669.5924072265625,-1,-1,-1,-1
232,10,3.5236377716064453,719.8662109375,646.3880004882812,687.99267578125,-1,-1,-1,-1
233,10,2.0922203063964844,711.4993896484375,772.1036987304688,695.987060546875,-1,-1,-1,-1
234,10,-0.5527496337890625,789.7603759765625,787.77880859375,617.6673583984375,-1,-1,-1,-1
235,10,4.905750274658203,730.7743530273438,670.5526733398438,678.9005737304688,-1,-1,-1,-1
236,10,3.5366458892822266,736.1663818359375,645.3570556640625,672.4368896484375,-1,-1,-1,-1
237,10,0.1552276611328125,749.2449951171875,621.3522338867188,661.5927734375,-1,-1,-1,-1
238,10,-3.352264404296875,756.1754150390625,632.30908203125,652.9801025390625,-1,-1,-1,-1
239,10,-0.4395160675048828,726.9337768554688,701.4990234375,680.8416137695312,-1,-1,-1,-1
240,10,3.1573333740234375,719.4705810546875,724.4053344726562,686.736083984375,-1,-1,-1,-1
241,10,-1.1715164184570312,730.3352661132812,760.0985107421875,679.1500854492188,-1,-1,-1,-1
242,10,-1.7821846008300781,772.1209716796875,833.5714721679688,636.431640625,-1,-1,-1,-1
243,10,12.89248275756836,769.4025268554688,909.8929443359375,631.9859008789062,-1,-1,-1,-1
244,10,35.70490264892578,785.2468872070312,1057.7802734375,621.3248901367188,-1,-1,-1,-1
245,10,108.52954864501953,820.4802856445312,977.9317626953125,583.4725952148438,-1,-1,-1,-1
214,11,2.3851966857910156,355.77935791015625,310.1497802734375,353.4742431640625,-1,-1,-1,-1
215,11,1.1053972244262695,351.0052490234375,316.0907287597656,351.4708251953125,-1,-1,-1,-1
216,11,2.942206382751465,346.30914306640625,316.6185607910156,352.89459228515625,-1,-1,-1,-1
217,11,1.2689638137817383,352.45111083984375,314.1985168457031,349.1904296875,-1,-1,-1,-1
218,11,-0.7998619079589844,354.0810241699219,310.3101806640625,354.2585144042969,-1,-1,-1,-1
219,11,0.3840761184692383,371.0194396972656,304.71527099609375,343.6115417480469,-1,-1,-1,-1
220,11,1.0995960235595703,381.19866943359375,301.625244140625,332.78814697265625,-1,-1,-1,-1
221,11,0.6144981384277344,361.75177001953125,299.7478332519531,355.55078125,-1,-1,-1,-1
222,11,1.0783843994140625,354.5538024902344,295.8194580078125,361.4306945800781,-1,-1,-1,-1
223,11,-0.39449119567871094,352.0788269042969,288.5009460449219,364.1291198730469,-1,-1,-1,-1
224,11,0.9543666839599609,347.3359375,282.76007080078125,376.59832763671875,-1,-1,-1,-1
225,11,0.7340154647827148,347.2153625488281,276.0592041015625,371.9568176269531,-1,-1,-1,-1
226,11,0.742344856262207,349.2011413574219,271.0851135253906,373.0914611816406,-1,-1,-1,-1
227,11,0.7968950271606445,349.8531494140625,268.2444763183594,375.91339111328125,-1,-1,-1,-1
228,11,-0.24918842315673828,355.10882568359375,262.7688293457031,371.03948974609375,-1,-1,-1,-1
229,11,-0.73284912109375,362.0898742675781,256.0950164794922,367.5464782714844,-1,-1,-1,-1
230,11,-0.4490518569946289,365.15655517578125,249.63706970214844,366.39666748046875,-1,-1,-1,-1
231,11,0.23749351501464844,358.5472412109375,243.27978515625,378.1988525390625,-1,-1,-1,-1
232,11,1.158761978149414,350.2518310546875,233.73472595214844,392.14984130859375,-1,-1,-1,-1
233,11,1.8754358291625977,364.1433410644531,222.24940490722656,384.3404235839844,-1,-1,-1,-1
234,11,5.061302185058594,388.8240966796875,207.9417724609375,369.6318359375,-1,-1,-1,-1
235,11,3.187986373901367,389.0661926269531,196.29867553710938,382.6853942871094,-1,-1,-1,-1
236,11,3.9009780883789062,309.5501708984375,177.90811157226562,476.1669921875,-1,-1,-1,-1
238,11,-60.175628662109375,228.21658325195312,223.99461364746094,611.1944580078125,-1,-1,-1,-1
234,12,574.5255737304688,1056.701416015625,319.37811279296875,295.1251220703125,-1,-1,-1,-1
235,12,574.8655395507812,1075.4569091796875,292.885009765625,313.8916015625,-1,-1,-1,-1
236,12,575.170654296875,1090.0992431640625,335.255615234375,316.5543212890625,-1,-1,-1,-1
237,12,529.9140014648438,1112.128173828125,425.54974365234375,294.109130859375,-1,-1,-1,-1
238,12,510.74017333984375,1128.388916015625,429.59814453125,276.3101806640625,-1,-1,-1,-1
239,12,428.21856689453125,1139.3594970703125,539.3218383789062,269.65087890625,-1,-1,-1,-1
240,12,334.44854736328125,1138.2059326171875,727.7815551757812,266.44873046875,-1,-1,-1,-1
241,12,243.69464111328125,1074.19677734375,991.9579467773438,333.1083984375,-1,-1,-1,-1
242,12,323.62164306640625,980.4771728515625,899.3925170898438,426.4107666015625,-1,-1,-1,-1
243,12,364.34686279296875,904.3275756835938,844.9645385742188,505.51202392578125,-1,-1,-1,-1
244,12,277.3995056152344,857.8433837890625,935.056884765625,551.4249267578125,-1,-1,-1,-1
245,12,162.71578979492188,846.88720703125,1054.2672119140625,561.521728515625,-1,-1,-1,-1
246,12,123.09162902832031,841.3837890625,1060.2552490234375,565.36083984375,-1,-1,-1,-1
247,12,146.99232482910156,830.5333862304688,942.8040771484375,575.8258666992188,-1,-1,-1,-1
248,12,118.93751525878906,842.20458984375,942.6512451171875,564.7415771484375,-1,-1,-1,-1
249,12,97.0269775390625,833.8403930664062,969.6727294921875,573.7890014648438,-1,-1,-1,-1
250,12,58.095943450927734,828.2869262695312,1008.67919921875,580.3677368164062,-1,-1,-1,-1
251,12,45.76051330566406,858.7760009765625,1001.41259765625,548.7745361328125,-1,-1,-1,-1
252,12,93.27601623535156,857.11962890625,929.08642578125,549.993408203125,-1,-1,-1,-1
253,12,134.14111328125,858.5396728515625,867.2069091796875,548.529296875,-1,-1,-1,-1
254,12,129.74461364746094,871.2221069335938,888.5979614257812,535.7742309570312,-1,-1,-1,-1
255,12,86.63873291015625,860.5887451171875,960.1178588867188,546.52490234375,-1,-1,-1,-1
256,12,90.15293884277344,851.9613647460938,901.15380859375,554.7332153320312,-1,-1,-1,-1
257,12,35.52320861816406,858.825927734375,938.615966796875,548.8997802734375,-1,-1,-1,-1
258,12,45.3682975769043,857.44189453125,906.1488037109375,549.467529296875,-1,-1,-1,-1
259,12,31.838722229003906,842.5362548828125,952.71728515625,563.8927001953125,-1,-1,-1,-1
260,12,18.287033081054688,817.3414306640625,907.719482421875,589.793212890625,-1,-1,-1,-1
261,12,30.77243423461914,759.905517578125,866.3782348632812,647.392822265625,-1,-1,-1,-1
262,12,43.56453323364258,830.381103515625,834.4613647460938,574.623046875,-1,-1,-1,-1
263,12,10.180961608886719,818.3399047851562,865.9277954101562,588.4801635742188,-1,-1,-1,-1
264,12,26.39948272705078,833.02978515625,851.94482421875,574.9775390625,-1,-1,-1,-1
265,12,26.31954574584961,836.86279296875,844.17626953125,571.890869140625,-1,-1,-1,-1
266,12,6.87060546875,808.607421875,865.9274291992188,600.052490234375,-1,-1,-1,-1
267,12,23.529388427734375,813.58251953125,864.1561279296875,594.0810546875,-1,-1,-1,-1
268,12,43.60750198364258,771.6866455078125,874.8258056640625,636.3994140625,-1,-1,-1,-1
269,12,15.519996643066406,801.8546142578125,875.3239135742188,604.816650390625,-1,-1,-1,-1
270,12,13.760711669921875,827.6006469726562,906.19970703125,579.1853637695312,-1,-1,-1,-1
271,12,11.35165023803711,817.9609985351562,918.7542114257812,589.0172729492188,-1,-1,-1,-1
272,12,10.509101867675781,803.9590454101562,969.7272338867188,603.7516479492188,-1,-1,-1,-1
273,12,7.616641998291016,785.9822387695312,970.6701049804688,623.3803100585938,-1,-1,-1,-1
274,12,16.27069091796875,772.55126953125,945.1038208007812,638.8267822265625,-1,-1,-1,-1
275,12,11.948261260986328,752.3553466796875,914.5648803710938,660.011962890625,-1,-1,-1,-1
276,12,8.834033966064453,778.994873046875,988.1436157226562,635.33740234375,-1,-1,-1,-1
277,12,6.433616638183594,740.6541748046875,970.98046875,675.7696533203125,-1,-1,-1,-1
278,12,8.4483642578125,701.2457275390625,1095.0111083984375,714.357666015625,-1,-1,-1,-1
279,12,2.097759246826172,789.49365234375,1093.951416015625,623.399658203125,-1,-1,-1,-1
280,12,112.2486572265625,719.1318359375,1247.472412109375,696.2071533203125,-1,-1,-1,-1
281,12,169.24639892578125,838.58935546875,1247.985107421875,572.7301025390625,-1,-1,-1,-1
282,12,408.08685302734375,846.3494873046875,986.7677612304688,561.236328125,-1,-1,-1,-1
283,12,400.23980712890625,853.0362548828125,997.8859252929688,553.770751953125,-1,-1,-1,-1
284,12,409.70074462890625,881.5111694335938,983.7150268554688,527.3507690429688,-1,-1,-1,-1
285,12,523.498779296875,882.3845825195312,862.9176025390625,523.2667846679688,-1,-1,-1,-1
286,12,462.6321105957031,868.1575317382812,916.074951171875,538.7703247070312,-1,-1,-1,-1
287,12,637.7142333984375,916.6129760742188,748.4561767578125,491.23394775390625,-1,-1,-1,-1
288,12,691.2205200195312,899.8326416015625,654.8971557617188,509.7926025390625,-1,-1,-1,-1
289,12,522.6690063476562,885.3740844726562,865.5629272460938,520.7279663085938,-1,-1,-1,-1
290,12,612.3609008789062,902.6561889648438,763.8818969726562,503.54876708984375,-1,-1,-1,-1
291,12,705.9010620117188,958.4147338867188,669.0314331054688,449.26751708984375,-1,-1,-1,-1
292,12,738.6849975585938,1006.8838500976562,643.9904174804688,402.41925048828125,-1,-1,-1,-1
293,12,698.9291381835938,912.50244140625,690.6791381835938,502.7103271484375,-1,-1,-1,-1
294,12,689.6376953125,968.051513671875,711.1328125,442.5517578125,-1,-1,-1,-1
295,12,691.081787109375,986.092529296875,699.5589599609375,421.458740234375,-1,-1,-1,-1
296,12,724.6675415039062,1000.2537231445312,673.0878295898438,407.88128662109375,-1,-1,-1,-1
297,12,734.7135620117188,983.9415283203125,657.4359741210938,426.010498046875,-1,-1,-1,-1
298,12,716.64794921875,956.7512817382812,678.0853271484375,452.14996337890625,-1,-1,-1,-1
299,12,607.66748046875,915.681884765625,785.9893798828125,493.9208984375,-1,-1,-1,-1
300,12,643.9613647460938,933.3966064453125,741.9224243164062,476.42822265625,-1,-1,-1,-1
301,12,515.5311279296875,897.2811889648438,875.6982421875,510.37542724609375,-1,-1,-1,-1
302,12,468.4773864746094,881.9468383789062,928.7607421875,526.1825561523438,-1,-1,-1,-1
303,12,546.5659790039062,854.8146362304688,851.1708374023438,554.3408813476562,-1,-1,-1,-1
304,12,604.38037109375,854.7398681640625,790.876220703125,555.849609375,-1,-1,-1,-1
305,12,772.72900390625,852.4513549804688,624.694091796875,557.9317016601562,-1,-1,-1,-1
306,12,794.0379028320312,835.7008666992188,612.3059692382812,581.2669067382812,-1,-1,-1,-1
307,12,792.7638549804688,815.1011352539062,611.8372192382812,605.3159790039062,-1,-1,-1,-1
308,12,784.0955810546875,805.3115234375,613.7320556640625,610.939697265625,-1,-1,-1,-1
309,12,781.186279296875,805.2296142578125,616.2852783203125,607.4727783203125,-1,-1,-1,-1
310,12,779.7911376953125,795.3382568359375,621.2171630859375,624.34716796875,-1,-1,-1,-1
311,12,776.7105712890625,788.6865234375,626.3648681640625,637.440673828125,-1,-1,-1,-1
312,12,773.4874267578125,760.3771362304688,627.40380859375,660.8474731445312,-1,-1,-1,-1
313,12,774.2691650390625,762.4547729492188,624.897705078125,658.1653442382812,-1,-1,-1,-1
314,12,768.5131225585938,761.5643310546875,629.9102172851562,664.4002685546875,-1,-1,-1,-1
315,12,768.9923706054688,789.58203125,633.4031372070312,630.910888671875,-1,-1,-1,-1
316,12,766.6715087890625,755.7655029296875,631.8807373046875,660.33203125,-1,-1,-1,-1
317,12,766.3348388671875,766.9307250976562,631.9390869140625,651.4124145507812,-1,-1,-1,-1
318,12,765.1070556640625,768.2582397460938,632.7720947265625,648.7332153320312,-1,-1,-1,-1
319,12,763.4554443359375,747.1947021484375,632.2188720703125,670.553466796875,-1,-1,-1,-1
320,12,769.5408935546875,767.5400390625,633.968505859375,651.045166015625,-1,-1,-1,-1
321,12,764.5164184570312,773.4075317382812,636.4557495117188,643.9570922851562,-1,-1,-1,-1
322,12,760.8565063476562,769.1272583007812,641.0067749023438,647.5436401367188,-1,-1,-1,-1
323,12,763.6299438476562,779.3223266601562,640.6697387695312,640.0116577148438,-1,-1,-1,-1
324,12,765.1900634765625,774.232666015625,638.4019775390625,641.6785888671875,-1,-1,-1,-1
325,12,767.7954711914062,779.784912109375,637.2907104492188,634.6812744140625,-1,-1,-1,-1
326,12,765.5798950195312,767.012451171875,637.1364135742188,647.8990478515625,-1,-1,-1,-1
327,12,770.9818115234375,779.6017456054688,629.309814453125,636.0781860351562,-1,-1,-1,-1
328,12,771.6678466796875,758.4463500976562,629.6343994140625,657.3084106445312,-1,-1,-1,-1
329,12,769.5123901367188,758.0160522460938,633.7463989257812,658.3495483398438,-1,-1,-1,-1
330,12,766.753173828125,746.9086303710938,636.810302734375,667.4830932617188,-1,-1,-1,-1
331,12,768.1202392578125,758.1558837890625,636.0186767578125,658.5289306640625,-1,-1,-1,-1
332,12,773.2750244140625,754.284912109375,628.384521484375,663.2105712890625,-1,-1,-1,-1
333,12,769.427978515625,749.6122436523438,634.3289794921875,672.9556274414062,-1,-1,-1,-1
334,12,787.835693359375,765.9189453125,616.5657958984375,653.6925048828125,-1,-1,-1,-1
335,12,765.2084350585938,769.6773071289062,639.7334594726562,649.8126831054688,-1,-1,-1,-1
336,12,757.0390014648438,740.5420532226562,647.5751342773438,681.2368774414062,-1,-1,-1,-1
337,12,755.9580078125,778.7528076171875,649.05615234375,636.653076171875,-1,-1,-1,-1
338,12,756.212890625,789.3487548828125,649.7525634765625,624.3350830078125,-1,-1,-1,-1
339,12,763.3228759765625,793.728515625,643.2052001953125,624.1356201171875,-1,-1,-1,-1
340,12,753.40478515625,791.1693725585938,652.56298828125,624.6253051757812,-1,-1,-1,-1
341,12,758.3638305664062,788.6126708984375,643.3493041992188,624.7642822265625,-1,-1,-1,-1
342,12,751.8760375976562,777.1046752929688,651.4550170898438,638.4064331054688,-1,-1,-1,-1
343,12,765.9835815429688,769.462158203125,636.5077514648438,643.40966796875,-1,-1,-1,-1
344,12,766.6866455078125,760.6511840820312,638.5047607421875,655.1088256835938,-1,-1,-1,-1
345,12,766.3079833984375,748.4320068359375,639.6522216796875,672.8182373046875,-1,-1,-1,-1
346,12,770.103515625,761.17333984375,643.1539306640625,665.169921875,-1,-1,-1,-1
347,12,779.7369384765625,805.2944946289062,631.53564453125,620.4010620117188,-1,-1,-1,-1
348,12,785.7105102539062,827.7518920898438,623.3814086914062,591.5531616210938,-1,-1,-1,-1
349,12,790.849365234375,817.9241333007812,617.338623046875,600.1373901367188,-1,-1,-1,-1
350,12,792.9649047851562,730.3097534179688,622.1527709960938,695.8092651367188,-1,-1,-1,-1
351,12,793.4263916015625,723.9393920898438,622.2333984375,704.0917358398438,-1,-1,-1,-1
352,12,794.8515014648438,715.3928833007812,623.0641479492188,712.0855102539062,-1,-1,-1,-1
353,12,797.318115234375,703.8944091796875,618.7471923828125,718.101806640625,-1,-1,-1,-1
354,12,799.490478515625,692.9738159179688,615.7838134765625,734.4302368164062,-1,-1,-1,-1
355,12,806.8956298828125,656.4441528320312,611.2315673828125,772.0538940429688,-1,-1,-1,-1
356,12,809.034423828125,661.8617553710938,610.2818603515625,764.8213500976562,-1,-1,-1,-1
357,12,809.07568359375,674.1402587890625,605.402587890625,752.5994873046875,-1,-1,-1,-1
358,12,811.9774169921875,679.2842407226562,600.866943359375,745.7135620117188,-1,-1,-1,-1
359,12,811.13037109375,691.4995727539062,605.0517578125,733.3301391601562,-1,-1,-1,-1
360,12,805.5181884765625,704.0919189453125,608.18603515625,720.88134765625,-1,-1,-1,-1
361,12,808.5419921875,753.8201293945312,600.7340087890625,660.6714477539062,-1,-1,-1,-1
362,12,806.4132080078125,748.643310546875,595.0390625,666.568359375,-1,-1,-1,-1
363,12,793.690185546875,760.38720703125,613.955078125,650.7974853515625,-1,-1,-1,-1
364,12,805.9481811523438,792.3223266601562,602.0242309570312,618.1771850585938,-1,-1,-1,-1
365,12,801.3801879882812,800.0139770507812,612.0438842773438,612.0717163085938,-1,-1,-1,-1
366,12,799.8595581054688,796.6666259765625,605.6216430664062,611.545654296875,-1,-1,-1,-1
367,12,805.9769287109375,778.5150146484375,601.5677490234375,629.486572265625,-1,-1,-1,-1
368,12,792.15673828125,792.7215576171875,583.375732421875,615.869873046875,-1,-1,-1,-1
369,12,795.8743896484375,583.4443359375,619.8516845703125,827.76953125,-1,-1,-1,-1
370,12,778.3583984375,500.9167785644531,688.8114013671875,912.89599609375,-1,-1,-1,-1
371,12,772.7398681640625,506.1451110839844,646.4818115234375,903.797607421875,-1,-1,-1,-1
372,12,774.7118530273438,446.1087646484375,633.6569213867188,963.4171142578125,-1,-1,-1,-1
373,12,750.9255981445312,422.855224609375,696.6765747070312,993.653076171875,-1,-1,-1,-1
374,12,748.7579345703125,367.4359436035156,722.33837890625,1046.022216796875,-1,-1,-1,-1
375,12,484.25958251953125,405.5772705078125,1010.1055297851562,1006.985595703125,-1,-1,-1,-1
376,12,302.2786560058594,442.0387268066406,1084.6409912109375,977.0391845703125,-1,-1,-1,-1
377,12,332.3243103027344,514.0845336914062,1023.5758056640625,899.9069213867188,-1,-1,-1,-1
378,12,321.68426513671875,616.3447265625,949.8214721679688,794.865234375,-1,-1,-1,-1
379,12,265.77008056640625,652.5686645507812,1021.0139770507812,759.1084594726562,-1,-1,-1,-1
380,12,281.6356201171875,703.1903076171875,915.9127197265625,713.453369140625,-1,-1,-1,-1
381,12,355.44049072265625,653.5501098632812,954.9982299804688,758.6530151367188,-1,-1,-1,-1
382,12,304.8238525390625,669.0794067382812,1019.5223388671875,749.4341430664062,-1,-1,-1,-1
383,12,333.58282470703125,706.8017578125,1044.51416015625,728.826416015625,-1,-1,-1,-1
384,12,440.7885437011719,791.8929443359375,792.0889892578125,619.8643798828125,-1,-1,-1,-1
385,12,536.4496459960938,783.332763671875,683.8932495117188,627.192626953125,-1,-1,-1,-1
386,12,551.5712280273438,827.5641479492188,654.5739135742188,579.9490356445312,-1,-1,-1,-1
387,12,451.766357421875,835.0402221679688,785.753662109375,573.4922485351562,-1,-1,-1,-1
388,12,633.7784423828125,817.052490234375,758.990234375,590.46142578125,-1,-1,-1,-1
389,12,764.9044189453125,783.8152465820312,629.2091064453125,625.5106811523438,-1,-1,-1,-1
390,12,769.2051391601562,771.548095703125,624.8909301757812,637.268798828125,-1,-1,-1,-1
391,12,769.4719848632812,788.6377563476562,624.0448608398438,621.4874877929688,-1,-1,-1,-1
392,12,771.6119384765625,782.5317993164062,601.1270751953125,626.4393920898438,-1,-1,-1,-1
393,12,766.1713256835938,786.368896484375,612.7921752929688,621.9422607421875,-1,-1,-1,-1
394,12,771.6058349609375,786.1763916015625,608.925048828125,622.2373046875,-1,-1,-1,-1
395,12,767.0663452148438,752.664794921875,607.5910034179688,656.3720703125,-1,-1,-1,-1
396,12,761.22021484375,723.103759765625,628.3575439453125,688.3358154296875,-1,-1,-1,-1
397,12,631.4351196289062,771.1949462890625,752.6609497070312,639.284423828125,-1,-1,-1,-1
398,12,543.0753784179688,723.9736328125,834.4839477539062,687.1378173828125,-1,-1,-1,-1
399,12,482.67413330078125,715.8294067382812,794.8334350585938,694.6060180664062,-1,-1,-1,-1
400,12,488.19378662109375,756.262451171875,835.6199340820312,654.95947265625,-1,-1,-1,-1
401,12,479.08807373046875,737.53857421875,831.6603393554688,672.141357421875,-1,-1,-1,-1
402,12,469.43023681640625,741.8990478515625,907.0000610351562,668.1632080078125,-1,-1,-1,-1
403,12,465.6771545410156,732.636474609375,852.8226318359375,677.2900390625,-1,-1,-1,-1
404,12,454.7929382324219,716.652587890625,852.4527587890625,692.6441650390625,-1,-1,-1,-1
405,12,451.3797302246094,747.4712524414062,854.166015625,661.6942749023438,-1,-1,-1,-1
406,12,451.9255676269531,767.24072265625,873.9853515625,642.7628173828125,-1,-1,-1,-1
407,12,470.9454040527344,756.2098388671875,859.83056640625,653.53271484375,-1,-1,-1,-1
408,12,495.3581848144531,746.915283203125,812.62255859375,662.183349609375,-1,-1,-1,-1
409,12,501.958740234375,747.8442993164062,821.16259765625,662.6229858398438,-1,-1,-1,-1
410,12,517.2211303710938,748.140625,786.0496215820312,661.6871337890625,-1,-1,-1,-1
411,12,511.5234680175781,757.6516723632812,832.486083984375,651.7838745117188,-1,-1,-1,-1
412,12,513.3606567382812,745.194091796875,809.4918823242188,664.578857421875,-1,-1,-1,-1
413,12,509.9591369628906,740.3236694335938,844.9163818359375,669.4923706054688,-1,-1,-1,-1
414,12,510.1710510253906,753.5850830078125,821.931396484375,656.5609130859375,-1,-1,-1,-1
415,12,509.38055419921875,766.20458984375,801.5005493164062,642.288818359375,-1,-1,-1,-1
416,12,510.8216552734375,778.3053588867188,796.2989501953125,629.4526977539062,-1,-1,-1,-1
417,12,516.7315673828125,770.8207397460938,836.468994140625,637.3027954101562,-1,-1,-1,-1
418,12,525.6824951171875,752.1090087890625,794.18505859375,656.6781005859375,-1,-1,-1,-1
419,12,515.127197265625,776.4413452148438,796.2586669921875,631.0997924804688,-1,-1,-1,-1
420,12,504.97540283203125,744.533935546875,820.2141723632812,664.9100341796875,-1,-1,-1,-1
421,12,508.0460510253906,753.84033203125,826.6397705078125,654.36376953125,-1,-1,-1,-1
422,12,509.45294189453125,753.2604370117188,810.8806762695312,656.0852661132812,-1,-1,-1,-1
423,12,522.7835083007812,762.0191650390625,828.6676635742188,646.753662109375,-1,-1,-1,-1
424,12,511.3067626953125,754.313720703125,849.6922607421875,655.1141357421875,-1,-1,-1,-1
425,12,513.7943115234375,751.7793579101562,807.91162109375,657.2944946289062,-1,-1,-1,-1
426,12,512.9739685058594,752.4708251953125,825.1669921875,656.7491455078125,-1,-1,-1,-1
427,12,510.80517578125,754.6136474609375,803.7032470703125,654.0140380859375,-1,-1,-1,-1
428,12,509.3258056640625,760.1461791992188,801.9794921875,649.4970092773438,-1,-1,-1,-1
429,12,519.2000122070312,788.8456420898438,800.0515747070312,620.3767700195312,-1,-1,-1,-1
430,12,526.720947265625,769.0467529296875,830.3795166015625,640.41162109375,-1,-1,-1,-1
431,12,522.9776611328125,790.822265625,837.980224609375,618.2362060546875,-1,-1,-1,-1
432,12,545.7190551757812,788.824951171875,812.4631958007812,620.7542724609375,-1,-1,-1,-1
433,12,538.9971313476562,787.2779541015625,825.1771850585938,623.2125244140625,-1,-1,-1,-1
434,12,521.1815185546875,776.1840209960938,820.2740478515625,633.1315307617188,-1,-1,-1,-1
435,12,546.3377075195312,800.0873413085938,821.8162231445312,609.2008666992188,-1,-1,-1,-1
436,12,534.5767211914062,789.248291015625,821.6609497070312,621.4462890625,-1,-1,-1,-1
437,12,520.5924072265625,799.583984375,839.44580078125,609.6507568359375,-1,-1,-1,-1
438,12,520.1068725585938,809.6513671875,806.3109741210938,600.014892578125,-1,-1,-1,-1
439,12,525.286376953125,768.4962158203125,828.484130859375,641.26611328125,-1,-1,-1,-1
440,12,513.3764038085938,785.0728759765625,814.6668090820312,623.942626953125,-1,-1,-1,-1
441,12,526.9317626953125,823.8546142578125,787.53662109375,584.632080078125,-1,-1,-1,-1
442,12,526.0700073242188,783.21875,808.1618041992188,625.9393310546875,-1,-1,-1,-1
443,12,538.17822265625,791.311767578125,775.65673828125,617.94873046875,-1,-1,-1,-1
444,12,527.1226196289062,803.5031127929688,834.5613403320312,606.0464477539062,-1,-1,-1,-1
445,12,509.7481994628906,817.839111328125,812.697509765625,591.1494140625,-1,-1,-1,-1
446,12,509.0509948730469,812.1945190429688,793.384521484375,597.9340209960938,-1,-1,-1,-1
447,12,522.8990478515625,840.5813598632812,777.3538818359375,569.6803588867188,-1,-1,-1,-1
448,12,534.3262939453125,809.056396484375,749.0802001953125,602.862060546875,-1,-1,-1,-1
449,12,701.1679077148438,816.8610229492188,750.2424926757812,598.3535766601562,-1,-1,-1,-1
450,12,825.662109375,819.8416748046875,589.7786865234375,591.6273193359375,-1,-1,-1,-1
451,12,779.3374633789062,603.9317016601562,686.9662475585938,813.0342407226562,-1,-1,-1,-1
452,12,776.29541015625,552.8409423828125,672.308349609375,862.2388916015625,-1,-1,-1,-1
453,12,790.8073120117188,435.24822998046875,699.6900024414062,977.5803833007812,-1,-1,-1,-1
454,12,760.5816040039062,458.87164306640625,736.1992797851562,963.6572875976562,-1,-1,-1,-1
455,12,734.7034912109375,424.09014892578125,741.944091796875,994.2592163085938,-1,-1,-1,-1
456,12,498.86981201171875,368.22210693359375,904.2555541992188,1006.5978393554688,-1,-1,-1,-1
457,12,525.83837890625,225.69711303710938,884.4923095703125,1094.9259033203125,-1,-1,-1,-1
458,12,523.8560791015625,255.51116943359375,878.07177734375,1063.25146484375,-1,-1,-1,-1
459,12,515.16455078125,287.71875,885.3331298828125,1057.3250732421875,-1,-1,-1,-1
460,12,516.75732421875,304.1173400878906,881.1231689453125,1060.910400390625,-1,-1,-1,-1
461,12,497.4959716796875,318.35791015625,887.763916015625,1093.00537109375,-1,-1,-1,-1
462,12,499.28424072265625,335.9154357910156,854.0211791992188,1074.32666015625,-1,-1,-1,-1
463,12,738.7922973632812,378.5763854980469,648.3853149414062,650.8001708984375,-1,-1,-1,-1
464,12,860.2049560546875,381.5379638671875,533.42431640625,653.2178955078125,-1,-1,-1,-1
465,12,869.5202026367188,385.463134765625,514.4851684570312,647.6099853515625,-1,-1,-1,-1
466,12,855.8671264648438,387.41082763671875,522.0532836914062,645.7212524414062,-1,-1,-1,-1
467,12,861.0106201171875,385.1429443359375,520.934326171875,644.6927490234375,-1,-1,-1,-1
468,12,865.240966796875,382.4907531738281,515.0712890625,644.7996826171875,-1,-1,-1,-1
469,12,876.4196166992188,391.41900634765625,500.62188720703125,627.898193359375,-1,-1,-1,-1
470,12,873.700927734375,378.6822204589844,509.734375,636.1080322265625,-1,-1,-1,-1
471,12,865.15966796875,361.0762023925781,530.036865234375,651.487060546875,-1,-1,-1,-1
472,12,882.29345703125,355.010009765625,516.060302734375,646.6029052734375,-1,-1,-1,-1
473,12,877.137939453125,341.00555419921875,526.973876953125,654.2332153320312,-1,-1,-1,-1
474,12,866.3831787109375,334.7193908691406,538.756591796875,651.1790771484375,-1,-1,-1,-1
475,12,859.1732177734375,320.84759521484375,535.6507568359375,645.5302124023438,-1,-1,-1,-1
476,12,858.9950561523438,308.8961181640625,510.03717041015625,643.1709594726562,-1,-1,-1,-1
477,12,815.2987670898438,297.1765441894531,539.0966186523438,656.81689453125,-1,-1,-1,-1
478,12,818.6277465820312,291.5075988769531,503.81329345703125,647.7734375,-1,-1,-1,-1
479,12,804.44482421875,282.1036682128906,509.734130859375,667.398681640625,-1,-1,-1,-1
480,12,792.5588989257812,276.525390625,514.0584106445312,636.6985473632812,-1,-1,-1,-1
481,12,782.9309692382812,269.2106018066406,511.90814208984375,647.1185302734375,-1,-1,-1,-1
482,12,798.2157592773438,271.1724548339844,487.29595947265625,643.5062255859375,-1,-1,-1,-1
483,12,787.1080932617188,263.1271057128906,500.28021240234375,631.2152099609375,-1,-1,-1,-1
484,12,798.7056274414062,263.1406555175781,487.66290283203125,646.7310791015625,-1,-1,-1,-1
485,12,792.6893310546875,263.7852783203125,500.22119140625,643.133056640625,-1,-1,-1,-1
486,12,783.0703735351562,244.52708435058594,521.0977172851562,664.2543334960938,-1,-1,-1,-1
487,12,796.611572265625,232.47406005859375,541.89306640625,679.6155395507812,-1,-1,-1,-1
488,12,806.4807739257812,219.583251953125,569.4343872070312,691.04638671875,-1,-1,-1,-1
489,12,805.5454711914062,200.72805786132812,600.0997924804688,710.1805419921875,-1,-1,-1,-1
490,12,803.5164184570312,191.05120849609375,613.8754272460938,754.672119140625,-1,-1,-1,-1
491,12,791.7913208007812,166.66690063476562,625.9315795898438,823.244873046875,-1,-1,-1,-1
492,12,791.97509765625,149.38548278808594,623.26708984375,879.942138671875,-1,-1,-1,-1
493,12,789.673095703125,135.62322998046875,624.9505615234375,918.4335327148438,-1,-1,-1,-1
494,12,757.7953491210938,115.06159973144531,659.6571655273438,874.5093383789062,-1,-1,-1,-1
495,12,752.1326904296875,108.24706268310547,665.7322998046875,892.5438232421875,-1,-1,-1,-1
496,12,624.3626098632812,101.92105102539062,784.8508911132812,888.0782470703125,-1,-1,-1,-1
497,12,691.3197021484375,78.93960571289062,719.8668212890625,890.679443359375,-1,-1,-1,-1
498,12,719.9722900390625,59.7530517578125,689.5631103515625,933.5332641601562,-1,-1,-1,-1
499,12,782.719482421875,32.30244064331055,625.415283203125,922.23974609375,-1,-1,-1,-1
500,12,757.7676391601562,60.46984100341797,654.9091186523438,904.9600830078125,-1,-1,-1,-1
501,12,741.6030883789062,70.58432006835938,667.5503540039062,891.371337890625,-1,-1,-1,-1
502,12,715.8128662109375,83.31491088867188,695.51513671875,895.037109375,-1,-1,-1,-1
503,12,679.97705078125,107.2255859375,730.98291015625,855.6263427734375,-1,-1,-1,-1
504,12,688.4188842773438,120.67489624023438,722.9247436523438,792.520751953125,-1,-1,-1,-1
505,12,761.835205078125,159.04669189453125,652.6416015625,674.6609497070312,-1,-1,-1,-1
506,12,752.6831665039062,224.5378875732422,674.1714477539062,570.5100708007812,-1,-1,-1,-1
507,12,816.5535888671875,302.6611328125,610.084228515625,497.611572265625,-1,-1,-1,-1
508,12,839.6021118164062,346.10552978515625,579.0408325195312,456.825927734375,-1,-1,-1,-1
509,12,845.827392578125,339.18798828125,572.5904541015625,597.7999267578125,-1,-1,-1,-1
510,12,772.179443359375,409.2829284667969,644.7520751953125,586.1568603515625,-1,-1,-1,-1
511,12,755.0679931640625,405.5972900390625,646.338623046875,804.024169921875,-1,-1,-1,-1
512,12,699.3558959960938,403.21856689453125,705.9243774414062,1007.4083862304688,-1,-1,-1,-1
513,12,673.5444946289062,481.92138671875,738.8500366210938,929.125,-1,-1,-1,-1
514,12,522.198486328125,561.4332275390625,884.306396484375,850.0760498046875,-1,-1,-1,-1
515,12,483.79205322265625,815.5296630859375,871.2913208007812,592.5333251953125,-1,-1,-1,-1
272,13,1.8647775650024414,103.26512145996094,236.38584899902344,576.6051635742188,-1,-1,-1,-1
273,13,2.262144088745117,52.908809661865234,274.79681396484375,591.1740112304688,-1,-1,-1,-1
274,13,20.76340103149414,50.57120895385742,292.0437927246094,558.0894165039062,-1,-1,-1,-1
275,13,62.81896209716797,23.01076316833496,284.3662109375,541.5795288085938,-1,-1,-1,-1
276,13,93.88203430175781,7.115053176879883,280.37841796875,513.895751953125,-1,-1,-1,-1
277,13,116.18606567382812,-2.697347640991211,273.4428405761719,489.0671081542969,-1,-1,-1,-1
278,13,137.27688598632812,0.6544876098632812,264.9899597167969,463.55914306640625,-1,-1,-1,-1
279,13,170.46917724609375,10.976932525634766,245.37591552734375,439.64129638671875,-1,-1,-1,-1
280,13,199.2354278564453,2.937643051147461,246.15431213378906,433.4827880859375,-1,-1,-1,-1
281,13,247.96356201171875,-1.029266357421875,233.3736572265625,420.2915954589844,-1,-1,-1,-1
282,13,295.61334228515625,-3.620126724243164,229.5653076171875,407.1854248046875,-1,-1,-1,-1
283,13,339.9700622558594,-0.394805908203125,223.88662719726562,398.8447570800781,-1,-1,-1,-1
284,13,381.4688415527344,-1.8537712097167969,214.49459838867188,398.4854736328125,-1,-1,-1,-1
285,13,411.507080078125,0.9920063018798828,210.68218994140625,396.32904052734375,-1,-1,-1,-1
286,13,423.2731628417969,-4.79473876953125,220.95291137695312,405.2083435058594,-1,-1,-1,-1
287,13,430.10650634765625,-6.774364471435547,256.02691650390625,414.58648681640625,-1,-1,-1,-1
288,13,458.4417724609375,-5.821435928344727,236.4344482421875,422.2970886230469,-1,-1,-1,-1
289,13,467.60321044921875,-4.67926025390625,238.27728271484375,423.30242919921875,-1,-1,-1,-1
290,13,469.6166076660156,-2.0933303833007812,245.81643676757812,447.6415710449219,-1,-1,-1,-1
291,13,479.66583251953125,-3.184480667114258,246.65777587890625,445.79376220703125,-1,-1,-1,-1
292,13,482.0623474121094,-1.4269371032714844,230.78182983398438,456.9315490722656,-1,-1,-1,-1
293,13,499.92401123046875,-4.069158554077148,213.5411376953125,456.60565185546875,-1,-1,-1,-1
294,13,505.0591125488281,-22.310232162475586,235.34072875976562,468.0846862792969,-1,-1,-1,-1
295,13,510.5215148925781,-38.59977340698242,245.33468627929688,478.30181884765625,-1,-1,-1,-1
296,13,522.1471557617188,-26.469242095947266,251.49407958984375,456.18768310546875,-1,-1,-1,-1
297,13,534.7388916015625,-45.27663040161133,259.38201904296875,453.3578796386719,-1,-1,-1,-1
298,13,539.1057739257812,-7.709291458129883,255.92303466796875,410.844970703125,-1,-1,-1,-1
299,13,550.683837890625,-4.170726776123047,266.12274169921875,390.8189392089844,-1,-1,-1,-1
300,13,569.6939086914062,-5.482595443725586,268.50482177734375,380.4832458496094,-1,-1,-1,-1
301,13,581.8480224609375,-0.8677768707275391,272.0584716796875,345.35736083984375,-1,-1,-1,-1
302,13,599.5421142578125,4.494609832763672,255.8450927734375,326.4075927734375,-1,-1,-1,-1
303,13,611.6371459960938,2.3314123153686523,263.66339111328125,292.528564453125,-1,-1,-1,-1
304,13,613.0341796875,2.3502845764160156,247.2593994140625,276.1690368652344,-1,-1,-1,-1
305,13,639.0072631835938,3.843438148498535,212.5272216796875,272.0184631347656,-1,-1,-1,-1
306,13,627.9459228515625,3.175093650817871,225.6055908203125,271.5846252441406,-1,-1,-1,-1
307,13,640.8219604492188,5.106012344360352,201.461669921875,263.5840759277344,-1,-1,-1,-1
308,13,643.0006713867188,3.793797492980957,192.730712890625,253.0447540283203,-1,-1,-1,-1
309,13,659.6644287109375,3.462625503540039,178.31427001953125,247.46484375,-1,-1,-1,-1
310,13,677.4495849609375,0.829625129699707,178.5157470703125,240.78427124023438,-1,-1,-1,-1
311,13,696.8522338867188,1.0542144775390625,180.771484375,240.3896484375,-1,-1,-1,-1
312,13,710.6904296875,1.8337364196777344,196.6873779296875,241.24215698242188,-1,-1,-1,-1
313,13,718.994873046875,3.6540441513061523,201.85760498046875,239.3128662109375,-1,-1,-1,-1
314,13,715.7202758789062,3.2672414779663086,225.62353515625,264.7076110839844,-1,-1,-1,-1
315,13,708.555908203125,1.5733118057250977,239.70318603515625,266.62451171875,-1,-1,-1,-1
321,13,636.8535766601562,-62.22979736328125,375.05621337890625,351.8313293457031,-1,-1,-1,-1
448,14,291.3069763183594,10.161491394042969,411.6545104980469,443.3631591796875,-1,-1,-1,-1
449,14,309.3603210449219,53.72053527832031,429.6069641113281,470.22015380859375,-1,-1,-1,-1
450,14,309.6468811035156,122.03547668457031,396.5950622558594,450.26654052734375,-1,-1,-1,-1
451,14,294.7320556640625,181.8220672607422,380.368896484375,442.343017578125,-1,-1,-1,-1
452,14,288.40777587890625,234.4804229736328,346.22930908203125,440.18994140625,-1,-1,-1,-1
453,14,264.73077392578125,292.73187255859375,343.470947265625,395.56463623046875,-1,-1,-1,-1
454,14,230.5626678466797,342.265869140625,346.3203125,403.3050537109375,-1,-1,-1,-1
455,14,206.05010986328125,410.97357177734375,338.1070556640625,344.23565673828125,-1,-1,-1,-1
456,14,190.16708374023438,425.4570617675781,332.1720275878906,364.7996520996094,-1,-1,-1,-1
457,14,173.89393615722656,466.658203125,332.0545654296875,354.04644775390625,-1,-1,-1,-1
458,14,168.1949005126953,502.2084045410156,324.53570556640625,353.0007629394531,-1,-1,-1,-1
459,14,173.5416259765625,534.5528564453125,315.7041931152344,345.79168701171875,-1,-1,-1,-1
460,14,164.82696533203125,559.7547607421875,310.5626220703125,332.74554443359375,-1,-1,-1,-1
461,14,160.3582305908203,570.8995971679688,309.286376953125,335.54583740234375,-1,-1,-1,-1
462,14,157.12905883789062,600.3207397460938,315.9954528808594,329.96002197265625,-1,-1,-1,-1
463,14,156.8225555419922,611.0099487304688,307.57525634765625,328.07879638671875,-1,-1,-1,-1
464,14,160.99203491210938,622.2744140625,298.9067077636719,329.719482421875,-1,-1,-1,-1
465,14,169.71546936035156,650.5555419921875,298.0357666015625,308.1571044921875,-1,-1,-1,-1
466,14,165.3546600341797,634.141357421875,310.28497314453125,327.5235595703125,-1,-1,-1,-1
467,14,170.1110076904297,633.4386596679688,307.63824462890625,326.14013671875,-1,-1,-1,-1
468,14,175.77638244628906,625.4308471679688,300.30914306640625,343.89935302734375,-1,-1,-1,-1
469,14,175.63623046875,618.3208618164062,300.733154296875,336.46978759765625,-1,-1,-1,-1
470,14,177.53683471679688,618.4883422851562,301.7197570800781,333.3760986328125,-1,-1,-1,-1
471,14,177.9383087158203,619.7997436523438,309.55743408203125,316.89654541015625,-1,-1,-1,-1
472,14,177.80393981933594,608.56689453125,321.15081787109375,318.39447021484375,-1,-1,-1,-1
473,14,177.48033142089844,595.4762573242188,323.3050537109375,327.2125244140625,-1,-1,-1,-1
474,14,177.669921875,581.4803466796875,311.2360534667969,342.19171142578125,-1,-1,-1,-1
475,14,157.10333251953125,591.6858520507812,313.69580078125,323.00531005859375,-1,-1,-1,-1
476,14,143.97320556640625,578.7201538085938,325.05706787109375,317.6282958984375,-1,-1,-1,-1
477,14,104.82772827148438,576.8326416015625,342.19000244140625,325.17620849609375,-1,-1,-1,-1
478,14,79.06440734863281,553.8527221679688,343.14178466796875,341.36322021484375,-1,-1,-1,-1
479,14,102.48707580566406,545.1541748046875,322.3880615234375,354.65997314453125,-1,-1,-1,-1
480,14,88.45445251464844,539.9209594726562,330.25628662109375,355.6448974609375,-1,-1,-1,-1
481,14,74.45198059082031,541.0209350585938,323.13824462890625,349.425537109375,-1,-1,-1,-1
482,14,62.60598373413086,574.00390625,335.82427978515625,329.64276123046875,-1,-1,-1,-1
483,14,40.37301254272461,550.8214111328125,332.9585266113281,357.287109375,-1,-1,-1,-1
484,14,59.80738067626953,529.3584594726562,313.00030517578125,352.7095947265625,-1,-1,-1,-1
485,14,54.611656188964844,547.2501220703125,315.6081848144531,347.73785400390625,-1,-1,-1,-1
486,14,51.33009719848633,543.8255004882812,311.7460632324219,338.1510009765625,-1,-1,-1,-1
487,14,46.58080291748047,543.228515625,320.16497802734375,336.50067138671875,-1,-1,-1,-1
488,14,53.082176208496094,492.54608154296875,312.8466796875,363.745849609375,-1,-1,-1,-1
489,14,54.493492126464844,477.69464111328125,305.8317565917969,363.09918212890625,-1,-1,-1,-1
490,14,61.00537872314453,467.2308349609375,313.5731201171875,358.6761474609375,-1,-1,-1,-1
491,14,62.80156707763672,442.7045593261719,331.0001525878906,377.9103698730469,-1,-1,-1,-1
492,14,59.86409378051758,425.0518493652344,323.5841369628906,409.9772644042969,-1,-1,-1,-1
493,14,55.363956451416016,412.9877624511719,334.26275634765625,399.1554260253906,-1,-1,-1,-1
494,14,75.09536743164062,399.26947021484375,316.16180419921875,364.8775634765625,-1,-1,-1,-1
495,14,77.21014404296875,363.7300109863281,325.2710266113281,391.1708679199219,-1,-1,-1,-1
496,14,76.684814453125,344.3203125,335.8295593261719,398.90423583984375,-1,-1,-1,-1
497,14,79.80172729492188,319.8596496582031,338.2288513183594,418.3774108886719,-1,-1,-1,-1
498,14,83.9395980834961,306.5816955566406,335.4115905761719,387.7018737792969,-1,-1,-1,-1
499,14,89.16046142578125,287.130126953125,333.23046875,389.27191162109375,-1,-1,-1,-1
500,14,91.52936553955078,276.9374694824219,332.37103271484375,406.3733825683594,-1,-1,-1,-1
501,14,88.32789611816406,262.97265625,341.98040771484375,422.0487060546875,-1,-1,-1,-1
502,14,83.09883880615234,245.93173217773438,342.6109619140625,468.6326599121094,-1,-1,-1,-1
503,14,76.49916076660156,216.52459716796875,355.5804443359375,461.1427001953125,-1,-1,-1,-1
504,14,80.24455261230469,176.4427947998047,364.86151123046875,466.962158203125,-1,-1,-1,-1
505,14,103.28236389160156,125.3930435180664,367.6427001953125,484.3190002441406,-1,-1,-1,-1
506,14,136.34140014648438,59.4522705078125,365.0403137207031,503.4117431640625,-1,-1,-1,-1
507,14,169.73597717285156,19.364797592163086,354.9998779296875,493.4783935546875,-1,-1,-1,-1
508,14,206.5868377685547,38.462562561035156,365.770751953125,439.3984069824219,-1,-1,-1,-1
509,14,247.03347778320312,2.972555160522461,368.4737854003906,390.69464111328125,-1,-1,-1,-1
510,14,286.2484130859375,4.284172058105469,364.1627197265625,358.19287109375,-1,-1,-1,-1
511,14,314.23431396484375,2.9449758529663086,355.0030517578125,317.4039611816406,-1,-1,-1,-1
512,14,342.16162109375,2.117030143737793,350.07696533203125,300.3544616699219,-1,-1,-1,-1
513,14,364.0039978027344,4.562356948852539,343.9083557128906,322.0875549316406,-1,-1,-1,-1
514,14,382.8541259765625,3.6242408752441406,336.3729248046875,312.1788635253906,-1,-1,-1,-1
515,14,402.8000793457031,1.1226539611816406,347.6875305175781,288.8699645996094,-1,-1,-1,-1
516,14,425.5765380859375,2.5482702255249023,335.709716796875,296.4039611816406,-1,-1,-1,-1
517,14,442.6861877441406,6.913511276245117,330.1827697753906,307.88653564453125,-1,-1,-1,-1
518,14,464.07501220703125,5.066316604614258,329.9229736328125,300.51788330078125,-1,-1,-1,-1
519,14,482.0369873046875,4.819361686706543,352.62933349609375,321.2196350097656,-1,-1,-1,-1
520,14,508.0167236328125,-6.268233299255371,371.5477294921875,276.23272705078125,-1,-1,-1,-1
521,14,527.2566528320312,2.9423112869262695,381.74542236328125,330.6976623535156,-1,-1,-1,-1
522,14,542.8086547851562,-6.49110221862793,380.0635986328125,342.2747802734375,-1,-1,-1,-1
523,14,545.3926391601562,2.356893539428711,376.4781494140625,345.0932312011719,-1,-1,-1,-1
524,14,581.8533935546875,-4.1582536697387695,366.1632080078125,332.40289306640625,-1,-1,-1,-1
525,14,548.8599853515625,8.971311569213867,434.3673095703125,424.9656677246094,-1,-1,-1,-1
528,14,587.640625,6.685848236083984,341.84857177734375,378.7596435546875,-1,-1,-1,-1
531,14,626.5225830078125,8.93801498413086,272.101806640625,515.5121459960938,-1,-1,-1,-1
532,14,644.2600708007812,6.534555435180664,251.33343505859375,518.0599365234375,-1,-1,-1,-1
533,14,655.5916748046875,6.467395782470703,259.70648193359375,517.5263061523438,-1,-1,-1,-1
534,14,663.9840698242188,4.896623611450195,261.08697509765625,513.4713745117188,-1,-1,-1,-1
535,14,667.2117919921875,8.002689361572266,252.01641845703125,511.00390625,-1,-1,-1,-1
536,14,659.1568603515625,8.356719970703125,272.85760498046875,502.7077941894531,-1,-1,-1,-1
537,14,664.2774047851562,7.157602310180664,270.403564453125,503.2406005859375,-1,-1,-1,-1
538,14,670.2433471679688,5.556680679321289,285.71868896484375,501.7365417480469,-1,-1,-1,-1
539,14,678.9351196289062,5.347103118896484,293.59539794921875,502.55120849609375,-1,-1,-1,-1
540,14,683.6555786132812,7.0282135009765625,278.95806884765625,499.57965087890625,-1,-1,-1,-1
541,14,684.8978271484375,8.798912048339844,284.7025146484375,495.4823913574219,-1,-1,-1,-1
542,14,680.2132568359375,3.3265018463134766,301.46820068359375,494.3426208496094,-1,-1,-1,-1
543,14,680.8419189453125,11.223814010620117,265.81085205078125,484.36468505859375,-1,-1,-1,-1
544,14,676.7604370117188,12.30795669555664,253.824462890625,482.0577697753906,-1,-1,-1,-1
545,14,681.17041015625,17.000089645385742,237.8062744140625,475.20318603515625,-1,-1,-1,-1
546,14,675.5924072265625,10.987234115600586,255.2039794921875,477.81427001953125,-1,-1,-1,-1
547,14,676.7548828125,11.444196701049805,221.509033203125,472.29046630859375,-1,-1,-1,-1
548,14,671.6884155273438,11.663677215576172,243.35247802734375,465.9051818847656,-1,-1,-1,-1
549,14,667.5567626953125,16.12390899658203,228.7427978515625,454.11004638671875,-1,-1,-1,-1
550,14,659.4822998046875,8.047651290893555,253.34625244140625,457.175048828125,-1,-1,-1,-1
551,14,649.4576416015625,13.168066024780273,220.35516357421875,445.9762268066406,-1,-1,-1,-1
552,14,646.2462768554688,13.040397644042969,212.33074951171875,444.7496032714844,-1,-1,-1,-1
553,14,634.7427368164062,17.41160774230957,227.74847412109375,443.5824890136719,-1,-1,-1,-1
554,14,629.6807861328125,10.959833145141602,256.22088623046875,452.22821044921875,-1,-1,-1,-1
555,14,628.5743408203125,12.494937896728516,249.03662109375,452.57635498046875,-1,-1,-1,-1
556,14,628.4313354492188,15.55008316040039,265.319091796875,455.80731201171875,-1,-1,-1,-1
557,14,631.1497802734375,15.86739730834961,251.51910400390625,458.04498291015625,-1,-1,-1,-1
558,14,632.0179443359375,12.877082824707031,265.112060546875,462.6667175292969,-1,-1,-1,-1
559,14,620.5875244140625,9.534751892089844,259.05908203125,470.1727600097656,-1,-1,-1,-1
560,14,623.6697998046875,9.681848526000977,256.09979248046875,472.17266845703125,-1,-1,-1,-1
561,14,627.600341796875,11.878374099731445,244.79620361328125,475.95526123046875,-1,-1,-1,-1
562,14,625.59814453125,11.426279067993164,244.37469482421875,477.8465576171875,-1,-1,-1,-1
563,14,624.4651489257812,9.811698913574219,263.52294921875,478.8688049316406,-1,-1,-1,-1
564,14,627.517822265625,11.463813781738281,248.8270263671875,478.859375,-1,-1,-1,-1
565,14,636.0584106445312,10.636014938354492,257.461181640625,478.7257080078125,-1,-1,-1,-1
566,14,634.6489868164062,14.578691482543945,257.11761474609375,475.2090148925781,-1,-1,-1,-1
567,14,631.1602783203125,9.3560791015625,262.7303466796875,480.3118896484375,-1,-1,-1,-1
568,14,625.5590209960938,10.09414291381836,265.73614501953125,478.2961120605469,-1,-1,-1,-1
569,14,633.0445556640625,11.959108352661133,257.5811767578125,477.89508056640625,-1,-1,-1,-1
570,14,645.8116455078125,3.546968460083008,266.40673828125,487.8475341796875,-1,-1,-1,-1
571,14,650.4338989257812,7.93049430847168,268.60882568359375,484.6031188964844,-1,-1,-1,-1
572,14,655.3655395507812,4.2899627685546875,255.88946533203125,486.964111328125,-1,-1,-1,-1
573,14,660.3655395507812,7.5723724365234375,239.65667724609375,482.12896728515625,-1,-1,-1,-1
574,14,660.9020385742188,2.931306838989258,249.0003662109375,479.95941162109375,-1,-1,-1,-1
575,14,656.6192626953125,6.916910171508789,271.33587646484375,474.3001403808594,-1,-1,-1,-1
576,14,647.4734497070312,7.065496444702148,260.28515625,469.7959289550781,-1,-1,-1,-1
577,14,645.0547485351562,11.49759292602539,262.55279541015625,462.5286560058594,-1,-1,-1,-1
578,14,647.3922729492188,22.33711051940918,225.43316650390625,453.06689453125,-1,-1,-1,-1
579,14,647.5879516601562,15.219173431396484,229.510498046875,459.6241760253906,-1,-1,-1,-1
580,14,634.630859375,7.396448135375977,246.9346923828125,459.0390930175781,-1,-1,-1,-1
581,14,625.0789184570312,12.70539665222168,238.614990234375,448.022705078125,-1,-1,-1,-1
582,14,618.1808471679688,31.103113174438477,230.19134521484375,419.99786376953125,-1,-1,-1,-1
583,14,596.4573364257812,13.830619812011719,231.857666015625,426.28314208984375,-1,-1,-1,-1
584,14,579.1337280273438,16.65699005126953,239.15057373046875,426.8146667480469,-1,-1,-1,-1
585,14,560.4884033203125,24.50522804260254,233.344482421875,417.9177551269531,-1,-1,-1,-1
586,14,547.9150390625,17.480424880981445,234.143310546875,426.5097351074219,-1,-1,-1,-1
587,14,528.6508178710938,3.345195770263672,254.54498291015625,439.6161193847656,-1,-1,-1,-1
588,14,512.1474304199219,14.791458129882812,217.65841674804688,408.92742919921875,-1,-1,-1,-1
589,14,504.1800842285156,26.460893630981445,214.02456665039062,402.70452880859375,-1,-1,-1,-1
590,14,471.83184814453125,12.116947174072266,235.90740966796875,408.5700988769531,-1,-1,-1,-1
591,14,476.8966979980469,26.576980590820312,214.33370971679688,390.92132568359375,-1,-1,-1,-1
592,14,495.73779296875,84.56129455566406,176.15313720703125,323.115966796875,-1,-1,-1,-1
505,15,445.58135986328125,883.3303833007812,946.9671020507812,525.1038208007812,-1,-1,-1,-1
506,15,395.87445068359375,866.8394775390625,978.1292114257812,540.760986328125,-1,-1,-1,-1
507,15,371.6456604003906,863.5592041015625,993.8636474609375,545.2117919921875,-1,-1,-1,-1
508,15,397.52398681640625,859.4981689453125,976.9967651367188,550.794677734375,-1,-1,-1,-1
509,15,239.12278747558594,851.3753051757812,1122.3935546875,557.6964721679688,-1,-1,-1,-1
510,15,429.70306396484375,850.1466674804688,953.6992797851562,558.3469848632812,-1,-1,-1,-1
511,15,325.76678466796875,828.0317993164062,1043.221923828125,581.7787475585938,-1,-1,-1,-1
512,15,428.6164855957031,842.9466552734375,889.4976806640625,565.26513671875,-1,-1,-1,-1
513,15,476.00811767578125,856.2864379882812,815.4080200195312,551.6161499023438,-1,-1,-1,-1
514,15,510.2860107421875,861.771728515625,792.5032958984375,546.721923828125,-1,-1,-1,-1
515,15,506.98675537109375,867.8885498046875,765.9464721679688,540.0465087890625,-1,-1,-1,-1
516,15,522.856201171875,860.408203125,711.534912109375,549.400146484375,-1,-1,-1,-1
517,15,400.61798095703125,841.6458129882812,845.0346069335938,566.4210815429688,-1,-1,-1,-1
518,15,310.24957275390625,819.0437622070312,882.6793823242188,589.3826293945312,-1,-1,-1,-1
519,15,304.98065185546875,807.5811767578125,904.8030395507812,599.4151611328125,-1,-1,-1,-1
520,15,342.7103576660156,781.6359252929688,851.9921875,626.3312377929688,-1,-1,-1,-1
521,15,368.1146240234375,762.4812622070312,792.5037841796875,647.2398071289062,-1,-1,-1,-1
522,15,361.4983825683594,746.5602416992188,818.6951904296875,661.7463989257812,-1,-1,-1,-1
523,15,356.50732421875,713.6690063476562,811.1851806640625,694.3290405273438,-1,-1,-1,-1
524,15,390.6789855957031,699.5374145507812,765.0169677734375,709.0808715820312,-1,-1,-1,-1
525,15,391.5523681640625,682.9215087890625,770.8482666015625,726.1046142578125,-1,-1,-1,-1
526,15,385.5364074707031,681.426513671875,770.814453125,727.3782958984375,-1,-1,-1,-1
527,15,391.2168884277344,679.9769287109375,774.2840576171875,729.0194091796875,-1,-1,-1,-1
528,15,386.5509033203125,663.571044921875,804.171630859375,745.14404296875,-1,-1,-1,-1
529,15,369.2062683105469,675.2211303710938,818.864990234375,733.2700805664062,-1,-1,-1,-1
530,15,361.4783935546875,646.9482421875,850.0328369140625,761.5809326171875,-1,-1,-1,-1
531,15,367.9189758300781,684.1554565429688,840.2706298828125,724.3018188476562,-1,-1,-1,-1
532,15,377.8404541015625,683.1778564453125,828.7777099609375,724.8896484375,-1,-1,-1,-1
533,15,382.2685241699219,664.50927734375,821.47900390625,743.6058349609375,-1,-1,-1,-1
534,15,379.48724365234375,673.5596923828125,833.4396362304688,734.788330078125,-1,-1,-1,-1
535,15,381.1285400390625,683.7525634765625,838.707763671875,724.6156005859375,-1,-1,-1,-1
536,15,371.1307067871094,646.2771606445312,841.95361328125,762.6083374023438,-1,-1,-1,-1
537,15,366.029052734375,649.4208984375,856.020751953125,759.131103515625,-1,-1,-1,-1
538,15,335.9776916503906,617.60888671875,881.6038818359375,790.685302734375,-1,-1,-1,-1
539,15,367.49224853515625,604.993896484375,899.8086547851562,804.1319580078125,-1,-1,-1,-1
540,15,367.8045349121094,635.4581298828125,858.388916015625,773.4354248046875,-1,-1,-1,-1
541,15,378.07965087890625,662.852294921875,834.1132202148438,746.2510986328125,-1,-1,-1,-1
542,15,367.49029541015625,645.3450927734375,831.8163452148438,763.0167236328125,-1,-1,-1,-1
543,15,375.07501220703125,675.388671875,842.3869018554688,733.3519287109375,-1,-1,-1,-1
544,15,376.7093505859375,719.2233276367188,827.8739013671875,688.8754272460938,-1,-1,-1,-1
545,15,376.84930419921875,751.5408935546875,802.2770385742188,656.02880859375,-1,-1,-1,-1
546,15,376.668212890625,765.7728271484375,849.8896484375,641.7244873046875,-1,-1,-1,-1
547,15,372.59710693359375,777.9475708007812,830.5057983398438,629.8217163085938,-1,-1,-1,-1
548,15,389.06536865234375,789.9903564453125,848.0838012695312,616.7225341796875,-1,-1,-1,-1
549,15,380.22833251953125,796.6959838867188,855.5385131835938,610.8544311523438,-1,-1,-1,-1
550,15,371.8019714355469,795.8019409179688,861.031005859375,611.3064575195312,-1,-1,-1,-1
551,15,354.04815673828125,793.8880615234375,857.3378295898438,612.9814453125,-1,-1,-1,-1
552,15,365.7745056152344,780.9716796875,854.8604736328125,626.18505859375,-1,-1,-1,-1
553,15,381.92169189453125,788.3970336914062,839.2609252929688,619.2299194335938,-1,-1,-1,-1
554,15,370.912353515625,745.06201171875,857.4365234375,662.90380859375,-1,-1,-1,-1
555,15,376.8631896972656,766.6019897460938,823.5960693359375,640.8204956054688,-1,-1,-1,-1
556,15,372.2628479003906,764.9568481445312,842.9014892578125,643.0908813476562,-1,-1,-1,-1
557,15,356.24517822265625,769.197021484375,870.9638061523438,638.4140625,-1,-1,-1,-1
558,15,363.54791259765625,761.374755859375,868.7587280273438,646.4237060546875,-1,-1,-1,-1
559,15,372.7381896972656,737.732177734375,837.1329345703125,669.2431640625,-1,-1,-1,-1
560,15,369.2585144042969,720.1856079101562,846.6195068359375,686.9767456054688,-1,-1,-1,-1
561,15,376.0633544921875,671.43408203125,859.1075439453125,737.0570068359375,-1,-1,-1,-1
562,15,388.0097961425781,652.1759033203125,835.88330078125,756.897705078125,-1,-1,-1,-1
563,15,382.0129699707031,637.2908325195312,906.6533203125,771.6215209960938,-1,-1,-1,-1
564,15,384.2955627441406,644.2828979492188,881.990478515625,764.4981079101562,-1,-1,-1,-1
565,15,378.7779846191406,630.5301513671875,888.6064453125,778.6826171875,-1,-1,-1,-1
566,15,381.7294921875,607.716064453125,876.1065673828125,802.308837890625,-1,-1,-1,-1
567,15,384.7347412109375,611.0151977539062,858.2376708984375,797.7412719726562,-1,-1,-1,-1
568,15,364.8782043457031,647.90966796875,885.41552734375,761.3912353515625,-1,-1,-1,-1
569,15,381.352294921875,799.877197265625,878.1090087890625,608.42431640625,-1,-1,-1,-1
570,15,373.82403564453125,842.454833984375,850.2962036132812,565.275146484375,-1,-1,-1,-1
571,15,372.6356201171875,847.1827392578125,871.10693359375,560.7139892578125,-1,-1,-1,-1
572,15,382.90985107421875,822.288818359375,883.5630493164062,584.89208984375,-1,-1,-1,-1
573,15,369.0250244140625,813.6297607421875,902.0050048828125,593.8778076171875,-1,-1,-1,-1
574,15,383.60662841796875,809.0296630859375,883.5402221679688,597.7508544921875,-1,-1,-1,-1
575,15,389.61541748046875,802.8338012695312,869.1431274414062,603.6893920898438,-1,-1,-1,-1
576,15,384.8154296875,821.8410034179688,836.625,584.8815307617188,-1,-1,-1,-1
577,15,393.167236328125,794.4358520507812,813.15380859375,612.4365844726562,-1,-1,-1,-1
578,15,383.9876708984375,690.6708374023438,806.4007568359375,716.9743041992188,-1,-1,-1,-1
579,15,385.7765197753906,677.7704467773438,817.2213134765625,730.1060180664062,-1,-1,-1,-1
580,15,374.08233642578125,660.434326171875,848.0368041992188,747.81298828125,-1,-1,-1,-1
581,15,400.1102294921875,751.8444213867188,827.105224609375,656.0924682617188,-1,-1,-1,-1
582,15,375.9653625488281,773.8394775390625,841.4664306640625,633.9378662109375,-1,-1,-1,-1
583,15,385.8128967285156,727.7672119140625,862.5947265625,680.8907470703125,-1,-1,-1,-1
584,15,380.6474609375,759.6668090820312,846.406494140625,648.0405883789062,-1,-1,-1,-1
585,15,379.1091003417969,742.22998046875,841.894775390625,665.67822265625,-1,-1,-1,-1
586,15,378.2881164550781,703.7027587890625,848.73486328125,704.2750244140625,-1,-1,-1,-1
587,15,364.8442687988281,741.2533569335938,880.103271484375,666.7485961914062,-1,-1,-1,-1
588,15,362.5025634765625,716.1856689453125,895.5743408203125,692.940185546875,-1,-1,-1,-1
589,15,358.62945556640625,727.7430419921875,891.8302612304688,679.4437255859375,-1,-1,-1,-1
590,15,328.01318359375,687.5743408203125,883.02001953125,720.44677734375,-1,-1,-1,-1
591,15,339.6491394042969,725.1578979492188,882.790771484375,681.6973266601562,-1,-1,-1,-1
592,15,338.33990478515625,740.0836181640625,899.7206420898438,666.248779296875,-1,-1,-1,-1
593,15,347.56109619140625,724.3228759765625,871.4869995117188,682.411865234375,-1,-1,-1,-1
594,15,334.50274658203125,713.336181640625,916.9967651367188,694.3956298828125,-1,-1,-1,-1
595,15,314.85345458984375,670.9501342773438,939.3294067382812,736.5643920898438,-1,-1,-1,-1
596,15,311.0793762207031,710.3523559570312,943.5809326171875,695.8973999023438,-1,-1,-1,-1
597,15,293.07513427734375,753.7327880859375,877.0092163085938,652.92724609375,-1,-1,-1,-1
598,15,307.2757568359375,753.577880859375,813.402587890625,652.091796875,-1,-1,-1,-1
599,15,310.1842346191406,744.8541259765625,737.369140625,660.64697265625,-1,-1,-1,-1
600,15,300.407470703125,738.78076171875,710.291015625,667.4798583984375,-1,-1,-1,-1
601,15,291.90435791015625,752.3764038085938,783.7566528320312,654.0675659179688,-1,-1,-1,-1
