1,1,887.0652465820312,234.9351806640625,512.0048217773438,426.669677734375,-1,-1,-1,-1
2,1,846.0485229492188,222.71315002441406,363.62469482421875,433.626220703125,-1,-1,-1,-1
3,1,805.2901611328125,214.20513916015625,299.3162841796875,449.51593017578125,-1,-1,-1,-1
4,1,761.7664184570312,203.32569885253906,334.36785888671875,473.39117431640625,-1,-1,-1,-1
5,1,738.33837890625,169.51824951171875,335.3819580078125,521.1170654296875,-1,-1,-1,-1
6,1,725.7013549804688,167.8107147216797,297.64520263671875,502.91656494140625,-1,-1,-1,-1
7,1,710.7591552734375,160.71661376953125,298.23211669921875,502.00518798828125,-1,-1,-1,-1
8,1,699.6914672851562,169.02685546875,277.4801025390625,488.932373046875,-1,-1,-1,-1
9,1,661.6654052734375,160.5857696533203,287.67694091796875,499.1893310546875,-1,-1,-1,-1
10,1,614.4766235351562,161.7970733642578,278.53948974609375,507.16729736328125,-1,-1,-1,-1
11,1,566.0068969726562,144.05563354492188,271.34112548828125,530.660888671875,-1,-1,-1,-1
12,1,529.6016235351562,120.6478271484375,257.09698486328125,535.049560546875,-1,-1,-1,-1
13,1,498.6871032714844,97.646240234375,283.0443420410156,555.6796264648438,-1,-1,-1,-1
14,1,475.746826171875,93.4319076538086,270.91571044921875,554.42822265625,-1,-1,-1,-1
15,1,467.13934326171875,105.90677642822266,240.7296142578125,528.5945434570312,-1,-1,-1,-1
16,1,479.9403076171875,99.55602264404297,262.75140380859375,543.6516723632812,-1,-1,-1,-1
17,1,500.7413330078125,125.776611328125,230.81964111328125,523.8853759765625,-1,-1,-1,-1
18,1,509.18426513671875,120.98616027832031,249.3880615234375,526.6198120117188,-1,-1,-1,-1
19,1,530.3239135742188,113.37515258789062,252.25311279296875,532.632080078125,-1,-1,-1,-1
20,1,537.7745361328125,105.97173309326172,265.83770751953125,539.1265869140625,-1,-1,-1,-1
21,1,550.8697509765625,88.89020538330078,282.79486083984375,563.7942504882812,-1,-1,-1,-1
22,1,586.8883666992188,62.30369186401367,296.36419677734375,559.5057373046875,-1,-1,-1,-1
23,1,647.3856811523438,18.000141143798828,362.29168701171875,553.1226806640625,-1,-1,-1,-1
24,1,728.7861328125,5.225456237792969,410.2015380859375,502.0907287597656,-1,-1,-1,-1
25,1,782.6167602539062,6.1537322998046875,383.10516357421875,479.227294921875,-1,-1,-1,-1
26,1,835.2308959960938,11.260950088500977,379.78106689453125,446.5296325683594,-1,-1,-1,-1
27,1,872.2344360351562,12.106330871582031,347.27545166015625,420.45489501953125,-1,-1,-1,-1
28,1,917.5487060546875,26.417882919311523,304.0242919921875,387.74249267578125,-1,-1,-1,-1
29,1,946.857421875,37.91248321533203,313.5255126953125,374.486083984375,-1,-1,-1,-1
30,1,970.0560302734375,24.89960479736328,316.86962890625,376.0915222167969,-1,-1,-1,-1
31,1,974.10205078125,32.91921424865723,318.090087890625,347.34283447265625,-1,-1,-1,-1
32,1,998.4108276367188,45.826759338378906,271.38311767578125,317.46112060546875,-1,-1,-1,-1
36,1,996.3885498046875,18.80899429321289,277.7318115234375,450.38372802734375,-1,-1,-1,-1
37,1,964.52587890625,20.247356414794922,301.1671142578125,464.7914123535156,-1,-1,-1,-1
38,1,917.7880249023438,17.1785945892334,336.13812255859375,485.3906555175781,-1,-1,-1,-1
39,1,827.6444091796875,32.18058395385742,382.9844970703125,525.654541015625,-1,-1,-1,-1
40,1,771.8919677734375,71.29364013671875,411.2672119140625,527.31494140625,-1,-1,-1,-1
41,1,678.9127807617188,108.12682342529297,391.07452392578125,521.1524047851562,-1,-1,-1,-1
42,1,569.9824829101562,165.1731414794922,379.767822265625,511.1124267578125,-1,-1,-1,-1
43,1,474.1792907714844,194.9464111328125,350.4256896972656,521.4021606445312,-1,-1,-1,-1
44,1,395.057861328125,232.71624755859375,321.6630859375,515.9494018554688,-1,-1,-1,-1
45,1,334.26556396484375,255.094970703125,324.19915771484375,525.8219604492188,-1,-1,-1,-1
46,1,287.1382141113281,277.30267333984375,337.6385803222656,526.8397216796875,-1,-1,-1,-1
47,1,245.85311889648438,286.9039611816406,347.9192810058594,529.714599609375,-1,-1,-1,-1
48,1,205.5804443359375,306.0085144042969,357.18035888671875,528.5302734375,-1,-1,-1,-1
49,1,171.01698303222656,312.2099304199219,364.3626708984375,549.3116455078125,-1,-1,-1,-1
50,1,146.87179565429688,325.8639831542969,366.7440185546875,554.9244384765625,-1,-1,-1,-1
51,1,133.63525390625,320.475341796875,365.28131103515625,559.2739868164062,-1,-1,-1,-1
52,1,122.12309265136719,335.708984375,367.74200439453125,571.1047973632812,-1,-1,-1,-1
53,1,138.3366241455078,342.6610107421875,360.08184814453125,562.251220703125,-1,-1,-1,-1
54,1,163.5680694580078,352.1325988769531,353.033203125,551.664306640625,-1,-1,-1,-1
55,1,193.3936309814453,365.400146484375,344.690673828125,531.7642822265625,-1,-1,-1,-1
56,1,220.058837890625,370.06982421875,335.37078857421875,524.4177856445312,-1,-1,-1,-1
57,1,243.0492401123047,370.70465087890625,332.97674560546875,523.7351684570312,-1,-1,-1,-1
58,1,256.8572540283203,382.24114990234375,325.82891845703125,517.5619506835938,-1,-1,-1,-1
59,1,266.68310546875,397.76123046875,317.5242919921875,509.839599609375,-1,-1,-1,-1
60,1,270.6866149902344,402.5227355957031,321.8302307128906,511.9797058105469,-1,-1,-1,-1
61,1,266.7328186035156,403.61431884765625,324.3957824707031,513.4417114257812,-1,-1,-1,-1
62,1,246.9667205810547,391.6844177246094,322.8516845703125,520.1822509765625,-1,-1,-1,-1
63,1,200.14744567871094,370.5738525390625,331.1021728515625,553.670654296875,-1,-1,-1,-1
64,1,149.27520751953125,358.70599365234375,336.5991516113281,573.9107055664062,-1,-1,-1,-1
65,1,115.01407623291016,309.574462890625,338.7072448730469,619.2659912109375,-1,-1,-1,-1
66,1,83.48506164550781,258.9165344238281,317.8572998046875,652.2435302734375,-1,-1,-1,-1
67,1,64.78278732299805,208.7626953125,317.3775329589844,695.466064453125,-1,-1,-1,-1
68,1,48.66181564331055,171.400390625,313.556884765625,723.7361450195312,-1,-1,-1,-1
69,1,31.553855895996094,162.2937774658203,339.3208923339844,742.26220703125,-1,-1,-1,-1
70,1,21.85889434814453,160.7469482421875,356.5673828125,729.597900390625,-1,-1,-1,-1
71,1,67.84073638916016,174.8031768798828,344.3506164550781,731.7539672851562,-1,-1,-1,-1
72,1,151.4181365966797,186.81495666503906,323.2147216796875,737.032958984375,-1,-1,-1,-1
73,1,243.5521697998047,223.81423950195312,311.1103515625,714.6505126953125,-1,-1,-1,-1
74,1,326.72540283203125,235.91290283203125,311.295166015625,689.6616821289062,-1,-1,-1,-1
75,1,389.4291076660156,238.77133178710938,326.8894958496094,674.900146484375,-1,-1,-1,-1
76,1,445.344970703125,240.86251831054688,337.62542724609375,662.86572265625,-1,-1,-1,-1
77,1,485.99603271484375,241.50001525878906,344.37567138671875,656.513916015625,-1,-1,-1,-1
78,1,518.5762939453125,245.67140197753906,331.91912841796875,648.4805297851562,-1,-1,-1,-1
79,1,540.5645141601562,246.04891967773438,319.561279296875,656.403564453125,-1,-1,-1,-1
80,1,563.8803100585938,251.14443969726562,304.11395263671875,636.0677490234375,-1,-1,-1,-1
81,1,582.9328002929688,242.61581420898438,289.02020263671875,631.1181640625,-1,-1,-1,-1
82,1,572.3333740234375,215.72300720214844,280.02764892578125,647.8140258789062,-1,-1,-1,-1
83,1,546.8101806640625,162.87794494628906,271.86328125,658.1322021484375,-1,-1,-1,-1
84,1,519.7811889648438,107.70108032226562,261.2314453125,681.485107421875,-1,-1,-1,-1
85,1,486.45733642578125,66.98050689697266,263.24237060546875,695.9400634765625,-1,-1,-1,-1
86,1,464.13555908203125,19.785400390625,267.74713134765625,725.6718139648438,-1,-1,-1,-1
87,1,447.1832275390625,-3.2984275817871094,273.77935791015625,719.809814453125,-1,-1,-1,-1
88,1,434.63916015625,-3.2746353149414062,279.00726318359375,694.1868286132812,-1,-1,-1,-1
89,1,427.206787109375,-1.4330635070800781,281.409912109375,668.43896484375,-1,-1,-1,-1
90,1,419.18170166015625,-2.562063217163086,287.222900390625,670.1705932617188,-1,-1,-1,-1
91,1,416.8043518066406,-2.0228347778320312,294.1327819824219,657.9644165039062,-1,-1,-1,-1
92,1,426.3203125,-4.006656646728516,301.01275634765625,644.7008666992188,-1,-1,-1,-1
93,1,453.739013671875,-2.563678741455078,300.6142578125,630.204345703125,-1,-1,-1,-1
94,1,489.9378662109375,-12.878402709960938,320.0263671875,631.08447265625,-1,-1,-1,-1
95,1,553.290283203125,-0.9559173583984375,329.231689453125,604.1822509765625,-1,-1,-1,-1
96,1,622.5731201171875,-60.47195816040039,324.72930908203125,631.0960083007812,-1,-1,-1,-1
97,1,682.4546508789062,-98.19207763671875,338.710205078125,606.4324951171875,-1,-1,-1,-1
98,1,751.7936401367188,-72.7483901977539,305.86663818359375,509.8486022949219,-1,-1,-1,-1
99,1,804.8033447265625,-0.9843044281005859,275.3375244140625,393.201904296875,-1,-1,-1,-1
100,1,858.89208984375,0.8366012573242188,258.3214111328125,362.4281005859375,-1,-1,-1,-1
101,1,891.9541625976562,1.4883394241333008,249.01141357421875,347.04425048828125,-1,-1,-1,-1
102,1,919.080078125,1.2924518585205078,226.4002685546875,327.8275451660156,-1,-1,-1,-1
103,1,943.9080810546875,1.28668212890625,194.3184814453125,294.62127685546875,-1,-1,-1,-1
104,1,942.50439453125,1.9370670318603516,196.47509765625,283.7051696777344,-1,-1,-1,-1
105,1,914.976806640625,6.6211748123168945,248.357421875,257.1841735839844,-1,-1,-1,-1
2,2,576.6773071289062,488.7547607421875,837.5485229492188,929.4432373046875,-1,-1,-1,-1
3,2,742.74072265625,455.126220703125,666.1087646484375,954.59033203125,-1,-1,-1,-1
4,2,729.1443481445312,411.5487060546875,680.4982299804688,1001.8807373046875,-1,-1,-1,-1
5,2,735.2677001953125,380.3384094238281,673.97802734375,1033.255859375,-1,-1,-1,-1
6,2,754.5530395507812,431.4255676269531,656.0234985351562,981.4613037109375,-1,-1,-1,-1
7,2,699.707763671875,374.5145568847656,712.857421875,1036.809326171875,-1,-1,-1,-1
8,2,662.4783325195312,364.8374328613281,749.2766723632812,1046.001708984375,-1,-1,-1,-1
9,2,640.1024780273438,352.8531494140625,767.4735717773438,1060.1568603515625,-1,-1,-1,-1
10,2,547.2830200195312,381.1846008300781,878.2868041992188,1030.9052734375,-1,-1,-1,-1
11,2,472.4112548828125,400.0955505371094,981.1607666015625,1018.47705078125,-1,-1,-1,-1
12,2,551.0076904296875,374.75,854.4693603515625,859.14697265625,-1,-1,-1,-1
12,3,808.7184448242188,357.68402099609375,598.7954711914062,857.9706420898438,-1,-1,-1,-1
13,3,812.6434326171875,310.98272705078125,594.5008544921875,903.4203491210938,-1,-1,-1,-1
14,3,821.1107788085938,281.5782165527344,586.5938110351562,921.276611328125,-1,-1,-1,-1
15,3,832.320068359375,292.89447021484375,573.8955078125,912.8641967773438,-1,-1,-1,-1
16,3,836.9335327148438,286.8891296386719,567.6095581054688,934.1044921875,-1,-1,-1,-1
17,3,865.3414916992188,337.7649230957031,542.0348510742188,903.388427734375,-1,-1,-1,-1
18,3,897.4991455078125,360.47808837890625,510.5770263671875,878.4718627929688,-1,-1,-1,-1
19,3,918.7869873046875,355.1204528808594,490.3470458984375,901.21435546875,-1,-1,-1,-1
20,3,908.1549682617188,398.4598388671875,502.03497314453125,844.178466796875,-1,-1,-1,-1
21,3,913.85009765625,345.09552001953125,496.83203125,942.5086059570312,-1,-1,-1,-1
22,3,956.4635009765625,493.6527404785156,452.8607177734375,773.4952392578125,-1,-1,-1,-1
23,3,1043.3388671875,669.1893920898438,361.0150146484375,456.24468994140625,-1,-1,-1,-1
24,3,1096.005126953125,846.5083618164062,294.54443359375,281.17034912109375,-1,-1,-1,-1
25,4,662.794677734375,905.2017822265625,741.052001953125,506.85888671875,-1,-1,-1,-1
26,4,685.2254028320312,935.66259765625,713.5587768554688,477.6402587890625,-1,-1,-1,-1
27,4,690.8018798828125,912.9014282226562,711.873779296875,496.59771728515625,-1,-1,-1,-1
28,4,704.8699340820312,925.8654174804688,701.3836059570312,485.57537841796875,-1,-1,-1,-1
29,4,722.7666015625,925.3401489257812,689.1500244140625,488.75177001953125,-1,-1,-1,-1
30,4,740.8428955078125,940.2471923828125,672.6702880859375,471.365966796875,-1,-1,-1,-1
31,4,733.9058837890625,929.7654418945312,677.938720703125,481.61444091796875,-1,-1,-1,-1
32,4,704.1159057617188,980.5963745117188,708.2424926757812,431.94952392578125,-1,-1,-1,-1
33,4,772.3843383789062,843.9656372070312,643.2254028320312,569.1576538085938,-1,-1,-1,-1
34,4,661.3763427734375,906.6937255859375,740.452880859375,506.6544189453125,-1,-1,-1,-1
35,4,639.0684204101562,872.1064453125,766.4733276367188,544.201171875,-1,-1,-1,-1
36,4,656.1094360351562,792.0905151367188,753.8179321289062,623.0339965820312,-1,-1,-1,-1
37,4,633.5722045898438,687.9467163085938,780.8048706054688,721.6536254882812,-1,-1,-1,-1
38,4,598.8269653320312,818.8001098632812,797.6685180664062,605.9140014648438,-1,-1,-1,-1
39,4,617.54443359375,697.0433959960938,842.3634033203125,710.6221313476562,-1,-1,-1,-1
142,5,602.48828125,-3.184438705444336,247.540771484375,608.8865966796875,-1,-1,-1,-1
143,5,660.8179931640625,14.699121475219727,247.1348876953125,652.5042114257812,-1,-1,-1,-1
144,5,708.41259765625,73.2258529663086,242.590576171875,626.2207641601562,-1,-1,-1,-1
145,5,745.9398193359375,118.42732238769531,239.24407958984375,608.1688232421875,-1,-1,-1,-1
146,5,793.3359375,145.7569580078125,209.10540771484375,598.12158203125,-1,-1,-1,-1
147,5,810.8895263671875,169.43362426757812,202.3802490234375,581.783203125,-1,-1,-1,-1
148,5,798.330078125,170.9723358154297,221.20355224609375,580.3236083984375,-1,-1,-1,-1
149,5,794.2991943359375,141.8452911376953,218.5655517578125,583.771240234375,-1,-1,-1,-1
150,5,752.3444213867188,76.15399932861328,220.814208984375,593.8146362304688,-1,-1,-1,-1
151,5,689.67333984375,1.5000782012939453,222.58465576171875,588.3678588867188,-1,-1,-1,-1
152,5,622.3128662109375,-0.7384300231933594,214.290283203125,525.6039428710938,-1,-1,-1,-1
153,5,570.0386352539062,-8.618474960327148,217.05816650390625,505.4596862792969,-1,-1,-1,-1
154,5,536.4906616210938,-1.107818603515625,225.46588134765625,480.8104553222656,-1,-1,-1,-1
155,5,516.416748046875,-2.5151920318603516,222.25677490234375,476.64599609375,-1,-1,-1,-1
156,5,505.200927734375,-2.2764720916748047,223.640380859375,468.5142822265625,-1,-1,-1,-1
157,5,499.677490234375,-6.450168609619141,221.43548583984375,461.62469482421875,-1,-1,-1,-1
158,5,493.5974426269531,-10.739847183227539,226.73355102539062,462.9655456542969,-1,-1,-1,-1
159,5,497.3334655761719,-12.081319808959961,223.89718627929688,457.4534606933594,-1,-1,-1,-1
160,5,505.64056396484375,-7.72020149230957,228.9925537109375,451.04534912109375,-1,-1,-1,-1
161,5,517.8402709960938,-5.716070175170898,226.34112548828125,462.9669494628906,-1,-1,-1,-1
162,5,531.7927856445312,-8.881889343261719,229.07891845703125,491.1815185546875,-1,-1,-1,-1
163,5,552.6224975585938,-5.150888442993164,222.099365234375,470.9252624511719,-1,-1,-1,-1
164,5,563.871826171875,-8.079477310180664,219.33209228515625,458.66314697265625,-1,-1,-1,-1
165,5,565.2488403320312,-7.119939804077148,225.2364501953125,433.5519104003906,-1,-1,-1,-1
166,5,564.9344482421875,-6.395261764526367,228.611328125,428.8468322753906,-1,-1,-1,-1
167,5,571.9555053710938,-8.208425521850586,233.37518310546875,468.3308410644531,-1,-1,-1,-1
168,5,586.9273681640625,-14.918474197387695,251.843994140625,510.0888671875,-1,-1,-1,-1
169,5,606.3107299804688,-20.049274444580078,264.88726806640625,541.5477905273438,-1,-1,-1,-1
170,5,625.3406372070312,-7.642509460449219,268.05194091796875,541.59375,-1,-1,-1,-1
171,5,637.1427612304688,-24.39881134033203,279.10162353515625,554.6013793945312,-1,-1,-1,-1
172,5,637.238037109375,-26.995399475097656,298.35614013671875,543.845703125,-1,-1,-1,-1
173,5,631.1495971679688,-47.09516525268555,302.68365478515625,560.4165649414062,-1,-1,-1,-1
174,5,646.787353515625,-48.66537094116211,285.1513671875,556.81689453125,-1,-1,-1,-1
175,5,640.2238159179688,-44.137413024902344,311.9488525390625,535.3805541992188,-1,-1,-1,-1
176,5,643.510986328125,-25.15072250366211,312.01788330078125,494.6055603027344,-1,-1,-1,-1
177,5,644.4061889648438,-44.37934112548828,302.30743408203125,491.946044921875,-1,-1,-1,-1
178,5,643.4662475585938,-52.29631423950195,278.7271728515625,480.32330322265625,-1,-1,-1,-1
179,5,637.749267578125,-55.05768585205078,278.56103515625,469.32183837890625,-1,-1,-1,-1
180,5,628.6722412109375,-54.25817108154297,282.83050537109375,463.6512756347656,-1,-1,-1,-1
181,5,626.7971801757812,-38.47063446044922,281.03961181640625,437.38262939453125,-1,-1,-1,-1
182,5,643.3428955078125,-23.356693267822266,293.32965087890625,414.6682434082031,-1,-1,-1,-1
183,5,672.648193359375,-6.214071273803711,297.12017822265625,396.4610900878906,-1,-1,-1,-1
184,5,709.4143676757812,-5.630762100219727,301.36932373046875,404.0405578613281,-1,-1,-1,-1
185,5,736.0487670898438,-3.429767608642578,308.41253662109375,423.97418212890625,-1,-1,-1,-1
186,5,758.8389892578125,-2.4453468322753906,303.8187255859375,441.2994689941406,-1,-1,-1,-1
187,5,775.2174072265625,-3.373014450073242,304.1285400390625,459.3340759277344,-1,-1,-1,-1
188,5,793.1201171875,-2.576770782470703,286.6773681640625,496.80426025390625,-1,-1,-1,-1
189,5,808.1279296875,-7.429323196411133,270.6229248046875,527.15576171875,-1,-1,-1,-1
190,5,812.3643188476562,-10.340497970581055,267.48614501953125,551.4685668945312,-1,-1,-1,-1
191,5,804.1810302734375,-10.375619888305664,263.80859375,573.3872680664062,-1,-1,-1,-1
192,5,784.8146362304688,-4.394948959350586,260.20574951171875,580.2802124023438,-1,-1,-1,-1
193,5,753.794189453125,2.739877700805664,257.0123291015625,585.720947265625,-1,-1,-1,-1
194,5,729.2196044921875,5.531881332397461,253.93890380859375,592.5595703125,-1,-1,-1,-1
195,5,687.37255859375,9.619577407836914,254.76422119140625,598.1485595703125,-1,-1,-1,-1
196,5,637.9031982421875,32.446516036987305,242.28582763671875,596.0087890625,-1,-1,-1,-1
197,5,591.6931762695312,61.88380432128906,238.54901123046875,587.6454467773438,-1,-1,-1,-1
198,5,588.980712890625,115.25409698486328,219.5699462890625,567.0401611328125,-1,-1,-1,-1
199,5,613.1576538085938,169.34445190429688,229.343994140625,536.5234375,-1,-1,-1,-1
200,5,692.1550903320312,229.8809356689453,233.10040283203125,503.56585693359375,-1,-1,-1,-1
201,5,786.011474609375,258.92279052734375,257.8707275390625,500.04595947265625,-1,-1,-1,-1
202,5,889.3037719726562,283.8094177246094,258.54754638671875,501.0729675292969,-1,-1,-1,-1
203,5,949.3995971679688,286.5272216796875,269.15777587890625,514.1383056640625,-1,-1,-1,-1
204,5,983.7559204101562,289.35076904296875,272.10406494140625,506.7774658203125,-1,-1,-1,-1
205,5,997.930908203125,308.9586486816406,284.27099609375,493.3208312988281,-1,-1,-1,-1
206,5,1005.0751342773438,311.82977294921875,292.27520751953125,507.60455322265625,-1,-1,-1,-1
207,5,1012.8729248046875,351.9748840332031,303.0872802734375,487.4423522949219,-1,-1,-1,-1
208,5,1034.742919921875,376.7882080078125,295.808837890625,472.14581298828125,-1,-1,-1,-1
209,5,1050.03369140625,392.4519348144531,286.3917236328125,470.5755310058594,-1,-1,-1,-1
210,5,1040.6328125,416.0364990234375,286.7286376953125,441.5655517578125,-1,-1,-1,-1
211,5,1023.5797119140625,416.90460205078125,282.9449462890625,430.5458984375,-1,-1,-1,-1
212,5,991.082763671875,405.1568603515625,286.894775390625,412.911865234375,-1,-1,-1,-1
213,5,955.6434936523438,410.8660583496094,289.17803955078125,386.2657165527344,-1,-1,-1,-1
214,5,927.5635375976562,403.3271484375,282.50604248046875,370.745361328125,-1,-1,-1,-1
215,5,892.8568725585938,393.3518981933594,294.61737060546875,370.4137268066406,-1,-1,-1,-1
216,5,857.3009033203125,398.61651611328125,309.9864501953125,349.15667724609375,-1,-1,-1,-1
217,5,830.5504760742188,402.91741943359375,321.65594482421875,347.53607177734375,-1,-1,-1,-1
218,5,805.4314575195312,412.3760070800781,336.70379638671875,340.8201599121094,-1,-1,-1,-1
219,5,778.5739135742188,436.45367431640625,349.93463134765625,331.43609619140625,-1,-1,-1,-1
220,5,750.3846435546875,443.9169921875,349.268798828125,333.1240234375,-1,-1,-1,-1
221,5,743.845947265625,470.85699462890625,324.3603515625,319.44256591796875,-1,-1,-1,-1
222,5,745.173583984375,504.46124267578125,280.9046630859375,311.96038818359375,-1,-1,-1,-1
223,5,741.26025390625,495.0525817871094,304.124267578125,311.1415100097656,-1,-1,-1,-1
224,5,743.3397216796875,500.01031494140625,274.5010986328125,307.76470947265625,-1,-1,-1,-1
225,5,732.4107055664062,492.8427734375,275.653564453125,313.54229736328125,-1,-1,-1,-1
226,5,737.5484619140625,484.4877014160156,294.1292724609375,314.5009460449219,-1,-1,-1,-1
227,5,776.3411865234375,470.4966125488281,315.9847412109375,325.7465515136719,-1,-1,-1,-1
228,5,867.3814086914062,462.00482177734375,330.86981201171875,344.73651123046875,-1,-1,-1,-1
229,5,997.67041015625,457.312255859375,340.4993896484375,372.6746826171875,-1,-1,-1,-1
230,5,1057.100830078125,452.4654541015625,350.4925537109375,390.41278076171875,-1,-1,-1,-1
231,5,1066.4747314453125,440.6872253417969,342.74169921875,401.2204895019531,-1,-1,-1,-1
232,5,1038.6307373046875,391.1337890625,361.4049072265625,447.26318359375,-1,-1,-1,-1
233,5,901.7178344726562,357.5535583496094,498.89715576171875,471.7936096191406,-1,-1,-1,-1
234,5,773.7557983398438,66.63787078857422,641.2850952148438,1168.8763427734375,-1,-1,-1,-1
235,5,695.2930908203125,123.45590209960938,718.650146484375,1217.1729736328125,-1,-1,-1,-1
144,6,186.1881561279297,517.16796875,347.65655517578125,337.88507080078125,-1,-1,-1,-1
145,6,243.0511474609375,536.0099487304688,304.61822509765625,330.661376953125,-1,-1,-1,-1
146,6,273.728759765625,548.3973388671875,307.031005859375,323.46240234375,-1,-1,-1,-1
147,6,292.8255615234375,554.8820190429688,304.046142578125,317.72857666015625,-1,-1,-1,-1
148,6,303.65850830078125,550.7048950195312,278.31048583984375,311.75860595703125,-1,-1,-1,-1
149,6,292.3873596191406,522.820068359375,278.3205261230469,314.939208984375,-1,-1,-1,-1
150,6,239.06057739257812,472.0253601074219,296.7206726074219,323.9562072753906,-1,-1,-1,-1
151,6,140.0237274169922,388.2462158203125,299.12054443359375,341.2181396484375,-1,-1,-1,-1
152,6,42.76747131347656,325.37420654296875,313.3778076171875,356.08685302734375,-1,-1,-1,-1
153,6,8.003077507019043,293.42144775390625,289.55804443359375,369.76690673828125,-1,-1,-1,-1
154,6,4.626852035522461,286.2984619140625,279.7698974609375,371.73504638671875,-1,-1,-1,-1
155,6,9.519393920898438,284.5740051269531,297.20062255859375,373.6672058105469,-1,-1,-1,-1
156,6,6.323907852172852,273.1060791015625,369.79876708984375,390.34588623046875,-1,-1,-1,-1
157,6,2.9895811080932617,259.28607177734375,338.0414123535156,395.388427734375,-1,-1,-1,-1
158,6,0.17219066619873047,244.64718627929688,308.2933654785156,403.9277038574219,-1,-1,-1,-1
159,6,-0.1821126937866211,230.0832977294922,292.092041015625,411.54766845703125,-1,-1,-1,-1
160,6,-1.1597042083740234,211.36268615722656,328.0069885253906,430.47698974609375,-1,-1,-1,-1
162,6,-0.7932004928588867,190.9478759765625,355.862548828125,445.98809814453125,-1,-1,-1,-1
163,6,-2.6511058807373047,176.462646484375,348.37396240234375,441.5419921875,-1,-1,-1,-1
164,6,-0.667724609375,162.61007690429688,384.9168701171875,430.2909851074219,-1,-1,-1,-1
165,6,0.5405826568603516,67.84122467041016,208.20782470703125,491.9502868652344,-1,-1,-1,-1
166,6,2.334958076477051,53.163917541503906,211.36648559570312,508.8666687011719,-1,-1,-1,-1
167,6,0.6825809478759766,71.95388793945312,242.9853973388672,517.8992919921875,-1,-1,-1,-1
168,6,6.15915584564209,142.0189208984375,260.6828918457031,463.46173095703125,-1,-1,-1,-1
169,6,18.52060317993164,130.4160614013672,272.8125,487.441162109375,-1,-1,-1,-1
170,6,45.99504852294922,155.2041473388672,292.08746337890625,463.12872314453125,-1,-1,-1,-1
171,6,65.8444595336914,132.79115295410156,294.7126159667969,465.92449951171875,-1,-1,-1,-1
172,6,69.23583221435547,110.99736022949219,298.4345703125,464.26934814453125,-1,-1,-1,-1
173,6,67.3147201538086,93.7398452758789,302.9795837402344,485.1977233886719,-1,-1,-1,-1
174,6,66.76029205322266,74.55801391601562,304.70147705078125,510.0446472167969,-1,-1,-1,-1
175,6,61.97929763793945,85.51516723632812,307.7938232421875,497.2625427246094,-1,-1,-1,-1
176,6,63.63859558105469,64.40045166015625,315.16461181640625,511.56610107421875,-1,-1,-1,-1
177,6,47.48259735107422,53.78864288330078,327.3885498046875,511.62506103515625,-1,-1,-1,-1
178,6,21.415515899658203,9.864339828491211,347.51177978515625,454.3236389160156,-1,-1,-1,-1
179,6,6.001810073852539,25.735124588012695,353.0743103027344,382.8601989746094,-1,-1,-1,-1
180,6,-0.7560329437255859,44.991546630859375,346.03131103515625,347.9107971191406,-1,-1,-1,-1
181,6,13.287866592407227,97.92230987548828,334.55133056640625,432.19976806640625,-1,-1,-1,-1
182,6,15.11590576171875,83.4551010131836,320.0916748046875,426.9886169433594,-1,-1,-1,-1
183,6,40.00560760498047,59.00531768798828,303.58563232421875,435.84442138671875,-1,-1,-1,-1
184,6,72.54058837890625,51.565216064453125,287.3735656738281,441.490478515625,-1,-1,-1,-1
185,6,47.32456970214844,12.982133865356445,327.06622314453125,495.0265808105469,-1,-1,-1,-1
186,6,14.651830673217773,7.132257461547852,371.9643859863281,516.76416015625,-1,-1,-1,-1
187,6,36.385498046875,43.91602325439453,363.521728515625,498.1436767578125,-1,-1,-1,-1
188,6,104.61166381835938,31.476593017578125,310.08392333984375,542.065185546875,-1,-1,-1,-1
189,6,124.62621307373047,84.66166687011719,305.64764404296875,516.5265502929688,-1,-1,-1,-1
190,6,125.3602066040039,73.18141174316406,313.9027404785156,591.23681640625,-1,-1,-1,-1
191,6,107.03189086914062,63.915000915527344,325.4674987792969,650.0521850585938,-1,-1,-1,-1
192,6,72.4112548828125,114.46343231201172,347.38507080078125,629.756591796875,-1,-1,-1,-1
193,6,33.14960479736328,73.5797119140625,357.8437194824219,698.906005859375,-1,-1,-1,-1
194,6,14.297443389892578,125.53138732910156,348.10986328125,663.3883056640625,-1,-1,-1,-1
195,6,0.6595859527587891,116.07870483398438,317.37420654296875,695.155029296875,-1,-1,-1,-1
196,6,1.5320844650268555,86.85836029052734,260.60589599609375,762.4832153320312,-1,-1,-1,-1
197,6,1.4527349472045898,116.09335327148438,218.76654052734375,772.021484375,-1,-1,-1,-1
198,6,1.0271806716918945,154.96969604492188,219.7400360107422,777.9537353515625,-1,-1,-1,-1
199,6,0.031314849853515625,165.06954956054688,267.3813171386719,788.8448486328125,-1,-1,-1,-1
200,6,6.925071716308594,215.09637451171875,340.5928039550781,738.7128295898438,-1,-1,-1,-1
201,6,125.17152404785156,182.79603576660156,335.05169677734375,762.889892578125,-1,-1,-1,-1
202,6,240.3174285888672,180.43136596679688,326.6636962890625,782.6397705078125,-1,-1,-1,-1
203,6,306.71087646484375,174.94349670410156,346.34661865234375,797.411376953125,-1,-1,-1,-1
204,6,338.2307434082031,166.1395263671875,334.5172424316406,817.1661987304688,-1,-1,-1,-1
205,6,359.8246765136719,162.83172607421875,344.2677917480469,823.0005493164062,-1,-1,-1,-1
206,6,375.39239501953125,178.7241668701172,347.67327880859375,826.6941528320312,-1,-1,-1,-1
207,6,392.22698974609375,189.86343383789062,350.24346923828125,833.16796875,-1,-1,-1,-1
208,6,406.8570556640625,203.68455505371094,347.72332763671875,838.7276611328125,-1,-1,-1,-1
209,6,413.8587646484375,204.6748504638672,346.90362548828125,856.5258178710938,-1,-1,-1,-1
210,6,408.3824462890625,207.9237823486328,352.282958984375,873.7067260742188,-1,-1,-1,-1
211,6,392.0335693359375,198.08351135253906,360.0802001953125,893.51123046875,-1,-1,-1,-1
212,6,368.53546142578125,160.19830322265625,370.81231689453125,917.8839721679688,-1,-1,-1,-1
213,6,339.7581787109375,129.6994171142578,396.082275390625,941.7421264648438,-1,-1,-1,-1
214,6,309.94500732421875,100.31382751464844,411.90472412109375,969.2681884765625,-1,-1,-1,-1
215,6,275.5623474121094,77.18061828613281,441.4435119628906,994.5081176757812,-1,-1,-1,-1
216,6,242.09152221679688,44.75582504272461,491.9463195800781,1035.670654296875,-1,-1,-1,-1
217,6,209.25350952148438,44.336544036865234,543.2615966796875,1052.605712890625,-1,-1,-1,-1
218,6,172.05154418945312,49.3590202331543,558.084228515625,1072.171142578125,-1,-1,-1,-1
219,6,129.6525115966797,59.64739227294922,561.5892333984375,1096.1561279296875,-1,-1,-1,-1
220,6,95.60459899902344,61.792137145996094,577.739501953125,1114.7740478515625,-1,-1,-1,-1
221,6,72.46548461914062,71.39242553710938,628.041259765625,1136.1749267578125,-1,-1,-1,-1
222,6,69.4303970336914,110.78302001953125,601.8582763671875,1146.96484375,-1,-1,-1,-1
223,6,59.89574432373047,110.8260269165039,617.41796875,1152.51416015625,-1,-1,-1,-1
224,6,42.50810623168945,119.67809295654297,640.3267211914062,1168.1422119140625,-1,-1,-1,-1
225,6,37.84458923339844,107.05632019042969,648.0802001953125,1188.1141357421875,-1,-1,-1,-1
226,6,60.55286407470703,81.36125183105469,657.4439697265625,1203.490966796875,-1,-1,-1,-1
227,6,148.1392059326172,54.36739730834961,656.5073852539062,1207.021484375,-1,-1,-1,-1
228,6,302.9632568359375,46.99376678466797,764.493896484375,1214.9013671875,-1,-1,-1,-1
229,6,476.6448974609375,56.1151008605957,696.774169921875,1216.4189453125,-1,-1,-1,-1
230,6,593.3773193359375,51.53750228881836,717.5653076171875,1206.614990234375,-1,-1,-1,-1
231,6,645.4863891601562,49.61595153808594,691.8534545898438,1224.4619140625,-1,-1,-1,-1
232,6,677.8435668945312,61.237613677978516,723.1849975585938,1325.843505859375,-1,-1,-1,-1
233,6,684.3402709960938,57.65970993041992,722.6399536132812,1231.8524169921875,-1,-1,-1,-1
234,6,676.928466796875,63.68976974487305,738.322265625,1319.3485107421875,-1,-1,-1,-1
235,6,650.5731811523438,115.12055206298828,760.4558715820312,1297.408203125,-1,-1,-1,-1
236,6,609.0767822265625,145.306640625,800.4805908203125,1267.1448974609375,-1,-1,-1,-1
237,6,608.4467163085938,116.24365234375,809.5418090820312,1295.166748046875,-1,-1,-1,-1
238,6,565.975830078125,105.78592681884766,849.0963134765625,1303.1285400390625,-1,-1,-1,-1
239,6,526.6065673828125,132.8963623046875,889.5157470703125,1277.6142578125,-1,-1,-1,-1
240,6,584.6400146484375,217.65733337402344,831.943115234375,1197.5101318359375,-1,-1,-1,-1
241,6,605.28466796875,299.75189208984375,806.4453125,1114.8779296875,-1,-1,-1,-1
242,6,672.2096557617188,333.9984130859375,743.1434936523438,1080.3375244140625,-1,-1,-1,-1
243,6,695.3451538085938,351.05780029296875,721.2911987304688,1062.434326171875,-1,-1,-1,-1
244,6,681.1241455078125,352.1724853515625,731.3553466796875,1061.2388916015625,-1,-1,-1,-1
245,6,725.2044677734375,381.6014404296875,681.0440673828125,1030.83349609375,-1,-1,-1,-1
246,6,773.6349487304688,423.00335693359375,630.0255737304688,985.1795043945312,-1,-1,-1,-1
247,6,806.3003540039062,491.9992370605469,600.0603637695312,917.0477294921875,-1,-1,-1,-1
248,6,793.2369995117188,492.05517578125,616.4850463867188,917.85107421875,-1,-1,-1,-1
249,6,803.5694580078125,467.8931884765625,605.2711181640625,941.7786865234375,-1,-1,-1,-1
250,6,813.941162109375,460.5625,598.94140625,949.9259033203125,-1,-1,-1,-1
251,6,661.93505859375,524.7472534179688,742.581787109375,883.5927124023438,-1,-1,-1,-1
252,6,659.9906005859375,547.1510620117188,747.7366943359375,861.5763549804688,-1,-1,-1,-1
253,6,694.6959228515625,559.21435546875,711.265869140625,852.5711669921875,-1,-1,-1,-1
254,6,398.29132080078125,656.5958862304688,995.2493286132812,756.8665161132812,-1,-1,-1,-1
255,6,475.4381103515625,732.7752685546875,904.668212890625,678.37109375,-1,-1,-1,-1
256,6,580.0047607421875,817.8753662109375,801.4593505859375,591.0848388671875,-1,-1,-1,-1
257,6,678.1263427734375,835.2333984375,729.079345703125,573.037109375,-1,-1,-1,-1
258,6,623.9934692382812,842.529052734375,783.9502563476562,565.361328125,-1,-1,-1,-1
259,6,563.9876708984375,880.671630859375,839.4154052734375,527.2142333984375,-1,-1,-1,-1
260,6,650.45068359375,924.347412109375,759.982666015625,483.5625,-1,-1,-1,-1
261,6,596.8253173828125,1053.658447265625,807.25537109375,356.0638427734375,-1,-1,-1,-1
262,6,561.5135498046875,1156.7215576171875,691.3936767578125,253.5855712890625,-1,-1,-1,-1
263,6,615.2958374023438,1222.3436279296875,418.02008056640625,189.6959228515625,-1,-1,-1,-1
264,6,541.4163818359375,1234.7188720703125,469.9471435546875,179.5,-1,-1,-1,-1
265,6,488.20880126953125,1206.5360107421875,501.60455322265625,207.4537353515625,-1,-1,-1,-1
266,6,443.0817565917969,1218.473388671875,399.9885559082031,195.771240234375,-1,-1,-1,-1
267,6,445.6126403808594,1224.1689453125,307.7228088378906,188.272705078125,-1,-1,-1,-1
268,6,496.26922607421875,1209.9814453125,257.9359130859375,211.1156005859375,-1,-1,-1,-1
269,6,530.4526977539062,1220.56005859375,260.0126953125,190.6348876953125,-1,-1,-1,-1
270,6,577.6581420898438,1233.416015625,250.81317138671875,175.7457275390625,-1,-1,-1,-1
271,6,590.1318359375,1222.0906982421875,319.376708984375,189.8370361328125,-1,-1,-1,-1
272,6,617.110595703125,1240.4927978515625,294.4327392578125,175.1502685546875,-1,-1,-1,-1
273,6,659.6934204101562,1254.8038330078125,245.8382568359375,155.2249755859375,-1,-1,-1,-1
274,6,688.5489501953125,1286.9378662109375,236.13897705078125,120.3984375,-1,-1,-1,-1
275,6,716.1646728515625,1126.9739990234375,274.48486328125,282.507568359375,-1,-1,-1,-1
276,6,740.8485107421875,1081.1744384765625,355.6259765625,328.5810546875,-1,-1,-1,-1
277,6,750.32763671875,1013.3714599609375,541.265380859375,395.7978515625,-1,-1,-1,-1
278,6,695.5114135742188,949.8876953125,716.8186645507812,460.062744140625,-1,-1,-1,-1
279,6,606.3739013671875,944.5203247070312,797.1829833984375,469.11126708984375,-1,-1,-1,-1
280,6,580.687744140625,858.1233520507812,835.56640625,567.0750122070312,-1,-1,-1,-1
281,6,534.0822143554688,870.5970458984375,875.6242065429688,556.4569091796875,-1,-1,-1,-1
282,6,512.3616943359375,936.2987060546875,880.7716064453125,476.4490966796875,-1,-1,-1,-1
283,6,544.010986328125,953.9710083007812,834.794189453125,459.59466552734375,-1,-1,-1,-1
284,6,561.6014404296875,986.0211791992188,844.0489501953125,424.91839599609375,-1,-1,-1,-1
285,6,655.4359741210938,956.6339111328125,751.5081176757812,454.2430419921875,-1,-1,-1,-1
286,6,730.0066528320312,905.1787109375,677.3933715820312,505.149658203125,-1,-1,-1,-1
287,6,800.9514770507812,928.002685546875,609.5928344726562,480.9178466796875,-1,-1,-1,-1
288,6,859.3573608398438,873.4981079101562,556.8121948242188,535.3148803710938,-1,-1,-1,-1
289,6,895.3753662109375,837.1175537109375,582.593505859375,574.0521240234375,-1,-1,-1,-1
290,6,885.7579345703125,817.885986328125,522.1904296875,590.8702392578125,-1,-1,-1,-1
161,7,459.5096435546875,1010.1124267578125,767.0208740234375,400.5194091796875,-1,-1,-1,-1
162,7,444.77252197265625,1008.8801879882812,831.0663452148438,398.75128173828125,-1,-1,-1,-1
163,7,448.2928161621094,1007.496826171875,871.2113037109375,400.5213623046875,-1,-1,-1,-1
164,7,406.0135498046875,994.2069091796875,935.07177734375,414.0760498046875,-1,-1,-1,-1
165,7,256.63104248046875,953.4072265625,1032.911376953125,452.3187255859375,-1,-1,-1,-1
166,7,340.1620788574219,975.17236328125,919.7962646484375,433.0113525390625,-1,-1,-1,-1
167,7,318.2938232421875,1044.2808837890625,895.551025390625,375.3021240234375,-1,-1,-1,-1
168,7,310.33740234375,1071.127197265625,891.648681640625,348.0811767578125,-1,-1,-1,-1
169,7,437.8377380371094,910.2952880859375,850.2115478515625,498.0203857421875,-1,-1,-1,-1
170,7,453.9315490722656,888.6905517578125,930.2991943359375,522.3602294921875,-1,-1,-1,-1
171,7,678.30224609375,906.2777099609375,641.2952880859375,505.0650634765625,-1,-1,-1,-1
172,7,486.82806396484375,872.4774169921875,912.7085571289062,537.225830078125,-1,-1,-1,-1
173,7,430.7038269042969,920.4381103515625,884.3302001953125,490.062255859375,-1,-1,-1,-1
174,7,431.183837890625,861.4862060546875,916.979736328125,548.983642578125,-1,-1,-1,-1
175,7,236.7492218017578,849.5215454101562,1133.53759765625,559.7778930664062,-1,-1,-1,-1
176,7,262.5015563964844,851.4154052734375,1091.1055908203125,558.8665771484375,-1,-1,-1,-1
177,7,275.6663513183594,850.7468872070312,1063.5487060546875,557.5151977539062,-1,-1,-1,-1
178,7,337.90887451171875,812.5603637695312,955.0419311523438,596.3506469726562,-1,-1,-1,-1
179,7,319.782958984375,819.4119873046875,969.485595703125,589.3299560546875,-1,-1,-1,-1
180,7,299.3279724121094,822.511962890625,972.5186767578125,586.447998046875,-1,-1,-1,-1
181,7,187.75120544433594,842.4786987304688,1063.50927734375,565.4677124023438,-1,-1,-1,-1
182,7,216.01097106933594,843.0355834960938,1105.047607421875,565.4779663085938,-1,-1,-1,-1
183,7,271.2731018066406,851.7076416015625,1036.101318359375,557.0289306640625,-1,-1,-1,-1
184,7,246.36398315429688,841.3323974609375,1065.076416015625,567.4705810546875,-1,-1,-1,-1
185,7,294.92706298828125,838.6758422851562,1037.670166015625,568.4995727539062,-1,-1,-1,-1
186,7,334.1574401855469,839.7291259765625,1018.0545654296875,566.4512939453125,-1,-1,-1,-1
187,7,379.05340576171875,855.7677612304688,940.5422973632812,551.3854370117188,-1,-1,-1,-1
188,7,290.88531494140625,925.0850219726562,1026.49755859375,483.28509521484375,-1,-1,-1,-1
189,7,405.7212219238281,941.400146484375,832.89111328125,467.5694580078125,-1,-1,-1,-1
190,7,451.2703857421875,1011.6943359375,805.8511962890625,397.697509765625,-1,-1,-1,-1
191,7,486.83123779296875,1030.199462890625,742.1934204101562,377.33056640625,-1,-1,-1,-1
192,7,485.9009094238281,1078.201171875,723.9425048828125,330.007568359375,-1,-1,-1,-1
193,7,486.6214904785156,1014.2281494140625,696.4052734375,395.0582275390625,-1,-1,-1,-1
194,7,501.5736083984375,1117.935546875,628.490966796875,291.087890625,-1,-1,-1,-1
195,7,472.4031066894531,1181.87646484375,541.7110595703125,224.5147705078125,-1,-1,-1,-1
221,8,899.8400268554688,423.24920654296875,37.084716796875,74.071044921875,-1,-1,-1,-1
222,8,890.850341796875,450.56744384765625,34.27960205078125,67.93133544921875,-1,-1,-1,-1
223,8,879.1406860351562,440.02313232421875,35.6229248046875,74.16790771484375,-1,-1,-1,-1
224,8,861.382568359375,440.3519287109375,34.4080810546875,73.40234375,-1,-1,-1,-1
225,8,853.0336303710938,436.75146484375,33.15155029296875,71.6522216796875,-1,-1,-1,-1
226,8,862.3820190429688,426.0302734375,34.16131591796875,68.6002197265625,-1,-1,-1,-1
227,8,914.0469970703125,412.94659423828125,36.7723388671875,74.56756591796875,-1,-1,-1,-1
228,8,1018.041748046875,410.2625427246094,40.35205078125,64.54666137695312,-1,-1,-1,-1
230,8,1077.71142578125,419.2215576171875,163.192138671875,159.84808349609375,-1,-1,-1,-1
232,8,779.1353759765625,213.44012451171875,624.41845703125,632.6431884765625,-1,-1,-1,-1
233,8,719.6358032226562,63.62519073486328,683.9558715820312,1056.3946533203125,-1,-1,-1,-1
234,8,689.840087890625,49.876407623291016,726.8580322265625,1214.4993896484375,-1,-1,-1,-1
241,9,712.3201293945312,555.2213134765625,317.09564208984375,305.7930908203125,-1,-1,-1,-1
242,9,665.2158203125,597.9741821289062,266.103759765625,314.6446533203125,-1,-1,-1,-1
243,9,642.3984985351562,607.0553588867188,247.6279296875,313.53173828125,-1,-1,-1,-1
244,9,634.14892578125,586.7611083984375,244.19268798828125,321.7344970703125,-1,-1,-1,-1
245,9,643.41943359375,566.2578735351562,236.64044189453125,328.23455810546875,-1,-1,-1,-1
246,9,647.5711669921875,527.8424682617188,233.8629150390625,340.19049072265625,-1,-1,-1,-1
247,9,653.4172973632812,488.9711608886719,227.24591064453125,353.8949890136719,-1,-1,-1,-1
248,9,655.5999755859375,447.69598388671875,217.5438232421875,370.17694091796875,-1,-1,-1,-1
249,9,650.66162109375,396.02557373046875,215.71990966796875,394.45574951171875,-1,-1,-1,-1
250,9,654.4566650390625,331.1009521484375,218.45849609375,426.30780029296875,-1,-1,-1,-1
251,9,669.9817504882812,268.5671081542969,222.75970458984375,459.9870910644531,-1,-1,-1,-1
252,9,659.761474609375,201.3723602294922,243.04278564453125,497.21728515625,-1,-1,-1,-1
253,9,666.3919677734375,132.44854736328125,246.98370361328125,533.798583984375,-1,-1,-1,-1
254,9,664.6734619140625,75.03605651855469,255.95928955078125,562.6210327148438,-1,-1,-1,-1
255,9,671.6427612304688,30.532644271850586,265.37628173828125,587.762939453125,-1,-1,-1,-1
256,9,672.23583984375,13.123922348022461,271.9954833984375,599.0153198242188,-1,-1,-1,-1
257,9,671.1290283203125,1.6163959503173828,277.6197509765625,601.071044921875,-1,-1,-1,-1
258,9,670.795654296875,0.6598587036132812,274.86676025390625,592.6798095703125,-1,-1,-1,-1
259,9,658.2088012695312,15.988372802734375,266.87384033203125,589.986572265625,-1,-1,-1,-1
260,9,638.6079711914062,5.887149810791016,265.25872802734375,601.965576171875,-1,-1,-1,-1
261,9,599.575927734375,3.5296802520751953,273.02203369140625,606.0741577148438,-1,-1,-1,-1
262,9,539.928466796875,3.0791797637939453,280.61688232421875,628.0914306640625,-1,-1,-1,-1
263,9,468.3210754394531,4.200101852416992,291.8692321777344,651.2509765625,-1,-1,-1,-1
264,9,410.513671875,2.8430404663085938,280.32501220703125,674.500244140625,-1,-1,-1,-1
265,9,366.6167297363281,0.9537162780761719,292.5186462402344,695.0628051757812,-1,-1,-1,-1
266,9,350.2758483886719,-0.6212730407714844,303.6332092285156,712.5946044921875,-1,-1,-1,-1
267,9,366.634033203125,-1.6437110900878906,305.4686279296875,709.686279296875,-1,-1,-1,-1
268,9,413.7259521484375,-2.2825775146484375,355.6207275390625,678.9385375976562,-1,-1,-1,-1
269,9,449.4054260253906,-25.326814651489258,350.4625549316406,703.8220825195312,-1,-1,-1,-1
270,9,472.1517639160156,-9.887248992919922,377.0348815917969,670.7835083007812,-1,-1,-1,-1
271,9,486.42755126953125,-35.29774475097656,404.8013916015625,696.149169921875,-1,-1,-1,-1
272,9,496.3280029296875,-66.46488189697266,403.9910888671875,678.3855590820312,-1,-1,-1,-1
273,9,498.15936279296875,-88.62962341308594,394.94732666015625,668.4020385742188,-1,-1,-1,-1
274,9,543.6944580078125,-45.92420196533203,334.026123046875,574.7324829101562,-1,-1,-1,-1
275,9,550.5541381835938,-39.250431060791016,321.32110595703125,533.7898559570312,-1,-1,-1,-1
276,9,547.6326904296875,-64.78070831298828,326.45751953125,509.4162292480469,-1,-1,-1,-1
277,9,537.5406494140625,-74.12232208251953,307.8480224609375,473.7425537109375,-1,-1,-1,-1
278,9,484.5775146484375,-80.75699615478516,309.87298583984375,452.1965026855469,-1,-1,-1,-1
279,9,388.1185607910156,-49.40213394165039,322.3817443847656,417.9085388183594,-1,-1,-1,-1
280,9,294.6549072265625,-16.064111709594727,327.43634033203125,401.2820129394531,-1,-1,-1,-1
281,9,241.31808471679688,-5.491008758544922,311.3298034667969,431.9124755859375,-1,-1,-1,-1
282,9,207.29638671875,1.1909046173095703,289.0296325683594,470.99041748046875,-1,-1,-1,-1
283,9,156.43182373046875,3.1090354919433594,308.5010986328125,527.763427734375,-1,-1,-1,-1
284,9,123.95755004882812,14.509391784667969,321.545654296875,585.0642700195312,-1,-1,-1,-1
285,9,131.68243408203125,0.5520381927490234,321.98468017578125,666.6243896484375,-1,-1,-1,-1
286,9,133.76251220703125,5.6371002197265625,335.47967529296875,718.3276977539062,-1,-1,-1,-1
287,9,130.76356506347656,-1.3915634155273438,361.1390380859375,756.8602294921875,-1,-1,-1,-1
288,9,143.0941925048828,43.5709114074707,369.129150390625,735.332275390625,-1,-1,-1,-1
289,9,150.1546630859375,34.960670471191406,384.783447265625,767.718505859375,-1,-1,-1,-1
290,9,154.51918029785156,48.795013427734375,401.93743896484375,761.422119140625,-1,-1,-1,-1
291,9,164.30508422851562,58.014076232910156,396.1874694824219,760.4020385742188,-1,-1,-1,-1
292,9,150.90365600585938,83.54074096679688,403.5253601074219,749.859130859375,-1,-1,-1,-1
293,9,106.82183837890625,103.06798553466797,414.3804931640625,747.4154052734375,-1,-1,-1,-1
294,9,59.60916519165039,138.49786376953125,407.64459228515625,751.8976440429688,-1,-1,-1,-1
295,9,28.559669494628906,179.51211547851562,388.8383483886719,747.68701171875,-1,-1,-1,-1
296,9,9.552270889282227,175.97227478027344,373.3153381347656,782.1735229492188,-1,-1,-1,-1
297,9,6.464941024780273,194.0302734375,334.12689208984375,789.8275146484375,-1,-1,-1,-1
298,9,5.719764709472656,199.21954345703125,298.1554870605469,800.1683959960938,-1,-1,-1,-1
299,9,5.323468208312988,209.8695831298828,300.3453063964844,778.048828125,-1,-1,-1,-1
300,9,6.166708946228027,211.7040252685547,294.0966491699219,757.9968872070312,-1,-1,-1,-1
301,9,8.391128540039062,202.0067138671875,280.35955810546875,740.5951538085938,-1,-1,-1,-1
302,9,20.912208557128906,127.887939453125,294.9647521972656,766.3099975585938,-1,-1,-1,-1
303,9,110.27759552001953,90.94261169433594,283.67559814453125,748.9844360351562,-1,-1,-1,-1
304,9,227.6477813720703,19.132644653320312,281.9344482421875,774.0353393554688,-1,-1,-1,-1
305,9,332.5238952636719,-0.5497703552246094,289.9179382324219,761.0765991210938,-1,-1,-1,-1
306,9,389.4095458984375,-3.1435470581054688,308.6871337890625,744.48779296875,-1,-1,-1,-1
307,9,429.6042175292969,-3.6907272338867188,327.0060119628906,742.7454223632812,-1,-1,-1,-1
308,9,462.1986999511719,7.964042663574219,358.1756896972656,737.385986328125,-1,-1,-1,-1
309,9,496.29083251953125,3.9110488891601562,367.6275634765625,759.6817626953125,-1,-1,-1,-1
310,9,528.4092407226562,0.047428131103515625,383.11090087890625,781.318603515625,-1,-1,-1,-1
311,9,543.3416748046875,1.7863616943359375,396.771240234375,777.4169311523438,-1,-1,-1,-1
312,9,552.0987548828125,1.7027740478515625,431.9971923828125,766.5158081054688,-1,-1,-1,-1
313,9,558.498779296875,4.672023773193359,476.707763671875,754.8583374023438,-1,-1,-1,-1
314,9,567.293212890625,4.044654846191406,509.2481689453125,752.0161743164062,-1,-1,-1,-1
315,9,569.5465698242188,4.5551605224609375,544.6741333007812,746.386962890625,-1,-1,-1,-1
316,9,579.107666015625,-1.5151824951171875,572.37109375,747.3428344726562,-1,-1,-1,-1
317,9,589.4637451171875,-0.38162994384765625,583.1109619140625,739.3005981445312,-1,-1,-1,-1
318,9,601.21240234375,10.73489761352539,490.753662109375,718.3871459960938,-1,-1,-1,-1
319,9,621.0302734375,13.111438751220703,480.868896484375,706.9203491210938,-1,-1,-1,-1
320,9,641.9390258789062,24.085275650024414,492.38970947265625,698.8701782226562,-1,-1,-1,-1
321,9,666.755859375,24.403366088867188,510.4189453125,680.8675537109375,-1,-1,-1,-1
322,9,692.9993896484375,16.617713928222656,501.01806640625,674.1470947265625,-1,-1,-1,-1
323,9,730.77001953125,13.448286056518555,495.60302734375,669.2861938476562,-1,-1,-1,-1
324,9,765.2616577148438,29.07516860961914,530.5979614257812,650.9566040039062,-1,-1,-1,-1
325,9,785.2828369140625,25.77660369873047,571.384521484375,659.3853759765625,-1,-1,-1,-1
326,9,789.9961547851562,25.37156867980957,596.8016967773438,658.5460205078125,-1,-1,-1,-1
327,9,786.7706298828125,23.40595817565918,601.93408203125,654.60400390625,-1,-1,-1,-1
328,9,779.8098754882812,14.679525375366211,606.2770385742188,667.8944702148438,-1,-1,-1,-1
329,9,776.6336669921875,20.03740119934082,615.885498046875,663.564697265625,-1,-1,-1,-1
330,9,776.4099731445312,26.224943161010742,622.3015747070312,658.008544921875,-1,-1,-1,-1
331,9,775.996826171875,21.985387802124023,628.4764404296875,658.643798828125,-1,-1,-1,-1
332,9,777.6473388671875,21.18927001953125,624.066162109375,654.430419921875,-1,-1,-1,-1
333,9,791.0104370117188,20.530261993408203,612.6566772460938,651.8151245117188,-1,-1,-1,-1
334,9,805.9304809570312,24.212629318237305,590.2224731445312,654.921630859375,-1,-1,-1,-1
335,9,798.7958984375,18.769529342651367,601.885986328125,675.697021484375,-1,-1,-1,-1
336,9,765.430419921875,24.093122482299805,643.8092041015625,695.120849609375,-1,-1,-1,-1
337,9,679.0263671875,47.33860778808594,744.5106201171875,659.7456665039062,-1,-1,-1,-1
338,9,576.3685302734375,30.47519874572754,834.46923828125,669.740966796875,-1,-1,-1,-1
339,9,504.16424560546875,8.585578918457031,787.1272583007812,693.4593505859375,-1,-1,-1,-1
340,9,465.452392578125,-49.044368743896484,768.5902099609375,744.9054565429688,-1,-1,-1,-1
341,9,431.0081787109375,-17.879079818725586,785.667236328125,709.0932006835938,-1,-1,-1,-1
342,9,400.1746520996094,-16.960538864135742,806.753173828125,686.837646484375,-1,-1,-1,-1
343,9,395.576904296875,-22.39291763305664,774.69921875,678.6543579101562,-1,-1,-1,-1
344,9,397.60443115234375,-8.055915832519531,728.1123657226562,659.8617553710938,-1,-1,-1,-1
345,9,392.833251953125,10.865041732788086,743.1680908203125,636.4425659179688,-1,-1,-1,-1
346,9,435.87347412109375,8.683517456054688,699.6627807617188,641.7529907226562,-1,-1,-1,-1
347,9,533.1727294921875,7.302831649780273,650.4154052734375,605.9005126953125,-1,-1,-1,-1
348,9,654.919189453125,27.865938186645508,571.259765625,604.0340576171875,-1,-1,-1,-1
349,9,760.5794067382812,26.991247177124023,566.2090454101562,590.7379150390625,-1,-1,-1,-1
350,9,827.8622436523438,62.50395202636719,588.7410278320312,557.4061279296875,-1,-1,-1,-1
351,9,863.4844360351562,85.02499389648438,558.9832153320312,535.58837890625,-1,-1,-1,-1
352,9,879.8817138671875,94.82272338867188,542.7197265625,533.3330078125,-1,-1,-1,-1
353,9,894.8930053710938,99.93372344970703,527.7750854492188,536.4598388671875,-1,-1,-1,-1
354,9,905.7860107421875,98.34077453613281,516.0626220703125,536.4519653320312,-1,-1,-1,-1
355,9,910.8505859375,104.77175903320312,516.244873046875,547.2115478515625,-1,-1,-1,-1
356,9,922.7499389648438,98.52628326416016,500.17950439453125,560.2412109375,-1,-1,-1,-1
357,9,930.4898681640625,162.34327697753906,496.8031005859375,505.529296875,-1,-1,-1,-1
358,9,942.3974609375,158.528076171875,478.7176513671875,508.3646240234375,-1,-1,-1,-1
359,9,950.285400390625,158.84051513671875,472.4737548828125,513.1007080078125,-1,-1,-1,-1
360,9,970.8165283203125,185.3325958251953,453.4603271484375,509.95526123046875,-1,-1,-1,-1
361,9,981.07666015625,297.59710693359375,433.1455078125,424.44171142578125,-1,-1,-1,-1
362,9,1013.1868896484375,308.11053466796875,395.6298828125,544.985107421875,-1,-1,-1,-1
363,9,993.1370239257812,383.5063781738281,411.74090576171875,568.4595947265625,-1,-1,-1,-1
283,10,1105.4034423828125,222.91162109375,300.20166015625,541.4025268554688,-1,-1,-1,-1
284,10,1104.403076171875,215.2885284423828,301.445068359375,563.44287109375,-1,-1,-1,-1
285,10,1103.64501953125,202.25369262695312,297.8018798828125,604.183837890625,-1,-1,-1,-1
286,10,1088.61279296875,186.03408813476562,303.69091796875,641.9609375,-1,-1,-1,-1
287,10,1088.0093994140625,200.15647888183594,297.0765380859375,647.3120727539062,-1,-1,-1,-1
288,10,1083.114013671875,217.28134155273438,298.5775146484375,645.7540283203125,-1,-1,-1,-1
289,10,1080.3160400390625,228.86154174804688,299.820556640625,655.6923828125,-1,-1,-1,-1
290,10,1076.63818359375,242.23915100097656,310.02978515625,650.8456420898438,-1,-1,-1,-1
291,10,1066.030029296875,249.7825164794922,324.825927734375,659.1519165039062,-1,-1,-1,-1
292,10,1042.411376953125,253.36778259277344,337.3798828125,667.362548828125,-1,-1,-1,-1
293,10,1021.497314453125,254.94281005859375,314.150390625,660.3134155273438,-1,-1,-1,-1
294,10,985.2183837890625,317.54034423828125,278.027099609375,604.6322631835938,-1,-1,-1,-1
295,10,921.1192016601562,331.32928466796875,271.42010498046875,599.14013671875,-1,-1,-1,-1
296,10,859.8504028320312,348.0989074707031,276.96002197265625,593.51318359375,-1,-1,-1,-1
297,10,822.4237670898438,379.3408508300781,271.38922119140625,579.02978515625,-1,-1,-1,-1
298,10,789.2937622070312,399.9677734375,279.10662841796875,569.2591552734375,-1,-1,-1,-1
299,10,770.0464477539062,417.7406005859375,282.76422119140625,554.7208862304688,-1,-1,-1,-1
300,10,760.4310302734375,429.8834228515625,288.2357177734375,543.9696655273438,-1,-1,-1,-1
301,10,754.843017578125,441.27484130859375,298.336669921875,531.1978149414062,-1,-1,-1,-1
302,10,769.4188232421875,426.4100036621094,310.9471435546875,537.4105224609375,-1,-1,-1,-1
303,10,805.2159423828125,405.44903564453125,353.4027099609375,553.1209106445312,-1,-1,-1,-1
304,10,883.5537719726562,387.63519287109375,391.84661865234375,586.4666137695312,-1,-1,-1,-1
305,10,949.0838012695312,410.789794921875,427.13641357421875,589.8121948242188,-1,-1,-1,-1
306,10,1009.68359375,434.2367858886719,399.875,521.568115234375,-1,-1,-1,-1
307,10,1006.7077026367188,443.1850280761719,406.49700927734375,440.2446594238281,-1,-1,-1,-1
362,11,601.55810546875,808.1690673828125,801.280029296875,602.3875732421875,-1,-1,-1,-1
363,11,601.787841796875,820.2376708984375,796.5115966796875,589.029052734375,-1,-1,-1,-1
364,11,602.0142822265625,774.8411865234375,796.964111328125,634.674560546875,-1,-1,-1,-1
365,11,590.4691772460938,748.333984375,810.2322387695312,662.359375,-1,-1,-1,-1
366,11,590.6175537109375,754.2391357421875,808.766845703125,655.6490478515625,-1,-1,-1,-1
367,11,589.2023315429688,757.60205078125,806.5283813476562,653.39501953125,-1,-1,-1,-1
368,11,585.3641357421875,783.6456298828125,815.25341796875,626.1436767578125,-1,-1,-1,-1
369,11,577.2356567382812,787.4780883789062,822.1251831054688,622.2316284179688,-1,-1,-1,-1
370,11,573.8919677734375,806.8078002929688,827.4248046875,604.5952758789062,-1,-1,-1,-1
371,11,561.5059204101562,805.688720703125,835.5624389648438,605.6796875,-1,-1,-1,-1
372,11,561.1112670898438,847.8397827148438,837.7793579101562,561.2321166992188,-1,-1,-1,-1
373,11,556.1641235351562,815.5012817382812,843.7028198242188,593.1480102539062,-1,-1,-1,-1
374,11,549.6328735351562,800.0112915039062,847.4434204101562,609.5353393554688,-1,-1,-1,-1
375,11,539.3942260742188,796.49609375,860.8705444335938,612.91259765625,-1,-1,-1,-1
376,11,530.3905029296875,801.0069580078125,869.2861328125,608.7603759765625,-1,-1,-1,-1
377,11,528.8119506835938,795.199951171875,869.7495727539062,614.3250732421875,-1,-1,-1,-1
378,11,513.3646240234375,802.3622436523438,884.0059814453125,607.8784790039062,-1,-1,-1,-1
379,11,506.0093688964844,805.46337890625,887.2904052734375,605.12939453125,-1,-1,-1,-1
380,11,503.9774475097656,799.4656372070312,895.8900146484375,609.9153442382812,-1,-1,-1,-1
381,11,490.5215148925781,822.9979858398438,903.1866455078125,587.1409301757812,-1,-1,-1,-1
382,11,486.529052734375,794.6256103515625,912.912109375,615.1094970703125,-1,-1,-1,-1
383,11,480.71856689453125,780.0994873046875,920.1255493164062,629.8133544921875,-1,-1,-1,-1
384,11,477.8614807128906,801.0331420898438,921.6671142578125,608.8159790039062,-1,-1,-1,-1
385,11,481.12420654296875,788.663330078125,918.0824584960938,620.8277587890625,-1,-1,-1,-1
386,11,477.7388610839844,810.2434692382812,922.381591796875,598.5173950195312,-1,-1,-1,-1
387,11,472.7139587402344,789.2897338867188,930.6004638671875,619.9949340820312,-1,-1,-1,-1
388,11,479.8326416015625,801.57177734375,928.089111328125,607.2264404296875,-1,-1,-1,-1
389,11,485.4305419921875,812.564208984375,920.16552734375,596.5203857421875,-1,-1,-1,-1
390,11,481.0244140625,823.240234375,927.9095458984375,586.6021728515625,-1,-1,-1,-1
391,11,486.7283630371094,823.7850952148438,915.560546875,584.9528198242188,-1,-1,-1,-1
392,11,478.33282470703125,810.6737670898438,921.6205444335938,598.3751831054688,-1,-1,-1,-1
393,11,489.0980529785156,801.5181884765625,908.2872314453125,607.1904296875,-1,-1,-1,-1
394,11,690.7544555664062,837.29345703125,719.1677856445312,571.6943359375,-1,-1,-1,-1
395,11,757.2503662109375,817.433837890625,621.38525390625,590.3699951171875,-1,-1,-1,-1
396,11,796.97900390625,786.8352661132812,611.4310302734375,624.1865844726562,-1,-1,-1,-1
397,11,753.732421875,686.2236328125,661.0040283203125,724.570556640625,-1,-1,-1,-1
398,11,646.7213134765625,625.6451416015625,737.41650390625,783.583251953125,-1,-1,-1,-1
399,11,554.9656372070312,547.8179931640625,841.0438842773438,856.883056640625,-1,-1,-1,-1
400,11,447.9476013183594,530.3299560546875,957.4603271484375,880.973388671875,-1,-1,-1,-1
401,11,282.6191711425781,423.5844421386719,1325.74658203125,1019.661865234375,-1,-1,-1,-1
402,11,548.9537353515625,462.70635986328125,1035.5814208984375,970.7200317382812,-1,-1,-1,-1
403,11,903.1821899414062,657.6051025390625,514.7797241210938,511.7947998046875,-1,-1,-1,-1
402,12,952.0882568359375,705.1360473632812,471.91552734375,373.18975830078125,-1,-1,-1,-1
403,12,944.2818603515625,661.087646484375,474.0179443359375,462.7215576171875,-1,-1,-1,-1
404,12,941.37939453125,621.868896484375,469.23388671875,433.9097900390625,-1,-1,-1,-1
405,12,879.8787231445312,574.5457153320312,525.8226928710938,450.01751708984375,-1,-1,-1,-1
406,12,757.1907348632812,532.1061401367188,643.0079956054688,465.18505859375,-1,-1,-1,-1
407,12,732.6249389648438,494.43646240234375,659.5885620117188,482.74267578125,-1,-1,-1,-1
408,12,704.7813110351562,473.1821594238281,685.4926147460938,485.1272277832031,-1,-1,-1,-1
409,12,678.5765380859375,456.3438415527344,712.6259765625,506.9319152832031,-1,-1,-1,-1
410,12,652.8677368164062,444.9496765136719,732.4635620117188,547.4312744140625,-1,-1,-1,-1
411,12,664.349365234375,446.36260986328125,716.975341796875,511.041015625,-1,-1,-1,-1
412,12,665.2180786132812,443.73101806640625,706.4212036132812,504.600830078125,-1,-1,-1,-1
413,12,654.0791625976562,433.9036865234375,712.4641723632812,497.58135986328125,-1,-1,-1,-1
414,12,657.7276000976562,427.5848388671875,698.5057983398438,504.5831298828125,-1,-1,-1,-1
415,12,638.408447265625,423.66278076171875,728.8720703125,511.45574951171875,-1,-1,-1,-1
416,12,674.90478515625,408.7757873535156,730.3194580078125,558.1751708984375,-1,-1,-1,-1
417,12,670.7542724609375,310.8187561035156,748.108154296875,755.413818359375,-1,-1,-1,-1
418,12,765.0473022460938,253.00790405273438,645.1521606445312,834.5374755859375,-1,-1,-1,-1
419,12,787.2166748046875,40.165218353271484,626.6737060546875,1030.1475830078125,-1,-1,-1,-1
420,12,820.7779541015625,48.61294174194336,527.8814697265625,676.6914672851562,-1,-1,-1,-1
403,13,481.2318420410156,81.50267028808594,607.2882080078125,629.1048583984375,-1,-1,-1,-1
404,13,443.4204406738281,67.85022735595703,602.05029296875,639.4849853515625,-1,-1,-1,-1
405,13,446.7234802246094,33.34332275390625,634.1446533203125,676.5326538085938,-1,-1,-1,-1
406,13,436.6499938964844,32.635616302490234,537.670654296875,660.232421875,-1,-1,-1,-1
407,13,427.0580749511719,17.365114212036133,516.5543212890625,668.7037353515625,-1,-1,-1,-1
408,13,432.936279296875,5.788330078125,533.949462890625,667.1859741210938,-1,-1,-1,-1
409,13,436.3487243652344,2.690614700317383,542.1141357421875,663.8381958007812,-1,-1,-1,-1
410,13,434.0859680175781,0.8903751373291016,529.1573486328125,666.6884765625,-1,-1,-1,-1
411,13,438.406005859375,8.636751174926758,530.2150268554688,674.9124755859375,-1,-1,-1,-1
412,13,433.73077392578125,33.03316116333008,447.54229736328125,635.7206420898438,-1,-1,-1,-1
413,13,427.25909423828125,16.632400512695312,537.9159545898438,671.7139892578125,-1,-1,-1,-1
414,13,431.4807434082031,45.19982147216797,422.6482849121094,642.8540649414062,-1,-1,-1,-1
415,13,440.8381042480469,66.98743438720703,397.2472229003906,621.105712890625,-1,-1,-1,-1
416,13,492.5809631347656,64.91620635986328,398.4851989746094,588.2884521484375,-1,-1,-1,-1
417,13,598.54443359375,57.85323715209961,411.194091796875,586.431640625,-1,-1,-1,-1
418,13,698.931396484375,36.06564712524414,452.3704833984375,635.6574096679688,-1,-1,-1,-1
419,13,785.1530151367188,45.26953887939453,475.52593994140625,595.2338256835938,-1,-1,-1,-1
420,13,839.6893310546875,54.147117614746094,445.25244140625,532.5377197265625,-1,-1,-1,-1
421,13,871.4083251953125,57.550987243652344,477.01220703125,554.1480102539062,-1,-1,-1,-1
422,13,888.2860717773438,62.00255584716797,434.01239013671875,585.3084716796875,-1,-1,-1,-1
423,13,910.064697265625,59.631446838378906,414.22998046875,573.4965209960938,-1,-1,-1,-1
424,13,928.714599609375,75.6434555053711,412.4910888671875,555.1641845703125,-1,-1,-1,-1
425,13,932.1813354492188,92.20295715332031,410.78070068359375,516.0433959960938,-1,-1,-1,-1
426,13,944.71728515625,90.93896484375,423.1087646484375,513.6605834960938,-1,-1,-1,-1
427,13,960.580078125,86.50054931640625,409.8140869140625,548.9030151367188,-1,-1,-1,-1
428,13,951.6573486328125,104.07489776611328,408.5899658203125,582.8341674804688,-1,-1,-1,-1
429,13,965.8133544921875,130.14129638671875,402.029296875,528.5931396484375,-1,-1,-1,-1
430,13,970.4122314453125,136.16506958007812,408.36376953125,491.2238464355469,-1,-1,-1,-1
431,13,976.3681640625,113.35589599609375,405.430908203125,506.0982666015625,-1,-1,-1,-1
432,13,985.163330078125,107.3369369506836,404.1929931640625,504.9435119628906,-1,-1,-1,-1
433,13,981.166015625,115.2135009765625,419.436767578125,522.9840087890625,-1,-1,-1,-1
434,13,983.6758422851562,107.37482452392578,415.12628173828125,503.49371337890625,-1,-1,-1,-1
435,13,981.952880859375,118.7405014038086,406.8809814453125,496.4953308105469,-1,-1,-1,-1
436,13,984.36669921875,116.5079116821289,409.09619140625,508.7838439941406,-1,-1,-1,-1
437,13,989.7527465820312,126.373291015625,403.24993896484375,534.4925537109375,-1,-1,-1,-1
438,13,998.9686279296875,172.4214630126953,395.87744140625,503.45965576171875,-1,-1,-1,-1
439,13,998.82666015625,197.94989013671875,420.416015625,582.593994140625,-1,-1,-1,-1
431,14,330.0613708496094,722.7151489257812,1071.4798583984375,686.9148559570312,-1,-1,-1,-1
432,14,310.0706481933594,723.61083984375,1085.7242431640625,685.2701416015625,-1,-1,-1,-1
433,14,330.20953369140625,734.6390991210938,1066.887451171875,674.5253295898438,-1,-1,-1,-1
434,14,337.1766357421875,718.792724609375,1057.8443603515625,690.2303466796875,-1,-1,-1,-1
435,14,337.1660461425781,714.34619140625,1060.1644287109375,693.64111328125,-1,-1,-1,-1
436,14,366.3005065917969,702.877685546875,1029.5775146484375,704.8963623046875,-1,-1,-1,-1
437,14,340.0787048339844,700.3598022460938,1048.5076904296875,706.9491577148438,-1,-1,-1,-1
438,14,333.734130859375,720.508544921875,1029.3956298828125,687.724365234375,-1,-1,-1,-1
439,14,310.7427062988281,671.9922485351562,1073.1826171875,736.1780395507812,-1,-1,-1,-1
440,14,297.1473083496094,593.640625,1102.5751953125,814.833251953125,-1,-1,-1,-1
441,14,377.4163513183594,679.5335693359375,1011.0655517578125,727.91015625,-1,-1,-1,-1
442,14,465.4678955078125,671.6351928710938,922.4259033203125,737.6548461914062,-1,-1,-1,-1
443,14,447.97454833984375,567.4887084960938,944.5505981445312,842.5820922851562,-1,-1,-1,-1
444,14,402.688232421875,525.0032958984375,988.6298828125,885.426025390625,-1,-1,-1,-1
445,14,428.10638427734375,531.5606689453125,968.0496215820312,879.9942626953125,-1,-1,-1,-1
446,14,451.50933837890625,511.7366027832031,941.7627563476562,898.896484375,-1,-1,-1,-1
447,14,473.5641784667969,534.0794067382812,922.539794921875,876.5040893554688,-1,-1,-1,-1
448,14,467.7620544433594,579.6787109375,935.2332763671875,830.54345703125,-1,-1,-1,-1
449,14,463.269775390625,591.1821899414062,929.0692138671875,816.2899780273438,-1,-1,-1,-1
450,14,663.2070922851562,747.5066528320312,732.5355834960938,660.1063842773438,-1,-1,-1,-1
451,14,536.4841918945312,779.9844970703125,868.0913696289062,628.6807861328125,-1,-1,-1,-1
452,14,332.5147705078125,783.0584716796875,1080.4764404296875,626.7933349609375,-1,-1,-1,-1
453,14,300.326171875,818.3759155273438,1113.9676513671875,590.3794555664062,-1,-1,-1,-1
454,14,235.7493133544922,826.0823364257812,1186.543701171875,582.3308715820312,-1,-1,-1,-1
455,14,242.760986328125,842.768798828125,1172.4041748046875,564.2464599609375,-1,-1,-1,-1
456,14,253.20960998535156,851.73876953125,1158.552001953125,555.507080078125,-1,-1,-1,-1
457,14,273.452880859375,844.0897827148438,1146.25390625,562.1708374023438,-1,-1,-1,-1
458,14,303.10504150390625,841.7861328125,1107.654052734375,565.0484619140625,-1,-1,-1,-1
459,14,342.9546203613281,820.05419921875,1069.242919921875,589.125244140625,-1,-1,-1,-1
460,14,376.36444091796875,849.6566162109375,1033.85546875,558.5150146484375,-1,-1,-1,-1
461,14,401.1626892089844,860.2747802734375,1008.9097900390625,547.7794189453125,-1,-1,-1,-1
462,14,452.5746765136719,868.9605102539062,960.580322265625,539.1426391601562,-1,-1,-1,-1
463,14,500.90570068359375,862.7183837890625,911.0610961914062,546.592529296875,-1,-1,-1,-1
464,14,536.49169921875,845.3070678710938,882.810302734375,564.0551147460938,-1,-1,-1,-1
465,14,598.3192749023438,875.33642578125,821.5957641601562,534.1844482421875,-1,-1,-1,-1
466,14,678.93212890625,860.253662109375,717.9459228515625,546.4837646484375,-1,-1,-1,-1
467,14,632.7290649414062,853.0799560546875,757.1892700195312,556.2789306640625,-1,-1,-1,-1
468,14,517.0360107421875,821.7825927734375,866.1724853515625,585.7657470703125,-1,-1,-1,-1
469,14,453.90673828125,765.8377075195312,942.2216796875,640.7763061523438,-1,-1,-1,-1
470,14,484.60552978515625,792.9290771484375,920.9458618164062,612.908447265625,-1,-1,-1,-1
471,14,468.4503479003906,758.1751708984375,933.3258056640625,648.07763671875,-1,-1,-1,-1
472,14,476.71087646484375,797.4680786132812,927.0099487304688,608.9271850585938,-1,-1,-1,-1
473,14,481.8598937988281,823.087158203125,919.8973388671875,582.3096923828125,-1,-1,-1,-1
474,14,488.07763671875,830.1350708007812,912.0313720703125,575.1553344726562,-1,-1,-1,-1
475,14,493.42413330078125,844.1265869140625,910.8298950195312,561.4954833984375,-1,-1,-1,-1
476,14,492.76910400390625,842.0577392578125,909.5735473632812,563.7178955078125,-1,-1,-1,-1
477,14,470.247314453125,833.7008056640625,936.3179931640625,573.6409912109375,-1,-1,-1,-1
478,14,429.31280517578125,808.0247802734375,979.3561401367188,599.4071044921875,-1,-1,-1,-1
479,14,372.3092041015625,817.9185180664062,1025.0535888671875,589.1041870117188,-1,-1,-1,-1
480,14,371.617431640625,853.51171875,1026.0263671875,555.7362060546875,-1,-1,-1,-1
481,14,305.1857604980469,818.505126953125,1097.3778076171875,591.041748046875,-1,-1,-1,-1
482,14,141.28440856933594,807.04833984375,1244.376953125,599.9276123046875,-1,-1,-1,-1
483,14,44.389583587646484,822.4315795898438,1372.2952880859375,584.1283569335938,-1,-1,-1,-1
484,14,35.37928009033203,822.7869873046875,1377.5103759765625,585.4197998046875,-1,-1,-1,-1
485,14,166.7103271484375,865.9212646484375,1266.6458740234375,538.4169921875,-1,-1,-1,-1
486,14,233.68325805664062,842.1060791015625,1167.723388671875,563.5023193359375,-1,-1,-1,-1
487,14,186.14285278320312,823.1273193359375,1226.7982177734375,581.790283203125,-1,-1,-1,-1
488,14,64.28537368774414,823.8045654296875,1339.8369140625,582.7559814453125,-1,-1,-1,-1
489,14,47.848106384277344,811.4680786132812,1375.03173828125,593.1449584960938,-1,-1,-1,-1
490,14,176.04470825195312,761.721435546875,1214.79296875,644.1168212890625,-1,-1,-1,-1
491,14,114.41069030761719,775.7069091796875,1291.535888671875,626.53466796875,-1,-1,-1,-1
492,14,399.4872741699219,841.218017578125,1031.8695068359375,567.685302734375,-1,-1,-1,-1
493,14,623.8721923828125,866.691162109375,744.878173828125,542.5491943359375,-1,-1,-1,-1
494,14,644.7003784179688,891.657958984375,774.7756958007812,517.78173828125,-1,-1,-1,-1
495,14,720.7955322265625,926.639892578125,701.3878173828125,482.41845703125,-1,-1,-1,-1
496,14,727.5756225585938,937.0966186523438,689.7332153320312,471.61151123046875,-1,-1,-1,-1
497,14,712.5362548828125,937.8020629882812,699.9659423828125,470.74432373046875,-1,-1,-1,-1
498,14,613.1749267578125,954.5720825195312,791.7301025390625,454.13922119140625,-1,-1,-1,-1
499,14,528.0800170898438,984.0659790039062,841.7398071289062,427.00701904296875,-1,-1,-1,-1
500,14,364.914306640625,1007.94384765625,934.9522705078125,400.8260498046875,-1,-1,-1,-1
501,14,337.87164306640625,992.3447875976562,943.3016967773438,416.28631591796875,-1,-1,-1,-1
502,14,416.9079284667969,1002.7000732421875,883.5538330078125,404.544921875,-1,-1,-1,-1
503,14,447.4377136230469,994.928466796875,818.128173828125,413.68408203125,-1,-1,-1,-1
504,14,415.5119323730469,985.708740234375,857.7154541015625,421.865234375,-1,-1,-1,-1
505,14,508.8016357421875,1018.293212890625,750.8076171875,390.46435546875,-1,-1,-1,-1
506,14,590.8250732421875,966.09326171875,786.9207763671875,442.779296875,-1,-1,-1,-1
507,14,605.6050415039062,959.0885009765625,747.6825561523438,449.6729736328125,-1,-1,-1,-1
508,14,530.2088012695312,895.3421020507812,847.6477661132812,512.1431274414062,-1,-1,-1,-1
509,14,445.2200927734375,768.0286865234375,936.77490234375,640.139404296875,-1,-1,-1,-1
510,14,413.2430725097656,780.5169677734375,971.668701171875,626.0389404296875,-1,-1,-1,-1
511,14,461.31451416015625,768.321533203125,924.7822875976562,638.15087890625,-1,-1,-1,-1
512,14,497.1356506347656,809.3397216796875,883.27001953125,596.67578125,-1,-1,-1,-1
513,14,523.2559204101562,845.48388671875,854.5182495117188,560.0416259765625,-1,-1,-1,-1
514,14,541.9246215820312,807.9215087890625,852.9072875976562,595.7845458984375,-1,-1,-1,-1
515,14,555.3569946289062,805.1670532226562,849.9649047851562,596.6741333007812,-1,-1,-1,-1
516,14,563.8273315429688,803.2937622070312,842.6917114257812,602.9954223632812,-1,-1,-1,-1
517,14,573.9442138671875,802.052978515625,831.192138671875,603.976318359375,-1,-1,-1,-1
518,14,575.4788208007812,852.7528076171875,830.9563598632812,554.2095947265625,-1,-1,-1,-1
519,14,558.9802856445312,791.927978515625,838.2352905273438,615.4053955078125,-1,-1,-1,-1
520,14,523.4598999023438,828.18603515625,865.7565307617188,580.0201416015625,-1,-1,-1,-1
521,14,444.723876953125,837.0308227539062,944.3929443359375,569.6196899414062,-1,-1,-1,-1
522,14,296.1429748535156,731.0867309570312,1246.0509033203125,681.0051879882812,-1,-1,-1,-1
525,14,528.7012329101562,865.8382568359375,810.7938842773438,545.6951904296875,-1,-1,-1,-1
526,14,530.4917602539062,933.1749877929688,847.6682739257812,483.22064208984375,-1,-1,-1,-1
527,14,308.32110595703125,926.1365966796875,1073.50341796875,483.8529052734375,-1,-1,-1,-1
528,14,167.9871368408203,882.904052734375,1246.4774169921875,530.024658203125,-1,-1,-1,-1
529,14,170.47805786132812,884.0191650390625,1275.636474609375,526.6011962890625,-1,-1,-1,-1
530,14,361.17242431640625,862.510498046875,1048.952392578125,546.823486328125,-1,-1,-1,-1
531,14,532.88916015625,859.4867553710938,859.467529296875,547.6250610351562,-1,-1,-1,-1
532,14,549.7391967773438,816.9869384765625,846.9819946289062,592.1907958984375,-1,-1,-1,-1
533,14,600.11376953125,798.9829711914062,799.7872314453125,613.3786010742188,-1,-1,-1,-1
534,14,512.00146484375,784.5339965820312,880.922607421875,623.9758911132812,-1,-1,-1,-1
535,14,534.4273681640625,779.4534301757812,863.0682373046875,629.3480834960938,-1,-1,-1,-1
536,14,411.02545166015625,760.9334716796875,989.7474975585938,648.21728515625,-1,-1,-1,-1
537,14,340.156494140625,759.0961303710938,1239.5225830078125,653.0098266601562,-1,-1,-1,-1
538,14,571.1004028320312,720.325927734375,834.1630249023438,690.1060791015625,-1,-1,-1,-1
539,14,693.2033081054688,740.7793579101562,715.3627319335938,668.3786010742188,-1,-1,-1,-1
540,14,674.1806030273438,729.473388671875,731.6260375976562,679.37890625,-1,-1,-1,-1
541,14,639.0181884765625,704.6646728515625,766.4932861328125,703.483642578125,-1,-1,-1,-1
542,14,687.5676879882812,682.3179321289062,718.7733764648438,726.4398803710938,-1,-1,-1,-1
543,14,719.3517456054688,685.6820068359375,694.2821655273438,723.7288818359375,-1,-1,-1,-1
544,14,705.7356567382812,632.441162109375,706.2354125976562,778.102783203125,-1,-1,-1,-1
545,14,686.6337280273438,682.5057373046875,724.9942016601562,729.0423583984375,-1,-1,-1,-1
546,14,647.7564697265625,760.3648071289062,751.938720703125,647.9174194335938,-1,-1,-1,-1
547,14,546.365234375,803.8643798828125,822.8685302734375,603.6849365234375,-1,-1,-1,-1
548,14,208.2784423828125,839.3836669921875,1107.3477783203125,571.3580322265625,-1,-1,-1,-1
549,14,173.46829223632812,909.5238647460938,1031.5252685546875,502.15814208984375,-1,-1,-1,-1
550,14,54.06644821166992,907.000732421875,1105.793701171875,505.1767578125,-1,-1,-1,-1
551,14,-3.3545303344726562,920.0892944335938,1136.3240966796875,490.98223876953125,-1,-1,-1,-1
552,14,49.31907272338867,936.907470703125,951.2152099609375,474.4344482421875,-1,-1,-1,-1
553,14,35.01022720336914,922.62646484375,892.3143920898438,487.605224609375,-1,-1,-1,-1
554,14,55.84516143798828,909.7183837890625,893.18359375,500.4422607421875,-1,-1,-1,-1
555,14,99.35173034667969,908.052490234375,906.3704223632812,504.47900390625,-1,-1,-1,-1
556,14,135.2865753173828,911.6467895507812,1027.1495361328125,504.85125732421875,-1,-1,-1,-1
557,14,207.49929809570312,857.070068359375,1108.14892578125,551.4176025390625,-1,-1,-1,-1
558,14,121.77571105957031,824.719482421875,1204.684814453125,584.0302734375,-1,-1,-1,-1
559,14,59.92333221435547,792.0103149414062,1277.6044921875,642.3759155273438,-1,-1,-1,-1
560,14,65.87920379638672,789.5357055664062,1252.8121337890625,640.3058471679688,-1,-1,-1,-1
561,14,57.21273422241211,762.4671630859375,1250.11962890625,662.75537109375,-1,-1,-1,-1
562,14,20.901371002197266,744.078125,1293.2947998046875,665.2950439453125,-1,-1,-1,-1
563,14,30.349376678466797,717.5267944335938,1293.8341064453125,692.6199340820312,-1,-1,-1,-1
564,14,27.135196685791016,686.77783203125,1303.8544921875,724.9029541015625,-1,-1,-1,-1
565,14,44.29861068725586,681.9043579101562,1206.65478515625,728.9175415039062,-1,-1,-1,-1
566,14,15.4052734375,691.4567260742188,1171.319580078125,720.5271606445312,-1,-1,-1,-1
567,14,1.6392440795898438,706.3189697265625,1129.3074951171875,702.7591552734375,-1,-1,-1,-1
568,14,16.890380859375,709.5001220703125,980.3818359375,701.2750244140625,-1,-1,-1,-1
569,14,6.1913299560546875,686.0552978515625,1101.244384765625,726.0859375,-1,-1,-1,-1
570,14,9.944549560546875,738.488525390625,971.944091796875,672.552001953125,-1,-1,-1,-1
571,14,28.941646575927734,755.1154174804688,961.1473999023438,659.1001586914062,-1,-1,-1,-1
572,14,41.459903717041016,751.3182373046875,986.7072143554688,659.88525390625,-1,-1,-1,-1
573,14,39.15918731689453,775.6641845703125,908.0537109375,639.6756591796875,-1,-1,-1,-1
574,14,43.85222244262695,752.7340087890625,1036.390869140625,659.1519775390625,-1,-1,-1,-1
575,14,61.18889617919922,799.3595581054688,950.7031860351562,618.7848510742188,-1,-1,-1,-1
576,14,69.17987060546875,796.5449829101562,956.4575805664062,615.2660522460938,-1,-1,-1,-1
577,14,54.26089859008789,783.7827758789062,964.2333374023438,627.9298706054688,-1,-1,-1,-1
578,14,53.315208435058594,766.2919921875,964.8349609375,649.9483642578125,-1,-1,-1,-1
579,14,57.89356231689453,717.2628784179688,950.41015625,693.2781372070312,-1,-1,-1,-1
580,14,48.627586364746094,704.4898071289062,957.7077026367188,705.1934204101562,-1,-1,-1,-1
581,14,71.23280334472656,766.8053588867188,982.238525390625,640.9172973632812,-1,-1,-1,-1
582,14,119.08781433105469,776.5991821289062,1052.2510986328125,630.5286254882812,-1,-1,-1,-1
583,14,148.67462158203125,815.3336791992188,983.6764526367188,591.6296997070312,-1,-1,-1,-1
584,14,349.7290344238281,909.2791748046875,904.46826171875,505.0269775390625,-1,-1,-1,-1
585,14,524.61328125,889.4263305664062,712.214111328125,523.0098266601562,-1,-1,-1,-1
586,14,766.7105712890625,998.8053588867188,456.0540771484375,407.36590576171875,-1,-1,-1,-1
587,14,788.6275634765625,984.1348266601562,476.6014404296875,425.89471435546875,-1,-1,-1,-1
588,14,793.17919921875,982.1469116210938,527.7025146484375,427.72320556640625,-1,-1,-1,-1
589,14,810.603515625,940.4622802734375,593.182373046875,470.219482421875,-1,-1,-1,-1
590,14,826.680419921875,923.8072509765625,579.5306396484375,487.689453125,-1,-1,-1,-1
591,14,820.8462524414062,835.547119140625,586.1076049804688,575.3243408203125,-1,-1,-1,-1
592,14,786.9635009765625,837.8123779296875,620.6546630859375,583.294921875,-1,-1,-1,-1
593,14,749.9833984375,901.3624877929688,649.218505859375,511.46942138671875,-1,-1,-1,-1
594,14,689.1627197265625,841.9541625976562,701.6468505859375,569.1964721679688,-1,-1,-1,-1
595,14,610.1942749023438,886.3394775390625,746.8565063476562,520.9312744140625,-1,-1,-1,-1
596,14,575.8680419921875,1029.2333984375,798.4906005859375,378.398681640625,-1,-1,-1,-1
597,14,578.9105834960938,1022.25390625,763.1194458007812,382.990966796875,-1,-1,-1,-1
598,14,547.9866333007812,1025.0067138671875,794.8187866210938,381.72265625,-1,-1,-1,-1
599,14,516.0034790039062,1040.07080078125,808.5101928710938,369.23291015625,-1,-1,-1,-1
600,14,550.4346313476562,1017.41943359375,731.4622192382812,391.69970703125,-1,-1,-1,-1
601,14,529.3182373046875,979.9029541015625,766.9033203125,429.5179443359375,-1,-1,-1,-1
450,15,785.6231689453125,147.5806884765625,461.6802978515625,446.2845458984375,-1,-1,-1,-1
451,15,660.4381103515625,194.2977752685547,453.4071044921875,480.1063232421875,-1,-1,-1,-1
452,15,595.2471313476562,241.534423828125,429.55206298828125,521.252197265625,-1,-1,-1,-1
453,15,582.7174072265625,227.4529266357422,411.34954833984375,547.4461669921875,-1,-1,-1,-1
454,15,581.0948486328125,229.24813842773438,404.04229736328125,565.5338134765625,-1,-1,-1,-1
455,15,575.693359375,231.95156860351562,394.1336669921875,596.51611328125,-1,-1,-1,-1
456,15,556.1849975585938,238.92410278320312,394.47723388671875,557.5128173828125,-1,-1,-1,-1
457,15,561.1310424804688,228.0398406982422,378.471435546875,544.7282104492188,-1,-1,-1,-1
458,15,553.6254272460938,219.93133544921875,398.25067138671875,582.1122436523438,-1,-1,-1,-1
459,15,560.1062622070312,218.6243438720703,387.36981201171875,565.5469360351562,-1,-1,-1,-1
460,15,564.5906982421875,202.93292236328125,406.288330078125,612.2844848632812,-1,-1,-1,-1
461,15,570.1710205078125,190.19683837890625,417.24346923828125,582.4634399414062,-1,-1,-1,-1
462,15,569.2020263671875,178.74603271484375,425.898681640625,591.1451416015625,-1,-1,-1,-1
463,15,609.9131469726562,166.47015380859375,419.15020751953125,592.45166015625,-1,-1,-1,-1
464,15,648.1817016601562,152.3701934814453,437.06817626953125,588.9486083984375,-1,-1,-1,-1
465,15,701.1503295898438,136.08937072753906,437.06500244140625,550.38134765625,-1,-1,-1,-1
466,15,772.088623046875,123.2359390258789,445.63427734375,521.6611938476562,-1,-1,-1,-1
467,15,875.6739501953125,105.82859802246094,465.2073974609375,443.892578125,-1,-1,-1,-1
468,15,983.37353515625,71.33841705322266,370.758056640625,450.8507385253906,-1,-1,-1,-1
469,15,1013.051513671875,126.8983154296875,410.3468017578125,582.10009765625,-1,-1,-1,-1
453,16,947.318603515625,352.6092224121094,459.4749755859375,630.4566650390625,-1,-1,-1,-1
454,16,977.5501098632812,344.150390625,436.27447509765625,634.7549438476562,-1,-1,-1,-1
455,16,997.3369140625,332.6657409667969,414.275146484375,670.49951171875,-1,-1,-1,-1
456,16,976.4906616210938,324.094482421875,434.83416748046875,671.9927368164062,-1,-1,-1,-1
457,16,965.4485473632812,316.5992126464844,445.15374755859375,668.18359375,-1,-1,-1,-1
458,16,965.48095703125,314.85809326171875,446.4302978515625,664.3338012695312,-1,-1,-1,-1
459,16,986.2024536132812,317.692626953125,424.88348388671875,662.221435546875,-1,-1,-1,-1
460,16,982.0786743164062,309.8544006347656,429.61663818359375,666.37890625,-1,-1,-1,-1
461,16,993.3872680664062,307.4217224121094,417.55889892578125,661.647216796875,-1,-1,-1,-1
462,16,1009.2482299804688,291.919189453125,402.83648681640625,672.1195068359375,-1,-1,-1,-1
463,16,1009.5079345703125,254.292724609375,403.04736328125,718.236083984375,-1,-1,-1,-1
464,16,955.3516845703125,231.9476318359375,452.94482421875,749.1834716796875,-1,-1,-1,-1
465,16,770.289306640625,201.42034912109375,638.8594970703125,812.1552734375,-1,-1,-1,-1
466,16,750.5513305664062,103.88838195800781,660.3533325195312,891.04541015625,-1,-1,-1,-1
467,16,867.8294677734375,105.45289611816406,497.7960205078125,512.4161376953125,-1,-1,-1,-1
483,17,844.7277221679688,33.241878509521484,447.85992431640625,499.0770263671875,-1,-1,-1,-1
484,17,791.5909423828125,35.878684997558594,465.3419189453125,519.0275268554688,-1,-1,-1,-1
485,17,772.3101806640625,26.252155303955078,483.46142578125,550.83837890625,-1,-1,-1,-1
486,17,733.035400390625,25.905887603759766,469.0616455078125,568.19677734375,-1,-1,-1,-1
487,17,709.1189575195312,36.76137161254883,446.23199462890625,572.4976806640625,-1,-1,-1,-1
488,17,684.870361328125,39.43483352661133,521.1551513671875,600.5359497070312,-1,-1,-1,-1
489,17,676.4254150390625,55.66357421875,497.2640380859375,584.053955078125,-1,-1,-1,-1
490,17,663.4989624023438,72.16233825683594,509.53070068359375,586.6104125976562,-1,-1,-1,-1
491,17,680.34228515625,91.47981262207031,480.572265625,557.8960571289062,-1,-1,-1,-1
492,17,676.9280395507812,107.65534210205078,483.16705322265625,592.7178344726562,-1,-1,-1,-1
493,17,666.6513671875,126.2882308959961,458.6802978515625,576.2389526367188,-1,-1,-1,-1
494,17,666.829833984375,143.06239318847656,468.728271484375,574.198486328125,-1,-1,-1,-1
495,17,651.9805297851562,160.1904754638672,538.5963745117188,603.7750244140625,-1,-1,-1,-1
496,17,636.9992065429688,177.8643035888672,515.9949340820312,558.6862182617188,-1,-1,-1,-1
497,17,570.1095581054688,215.38528442382812,572.2361450195312,577.907958984375,-1,-1,-1,-1
498,17,512.1695861816406,260.92822265625,589.2867431640625,671.87158203125,-1,-1,-1,-1
499,17,460.2269592285156,291.1827087402344,506.6380310058594,628.076904296875,-1,-1,-1,-1
500,17,419.5040283203125,297.3050231933594,397.2906494140625,601.2896728515625,-1,-1,-1,-1
501,17,406.6830749511719,295.9684753417969,408.1208801269531,621.839599609375,-1,-1,-1,-1
502,17,406.5415344238281,293.78948974609375,410.0937805175781,631.0700073242188,-1,-1,-1,-1
503,17,401.83892822265625,266.140869140625,411.91302490234375,623.1177978515625,-1,-1,-1,-1
504,17,421.3351745605469,251.92633056640625,385.4497985839844,615.0213623046875,-1,-1,-1,-1
505,17,456.2727966308594,219.24795532226562,402.7682189941406,682.416259765625,-1,-1,-1,-1
506,17,546.8334350585938,167.96275329589844,416.93896484375,545.1895141601562,-1,-1,-1,-1
507,17,710.6921997070312,116.137451171875,471.38531494140625,484.39483642578125,-1,-1,-1,-1
508,17,842.3534545898438,87.63014221191406,498.52520751953125,445.01629638671875,-1,-1,-1,-1
491,18,1071.3963623046875,240.80300903320312,342.0120849609375,672.181640625,-1,-1,-1,-1
492,18,986.6296997070312,192.0726318359375,424.42108154296875,737.2796630859375,-1,-1,-1,-1
493,18,1056.1824951171875,211.96543884277344,352.5555419921875,721.368408203125,-1,-1,-1,-1
494,18,1027.6927490234375,290.08203125,383.762451171875,625.385986328125,-1,-1,-1,-1
495,18,1038.7371826171875,315.5498046875,374.4527587890625,598.5657958984375,-1,-1,-1,-1
496,18,982.2640991210938,295.97454833984375,433.25518798828125,637.0127563476562,-1,-1,-1,-1
497,18,913.716064453125,278.3133850097656,492.881591796875,706.0457763671875,-1,-1,-1,-1
498,18,884.8759765625,305.04583740234375,435.7689208984375,701.3872680664062,-1,-1,-1,-1
499,18,830.6580810546875,326.7922058105469,402.8868408203125,682.052490234375,-1,-1,-1,-1
500,18,776.2034912109375,332.59295654296875,407.7979736328125,673.1033935546875,-1,-1,-1,-1
501,18,760.6403198242188,332.42437744140625,404.14007568359375,666.0106201171875,-1,-1,-1,-1
502,18,753.2689208984375,330.50152587890625,403.36083984375,674.7838745117188,-1,-1,-1,-1
503,18,770.7285766601562,309.6106872558594,388.35894775390625,681.3990478515625,-1,-1,-1,-1
504,18,760.2592163085938,292.34539794921875,413.57659912109375,697.3046875,-1,-1,-1,-1
505,18,808.3783569335938,270.2974548339844,414.66790771484375,717.34033203125,-1,-1,-1,-1
506,18,785.865234375,263.7499694824219,552.8624267578125,726.9315185546875,-1,-1,-1,-1
507,18,706.9521484375,233.1079559326172,707.6478271484375,784.514404296875,-1,-1,-1,-1
508,18,793.9678955078125,96.10540771484375,631.180419921875,972.6371459960938,-1,-1,-1,-1
509,18,802.5451049804688,325.9661560058594,601.1493530273438,895.9403076171875,-1,-1,-1,-1
511,18,639.506591796875,153.43756103515625,1036.1817626953125,1281.592041015625,-1,-1,-1,-1
512,18,642.884765625,248.04249572753906,980.3642578125,1197.149658203125,-1,-1,-1,-1
513,18,656.0792846679688,335.5093688964844,796.4609985351562,1095.1973876953125,-1,-1,-1,-1
514,18,544.410888671875,402.4271545410156,886.1160888671875,1013.3240966796875,-1,-1,-1,-1
515,18,543.8052978515625,460.3959045410156,912.8292236328125,951.115966796875,-1,-1,-1,-1
516,18,562.93603515625,523.1775512695312,866.8614501953125,887.3952026367188,-1,-1,-1,-1
517,18,580.4510498046875,706.1861572265625,816.1566162109375,702.6864013671875,-1,-1,-1,-1
547,19,811.2626953125,112.21441650390625,606.1722412109375,621.4366455078125,-1,-1,-1,-1
548,19,760.7894897460938,170.56341552734375,645.4038696289062,608.0905151367188,-1,-1,-1,-1
549,19,780.546875,209.17918395996094,625.48046875,603.6473388671875,-1,-1,-1,-1
550,19,781.3816528320312,226.8027801513672,622.3766479492188,592.5913696289062,-1,-1,-1,-1
551,19,773.5555419921875,232.8166961669922,631.642333984375,590.4830932617188,-1,-1,-1,-1
552,19,771.2769775390625,239.841064453125,634.2508544921875,596.9468994140625,-1,-1,-1,-1
553,19,795.6107177734375,232.9485626220703,609.2607421875,599.156494140625,-1,-1,-1,-1
554,19,816.3419189453125,222.39724731445312,587.8160400390625,595.966064453125,-1,-1,-1,-1
555,19,806.3245239257812,213.01126098632812,604.0521850585938,602.0364990234375,-1,-1,-1,-1
556,19,866.0322875976562,209.734619140625,551.1644897460938,614.3397216796875,-1,-1,-1,-1
557,19,800.1937255859375,198.05450439453125,601.7647705078125,643.3693237304688,-1,-1,-1,-1
