1,1,420.55877685546875,0.46599578857421875,367.5775146484375,635.5558471679688,-1,-1,-1,-1
2,1,411.102783203125,85.96102905273438,314.9859619140625,582.789794921875,-1,-1,-1,-1
3,1,400.64544677734375,172.53628540039062,327.28448486328125,637.123779296875,-1,-1,-1,-1
4,1,410.79052734375,189.98020935058594,294.07147216796875,617.7625732421875,-1,-1,-1,-1
5,1,404.38897705078125,153.47781372070312,279.92864990234375,644.0814208984375,-1,-1,-1,-1
6,1,398.5868225097656,131.22535705566406,270.0925598144531,646.7648315429688,-1,-1,-1,-1
7,1,401.45379638671875,166.64891052246094,251.13922119140625,631.7630615234375,-1,-1,-1,-1
8,1,411.487060546875,187.81224060058594,242.58331298828125,604.3958740234375,-1,-1,-1,-1
9,1,449.1653137207031,195.97451782226562,234.52859497070312,579.3768310546875,-1,-1,-1,-1
10,1,492.31719970703125,203.50181579589844,228.739501953125,560.2029418945312,-1,-1,-1,-1
11,1,542.7031860351562,204.8171844482422,222.83721923828125,531.2797241210938,-1,-1,-1,-1
12,1,596.0103759765625,190.66932678222656,225.50177001953125,521.023681640625,-1,-1,-1,-1
13,1,662.0578002929688,154.92974853515625,237.8277587890625,524.0933227539062,-1,-1,-1,-1
14,1,740.441650390625,97.87713623046875,271.226806640625,500.62896728515625,-1,-1,-1,-1
15,1,815.81689453125,58.57455825805664,299.337890625,526.3018188476562,-1,-1,-1,-1
16,1,873.7758178710938,29.69217300415039,306.39874267578125,526.81591796875,-1,-1,-1,-1
17,1,906.2666015625,14.016153335571289,296.443359375,498.7911682128906,-1,-1,-1,-1
18,1,921.8551635742188,6.729928970336914,291.87103271484375,487.85174560546875,-1,-1,-1,-1
19,1,927.9574584960938,7.55317497253418,295.08087158203125,515.7793579101562,-1,-1,-1,-1
20,1,956.509765625,6.260629653930664,276.205322265625,517.1387939453125,-1,-1,-1,-1
21,1,960.3583984375,14.70501708984375,266.397705078125,444.3007507324219,-1,-1,-1,-1
22,1,951.497314453125,20.13473129272461,286.7086181640625,411.8907165527344,-1,-1,-1,-1
23,1,951.8480834960938,27.7225341796875,290.95159912109375,396.27996826171875,-1,-1,-1,-1
1,2,806.1719970703125,269.87554931640625,440.705322265625,543.4359741210938,-1,-1,-1,-1
2,2,801.1395263671875,368.0121154785156,401.905517578125,525.1893310546875,-1,-1,-1,-1
3,2,799.0997314453125,439.739990234375,368.3529052734375,524.3564453125,-1,-1,-1,-1
4,2,772.47998046875,444.61651611328125,382.8763427734375,525.3496704101562,-1,-1,-1,-1
5,2,788.2054443359375,402.89923095703125,361.2420654296875,529.1671752929688,-1,-1,-1,-1
6,2,789.73974609375,370.73626708984375,349.107421875,530.7880249023438,-1,-1,-1,-1
7,2,783.6414794921875,387.1744384765625,334.898681640625,529.107177734375,-1,-1,-1,-1
8,2,776.1615600585938,400.231201171875,335.52728271484375,527.3331909179688,-1,-1,-1,-1
9,2,794.91552734375,404.50238037109375,336.6712646484375,528.1334228515625,-1,-1,-1,-1
10,2,796.6429443359375,402.6328125,369.632080078125,532.2167358398438,-1,-1,-1,-1
11,2,804.6729736328125,400.2925109863281,407.085693359375,540.66845703125,-1,-1,-1,-1
12,2,862.503662109375,390.700927734375,403.23583984375,549.9000244140625,-1,-1,-1,-1
13,2,876.73291015625,379.0337829589844,462.770751953125,556.372802734375,-1,-1,-1,-1
14,2,994.8995971679688,339.92138671875,420.88226318359375,589.8922729492188,-1,-1,-1,-1
15,2,1083.7127685546875,241.67208862304688,329.524658203125,526.1004638671875,-1,-1,-1,-1
22,3,565.064208984375,923.343505859375,184.6207275390625,246.0615234375,-1,-1,-1,-1
23,3,554.303466796875,922.7738647460938,189.77667236328125,230.69830322265625,-1,-1,-1,-1
24,3,551.455078125,894.2831420898438,224.128173828125,251.99859619140625,-1,-1,-1,-1
25,3,538.3200073242188,868.7359619140625,227.96649169921875,249.5302734375,-1,-1,-1,-1
26,3,569.593994140625,873.3860473632812,164.0948486328125,225.98724365234375,-1,-1,-1,-1
28,3,516.5159301757812,895.437744140625,209.65350341796875,225.8236083984375,-1,-1,-1,-1
29,3,464.0499267578125,898.8330078125,262.616943359375,210.910400390625,-1,-1,-1,-1
31,3,456.13360595703125,924.7525024414062,206.58843994140625,183.64019775390625,-1,-1,-1,-1
34,3,458.4900817871094,978.756103515625,231.12326049804688,200.3834228515625,-1,-1,-1,-1
35,3,518.274658203125,1007.7727661132812,165.67352294921875,200.59271240234375,-1,-1,-1,-1
36,3,540.6390991210938,1033.2789306640625,131.14215087890625,201.22802734375,-1,-1,-1,-1
37,3,523.3963623046875,1062.89013671875,205.03204345703125,224.1302490234375,-1,-1,-1,-1
38,3,522.4281005859375,1084.1956787109375,249.82635498046875,305.7044677734375,-1,-1,-1,-1
39,3,518.9849853515625,1126.2923583984375,327.09405517578125,281.2337646484375,-1,-1,-1,-1
40,3,396.1293029785156,1143.0264892578125,543.3243408203125,265.7076416015625,-1,-1,-1,-1
41,3,349.88763427734375,1114.5894775390625,545.9446411132812,294.064453125,-1,-1,-1,-1
42,3,332.1251220703125,1067.5361328125,608.4379272460938,342.4122314453125,-1,-1,-1,-1
43,3,85.5941390991211,1006.1643676757812,1131.40380859375,410.91119384765625,-1,-1,-1,-1
44,3,52.21979904174805,779.6229248046875,1298.4359130859375,634.2962646484375,-1,-1,-1,-1
45,3,234.7886962890625,860.6847534179688,793.9141845703125,599.9445190429688,-1,-1,-1,-1
46,3,340.8924560546875,1057.396728515625,563.0835571289062,359.1953125,-1,-1,-1,-1
47,3,401.71624755859375,1117.480224609375,542.572265625,313.6669921875,-1,-1,-1,-1
48,3,535.0283813476562,1250.0968017578125,312.91387939453125,199.592041015625,-1,-1,-1,-1
49,3,544.8204345703125,1295.13623046875,293.8001708984375,213.279296875,-1,-1,-1,-1
50,3,559.40771484375,1293.60888671875,262.93194580078125,231.7542724609375,-1,-1,-1,-1
49,4,930.18310546875,106.97817993164062,461.3515625,494.6534729003906,-1,-1,-1,-1
50,4,879.6156005859375,101.35162353515625,533.2462158203125,558.0528564453125,-1,-1,-1,-1
51,4,832.8192138671875,157.68699645996094,590.7755126953125,575.8765258789062,-1,-1,-1,-1
52,4,801.108154296875,168.98358154296875,605.5877685546875,565.4813842773438,-1,-1,-1,-1
53,4,776.1002807617188,178.6830596923828,640.5894165039062,586.8358154296875,-1,-1,-1,-1
54,4,759.50634765625,183.84454345703125,654.868896484375,604.4025268554688,-1,-1,-1,-1
55,4,728.5693359375,185.1417999267578,661.8553466796875,620.146728515625,-1,-1,-1,-1
56,4,719.2705688476562,187.5612335205078,639.3157348632812,605.177001953125,-1,-1,-1,-1
57,4,704.7376708984375,217.64173889160156,500.8294677734375,582.311767578125,-1,-1,-1,-1
58,4,695.6136474609375,227.20799255371094,485.65478515625,580.5258178710938,-1,-1,-1,-1
59,4,675.5230102539062,238.56573486328125,423.91754150390625,565.03955078125,-1,-1,-1,-1
60,4,671.3090209960938,267.9065246582031,397.16851806640625,554.108154296875,-1,-1,-1,-1
61,4,670.5180053710938,286.6166076660156,410.02337646484375,558.1112060546875,-1,-1,-1,-1
62,4,668.6734619140625,302.2318420410156,408.59033203125,556.8572998046875,-1,-1,-1,-1
63,4,662.7056884765625,304.5275573730469,420.8836669921875,556.302978515625,-1,-1,-1,-1
64,4,653.2620849609375,305.1462097167969,415.0594482421875,559.30126953125,-1,-1,-1,-1
65,4,632.0112915039062,303.1511535644531,437.56646728515625,565.7794189453125,-1,-1,-1,-1
66,4,599.5414428710938,303.7352294921875,420.75177001953125,568.2935791015625,-1,-1,-1,-1
67,4,567.9072265625,290.7366027832031,430.6485595703125,588.7869873046875,-1,-1,-1,-1
68,4,548.9420166015625,296.56103515625,410.64459228515625,593.2921142578125,-1,-1,-1,-1
69,4,554.1919555664062,307.8401794433594,417.16943359375,593.518310546875,-1,-1,-1,-1
70,4,574.3952026367188,293.2844543457031,428.54461669921875,597.99658203125,-1,-1,-1,-1
71,4,567.8929443359375,279.3826904296875,452.6964111328125,601.4649658203125,-1,-1,-1,-1
72,4,529.6680297851562,304.9562072753906,437.38525390625,601.404541015625,-1,-1,-1,-1
73,4,454.653076171875,350.8375244140625,423.59344482421875,600.8365478515625,-1,-1,-1,-1
74,4,373.37347412109375,377.16339111328125,429.85833740234375,617.4514770507812,-1,-1,-1,-1
75,4,312.6001281738281,396.640625,433.2638854980469,630.256591796875,-1,-1,-1,-1
76,4,272.6527099609375,402.087646484375,446.62017822265625,638.242919921875,-1,-1,-1,-1
77,4,242.80856323242188,403.9028625488281,456.5854797363281,648.757568359375,-1,-1,-1,-1
78,4,229.50363159179688,392.27032470703125,468.3031311035156,660.8713989257812,-1,-1,-1,-1
79,4,254.5537109375,355.02850341796875,470.6839599609375,660.8260498046875,-1,-1,-1,-1
80,4,283.88983154296875,311.6875915527344,475.298583984375,666.7296142578125,-1,-1,-1,-1
81,4,304.6884460449219,288.1098937988281,482.1375427246094,678.5843505859375,-1,-1,-1,-1
82,4,281.3080749511719,242.0509033203125,508.3811340332031,697.5098266601562,-1,-1,-1,-1
83,4,247.31666564941406,205.88653564453125,531.5746459960938,714.8931274414062,-1,-1,-1,-1
84,4,212.06561279296875,168.2397918701172,555.3414306640625,735.4402465820312,-1,-1,-1,-1
85,4,184.26329040527344,146.22119140625,568.9195556640625,743.2273559570312,-1,-1,-1,-1
86,4,159.1826934814453,128.3057098388672,588.4705200195312,762.7528076171875,-1,-1,-1,-1
87,4,126.77666473388672,117.5877685546875,612.2701416015625,780.61328125,-1,-1,-1,-1
88,4,83.12958526611328,68.30718994140625,643.8677978515625,838.2474365234375,-1,-1,-1,-1
89,4,51.86979675292969,51.1347541809082,663.6698608398438,852.2178344726562,-1,-1,-1,-1
90,4,14.233283996582031,18.158462524414062,685.9505004882812,900.5518188476562,-1,-1,-1,-1
91,4,6.557319641113281,9.47940444946289,683.6649169921875,925.8322143554688,-1,-1,-1,-1
92,4,5.847684860229492,4.769962310791016,669.9992065429688,950.1797485351562,-1,-1,-1,-1
93,4,12.92403793334961,9.873466491699219,655.8487548828125,806.9185791015625,-1,-1,-1,-1
94,4,10.877588272094727,-1.149444580078125,648.0338745117188,830.402099609375,-1,-1,-1,-1
95,4,10.963106155395508,1.0435142517089844,646.211669921875,762.4644165039062,-1,-1,-1,-1
96,4,7.193878173828125,17.684463500976562,639.0426025390625,635.2461547851562,-1,-1,-1,-1
97,4,10.935159683227539,7.974407196044922,624.9906005859375,633.9744873046875,-1,-1,-1,-1
98,4,8.612833023071289,4.544502258300781,614.1553344726562,614.3336791992188,-1,-1,-1,-1
99,4,9.262147903442383,8.347152709960938,601.0662231445312,604.2507934570312,-1,-1,-1,-1
100,4,10.334331512451172,6.681295394897461,588.2420043945312,607.5038452148438,-1,-1,-1,-1
101,4,2.230022430419922,17.784311294555664,595.3856811523438,587.0802612304688,-1,-1,-1,-1
102,4,-2.011106491088867,25.082473754882812,592.9086303710938,564.22216796875,-1,-1,-1,-1
103,4,-4.420650482177734,53.4044189453125,582.202880859375,551.86669921875,-1,-1,-1,-1
104,4,-4.962942123413086,93.557373046875,542.821044921875,517.1729125976562,-1,-1,-1,-1
105,4,-2.0921974182128906,157.20269775390625,465.4870300292969,450.447021484375,-1,-1,-1,-1
106,4,-5.17249870300293,240.2946014404297,414.49188232421875,374.94989013671875,-1,-1,-1,-1
107,4,3.278959274291992,280.48388671875,423.2586669921875,448.692138671875,-1,-1,-1,-1
108,4,-10.032730102539062,364.40863037109375,571.119384765625,567.0845947265625,-1,-1,-1,-1
109,4,-51.32628631591797,396.623046875,756.3853759765625,687.1868896484375,-1,-1,-1,-1
110,4,2.3120994567871094,321.3782653808594,548.5255126953125,761.9534912109375,-1,-1,-1,-1
111,4,-2.873250961303711,259.2138977050781,564.6378173828125,839.24267578125,-1,-1,-1,-1
112,4,-2.815092086791992,281.2154235839844,577.3300170898438,793.3770751953125,-1,-1,-1,-1
113,4,-3.7451725006103516,292.5260925292969,556.1510620117188,798.2734375,-1,-1,-1,-1
114,4,-0.6983776092529297,350.310546875,524.4009399414062,748.77197265625,-1,-1,-1,-1
115,4,0.8978652954101562,407.5874328613281,512.0881958007812,690.1182861328125,-1,-1,-1,-1
116,4,-7.27104377746582,395.247802734375,494.45916748046875,710.728515625,-1,-1,-1,-1
117,4,-3.299833297729492,455.7396240234375,428.2884216308594,664.315673828125,-1,-1,-1,-1
118,4,4.143768310546875,513.70751953125,368.18505859375,604.5166015625,-1,-1,-1,-1
119,4,1.9438858032226562,569.0744018554688,429.99273681640625,622.4909057617188,-1,-1,-1,-1
120,4,-1.4701995849609375,645.6807250976562,469.909423828125,661.6028442382812,-1,-1,-1,-1
121,4,1.8173713684082031,638.6936645507812,495.3072509765625,771.8113403320312,-1,-1,-1,-1
122,4,3.2761478424072266,625.2891235351562,609.7620849609375,787.2763061523438,-1,-1,-1,-1
123,4,-104.48252868652344,607.033447265625,1047.3953857421875,806.65185546875,-1,-1,-1,-1
124,4,1.6128921508789062,629.19921875,995.2025146484375,782.232177734375,-1,-1,-1,-1
125,4,65.11860656738281,704.2672119140625,1178.5107421875,714.0037841796875,-1,-1,-1,-1
126,4,73.8990478515625,672.1049194335938,1322.794189453125,743.8757934570312,-1,-1,-1,-1
127,4,118.58935546875,813.8743896484375,1304.71435546875,601.2957763671875,-1,-1,-1,-1
128,4,453.42626953125,921.8811645507812,786.6558837890625,490.35931396484375,-1,-1,-1,-1
129,4,570.3992919921875,947.656005859375,583.8489990234375,466.675048828125,-1,-1,-1,-1
130,4,571.3424072265625,942.2960205078125,558.9110107421875,472.3162841796875,-1,-1,-1,-1
131,4,575.1548461914062,915.90234375,550.2349243164062,498.15869140625,-1,-1,-1,-1
132,4,589.7218627929688,907.4434814453125,484.98406982421875,512.935791015625,-1,-1,-1,-1
133,4,584.4005126953125,903.0506591796875,536.2108154296875,510.6075439453125,-1,-1,-1,-1
134,4,581.2197265625,905.9569702148438,547.8704833984375,507.69903564453125,-1,-1,-1,-1
135,4,577.9617309570312,905.2442016601562,557.2899780273438,508.76361083984375,-1,-1,-1,-1
136,4,568.554443359375,901.5673217773438,566.281005859375,512.5369262695312,-1,-1,-1,-1
137,4,566.4195556640625,900.3426513671875,630.3843994140625,512.38037109375,-1,-1,-1,-1
138,4,555.5680541992188,902.1071166992188,678.0454711914062,510.32965087890625,-1,-1,-1,-1
139,4,579.0723876953125,901.138671875,644.3851318359375,511.09912109375,-1,-1,-1,-1
140,4,628.1973876953125,907.641357421875,638.2720947265625,503.7269287109375,-1,-1,-1,-1
141,4,777.6724243164062,902.3062133789062,580.4285278320312,507.37591552734375,-1,-1,-1,-1
142,4,768.0089721679688,837.5662231445312,649.5357055664062,572.4834594726562,-1,-1,-1,-1
143,4,745.837158203125,757.1610107421875,671.544677734375,652.4393310546875,-1,-1,-1,-1
144,4,732.1898193359375,779.6220092773438,677.07421875,629.5878295898438,-1,-1,-1,-1
145,4,703.7511596679688,793.0032958984375,693.0499877929688,615.407958984375,-1,-1,-1,-1
146,4,635.6323852539062,764.1822509765625,773.2085571289062,644.81884765625,-1,-1,-1,-1
147,4,480.8765869140625,768.5020751953125,923.497802734375,641.3065185546875,-1,-1,-1,-1
148,4,410.3307189941406,830.5234375,970.9520263671875,578.8292236328125,-1,-1,-1,-1
149,4,220.49314880371094,813.0061645507812,1155.6368408203125,597.1427612304688,-1,-1,-1,-1
150,4,63.387855529785156,841.0198364257812,1221.0849609375,572.9636840820312,-1,-1,-1,-1
151,4,48.70051574707031,873.5096435546875,1077.9486083984375,537.4326171875,-1,-1,-1,-1
152,4,44.5958251953125,899.7234497070312,1012.0977783203125,510.02044677734375,-1,-1,-1,-1
153,4,53.47067642211914,912.283447265625,1022.0693359375,498.0655517578125,-1,-1,-1,-1
154,4,55.11217498779297,879.3283081054688,1115.460693359375,534.3668823242188,-1,-1,-1,-1
155,4,76.46160125732422,841.7133178710938,1125.96826171875,574.3729858398438,-1,-1,-1,-1
156,4,148.87234497070312,805.1465454101562,1171.0926513671875,607.0739135742188,-1,-1,-1,-1
157,4,215.77737426757812,844.275634765625,1107.0115966796875,564.8192138671875,-1,-1,-1,-1
158,4,347.79296875,862.0045166015625,1008.76904296875,545.7421875,-1,-1,-1,-1
159,4,490.6013488769531,819.6470947265625,864.7586669921875,589.303466796875,-1,-1,-1,-1
160,4,480.4441833496094,777.4752197265625,914.0050048828125,632.708251953125,-1,-1,-1,-1
161,4,342.7834167480469,792.677001953125,1057.6534423828125,616.5452880859375,-1,-1,-1,-1
162,4,478.5640563964844,780.5424194335938,931.25634765625,629.6786499023438,-1,-1,-1,-1
163,4,420.86932373046875,768.5906982421875,968.7791137695312,641.3487548828125,-1,-1,-1,-1
164,4,349.21295166015625,697.2996826171875,1047.562744140625,713.499755859375,-1,-1,-1,-1
165,4,289.3016357421875,788.844482421875,1033.954345703125,622.52197265625,-1,-1,-1,-1
166,4,337.41094970703125,812.3616333007812,937.1869506835938,597.7380981445312,-1,-1,-1,-1
167,4,287.5035095214844,753.0856323242188,1028.4078369140625,656.7958374023438,-1,-1,-1,-1
168,4,311.6148376464844,696.7056274414062,962.86083984375,711.9302368164062,-1,-1,-1,-1
59,5,1083.59521484375,387.607421875,329.03759765625,645.7490234375,-1,-1,-1,-1
60,5,1096.1119384765625,427.3134460449219,314.1807861328125,608.1695556640625,-1,-1,-1,-1
61,5,1088.149658203125,400.2049560546875,321.8719482421875,635.5621337890625,-1,-1,-1,-1
62,5,1092.4832763671875,329.26214599609375,316.2919921875,708.3613891601562,-1,-1,-1,-1
63,5,1070.3956298828125,301.79901123046875,339.03125,730.3114624023438,-1,-1,-1,-1
64,5,1074.019287109375,325.08953857421875,336.86083984375,694.770263671875,-1,-1,-1,-1
65,5,1054.259765625,397.7968444824219,357.57373046875,598.7767333984375,-1,-1,-1,-1
66,5,1041.5582275390625,388.57720947265625,369.5877685546875,579.751708984375,-1,-1,-1,-1
67,5,1032.570556640625,324.4950866699219,382.241943359375,608.6856689453125,-1,-1,-1,-1
68,5,1030.750244140625,279.7122497558594,383.031982421875,626.8741455078125,-1,-1,-1,-1
69,5,1047.1759033203125,333.83953857421875,363.4395751953125,564.2999877929688,-1,-1,-1,-1
70,5,1053.2076416015625,347.5821533203125,358.3052978515625,556.1921997070312,-1,-1,-1,-1
71,5,983.15771484375,350.44415283203125,427.3623046875,544.9262084960938,-1,-1,-1,-1
72,5,990.3418579101562,352.5518798828125,424.26617431640625,554.7987060546875,-1,-1,-1,-1
73,5,989.98828125,364.5564880371094,377.3448486328125,512.5653991699219,-1,-1,-1,-1
74,5,942.7756958007812,305.094970703125,338.71990966796875,564.0927124023438,-1,-1,-1,-1
75,5,894.1896362304688,317.681884765625,317.06072998046875,583.8652954101562,-1,-1,-1,-1
76,5,907.816162109375,318.8187561035156,266.3355712890625,496.2383728027344,-1,-1,-1,-1
77,5,892.5205078125,311.3241271972656,260.009033203125,544.31298828125,-1,-1,-1,-1
78,5,871.8504028320312,304.0692138671875,280.64556884765625,619.5529174804688,-1,-1,-1,-1
79,5,908.6920776367188,287.4820861816406,307.86138916015625,635.889404296875,-1,-1,-1,-1
80,5,944.1577758789062,229.1226043701172,336.25860595703125,678.9060668945312,-1,-1,-1,-1
81,5,981.0352783203125,210.181396484375,322.813232421875,688.1319580078125,-1,-1,-1,-1
82,5,971.6007690429688,158.9703369140625,349.33355712890625,696.024169921875,-1,-1,-1,-1
83,5,957.2275390625,131.7209014892578,356.443359375,687.4373168945312,-1,-1,-1,-1
84,5,970.6298828125,118.84939575195312,339.766845703125,653.8446044921875,-1,-1,-1,-1
85,5,969.1300659179688,146.0715789794922,345.82696533203125,597.4304809570312,-1,-1,-1,-1
86,5,1015.4597778320312,133.91375732421875,322.20135498046875,592.203857421875,-1,-1,-1,-1
87,5,1016.172119140625,102.17789459228516,348.1865234375,608.8088989257812,-1,-1,-1,-1
88,5,850.5003051757812,66.90226745605469,543.9957885742188,720.1636352539062,-1,-1,-1,-1
89,5,928.8023681640625,72.33412170410156,464.4359130859375,608.7890625,-1,-1,-1,-1
90,5,956.763916015625,64.27278518676758,438.5126953125,602.0902099609375,-1,-1,-1,-1
91,5,925.4406127929688,45.8963623046875,432.20684814453125,618.1923217773438,-1,-1,-1,-1
92,5,943.866943359375,60.583641052246094,398.5316162109375,623.1834716796875,-1,-1,-1,-1
93,5,923.1141357421875,74.8116455078125,453.7283935546875,603.7351684570312,-1,-1,-1,-1
94,5,930.9782104492188,80.11776733398438,459.55950927734375,588.1737060546875,-1,-1,-1,-1
95,5,930.8604736328125,69.36216735839844,453.8426513671875,579.8770141601562,-1,-1,-1,-1
96,5,940.060546875,92.34931945800781,442.12890625,528.2134399414062,-1,-1,-1,-1
97,5,946.7081909179688,103.29021453857422,434.95489501953125,533.5294799804688,-1,-1,-1,-1
98,5,848.4596557617188,149.68447875976562,564.7581176757812,701.56005859375,-1,-1,-1,-1
99,5,844.6482543945312,134.93112182617188,571.1547241210938,768.6806640625,-1,-1,-1,-1
100,5,873.8241577148438,168.74949645996094,536.9617309570312,734.5728149414062,-1,-1,-1,-1
101,5,868.8121337890625,152.04627990722656,547.2564697265625,775.646484375,-1,-1,-1,-1
102,5,863.7876586914062,163.17694091796875,547.8052368164062,720.7086791992188,-1,-1,-1,-1
103,5,863.4765625,172.39231872558594,558.2392578125,729.508544921875,-1,-1,-1,-1
104,5,865.0849609375,187.99908447265625,562.9915771484375,733.7797241210938,-1,-1,-1,-1
105,5,858.25537109375,200.9517059326172,570.068115234375,702.1969604492188,-1,-1,-1,-1
106,5,869.6097412109375,279.05950927734375,550.4517822265625,633.9806518554688,-1,-1,-1,-1
97,6,9.90281867980957,270.845458984375,525.7234497070312,733.0150756835938,-1,-1,-1,-1
98,6,2.858377456665039,318.53033447265625,531.5702514648438,677.7904663085938,-1,-1,-1,-1
99,6,2.6004600524902344,334.7815246582031,527.0947875976562,655.3035888671875,-1,-1,-1,-1
100,6,3.0918102264404297,362.84814453125,538.310546875,633.5906372070312,-1,-1,-1,-1
101,6,2.1992015838623047,340.5356750488281,543.86572265625,659.101806640625,-1,-1,-1,-1
102,6,2.840963363647461,334.3474426269531,541.9661865234375,668.7086181640625,-1,-1,-1,-1
103,6,2.4848976135253906,317.3895263671875,542.467041015625,701.9706420898438,-1,-1,-1,-1
104,6,-3.7089805603027344,434.25079345703125,683.2415771484375,599.7700805664062,-1,-1,-1,-1
105,6,-5.9194793701171875,416.8581848144531,529.839111328125,610.14892578125,-1,-1,-1,-1
106,6,-16.984960556030273,392.9623718261719,617.8876342773438,647.4971923828125,-1,-1,-1,-1
107,6,-14.696434020996094,361.00042724609375,744.1046142578125,694.9231567382812,-1,-1,-1,-1
108,6,-13.99454116821289,360.0704650878906,866.587158203125,711.5831298828125,-1,-1,-1,-1
109,6,-93.17365264892578,390.723876953125,1014.5003051757812,744.3187255859375,-1,-1,-1,-1
110,6,7.6797943115234375,325.76007080078125,609.5570068359375,759.1630249023438,-1,-1,-1,-1
119,7,997.1649169921875,102.94808197021484,398.46435546875,486.8426818847656,-1,-1,-1,-1
120,7,950.3718872070312,35.99852752685547,409.52789306640625,535.951416015625,-1,-1,-1,-1
121,7,922.006591796875,13.581472396850586,379.339599609375,546.2504272460938,-1,-1,-1,-1
122,7,910.8260498046875,12.435037612915039,373.85302734375,538.757568359375,-1,-1,-1,-1
123,7,917.60888671875,17.115001678466797,371.6494140625,528.2931518554688,-1,-1,-1,-1
124,7,924.7468872070312,12.029960632324219,374.04107666015625,534.2037963867188,-1,-1,-1,-1
125,7,934.1756591796875,24.615251541137695,381.7005615234375,529.911865234375,-1,-1,-1,-1
126,7,945.7481689453125,20.149333953857422,449.83837890625,542.81884765625,-1,-1,-1,-1
127,7,964.5756225585938,26.83139419555664,428.57952880859375,539.6771240234375,-1,-1,-1,-1
128,7,991.8027954101562,66.68333435058594,378.98370361328125,496.2938232421875,-1,-1,-1,-1
129,7,1012.2371215820312,93.13322448730469,383.56842041015625,464.88812255859375,-1,-1,-1,-1
130,7,1038.09423828125,100.89955139160156,359.3382568359375,452.0704345703125,-1,-1,-1,-1
131,7,1055.1650390625,106.64912414550781,355.6397705078125,426.66009521484375,-1,-1,-1,-1
132,7,1073.2615966796875,137.77059936523438,335.0274658203125,382.3780822753906,-1,-1,-1,-1
133,7,1089.64306640625,129.9981689453125,314.0406494140625,386.0640869140625,-1,-1,-1,-1
134,7,1096.645751953125,118.66163635253906,308.2298583984375,389.9237060546875,-1,-1,-1,-1
135,7,1101.77001953125,130.41012573242188,305.22021484375,374.9490966796875,-1,-1,-1,-1
136,7,1098.50634765625,138.89039611816406,306.59326171875,364.08160400390625,-1,-1,-1,-1
137,7,1097.957275390625,105.54557037353516,309.3275146484375,400.2298278808594,-1,-1,-1,-1
138,7,1094.22119140625,123.4636459350586,313.0601806640625,378.9741516113281,-1,-1,-1,-1
139,7,1085.4490966796875,143.4341583251953,310.603759765625,346.33087158203125,-1,-1,-1,-1
140,7,1079.4403076171875,131.01092529296875,319.2713623046875,349.92962646484375,-1,-1,-1,-1
141,7,1068.6806640625,110.26136779785156,324.12890625,358.13623046875,-1,-1,-1,-1
142,7,1045.146484375,79.97608184814453,340.10302734375,377.7210388183594,-1,-1,-1,-1
143,7,1028.7615966796875,68.945556640625,342.050537109375,375.0611877441406,-1,-1,-1,-1
144,7,1021.6431884765625,44.63581466674805,368.1334228515625,394.8780517578125,-1,-1,-1,-1
145,7,1025.30126953125,39.502601623535156,369.6304931640625,403.6607971191406,-1,-1,-1,-1
146,7,1028.693603515625,17.306913375854492,356.803955078125,433.6335144042969,-1,-1,-1,-1
147,7,991.5941772460938,5.756984710693359,409.25396728515625,460.3951721191406,-1,-1,-1,-1
148,7,943.9053955078125,20.82380485534668,389.4329833984375,451.42669677734375,-1,-1,-1,-1
149,7,865.825927734375,18.971595764160156,319.816650390625,471.0754089355469,-1,-1,-1,-1
150,7,814.23828125,5.765125274658203,398.802490234375,486.7942199707031,-1,-1,-1,-1
151,7,778.3060302734375,2.3106727600097656,423.7977294921875,492.3087158203125,-1,-1,-1,-1
152,7,757.4681396484375,0.34699249267578125,396.814453125,493.254150390625,-1,-1,-1,-1
153,7,763.0172119140625,-1.4182090759277344,378.8131103515625,489.3009033203125,-1,-1,-1,-1
154,7,764.7055053710938,0.7882194519042969,339.18890380859375,481.621337890625,-1,-1,-1,-1
155,7,801.0438232421875,-1.07794189453125,303.924072265625,461.1100769042969,-1,-1,-1,-1
156,7,857.6935424804688,5.298070907592773,282.32379150390625,426.68878173828125,-1,-1,-1,-1
157,7,887.3221435546875,-0.10768318176269531,284.68212890625,407.6326599121094,-1,-1,-1,-1
158,7,917.1718139648438,1.6676311492919922,266.72442626953125,387.7903137207031,-1,-1,-1,-1
159,7,915.2269287109375,-2.1862754821777344,308.0723876953125,379.7788391113281,-1,-1,-1,-1
160,7,894.6116943359375,5.050685882568359,375.5433349609375,377.3894348144531,-1,-1,-1,-1
161,7,841.7025756835938,10.110424041748047,429.21075439453125,409.70916748046875,-1,-1,-1,-1
162,7,843.2420654296875,3.4544219970703125,382.9825439453125,419.23419189453125,-1,-1,-1,-1
163,7,812.9054565429688,18.95844078063965,433.80938720703125,401.9644775390625,-1,-1,-1,-1
164,7,751.8370971679688,1.0151691436767578,376.66204833984375,529.6342163085938,-1,-1,-1,-1
165,7,705.8479614257812,17.993133544921875,387.77716064453125,546.2237548828125,-1,-1,-1,-1
166,7,659.04931640625,30.2523193359375,393.2161865234375,549.80908203125,-1,-1,-1,-1
167,7,611.8095092773438,72.45295715332031,380.55072021484375,540.0028076171875,-1,-1,-1,-1
168,7,583.8369140625,108.94312286376953,367.7579345703125,526.8035888671875,-1,-1,-1,-1
169,7,555.3604736328125,126.73306274414062,366.23828125,518.6551513671875,-1,-1,-1,-1
170,7,535.4478149414062,139.56784057617188,361.64324951171875,509.0458679199219,-1,-1,-1,-1
171,7,521.4808959960938,151.53524780273438,357.48614501953125,501.1929626464844,-1,-1,-1,-1
172,7,514.8146362304688,181.3155517578125,339.6146240234375,470.66998291015625,-1,-1,-1,-1
173,7,500.5818786621094,225.3984375,332.0309143066406,450.3824462890625,-1,-1,-1,-1
174,7,500.3427429199219,263.2347717285156,306.8135070800781,450.5547180175781,-1,-1,-1,-1
175,7,514.0641479492188,297.2474060058594,277.775390625,447.7771301269531,-1,-1,-1,-1
176,7,530.5578002929688,330.85662841796875,248.546630859375,445.64923095703125,-1,-1,-1,-1
177,7,532.8648681640625,354.74908447265625,227.18853759765625,448.37591552734375,-1,-1,-1,-1
178,7,537.219970703125,379.58978271484375,222.11773681640625,452.02935791015625,-1,-1,-1,-1
179,7,551.9915161132812,383.46807861328125,221.7196044921875,479.9293212890625,-1,-1,-1,-1
180,7,580.3714599609375,386.73199462890625,221.546630859375,491.43475341796875,-1,-1,-1,-1
181,7,624.3096923828125,384.6814880371094,220.09783935546875,504.6664123535156,-1,-1,-1,-1
182,7,670.81884765625,364.1505126953125,223.07818603515625,527.0642700195312,-1,-1,-1,-1
183,7,715.7931518554688,340.4869689941406,226.56256103515625,543.4368896484375,-1,-1,-1,-1
184,7,763.0523681640625,323.2717590332031,227.31842041015625,548.9141845703125,-1,-1,-1,-1
185,7,812.7257690429688,309.2363586425781,226.07830810546875,549.5882568359375,-1,-1,-1,-1
186,7,862.6239624023438,292.98968505859375,231.38555908203125,555.5986938476562,-1,-1,-1,-1
187,7,891.3466796875,279.82830810546875,251.3521728515625,561.171875,-1,-1,-1,-1
188,7,907.53271484375,266.106689453125,264.5516357421875,560.6102294921875,-1,-1,-1,-1
189,7,911.083251953125,255.51158142089844,276.03759765625,565.8637084960938,-1,-1,-1,-1
190,7,910.819580078125,245.13339233398438,284.1181640625,569.989501953125,-1,-1,-1,-1
191,7,901.029052734375,240.62677001953125,292.932373046875,573.9928588867188,-1,-1,-1,-1
192,7,888.3754272460938,235.67886352539062,297.90362548828125,559.479736328125,-1,-1,-1,-1
193,7,869.5347290039062,226.6378631591797,295.73455810546875,545.0551147460938,-1,-1,-1,-1
194,7,854.57373046875,223.27102661132812,287.73486328125,537.6309814453125,-1,-1,-1,-1
195,7,843.7080078125,227.3538360595703,268.4822998046875,536.0362548828125,-1,-1,-1,-1
196,7,831.0,235.77464294433594,248.2049560546875,537.7000732421875,-1,-1,-1,-1
197,7,817.362548828125,259.9200134277344,222.37744140625,529.321533203125,-1,-1,-1,-1
198,7,802.6090698242188,254.0892791748047,205.80596923828125,516.0507202148438,-1,-1,-1,-1
199,7,781.16162109375,259.1529235839844,196.29498291015625,509.7815856933594,-1,-1,-1,-1
200,7,752.5198974609375,273.2066650390625,196.3211669921875,506.46478271484375,-1,-1,-1,-1
201,7,735.10693359375,291.26434326171875,195.9156494140625,499.4564208984375,-1,-1,-1,-1
202,7,720.4457397460938,306.414794921875,195.0955810546875,492.3409423828125,-1,-1,-1,-1
203,7,717.9863891601562,325.35919189453125,184.16015625,485.821533203125,-1,-1,-1,-1
204,7,701.5940551757812,355.84686279296875,179.65081787109375,481.8489990234375,-1,-1,-1,-1
205,7,690.7649536132812,401.5767517089844,180.80975341796875,472.4089660644531,-1,-1,-1,-1
206,7,680.848388671875,429.1902160644531,184.66082763671875,503.7254333496094,-1,-1,-1,-1
207,7,679.2068481445312,427.4312744140625,179.89599609375,507.80877685546875,-1,-1,-1,-1
208,7,682.9658203125,401.0846252441406,183.7364501953125,510.5342102050781,-1,-1,-1,-1
209,7,697.9476928710938,364.1266784667969,183.206787109375,515.1773681640625,-1,-1,-1,-1
210,7,689.4401245117188,359.8273620605469,185.68450927734375,511.9349670410156,-1,-1,-1,-1
211,7,689.9956665039062,370.0145263671875,180.04254150390625,510.44268798828125,-1,-1,-1,-1
212,7,701.907958984375,372.4345397949219,175.60540771484375,510.4234924316406,-1,-1,-1,-1
213,7,718.8764038085938,360.4673767089844,170.202880859375,512.1568908691406,-1,-1,-1,-1
214,7,714.080322265625,348.2285461425781,186.18292236328125,516.585205078125,-1,-1,-1,-1
215,7,717.4713134765625,350.6905822753906,182.146728515625,518.6248779296875,-1,-1,-1,-1
216,7,708.76806640625,362.7851257324219,179.5177001953125,512.9687805175781,-1,-1,-1,-1
217,7,696.7332763671875,385.67791748046875,182.02374267578125,510.445556640625,-1,-1,-1,-1
218,7,696.2898559570312,405.491943359375,178.023193359375,509.62506103515625,-1,-1,-1,-1
219,7,698.42431640625,420.94110107421875,180.1324462890625,504.27105712890625,-1,-1,-1,-1
220,7,702.955810546875,431.00439453125,187.815185546875,506.4185791015625,-1,-1,-1,-1
221,7,725.7742309570312,439.8891906738281,187.41790771484375,509.8514099121094,-1,-1,-1,-1
222,7,768.6290283203125,444.76483154296875,191.14324951171875,516.8251953125,-1,-1,-1,-1
223,7,817.6376953125,442.8504638671875,215.4591064453125,532.04931640625,-1,-1,-1,-1
224,7,894.2711181640625,434.3226318359375,217.41796875,547.9955444335938,-1,-1,-1,-1
225,7,936.9425659179688,420.506103515625,235.22418212890625,565.0006713867188,-1,-1,-1,-1
226,7,953.5142822265625,408.76385498046875,252.03271484375,575.184814453125,-1,-1,-1,-1
227,7,950.1708984375,405.2449645996094,265.6475830078125,577.932373046875,-1,-1,-1,-1
228,7,947.7607421875,398.25396728515625,259.892822265625,579.8899536132812,-1,-1,-1,-1
229,7,938.934814453125,394.31866455078125,243.3961181640625,577.86865234375,-1,-1,-1,-1
230,7,935.102294921875,387.1505432128906,233.222412109375,578.6568603515625,-1,-1,-1,-1
231,7,932.5470581054688,378.00537109375,223.76861572265625,578.7667236328125,-1,-1,-1,-1
232,7,938.21923828125,368.85174560546875,214.324951171875,583.4692993164062,-1,-1,-1,-1
233,7,936.6454467773438,366.5443420410156,212.25738525390625,583.8193359375,-1,-1,-1,-1
234,7,936.82421875,365.3720703125,213.8050537109375,582.4000244140625,-1,-1,-1,-1
235,7,928.4326171875,364.08551025390625,214.682373046875,579.0054931640625,-1,-1,-1,-1
236,7,922.4713745117188,356.7595520019531,213.87982177734375,581.5596923828125,-1,-1,-1,-1
237,7,923.1723022460938,352.9148864746094,212.50665283203125,578.7303466796875,-1,-1,-1,-1
238,7,923.4202270507812,341.49468994140625,212.63653564453125,581.555908203125,-1,-1,-1,-1
239,7,920.4918823242188,335.79754638671875,209.07806396484375,580.8159790039062,-1,-1,-1,-1
240,7,913.5680541992188,328.3226318359375,212.82574462890625,582.6898193359375,-1,-1,-1,-1
241,7,906.8696899414062,324.7829895019531,209.46722412109375,585.2974853515625,-1,-1,-1,-1
242,7,897.1607055664062,323.1987609863281,208.47161865234375,587.0406494140625,-1,-1,-1,-1
243,7,884.81787109375,312.8362731933594,210.437744140625,599.630126953125,-1,-1,-1,-1
244,7,880.192626953125,299.7839050292969,205.058349609375,611.9285888671875,-1,-1,-1,-1
245,7,868.7140502929688,294.4566650390625,204.06463623046875,617.3038330078125,-1,-1,-1,-1
246,7,852.8367309570312,306.47064208984375,206.35540771484375,599.323974609375,-1,-1,-1,-1
247,7,838.294921875,303.9823303222656,207.343505859375,593.1016845703125,-1,-1,-1,-1
248,7,827.8536376953125,338.06744384765625,205.8521728515625,550.1932983398438,-1,-1,-1,-1
249,7,815.8231811523438,316.3599853515625,211.00579833984375,564.5870971679688,-1,-1,-1,-1
250,7,807.2582397460938,309.60430908203125,211.96246337890625,562.1798706054688,-1,-1,-1,-1
251,7,797.281005859375,312.07061767578125,211.9859619140625,550.5071411132812,-1,-1,-1,-1
252,7,781.3380126953125,328.00201416015625,216.672607421875,524.652587890625,-1,-1,-1,-1
253,7,760.9541015625,331.7774353027344,218.9083251953125,511.3835144042969,-1,-1,-1,-1
254,7,731.8834838867188,328.7505187988281,219.99798583984375,494.9353332519531,-1,-1,-1,-1
255,7,678.5263061523438,308.2304992675781,235.72235107421875,481.5312194824219,-1,-1,-1,-1
256,7,605.0364990234375,259.4642333984375,247.67510986328125,487.71844482421875,-1,-1,-1,-1
257,7,539.2149658203125,198.0886993408203,266.40411376953125,499.97479248046875,-1,-1,-1,-1
258,7,498.90057373046875,149.8326873779297,275.4915771484375,512.38525390625,-1,-1,-1,-1
259,7,488.39495849609375,113.21627044677734,270.63446044921875,523.5262451171875,-1,-1,-1,-1
260,7,469.5941162109375,88.53772735595703,277.9461669921875,537.0252685546875,-1,-1,-1,-1
261,7,455.25579833984375,71.25743103027344,285.38812255859375,552.9443969726562,-1,-1,-1,-1
262,7,440.65545654296875,23.55632781982422,289.10113525390625,569.9478149414062,-1,-1,-1,-1
263,7,430.4770202636719,-2.5195770263671875,295.7319030761719,570.7952880859375,-1,-1,-1,-1
264,7,419.6445617675781,-0.35315895080566406,298.2123107910156,567.0360107421875,-1,-1,-1,-1
265,7,405.6250915527344,-1.0717945098876953,309.3668518066406,568.2383422851562,-1,-1,-1,-1
266,7,402.416259765625,-4.611345291137695,314.293701171875,590.3724365234375,-1,-1,-1,-1
267,7,420.2100524902344,14.283449172973633,310.5191345214844,598.5406494140625,-1,-1,-1,-1
268,7,463.33282470703125,79.5389404296875,319.053955078125,604.4486694335938,-1,-1,-1,-1
269,7,527.1151733398438,166.39468383789062,308.9183349609375,565.364501953125,-1,-1,-1,-1
270,7,586.1643676757812,217.62107849121094,285.15301513671875,547.28564453125,-1,-1,-1,-1
271,7,624.6166381835938,248.17095947265625,291.39239501953125,540.6058959960938,-1,-1,-1,-1
272,7,657.3101806640625,268.3599853515625,296.0367431640625,536.3732299804688,-1,-1,-1,-1
273,7,693.0817260742188,276.84588623046875,293.80181884765625,536.2681274414062,-1,-1,-1,-1
274,7,736.3410034179688,277.33953857421875,307.45709228515625,545.68701171875,-1,-1,-1,-1
275,7,781.8319091796875,271.7030944824219,317.5570068359375,603.6514892578125,-1,-1,-1,-1
276,7,840.986328125,249.6623992919922,319.1787109375,621.2871704101562,-1,-1,-1,-1
277,7,879.6004028320312,237.52566528320312,323.10833740234375,638.8709716796875,-1,-1,-1,-1
278,7,912.6783447265625,229.76724243164062,318.373291015625,651.1053466796875,-1,-1,-1,-1
279,7,946.0096435546875,218.80841064453125,310.2711181640625,659.7974243164062,-1,-1,-1,-1
280,7,950.34326171875,215.22080993652344,323.8946533203125,669.1948852539062,-1,-1,-1,-1
281,7,974.53271484375,216.35792541503906,310.7420654296875,671.4224853515625,-1,-1,-1,-1
282,7,973.2928466796875,221.09913635253906,326.1500244140625,676.1790161132812,-1,-1,-1,-1
283,7,977.3697509765625,223.42691040039062,316.5543212890625,623.058837890625,-1,-1,-1,-1
284,7,973.9060668945312,214.35903930664062,324.70892333984375,675.6640625,-1,-1,-1,-1
285,7,979.3209838867188,202.4555206298828,327.42755126953125,685.5531616210938,-1,-1,-1,-1
286,7,989.7578735351562,199.83860778808594,321.48016357421875,624.6854858398438,-1,-1,-1,-1
287,7,995.1630249023438,203.64259338378906,323.83929443359375,675.819091796875,-1,-1,-1,-1
288,7,986.910400390625,217.8739776611328,320.872802734375,683.9243774414062,-1,-1,-1,-1
289,7,947.9200439453125,242.91952514648438,326.426513671875,677.3623046875,-1,-1,-1,-1
290,7,904.1785888671875,274.6868896484375,315.708740234375,656.306396484375,-1,-1,-1,-1
291,7,876.2604370117188,295.28643798828125,299.11712646484375,645.850830078125,-1,-1,-1,-1
292,7,862.5490112304688,319.3467712402344,279.43414306640625,568.1214599609375,-1,-1,-1,-1
293,7,854.4354858398438,355.7288818359375,277.03778076171875,575.23486328125,-1,-1,-1,-1
294,7,865.4566650390625,394.6964416503906,274.3228759765625,619.6044921875,-1,-1,-1,-1
295,7,887.7926635742188,432.84112548828125,280.09039306640625,619.6292114257812,-1,-1,-1,-1
296,7,906.2891235351562,467.2607116699219,279.88702392578125,564.74951171875,-1,-1,-1,-1
297,7,911.9636840820312,486.9842529296875,287.97869873046875,600.4903564453125,-1,-1,-1,-1
298,7,923.0628051757812,490.4909362792969,299.15582275390625,567.16064453125,-1,-1,-1,-1
299,7,956.9588623046875,485.24114990234375,307.966552734375,564.6038208007812,-1,-1,-1,-1
300,7,978.9105224609375,474.20794677734375,327.6702880859375,574.7936401367188,-1,-1,-1,-1
301,7,985.6917724609375,469.6644287109375,346.8397216796875,579.21533203125,-1,-1,-1,-1
302,7,1003.288330078125,465.3861389160156,339.885986328125,588.577392578125,-1,-1,-1,-1
303,7,1014.5199584960938,467.33270263671875,344.57525634765625,598.0487670898438,-1,-1,-1,-1
304,7,1041.80078125,468.9497375488281,326.2689208984375,601.167724609375,-1,-1,-1,-1
305,7,1024.5044555664062,472.8541259765625,352.54937744140625,600.4825439453125,-1,-1,-1,-1
306,7,1007.65576171875,480.01513671875,380.7158203125,594.3272705078125,-1,-1,-1,-1
307,7,966.139892578125,497.44635009765625,433.3431396484375,578.3261108398438,-1,-1,-1,-1
308,7,945.4721069335938,512.5303344726562,463.02301025390625,520.9214477539062,-1,-1,-1,-1
309,7,913.615478515625,538.47509765625,492.068359375,516.160400390625,-1,-1,-1,-1
310,7,872.7030639648438,561.8717651367188,539.4225463867188,558.9369506835938,-1,-1,-1,-1
311,7,850.919921875,584.8646850585938,561.6444091796875,527.7330932617188,-1,-1,-1,-1
312,7,966.60205078125,611.9397583007812,441.2098388671875,365.28753662109375,-1,-1,-1,-1
313,7,1004.3889770507812,633.298095703125,402.00714111328125,333.6595458984375,-1,-1,-1,-1
314,7,997.2211303710938,646.0377197265625,409.07562255859375,322.99859619140625,-1,-1,-1,-1
315,7,968.955078125,656.3226318359375,436.687255859375,322.24432373046875,-1,-1,-1,-1
316,7,944.092041015625,656.8556518554688,461.4647216796875,324.44012451171875,-1,-1,-1,-1
317,7,955.23974609375,654.6951904296875,451.87548828125,315.82293701171875,-1,-1,-1,-1
318,7,951.7918701171875,647.5391845703125,453.544677734375,316.805908203125,-1,-1,-1,-1
319,7,970.9654541015625,642.3197021484375,429.85498046875,300.2066650390625,-1,-1,-1,-1
320,7,945.3703002929688,636.8096313476562,439.15887451171875,295.892578125,-1,-1,-1,-1
321,7,946.8373413085938,633.3672485351562,432.41595458984375,286.852783203125,-1,-1,-1,-1
322,7,924.5663452148438,627.7425537109375,471.26190185546875,288.10321044921875,-1,-1,-1,-1
323,7,966.5957641601562,620.636962890625,438.69964599609375,291.989501953125,-1,-1,-1,-1
324,7,961.910400390625,614.717041015625,441.947998046875,326.1104736328125,-1,-1,-1,-1
325,7,943.2413330078125,605.4791259765625,464.2322998046875,404.4989013671875,-1,-1,-1,-1
326,7,924.7403564453125,589.0005493164062,483.121826171875,429.88922119140625,-1,-1,-1,-1
327,7,931.6593017578125,560.064697265625,479.5546875,451.24591064453125,-1,-1,-1,-1
328,7,910.2930297851562,525.6798095703125,497.62420654296875,460.9400634765625,-1,-1,-1,-1
329,7,909.2808227539062,496.38739013671875,498.71136474609375,480.7845458984375,-1,-1,-1,-1
330,7,904.51904296875,482.89703369140625,504.5830078125,487.20819091796875,-1,-1,-1,-1
331,7,913.8311767578125,482.2057800292969,494.8966064453125,483.0487976074219,-1,-1,-1,-1
332,7,942.979736328125,463.33587646484375,466.4052734375,491.9842529296875,-1,-1,-1,-1
333,7,943.6104736328125,439.7292785644531,466.137451171875,513.793701171875,-1,-1,-1,-1
334,7,939.8984375,460.1402282714844,471.1812744140625,526.809814453125,-1,-1,-1,-1
335,7,980.7352294921875,435.4205322265625,424.1365966796875,566.8094482421875,-1,-1,-1,-1
336,7,943.9673461914062,442.5790710449219,463.08197021484375,556.796142578125,-1,-1,-1,-1
337,7,879.9105834960938,418.8931579589844,523.3999633789062,699.757080078125,-1,-1,-1,-1
338,7,949.0914306640625,417.7304992675781,453.2047119140625,553.641357421875,-1,-1,-1,-1
339,7,942.9644775390625,396.5181884765625,461.8538818359375,579.622314453125,-1,-1,-1,-1
340,7,995.6152954101562,411.07696533203125,410.77313232421875,509.68548583984375,-1,-1,-1,-1
341,7,915.9087524414062,392.1540222167969,493.12457275390625,551.451171875,-1,-1,-1,-1
342,7,865.8528442382812,369.1837463378906,540.4841918945312,579.78955078125,-1,-1,-1,-1
343,7,845.2879638671875,351.377197265625,563.7113037109375,577.1717529296875,-1,-1,-1,-1
344,7,864.9497680664062,318.5061950683594,544.1026000976562,517.03369140625,-1,-1,-1,-1
345,7,893.2802734375,339.24273681640625,516.0589599609375,483.5595703125,-1,-1,-1,-1
346,7,871.4154663085938,326.49273681640625,535.7606811523438,555.2777099609375,-1,-1,-1,-1
347,7,878.1737060546875,323.16033935546875,531.4613037109375,585.4690551757812,-1,-1,-1,-1
348,7,878.3610229492188,335.5002136230469,529.1815795898438,599.86962890625,-1,-1,-1,-1
349,7,877.0556030273438,330.3783264160156,532.1055297851562,596.19775390625,-1,-1,-1,-1
350,7,874.1939697265625,326.21337890625,532.8914794921875,597.6784057617188,-1,-1,-1,-1
351,7,896.0296020507812,306.03485107421875,510.61578369140625,631.5892944335938,-1,-1,-1,-1
352,7,944.5868530273438,289.2933654785156,456.54400634765625,533.5506591796875,-1,-1,-1,-1
353,7,983.757568359375,268.14581298828125,419.4637451171875,610.765869140625,-1,-1,-1,-1
354,7,1032.18212890625,279.2044677734375,371.970458984375,591.065673828125,-1,-1,-1,-1
355,7,1065.6329345703125,294.2652893066406,337.580322265625,556.9906005859375,-1,-1,-1,-1
356,7,1082.8013916015625,307.7825927734375,320.4736328125,594.6638793945312,-1,-1,-1,-1
357,7,1087.740234375,317.5051574707031,316.417724609375,589.939453125,-1,-1,-1,-1
358,7,1055.884033203125,304.14825439453125,351.64404296875,535.175048828125,-1,-1,-1,-1
359,7,1010.8509521484375,254.9302520751953,392.328125,543.9686889648438,-1,-1,-1,-1
360,7,967.2467651367188,229.1743621826172,442.84991455078125,557.7318115234375,-1,-1,-1,-1
361,7,961.8530883789062,199.3786163330078,442.69927978515625,591.7058715820312,-1,-1,-1,-1
362,7,971.75244140625,93.98412322998047,431.474853515625,726.2154541015625,-1,-1,-1,-1
363,7,976.6007080078125,65.33491516113281,425.981201171875,745.7804565429688,-1,-1,-1,-1
364,7,993.58984375,94.80298614501953,410.1273193359375,698.6873779296875,-1,-1,-1,-1
365,7,1030.5380859375,177.53912353515625,376.589599609375,627.7913818359375,-1,-1,-1,-1
366,7,1083.81689453125,147.4879608154297,325.7430419921875,577.4010620117188,-1,-1,-1,-1
367,7,1120.3531494140625,198.80535888671875,284.4703369140625,590.7061157226562,-1,-1,-1,-1
368,7,1143.2420654296875,316.49609375,264.7431640625,547.529541015625,-1,-1,-1,-1
369,7,1180.915283203125,393.43670654296875,227.740478515625,474.0343017578125,-1,-1,-1,-1
179,8,591.5975952148438,365.45404052734375,37.89434814453125,88.97811889648438,-1,-1,-1,-1
180,8,636.593994140625,390.9490966796875,30.9180908203125,73.46713256835938,-1,-1,-1,-1
181,8,687.90625,406.7599182128906,35.66668701171875,92.75949096679688,-1,-1,-1,-1
182,8,730.950439453125,408.5276184082031,58.8851318359375,126.15798950195312,-1,-1,-1,-1
184,9,1.087122917175293,341.2979431152344,221.050048828125,627.1116943359375,-1,-1,-1,-1
185,9,1.8606128692626953,315.3195495605469,285.9354553222656,689.709228515625,-1,-1,-1,-1
186,9,14.35031509399414,289.6686706542969,329.0480041503906,673.9423828125,-1,-1,-1,-1
187,9,72.07476043701172,274.6426696777344,316.8785095214844,642.2501220703125,-1,-1,-1,-1
188,9,119.358642578125,260.9938659667969,303.123291015625,624.1165771484375,-1,-1,-1,-1
189,9,151.0557098388672,252.5474090576172,289.69635009765625,597.6132202148438,-1,-1,-1,-1
190,9,176.5469970703125,247.6346435546875,281.0198669433594,586.29638671875,-1,-1,-1,-1
191,9,192.40487670898438,245.3673553466797,262.20318603515625,571.0484008789062,-1,-1,-1,-1
192,9,201.77609252929688,237.04220581054688,255.51443481445312,562.9814453125,-1,-1,-1,-1
193,9,196.6958465576172,231.3260498046875,249.8484344482422,566.46142578125,-1,-1,-1,-1
194,9,192.74766540527344,231.28488159179688,242.9689483642578,554.9932861328125,-1,-1,-1,-1
195,9,182.78904724121094,237.742919921875,245.86537170410156,557.9095458984375,-1,-1,-1,-1
196,9,173.61180114746094,251.28697204589844,239.36729431152344,554.3662719726562,-1,-1,-1,-1
197,9,161.02809143066406,273.9771423339844,236.52525329589844,541.4722900390625,-1,-1,-1,-1
198,9,145.58726501464844,274.1785583496094,238.66014099121094,541.702880859375,-1,-1,-1,-1
199,9,129.052001953125,280.6798095703125,243.54940795898438,531.8110961914062,-1,-1,-1,-1
200,9,118.34182739257812,302.8984680175781,241.18515014648438,524.1103515625,-1,-1,-1,-1
201,9,110.93585205078125,322.399658203125,247.21701049804688,522.8009643554688,-1,-1,-1,-1
202,9,108.27819061279297,335.7897033691406,250.25198364257812,521.65478515625,-1,-1,-1,-1
203,9,104.88165283203125,355.6109313964844,251.11181640625,520.3514404296875,-1,-1,-1,-1
204,9,96.25031280517578,385.0475158691406,234.8583984375,520.635009765625,-1,-1,-1,-1
205,9,96.28913116455078,418.0015563964844,231.9166259765625,514.08056640625,-1,-1,-1,-1
206,9,96.58768463134766,431.85009765625,225.35137939453125,517.1139526367188,-1,-1,-1,-1
207,9,97.9183349609375,423.5577087402344,221.10006713867188,525.7578125,-1,-1,-1,-1
208,9,109.55528259277344,395.3385009765625,220.4043426513672,530.045166015625,-1,-1,-1,-1
209,9,124.8185043334961,358.7436218261719,220.63278198242188,517.2728271484375,-1,-1,-1,-1
210,9,124.53868865966797,346.38409423828125,219.15371704101562,521.248046875,-1,-1,-1,-1
211,9,127.79996490478516,348.370361328125,221.3189697265625,519.0016479492188,-1,-1,-1,-1
212,9,141.9946746826172,348.6854248046875,228.29518127441406,512.9851684570312,-1,-1,-1,-1
213,9,160.59495544433594,342.7366943359375,242.8441619873047,514.4016723632812,-1,-1,-1,-1
214,9,176.24295043945312,336.4597473144531,257.60162353515625,513.6534423828125,-1,-1,-1,-1
215,9,183.85577392578125,342.0654602050781,249.719482421875,512.8246154785156,-1,-1,-1,-1
216,9,185.46792602539062,355.773681640625,249.09857177734375,504.49127197265625,-1,-1,-1,-1
217,9,192.4619903564453,384.2065124511719,235.5410614013672,495.9355773925781,-1,-1,-1,-1
218,9,200.8919677734375,407.2654113769531,232.66412353515625,492.3647155761719,-1,-1,-1,-1
219,9,215.81777954101562,428.99664306640625,218.607177734375,482.45477294921875,-1,-1,-1,-1
220,9,237.74093627929688,448.6228332519531,207.87606811523438,471.6950378417969,-1,-1,-1,-1
221,9,274.5059814453125,460.26922607421875,195.7186279296875,462.868896484375,-1,-1,-1,-1
222,9,334.8893127441406,467.07476806640625,182.59951782226562,450.10760498046875,-1,-1,-1,-1
223,9,425.422119140625,469.43701171875,163.16943359375,420.0355224609375,-1,-1,-1,-1
224,9,510.9853820800781,466.0643005371094,150.79660034179688,408.6968078613281,-1,-1,-1,-1
225,9,572.770751953125,460.2320556640625,146.70404052734375,401.2025146484375,-1,-1,-1,-1
226,9,599.50732421875,448.1824951171875,149.8917236328125,395.2076416015625,-1,-1,-1,-1
227,9,608.2379150390625,443.2501525878906,155.25445556640625,384.8399353027344,-1,-1,-1,-1
228,9,601.4071044921875,436.40081787109375,163.3663330078125,389.19268798828125,-1,-1,-1,-1
229,9,594.1233520507812,431.3636779785156,178.31683349609375,384.5752258300781,-1,-1,-1,-1
230,9,590.3600463867188,426.52545166015625,180.0740966796875,377.200927734375,-1,-1,-1,-1
231,9,589.8610229492188,418.6619873046875,178.50543212890625,374.6683349609375,-1,-1,-1,-1
232,9,591.3956909179688,415.15545654296875,173.115234375,368.53570556640625,-1,-1,-1,-1
233,9,595.8633422851562,414.0370178222656,174.29876708984375,370.3548278808594,-1,-1,-1,-1
234,9,599.5633544921875,413.5035400390625,174.28155517578125,364.88787841796875,-1,-1,-1,-1
235,9,599.075439453125,413.55621337890625,180.57818603515625,364.146484375,-1,-1,-1,-1
236,9,596.0782470703125,416.318603515625,179.1708984375,358.6417236328125,-1,-1,-1,-1
237,9,595.5065307617188,413.71380615234375,178.34698486328125,362.22222900390625,-1,-1,-1,-1
238,9,596.252197265625,408.8377990722656,190.22021484375,354.4135437011719,-1,-1,-1,-1
239,9,591.8275756835938,408.2765808105469,193.05792236328125,353.1502380371094,-1,-1,-1,-1
240,9,586.8546752929688,401.94317626953125,192.75634765625,354.05267333984375,-1,-1,-1,-1
241,9,578.964111328125,395.3934631347656,187.0059814453125,353.0457458496094,-1,-1,-1,-1
242,9,567.8496704101562,390.61956787109375,178.97308349609375,356.90606689453125,-1,-1,-1,-1
243,9,556.4299926757812,381.7112731933594,186.47808837890625,354.1519470214844,-1,-1,-1,-1
244,9,543.010009765625,373.5532531738281,191.07568359375,356.5614318847656,-1,-1,-1,-1
245,9,527.06640625,370.1322021484375,185.536865234375,353.7021484375,-1,-1,-1,-1
246,9,508.0114440917969,369.20208740234375,184.61672973632812,354.90765380859375,-1,-1,-1,-1
247,9,488.7213134765625,366.83837890625,186.50787353515625,355.4124755859375,-1,-1,-1,-1
248,9,472.05316162109375,366.3388671875,188.65679931640625,362.00885009765625,-1,-1,-1,-1
249,9,456.66510009765625,359.3421630859375,203.7099609375,367.25146484375,-1,-1,-1,-1
250,9,441.111328125,355.48663330078125,196.29461669921875,372.60015869140625,-1,-1,-1,-1
251,9,424.7765808105469,350.6728820800781,206.79452514648438,375.1700134277344,-1,-1,-1,-1
252,9,401.533203125,347.75958251953125,209.407470703125,374.03717041015625,-1,-1,-1,-1
253,9,373.7533264160156,341.9048156738281,209.80386352539062,368.2340393066406,-1,-1,-1,-1
254,9,334.9510192871094,327.7532043457031,223.60287475585938,375.9822692871094,-1,-1,-1,-1
255,9,264.75146484375,291.8792724609375,226.87881469726562,364.2198486328125,-1,-1,-1,-1
256,9,172.94793701171875,243.14523315429688,264.3067932128906,391.8343200683594,-1,-1,-1,-1
257,9,104.36918640136719,195.95144653320312,266.4378662109375,409.4973449707031,-1,-1,-1,-1
258,9,64.08269882202148,165.71739196777344,273.786865234375,421.63946533203125,-1,-1,-1,-1
259,9,48.880184173583984,147.8831787109375,270.6578674316406,413.93170166015625,-1,-1,-1,-1
260,9,22.855546951293945,121.09700775146484,286.19140625,431.8589782714844,-1,-1,-1,-1
261,9,12.361394882202148,116.87165832519531,254.26922607421875,420.44549560546875,-1,-1,-1,-1
262,9,5.809247970581055,105.9927749633789,229.57276916503906,392.8804016113281,-1,-1,-1,-1
263,9,0.47307682037353516,17.041296005249023,214.1973876953125,454.2010498046875,-1,-1,-1,-1
264,9,1.7156248092651367,57.26197814941406,197.4988555908203,408.69244384765625,-1,-1,-1,-1
265,9,3.2214508056640625,46.808189392089844,181.55860900878906,413.9476623535156,-1,-1,-1,-1
266,9,3.759777069091797,43.683387756347656,178.0879364013672,437.2579040527344,-1,-1,-1,-1
267,9,12.319905281066895,145.70106506347656,209.6370849609375,348.48675537109375,-1,-1,-1,-1
268,9,53.2534294128418,96.91069793701172,237.9514617919922,450.10382080078125,-1,-1,-1,-1
269,9,112.74980926513672,130.9061279296875,229.270263671875,496.862060546875,-1,-1,-1,-1
270,9,175.33651733398438,155.9483184814453,217.08706665039062,516.9223022460938,-1,-1,-1,-1
271,9,228.7812042236328,178.5163116455078,202.1284637451172,520.7963256835938,-1,-1,-1,-1
272,9,275.0926513671875,202.9573211669922,196.36016845703125,529.5554809570312,-1,-1,-1,-1
273,9,322.078125,211.58255004882812,193.6727294921875,527.425048828125,-1,-1,-1,-1
274,9,370.5133056640625,217.38079833984375,193.93463134765625,515.3005981445312,-1,-1,-1,-1
275,9,428.47637939453125,211.21612548828125,192.33782958984375,497.23797607421875,-1,-1,-1,-1
276,9,490.78814697265625,186.62867736816406,193.13458251953125,490.40521240234375,-1,-1,-1,-1
277,9,535.8738403320312,167.95501708984375,197.322021484375,490.9825439453125,-1,-1,-1,-1
278,9,565.8497924804688,151.41928100585938,202.55499267578125,508.0746154785156,-1,-1,-1,-1
279,9,588.3358154296875,140.80947875976562,209.12762451171875,509.5131530761719,-1,-1,-1,-1
280,9,601.89306640625,140.7869873046875,210.3782958984375,511.9154052734375,-1,-1,-1,-1
281,9,610.94091796875,144.48641967773438,213.7606201171875,500.4914855957031,-1,-1,-1,-1
282,9,620.4185180664062,151.42213439941406,209.14251708984375,558.2261962890625,-1,-1,-1,-1
283,9,617.421142578125,155.9897918701172,208.353271484375,528.7069091796875,-1,-1,-1,-1
284,9,611.419921875,150.20556640625,205.710205078125,526.4241333007812,-1,-1,-1,-1
285,9,615.4287109375,142.3348388671875,200.6739501953125,514.7677001953125,-1,-1,-1,-1
286,9,624.8657836914062,137.3123016357422,199.90167236328125,493.63372802734375,-1,-1,-1,-1
287,9,628.2557373046875,140.51730346679688,197.17584228515625,498.5848693847656,-1,-1,-1,-1
288,9,625.86279296875,145.2665252685547,202.4500732421875,506.36114501953125,-1,-1,-1,-1
289,9,599.193603515625,159.48703002929688,198.25054931640625,521.364013671875,-1,-1,-1,-1
290,9,562.7345581054688,171.93344116210938,197.232421875,523.5859375,-1,-1,-1,-1
291,9,535.3939208984375,177.00918579101562,195.8343505859375,526.96142578125,-1,-1,-1,-1
292,9,522.758544921875,187.97067260742188,195.5421142578125,503.5004577636719,-1,-1,-1,-1
293,9,523.8811645507812,213.84384155273438,193.5252685546875,479.7151184082031,-1,-1,-1,-1
294,9,546.0949096679688,251.99029541015625,186.74493408203125,490.56451416015625,-1,-1,-1,-1
295,9,577.9595947265625,290.2369689941406,182.34710693359375,465.1473693847656,-1,-1,-1,-1
296,9,603.4063110351562,317.7063293457031,180.51617431640625,461.8514709472656,-1,-1,-1,-1
297,9,622.7280883789062,331.5021057128906,178.060791015625,494.3262634277344,-1,-1,-1,-1
298,9,645.527587890625,329.23126220703125,176.48553466796875,492.56951904296875,-1,-1,-1,-1
299,9,675.0340576171875,312.2937316894531,178.51129150390625,503.8533630371094,-1,-1,-1,-1
300,9,695.705810546875,295.9256286621094,185.4129638671875,494.6684265136719,-1,-1,-1,-1
301,9,708.5198364257812,281.99566650390625,193.33465576171875,507.733154296875,-1,-1,-1,-1
302,9,714.7718505859375,276.3320007324219,204.1705322265625,557.863037109375,-1,-1,-1,-1
303,9,711.9173583984375,270.52862548828125,227.25836181640625,558.68359375,-1,-1,-1,-1
304,9,721.4193725585938,261.0542907714844,238.43975830078125,525.5164794921875,-1,-1,-1,-1
305,9,709.9004516601562,256.24359130859375,267.93682861328125,531.4008178710938,-1,-1,-1,-1
306,9,721.4130859375,258.01531982421875,272.0733642578125,513.61962890625,-1,-1,-1,-1
307,9,733.178955078125,271.2814025878906,280.572998046875,497.9312438964844,-1,-1,-1,-1
308,9,728.2379760742188,255.1212615966797,306.63482666015625,520.4417724609375,-1,-1,-1,-1
309,9,739.2684936523438,249.06631469726562,318.46368408203125,522.7803955078125,-1,-1,-1,-1
310,9,757.884521484375,273.9425964355469,312.1016845703125,508.8109436035156,-1,-1,-1,-1
311,9,757.0223999023438,282.2764587402344,329.07037353515625,505.5184020996094,-1,-1,-1,-1
312,9,777.1273193359375,289.8824462890625,328.7911376953125,498.8358154296875,-1,-1,-1,-1
313,9,773.7622680664062,292.5992126464844,349.09552001953125,498.9394226074219,-1,-1,-1,-1
314,9,776.6156616210938,315.88116455078125,361.02276611328125,466.10821533203125,-1,-1,-1,-1
315,9,775.0316162109375,304.58587646484375,383.2886962890625,476.42950439453125,-1,-1,-1,-1
316,9,782.2593383789062,301.9454345703125,393.08026123046875,487.40704345703125,-1,-1,-1,-1
317,9,802.4208984375,294.0289611816406,377.738525390625,472.8248596191406,-1,-1,-1,-1
318,9,819.4318237304688,264.7091979980469,365.94512939453125,494.9276428222656,-1,-1,-1,-1
319,9,828.0717163085938,276.9869384765625,342.30401611328125,467.968017578125,-1,-1,-1,-1
320,9,825.6224975585938,249.51034545898438,339.05963134765625,489.0743713378906,-1,-1,-1,-1
321,9,807.0484619140625,245.4815673828125,358.601318359375,508.06268310546875,-1,-1,-1,-1
322,9,809.9735717773438,239.7334747314453,358.59271240234375,525.8662109375,-1,-1,-1,-1
323,9,825.6972045898438,237.49945068359375,340.50958251953125,523.8212890625,-1,-1,-1,-1
324,9,811.0997314453125,232.7750701904297,361.9718017578125,528.255615234375,-1,-1,-1,-1
325,9,806.5948486328125,233.1810302734375,366.732177734375,535.9058837890625,-1,-1,-1,-1
326,9,805.54736328125,228.23570251464844,369.0555419921875,530.3294677734375,-1,-1,-1,-1
327,9,805.1130981445312,208.91822814941406,377.10113525390625,550.222900390625,-1,-1,-1,-1
328,9,800.50390625,189.08995056152344,385.1817626953125,527.120849609375,-1,-1,-1,-1
329,9,792.0209350585938,180.03152465820312,392.37957763671875,523.786376953125,-1,-1,-1,-1
330,9,791.600341796875,170.17019653320312,394.5567626953125,517.887451171875,-1,-1,-1,-1
331,9,788.133056640625,157.67811584472656,404.7239990234375,529.4946899414062,-1,-1,-1,-1
332,9,811.4409790039062,158.26107788085938,377.90924072265625,528.1546630859375,-1,-1,-1,-1
333,9,804.49755859375,165.0785675048828,395.45361328125,510.6370849609375,-1,-1,-1,-1
334,9,818.2705078125,154.77224731445312,418.2757568359375,540.2926025390625,-1,-1,-1,-1
335,9,833.1607666015625,158.08355712890625,417.7763671875,522.3530883789062,-1,-1,-1,-1
336,9,837.1343383789062,161.06771850585938,407.45355224609375,557.298095703125,-1,-1,-1,-1
337,9,839.1351928710938,160.5634307861328,390.13092041015625,541.66357421875,-1,-1,-1,-1
338,9,838.66845703125,152.81488037109375,407.6153564453125,556.9415283203125,-1,-1,-1,-1
339,9,826.3130493164062,146.25042724609375,441.98419189453125,567.79150390625,-1,-1,-1,-1
340,9,818.2561645507812,126.31242370605469,444.44281005859375,583.1270751953125,-1,-1,-1,-1
341,9,801.5125122070312,97.15310668945312,451.88861083984375,583.76904296875,-1,-1,-1,-1
342,9,779.1282958984375,66.0413818359375,440.6844482421875,577.7720336914062,-1,-1,-1,-1
343,9,738.9502563476562,38.846824645996094,570.8356323242188,590.2389526367188,-1,-1,-1,-1
344,9,719.908447265625,26.115339279174805,517.3917236328125,568.912109375,-1,-1,-1,-1
345,9,735.1153564453125,19.68425178527832,454.2877197265625,573.1380004882812,-1,-1,-1,-1
346,9,735.5799560546875,12.344673156738281,435.135498046875,569.1546630859375,-1,-1,-1,-1
347,9,696.9710693359375,17.47335433959961,474.013427734375,558.6705932617188,-1,-1,-1,-1
348,9,693.4971923828125,16.241737365722656,482.230224609375,561.1567993164062,-1,-1,-1,-1
349,9,687.84521484375,8.084136962890625,499.6549072265625,565.3431396484375,-1,-1,-1,-1
350,9,742.0319213867188,10.415632247924805,457.40313720703125,553.447998046875,-1,-1,-1,-1
351,9,802.9877319335938,10.115795135498047,410.85736083984375,554.1874389648438,-1,-1,-1,-1
352,9,858.9677124023438,13.652324676513672,371.56109619140625,559.3635864257812,-1,-1,-1,-1
353,9,925.6724853515625,18.256128311157227,326.1669921875,576.6942749023438,-1,-1,-1,-1
354,9,964.518310546875,24.57058334350586,292.504150390625,585.182861328125,-1,-1,-1,-1
355,9,990.0103759765625,28.023839950561523,280.8443603515625,590.1728515625,-1,-1,-1,-1
356,9,1000.3555297851562,27.39487648010254,290.09490966796875,597.0340576171875,-1,-1,-1,-1
357,9,1003.9693603515625,23.483734130859375,291.8043212890625,643.5625,-1,-1,-1,-1
358,9,985.4021606445312,22.595468521118164,287.34979248046875,628.9027099609375,-1,-1,-1,-1
359,9,972.9056396484375,-3.2628021240234375,245.8582763671875,625.32958984375,-1,-1,-1,-1
360,9,937.979248046875,-2.3295745849609375,263.7789306640625,626.4315795898438,-1,-1,-1,-1
361,9,932.6976928710938,9.22962760925293,257.07818603515625,612.2389526367188,-1,-1,-1,-1
362,9,936.775146484375,-10.141515731811523,258.371826171875,630.0382080078125,-1,-1,-1,-1
363,9,942.2540283203125,-11.991605758666992,285.1697998046875,643.2877807617188,-1,-1,-1,-1
364,9,987.4105834960938,4.232538223266602,262.27044677734375,659.1323852539062,-1,-1,-1,-1
365,9,1023.4932861328125,11.193412780761719,302.4967041015625,684.3988037109375,-1,-1,-1,-1
366,9,1067.88037109375,23.823917388916016,282.5733642578125,690.4205322265625,-1,-1,-1,-1
367,9,1114.82666015625,44.14263916015625,266.22021484375,688.8331909179688,-1,-1,-1,-1
368,9,1121.6622314453125,227.95852661132812,283.418212890625,649.4251708984375,-1,-1,-1,-1
369,9,1183.9283447265625,342.9671630859375,223.4793701171875,523.8057861328125,-1,-1,-1,-1
370,9,1222.892333984375,302.3124084472656,188.091552734375,574.8359375,-1,-1,-1,-1
371,9,1259.637939453125,266.1965637207031,151.36328125,620.695556640625,-1,-1,-1,-1
372,9,1280.1495361328125,316.4996337890625,133.189453125,511.61358642578125,-1,-1,-1,-1
191,10,270.1760559082031,838.7012329101562,998.64111328125,568.4049682617188,-1,-1,-1,-1
192,10,308.3809509277344,760.2305297851562,1046.170654296875,649.3323364257812,-1,-1,-1,-1
193,10,325.7443542480469,663.3290405273438,1078.2158203125,746.3023071289062,-1,-1,-1,-1
194,10,318.10162353515625,605.390625,1080.448974609375,805.391845703125,-1,-1,-1,-1
195,10,299.9294738769531,612.603759765625,1107.050048828125,798.1722412109375,-1,-1,-1,-1
196,10,278.4670104980469,608.9381103515625,1134.66162109375,802.72998046875,-1,-1,-1,-1
197,10,269.4767150878906,634.3831787109375,1145.6822509765625,776.3514404296875,-1,-1,-1,-1
198,10,299.70758056640625,627.8180541992188,1116.8232421875,782.9136352539062,-1,-1,-1,-1
199,10,254.46237182617188,608.6266479492188,1161.3446044921875,803.0740356445312,-1,-1,-1,-1
200,10,285.9787902832031,592.843017578125,1127.615966796875,818.1690673828125,-1,-1,-1,-1
201,10,315.5030517578125,573.9261474609375,1097.6485595703125,837.2200927734375,-1,-1,-1,-1
202,10,294.77789306640625,567.2636108398438,1116.942138671875,842.9391479492188,-1,-1,-1,-1
203,10,320.82391357421875,536.1348266601562,1088.845947265625,875.3154907226562,-1,-1,-1,-1
204,10,372.310791015625,544.02734375,1039.530029296875,865.25830078125,-1,-1,-1,-1
205,10,401.3552551269531,482.61102294921875,1015.41162109375,926.5045776367188,-1,-1,-1,-1
206,10,394.2348937988281,429.068603515625,1025.3077392578125,983.0328369140625,-1,-1,-1,-1
207,10,402.0150146484375,431.0660400390625,1016.7056884765625,981.168701171875,-1,-1,-1,-1
208,10,380.0158996582031,393.7825927734375,1036.56982421875,1019.1943359375,-1,-1,-1,-1
209,10,368.08673095703125,385.5923767089844,1049.9287109375,1026.3187255859375,-1,-1,-1,-1
210,10,359.76007080078125,404.7207336425781,1058.357666015625,1006.9793701171875,-1,-1,-1,-1
211,10,341.75616455078125,448.48431396484375,1073.7099609375,963.3909301757812,-1,-1,-1,-1
212,10,368.04229736328125,474.84033203125,1047.958740234375,936.4017333984375,-1,-1,-1,-1
213,10,373.80291748046875,511.3061828613281,1037.797607421875,900.52099609375,-1,-1,-1,-1
214,10,390.1918029785156,566.4266357421875,1021.1246337890625,845.42822265625,-1,-1,-1,-1
215,10,379.4903259277344,597.7288818359375,1032.599365234375,814.1873779296875,-1,-1,-1,-1
216,10,395.3300476074219,731.7105102539062,1010.665283203125,677.8959350585938,-1,-1,-1,-1
217,10,563.999755859375,827.3402709960938,859.7265625,586.6914672851562,-1,-1,-1,-1
218,10,655.0513916015625,901.0296630859375,713.7353515625,510.8082275390625,-1,-1,-1,-1
219,10,720.2744140625,963.58544921875,573.1455078125,447.236328125,-1,-1,-1,-1
227,11,915.1251831054688,507.8523254394531,33.716796875,79.77108764648438,-1,-1,-1,-1
228,11,915.9996337890625,501.464111328125,31.22900390625,75.298583984375,-1,-1,-1,-1
229,11,910.8292846679688,494.350830078125,38.3734130859375,91.1124267578125,-1,-1,-1,-1
230,11,910.5445556640625,482.1265563964844,39.146484375,99.76113891601562,-1,-1,-1,-1
231,11,915.9465942382812,470.7979431152344,38.649169921875,102.65493774414062,-1,-1,-1,-1
232,11,922.42431640625,463.0767517089844,37.06182861328125,100.61019897460938,-1,-1,-1,-1
233,11,927.5802001953125,456.0136413574219,39.9493408203125,111.34005737304688,-1,-1,-1,-1
234,11,931.5558471679688,449.08184814453125,41.33306884765625,111.55303955078125,-1,-1,-1,-1
235,11,934.73193359375,445.1191711425781,39.255615234375,110.33413696289062,-1,-1,-1,-1
236,11,929.4651489257812,440.68817138671875,50.77862548828125,131.6212158203125,-1,-1,-1,-1
237,11,927.9276123046875,433.3619689941406,57.06561279296875,145.13034057617188,-1,-1,-1,-1
238,11,935.1671142578125,414.8493957519531,62.759033203125,163.08358764648438,-1,-1,-1,-1
239,11,924.5076904296875,420.73260498046875,53.697509765625,154.5023193359375,-1,-1,-1,-1
240,11,925.13916015625,402.072998046875,55.47479248046875,149.9276123046875,-1,-1,-1,-1
241,11,914.130615234375,407.17596435546875,65.269287109375,158.05340576171875,-1,-1,-1,-1
242,11,904.9026489257812,398.2586364746094,63.1673583984375,167.00003051757812,-1,-1,-1,-1
243,11,892.1943359375,394.9498291015625,64.976318359375,172.9371337890625,-1,-1,-1,-1
244,11,878.9253540039062,390.77581787109375,59.1959228515625,163.4393310546875,-1,-1,-1,-1
245,11,863.6300659179688,390.1202087402344,52.0245361328125,144.23733520507812,-1,-1,-1,-1
246,11,850.1687622070312,381.2978210449219,44.1988525390625,130.46426391601562,-1,-1,-1,-1
247,11,828.4937133789062,377.21240234375,46.136962890625,127.77642822265625,-1,-1,-1,-1
248,11,813.6322021484375,374.92926025390625,43.073486328125,123.4410400390625,-1,-1,-1,-1
249,11,801.5931396484375,367.4566650390625,40.76055908203125,115.28506469726562,-1,-1,-1,-1
250,11,786.360595703125,362.05047607421875,41.52655029296875,119.5714111328125,-1,-1,-1,-1
251,11,774.2928466796875,353.7286682128906,36.68939208984375,108.27920532226562,-1,-1,-1,-1
252,11,755.8267211914062,345.4765319824219,33.62457275390625,106.061767578125,-1,-1,-1,-1
253,11,732.0777587890625,338.08966064453125,32.9632568359375,100.84713745117188,-1,-1,-1,-1
254,11,700.1244506835938,322.576416015625,32.8780517578125,87.60385131835938,-1,-1,-1,-1
255,11,640.2147216796875,285.2638854980469,43.4931640625,109.79837036132812,-1,-1,-1,-1
256,11,558.2222900390625,235.235595703125,54.77349853515625,149.88671875,-1,-1,-1,-1
259,11,485.6746520996094,114.70378875732422,245.59719848632812,451.92987060546875,-1,-1,-1,-1
421,12,983.8564453125,224.90780639648438,430.889404296875,518.66455078125,-1,-1,-1,-1
422,12,990.4652099609375,244.14102172851562,418.52587890625,485.3064880371094,-1,-1,-1,-1
423,12,956.8453979492188,215.00808715820312,455.60748291015625,500.8246765136719,-1,-1,-1,-1
424,12,1015.6402587890625,199.27403259277344,393.5322265625,509.44110107421875,-1,-1,-1,-1
425,12,908.3959350585938,191.8419952392578,500.06121826171875,489.18060302734375,-1,-1,-1,-1
426,12,876.4822998046875,201.60821533203125,532.5972900390625,476.741943359375,-1,-1,-1,-1
427,12,845.61181640625,187.0417022705078,566.361083984375,495.484619140625,-1,-1,-1,-1
428,12,846.2664794921875,200.01528930664062,564.3421630859375,472.0369567871094,-1,-1,-1,-1
429,12,853.8855590820312,166.54464721679688,554.1901245117188,490.7972106933594,-1,-1,-1,-1
430,12,842.7186889648438,150.23388671875,564.7323608398438,501.3795166015625,-1,-1,-1,-1
431,12,831.96826171875,143.28179931640625,577.8692626953125,510.77545166015625,-1,-1,-1,-1
432,12,864.4550170898438,137.38201904296875,543.3351440429688,522.146240234375,-1,-1,-1,-1
433,12,861.2352294921875,140.91107177734375,547.1220703125,518.3756713867188,-1,-1,-1,-1
434,12,840.4683837890625,145.34132385253906,568.220703125,514.1476440429688,-1,-1,-1,-1
435,12,850.5136108398438,139.47311401367188,559.7003784179688,539.415771484375,-1,-1,-1,-1
436,12,965.2769775390625,144.603515625,443.506591796875,542.47509765625,-1,-1,-1,-1
437,12,971.8529052734375,168.55572509765625,433.8463134765625,531.535400390625,-1,-1,-1,-1
438,12,935.6114501953125,178.47633361816406,475.441650390625,534.1578369140625,-1,-1,-1,-1
439,12,1031.487060546875,197.7855224609375,372.046875,524.669921875,-1,-1,-1,-1
440,12,1045.1297607421875,146.58609008789062,360.7557373046875,589.7525634765625,-1,-1,-1,-1
441,12,1044.8912353515625,28.368450164794922,363.945068359375,827.6770629882812,-1,-1,-1,-1
442,12,1022.861328125,98.6351547241211,383.44677734375,731.5885009765625,-1,-1,-1,-1
443,12,1030.083984375,130.50108337402344,374.9879150390625,675.531982421875,-1,-1,-1,-1
444,12,1042.68701171875,178.5498504638672,361.165283203125,622.480712890625,-1,-1,-1,-1
445,12,1047.7548828125,189.6156463623047,358.02197265625,604.9948120117188,-1,-1,-1,-1
446,12,1029.484619140625,146.4008331298828,376.80517578125,664.48388671875,-1,-1,-1,-1
447,12,1046.7237548828125,163.33079528808594,360.2236328125,659.4865112304688,-1,-1,-1,-1
448,12,1042.65087890625,178.8289031982422,365.126220703125,671.0732421875,-1,-1,-1,-1
449,12,1025.5252685546875,209.26971435546875,380.7830810546875,630.8440551757812,-1,-1,-1,-1
450,12,1024.2445678710938,208.0295867919922,382.33282470703125,643.2958374023438,-1,-1,-1,-1
451,12,1027.97119140625,335.4669189453125,377.1129150390625,504.382568359375,-1,-1,-1,-1
452,12,1038.1556396484375,389.05841064453125,369.9322509765625,455.66387939453125,-1,-1,-1,-1
453,12,1070.8570556640625,306.86907958984375,337.17138671875,574.0943603515625,-1,-1,-1,-1
454,12,1082.1513671875,329.3417053222656,326.873046875,568.8968505859375,-1,-1,-1,-1
455,12,1117.1002197265625,315.55157470703125,290.3983154296875,595.5535278320312,-1,-1,-1,-1
456,12,1138.705322265625,319.152587890625,269.50146484375,603.4412841796875,-1,-1,-1,-1
457,12,1151.385009765625,359.55517578125,256.576416015625,585.9302978515625,-1,-1,-1,-1
458,12,1027.0166015625,364.2323913574219,382.844482421875,605.8717041015625,-1,-1,-1,-1
459,12,971.3802490234375,404.0828857421875,436.777587890625,590.9539794921875,-1,-1,-1,-1
460,12,868.497802734375,441.185302734375,546.574462890625,609.2529296875,-1,-1,-1,-1
461,12,817.30908203125,379.76995849609375,594.472900390625,781.3554077148438,-1,-1,-1,-1
462,12,791.120849609375,388.47149658203125,617.8226318359375,867.8898315429688,-1,-1,-1,-1
463,12,728.03662109375,352.25250244140625,781.872802734375,1072.53857421875,-1,-1,-1,-1
464,12,565.4874877929688,481.8578186035156,883.6135864257812,928.7769775390625,-1,-1,-1,-1
465,12,518.5100708007812,638.496826171875,876.2203979492188,770.9754638671875,-1,-1,-1,-1
432,13,725.15771484375,649.6882934570312,688.899169921875,760.5775756835938,-1,-1,-1,-1
433,13,634.301513671875,698.560302734375,779.220458984375,710.74072265625,-1,-1,-1,-1
434,13,712.7178344726562,676.3934936523438,697.1301879882812,732.1821899414062,-1,-1,-1,-1
435,13,694.15625,716.1920166015625,710.279296875,691.75439453125,-1,-1,-1,-1
436,13,710.8242797851562,709.3604125976562,693.9412231445312,699.1145629882812,-1,-1,-1,-1
437,13,696.9296264648438,675.6340942382812,713.0481567382812,731.8817749023438,-1,-1,-1,-1
438,13,687.3329467773438,705.7747802734375,720.7075805664062,702.2796630859375,-1,-1,-1,-1
439,13,721.951416015625,726.02880859375,681.42431640625,683.277099609375,-1,-1,-1,-1
440,13,659.1539306640625,821.9991455078125,744.5655517578125,586.4619140625,-1,-1,-1,-1
441,13,695.8414306640625,858.3057250976562,715.8165283203125,551.6613159179688,-1,-1,-1,-1
442,13,681.3104248046875,830.86962890625,727.275146484375,579.3519287109375,-1,-1,-1,-1
443,13,647.4813232421875,827.0654296875,762.844970703125,583.994384765625,-1,-1,-1,-1
444,13,631.31787109375,824.0606079101562,777.3138427734375,586.1997680664062,-1,-1,-1,-1
445,13,595.721435546875,912.7774047851562,814.0301513671875,498.36090087890625,-1,-1,-1,-1
446,13,618.32568359375,923.7268676757812,762.40869140625,486.34820556640625,-1,-1,-1,-1
447,13,624.7672729492188,925.3670654296875,739.7265014648438,485.6319580078125,-1,-1,-1,-1
448,13,623.2158813476562,922.7224731445312,686.9622192382812,489.37347412109375,-1,-1,-1,-1
449,13,582.6283569335938,928.76708984375,775.4956665039062,480.9237060546875,-1,-1,-1,-1
450,13,521.953369140625,975.3235473632812,802.3961181640625,435.36895751953125,-1,-1,-1,-1
451,13,478.57989501953125,953.619873046875,848.8856811523438,459.382080078125,-1,-1,-1,-1
452,13,516.1844482421875,919.9214477539062,721.349365234375,491.15765380859375,-1,-1,-1,-1
453,13,374.44512939453125,902.9390869140625,886.5901489257812,507.99560546875,-1,-1,-1,-1
454,13,343.0444641113281,934.8314208984375,849.7296142578125,473.21484375,-1,-1,-1,-1
455,13,316.8843994140625,914.70458984375,892.5208740234375,492.4822998046875,-1,-1,-1,-1
456,13,292.879638671875,907.5802001953125,1041.053466796875,502.3138427734375,-1,-1,-1,-1
457,13,287.8569030761719,875.51611328125,1038.80908203125,532.87353515625,-1,-1,-1,-1
458,13,323.1920166015625,847.5208129882812,1055.3074951171875,561.1532592773438,-1,-1,-1,-1
459,13,512.6611022949219,824.8157348632812,893.8564453125,584.0391235351562,-1,-1,-1,-1
460,13,594.7556762695312,833.6015014648438,798.9325561523438,575.1160278320312,-1,-1,-1,-1
461,13,632.9440307617188,776.3449096679688,781.6469116210938,632.3786010742188,-1,-1,-1,-1
462,13,662.2409057617188,719.7349243164062,751.3130493164062,690.2301635742188,-1,-1,-1,-1
463,13,702.109130859375,690.0885620117188,709.7921142578125,719.8799438476562,-1,-1,-1,-1
464,13,507.071533203125,672.4341430664062,893.7569580078125,735.9896850585938,-1,-1,-1,-1
465,13,470.4473876953125,679.9491577148438,927.5853271484375,729.2777709960938,-1,-1,-1,-1
466,13,400.5163879394531,692.02294921875,994.9254150390625,716.9073486328125,-1,-1,-1,-1
467,13,344.732666015625,682.037109375,1056.2855224609375,726.17529296875,-1,-1,-1,-1
468,13,315.5968322753906,705.879150390625,1071.0643310546875,701.6126708984375,-1,-1,-1,-1
469,13,330.45513916015625,768.0613403320312,1046.25830078125,638.2872924804688,-1,-1,-1,-1
470,13,340.193115234375,719.6129760742188,1005.1846923828125,687.6107788085938,-1,-1,-1,-1
471,13,268.1765441894531,709.6929321289062,1111.744873046875,696.6633911132812,-1,-1,-1,-1
472,13,252.41091918945312,696.6224975585938,1128.885009765625,710.5319213867188,-1,-1,-1,-1
473,13,193.57965087890625,732.2379150390625,1168.9375,675.49755859375,-1,-1,-1,-1
474,13,166.27584838867188,757.5192260742188,1233.5426025390625,648.1726684570312,-1,-1,-1,-1
475,13,176.2052459716797,797.9664306640625,1225.252197265625,607.4407958984375,-1,-1,-1,-1
476,13,185.3895263671875,838.4134521484375,1219.5203857421875,567.1307373046875,-1,-1,-1,-1
477,13,217.79685974121094,872.4201049804688,1183.597412109375,532.9627075195312,-1,-1,-1,-1
478,13,256.1886749267578,836.2786865234375,1149.4571533203125,569.8323974609375,-1,-1,-1,-1
479,13,213.190673828125,807.9423828125,1168.1363525390625,598.5103759765625,-1,-1,-1,-1
480,13,202.54672241210938,771.8033447265625,1184.755859375,635.0621337890625,-1,-1,-1,-1
481,13,167.2928009033203,819.5575561523438,1249.064697265625,583.9157104492188,-1,-1,-1,-1
482,13,173.90658569335938,831.9791259765625,1255.810302734375,570.7362060546875,-1,-1,-1,-1
483,13,210.6581268310547,794.3294067382812,1239.7132568359375,611.0819702148438,-1,-1,-1,-1
484,13,330.59967041015625,767.2723999023438,1068.321533203125,640.9389038085938,-1,-1,-1,-1
485,13,382.628662109375,813.7213134765625,1026.24658203125,593.3465576171875,-1,-1,-1,-1
486,13,506.6380310058594,885.677734375,898.5728759765625,520.07421875,-1,-1,-1,-1
487,13,423.1026306152344,879.9481201171875,945.6849365234375,527.6759033203125,-1,-1,-1,-1
488,13,345.1392822265625,892.1982421875,975.090087890625,516.339599609375,-1,-1,-1,-1
489,13,375.07489013671875,912.6820678710938,932.1281127929688,496.52252197265625,-1,-1,-1,-1
490,13,417.6400146484375,946.6520385742188,866.3248291015625,462.90716552734375,-1,-1,-1,-1
491,13,416.11724853515625,928.4010620117188,842.6669311523438,482.08966064453125,-1,-1,-1,-1
492,13,368.43157958984375,884.7156372070312,950.0446166992188,524.3694458007812,-1,-1,-1,-1
493,13,317.5386657714844,859.8121948242188,1037.5625,549.3786010742188,-1,-1,-1,-1
450,14,979.3217163085938,167.412109375,35.55126953125,89.71025085449219,-1,-1,-1,-1
451,14,992.1454467773438,169.19229125976562,35.06365966796875,88.84933471679688,-1,-1,-1,-1
452,14,1007.593994140625,170.85858154296875,34.6544189453125,89.21343994140625,-1,-1,-1,-1
453,14,1027.546630859375,174.4768829345703,35.32958984375,77.6922607421875,-1,-1,-1,-1
454,14,1050.133056640625,180.0823974609375,36.2093505859375,82.6927490234375,-1,-1,-1,-1
485,15,1024.8316040039062,404.5330505371094,389.36309814453125,457.7935485839844,-1,-1,-1,-1
486,15,987.0238037109375,320.00018310546875,426.0384521484375,520.6409912109375,-1,-1,-1,-1
487,15,976.148681640625,312.02508544921875,435.0718994140625,516.1676635742188,-1,-1,-1,-1
488,15,957.8120727539062,277.6239013671875,454.24993896484375,545.5895385742188,-1,-1,-1,-1
489,15,969.8014526367188,193.43202209472656,439.66424560546875,617.1173095703125,-1,-1,-1,-1
490,15,954.7939453125,145.32614135742188,430.3270263671875,649.273681640625,-1,-1,-1,-1
491,15,933.441162109375,121.85704040527344,415.591552734375,673.5430908203125,-1,-1,-1,-1
492,15,931.3699340820312,105.23475646972656,380.09197998046875,681.8528442382812,-1,-1,-1,-1
493,15,912.7250366210938,99.2052230834961,366.37591552734375,668.5863647460938,-1,-1,-1,-1
494,15,899.8878173828125,111.53756713867188,350.7392578125,713.78125,-1,-1,-1,-1
495,15,892.86669921875,113.90571594238281,339.884765625,711.28759765625,-1,-1,-1,-1
496,15,894.787841796875,137.19667053222656,325.917236328125,676.466064453125,-1,-1,-1,-1
497,15,862.0745849609375,140.69839477539062,343.0020751953125,659.1119384765625,-1,-1,-1,-1
498,15,850.793212890625,144.96018981933594,350.9674072265625,642.525634765625,-1,-1,-1,-1
499,15,846.4849853515625,142.1096649169922,348.6541748046875,633.6865234375,-1,-1,-1,-1
500,15,838.3243408203125,137.95147705078125,356.0513916015625,624.6421508789062,-1,-1,-1,-1
501,15,833.2833862304688,131.3511199951172,362.04119873046875,621.9972534179688,-1,-1,-1,-1
502,15,828.2891845703125,123.3032455444336,367.4749755859375,617.7510375976562,-1,-1,-1,-1
503,15,825.2408447265625,118.91768646240234,370.872314453125,615.9859619140625,-1,-1,-1,-1
504,15,832.7029418945312,121.57075500488281,359.58795166015625,609.0995483398438,-1,-1,-1,-1
505,15,843.8975830078125,131.36526489257812,344.8223876953125,600.8978271484375,-1,-1,-1,-1
506,15,838.0035400390625,154.49386596679688,337.0474853515625,590.937255859375,-1,-1,-1,-1
507,15,778.5519409179688,210.72817993164062,357.54095458984375,570.33642578125,-1,-1,-1,-1
508,15,730.6234741210938,291.19171142578125,355.26824951171875,538.2124633789062,-1,-1,-1,-1
509,15,693.5787353515625,365.611083984375,344.381591796875,514.0115966796875,-1,-1,-1,-1
510,15,660.4069213867188,420.630615234375,339.4549560546875,502.3760986328125,-1,-1,-1,-1
511,15,627.4291381835938,457.3791198730469,335.99700927734375,491.5410461425781,-1,-1,-1,-1
512,15,576.2500610351562,483.15789794921875,337.6597900390625,484.01727294921875,-1,-1,-1,-1
513,15,527.1597900390625,491.7897644042969,335.80859375,479.8920593261719,-1,-1,-1,-1
514,15,488.4228210449219,493.09912109375,341.6664733886719,483.78643798828125,-1,-1,-1,-1
515,15,466.021484375,499.4622497558594,344.24261474609375,484.0567321777344,-1,-1,-1,-1
516,15,452.15087890625,503.61016845703125,343.42529296875,483.95147705078125,-1,-1,-1,-1
517,15,447.5350341796875,501.2740783691406,340.73779296875,488.2626037597656,-1,-1,-1,-1
518,15,452.98382568359375,494.9066467285156,333.29010009765625,489.5152282714844,-1,-1,-1,-1
519,15,459.79949951171875,488.0880432128906,338.720458984375,488.3791198730469,-1,-1,-1,-1
520,15,482.9985656738281,473.4696044921875,338.8686828613281,491.58428955078125,-1,-1,-1,-1
521,15,518.3582763671875,461.00689697265625,331.663330078125,489.59228515625,-1,-1,-1,-1
522,15,543.4641723632812,441.9344787597656,330.9471435546875,491.6222839355469,-1,-1,-1,-1
523,15,562.4088134765625,427.99139404296875,338.0106201171875,496.2550048828125,-1,-1,-1,-1
524,15,589.2382202148438,425.22625732421875,336.9671630859375,503.70330810546875,-1,-1,-1,-1
525,15,599.0126342773438,425.86004638671875,350.44097900390625,515.0115966796875,-1,-1,-1,-1
526,15,617.2592163085938,421.2856140136719,355.61859130859375,527.0526123046875,-1,-1,-1,-1
527,15,641.4503173828125,401.106201171875,359.48809814453125,545.657958984375,-1,-1,-1,-1
528,15,650.2396240234375,378.62506103515625,377.529296875,558.8641967773438,-1,-1,-1,-1
529,15,670.6168823242188,375.1894226074219,374.51995849609375,569.2208251953125,-1,-1,-1,-1
530,15,691.0885009765625,377.1525573730469,383.0006103515625,581.9412841796875,-1,-1,-1,-1
531,15,704.9190063476562,380.27056884765625,430.14385986328125,588.3643188476562,-1,-1,-1,-1
532,15,742.6458129882812,383.9750061035156,415.56097412109375,568.341552734375,-1,-1,-1,-1
533,15,768.5830078125,380.8946838378906,405.4500732421875,532.3240966796875,-1,-1,-1,-1
534,15,790.03515625,376.27484130859375,405.9033203125,538.70166015625,-1,-1,-1,-1
535,15,812.1971435546875,371.1844787597656,403.0269775390625,540.5673828125,-1,-1,-1,-1
536,15,841.6336669921875,365.0886535644531,393.2945556640625,547.664794921875,-1,-1,-1,-1
537,15,864.7171630859375,357.2027893066406,396.952880859375,545.734130859375,-1,-1,-1,-1
538,15,881.718017578125,333.4692077636719,414.93212890625,558.4093017578125,-1,-1,-1,-1
539,15,893.8880004882812,321.2188720703125,416.95062255859375,569.7864379882812,-1,-1,-1,-1
540,15,903.7123413085938,331.38690185546875,425.21624755859375,568.1864624023438,-1,-1,-1,-1
541,15,912.5802001953125,338.4429626464844,426.5272216796875,574.9490966796875,-1,-1,-1,-1
542,15,904.2713623046875,325.56817626953125,422.2911376953125,567.3922119140625,-1,-1,-1,-1
543,15,883.7713012695312,301.47760009765625,417.27423095703125,566.1854248046875,-1,-1,-1,-1
544,15,866.7946166992188,282.6915283203125,412.19989013671875,575.3905639648438,-1,-1,-1,-1
545,15,841.1026611328125,248.14317321777344,407.92041015625,583.2568969726562,-1,-1,-1,-1
546,15,813.6901245117188,220.5435028076172,404.43963623046875,586.5669555664062,-1,-1,-1,-1
547,15,801.1112060546875,193.15545654296875,401.5203857421875,614.3693237304688,-1,-1,-1,-1
548,15,803.4747314453125,166.5604248046875,390.9678955078125,634.5829467773438,-1,-1,-1,-1
549,15,818.2832641601562,141.51333618164062,363.20098876953125,658.5357666015625,-1,-1,-1,-1
550,15,810.7501220703125,119.02655029296875,351.214111328125,684.5429077148438,-1,-1,-1,-1
551,15,788.3231811523438,91.58584594726562,341.02008056640625,696.15234375,-1,-1,-1,-1
552,15,741.087646484375,50.197349548339844,323.49609375,696.6801147460938,-1,-1,-1,-1
553,15,642.5693359375,2.559253692626953,316.07977294921875,688.910400390625,-1,-1,-1,-1
554,15,488.2626037597656,-28.80512237548828,345.5165710449219,684.0117797851562,-1,-1,-1,-1
555,15,323.6217041015625,-5.307027816772461,405.43524169921875,645.8595581054688,-1,-1,-1,-1
556,15,195.8474578857422,-2.4654884338378906,420.1165771484375,633.2025146484375,-1,-1,-1,-1
557,15,64.44801712036133,8.782966613769531,477.8947448730469,626.2061767578125,-1,-1,-1,-1
558,15,98.68386840820312,6.664070129394531,389.8561096191406,628.468017578125,-1,-1,-1,-1
559,15,77.423828125,56.68305206298828,376.64215087890625,575.794921875,-1,-1,-1,-1
560,15,43.09573745727539,18.702054977416992,354.7601318359375,608.8215942382812,-1,-1,-1,-1
561,15,21.80834197998047,10.82394027709961,350.596923828125,618.968505859375,-1,-1,-1,-1
562,15,24.77315330505371,12.341190338134766,310.3717956542969,620.4497680664062,-1,-1,-1,-1
563,15,12.989424705505371,11.542764663696289,308.45538330078125,625.808837890625,-1,-1,-1,-1
564,15,14.721602439880371,15.328084945678711,300.85528564453125,631.6356201171875,-1,-1,-1,-1
565,15,10.686694145202637,22.561647415161133,294.60565185546875,635.0427856445312,-1,-1,-1,-1
566,15,8.743480682373047,14.717458724975586,302.00018310546875,658.8768920898438,-1,-1,-1,-1
567,15,11.943855285644531,11.015033721923828,321.4759521484375,660.0738525390625,-1,-1,-1,-1
568,15,38.01437759399414,16.94300079345703,316.11834716796875,651.7822265625,-1,-1,-1,-1
569,15,79.45970153808594,57.15526580810547,284.4537353515625,639.297607421875,-1,-1,-1,-1
570,15,53.014312744140625,60.36271286010742,319.45947265625,664.78369140625,-1,-1,-1,-1
571,15,34.664127349853516,48.65616226196289,328.87481689453125,717.14306640625,-1,-1,-1,-1
572,15,99.71578979492188,205.93844604492188,261.5680847167969,541.189697265625,-1,-1,-1,-1
573,15,111.72352600097656,227.3011932373047,311.00299072265625,575.9052734375,-1,-1,-1,-1
574,15,88.45970153808594,232.99269104003906,371.20257568359375,579.9290161132812,-1,-1,-1,-1
575,15,108.01235961914062,258.2762451171875,344.0381164550781,471.8284912109375,-1,-1,-1,-1
576,15,100.2330322265625,155.4874267578125,432.80908203125,563.335693359375,-1,-1,-1,-1
577,15,108.7744369506836,50.328460693359375,463.9927673339844,644.9461669921875,-1,-1,-1,-1
578,15,70.88223266601562,21.624412536621094,544.213623046875,658.3023681640625,-1,-1,-1,-1
579,15,108.691650390625,17.059738159179688,516.080078125,659.8895874023438,-1,-1,-1,-1
580,15,60.746829986572266,12.479034423828125,616.1513671875,665.153076171875,-1,-1,-1,-1
581,15,216.11672973632812,13.322296142578125,485.3037414550781,660.6544189453125,-1,-1,-1,-1
582,15,269.162109375,9.169748306274414,478.01678466796875,654.0431518554688,-1,-1,-1,-1
583,15,370.1108703613281,9.571090698242188,480.5900573730469,645.4454956054688,-1,-1,-1,-1
584,15,513.8853149414062,21.368257522583008,468.72528076171875,652.6724243164062,-1,-1,-1,-1
585,15,692.1168212890625,26.835296630859375,434.7579345703125,665.530029296875,-1,-1,-1,-1
586,15,855.8668212890625,28.752168655395508,416.8702392578125,696.17626953125,-1,-1,-1,-1
587,15,945.0332641601562,6.286834716796875,435.67584228515625,889.4144287109375,-1,-1,-1,-1
588,15,993.0667114257812,16.706127166748047,411.35760498046875,923.0811157226562,-1,-1,-1,-1
589,15,1005.4041137695312,17.573055267333984,406.93804931640625,915.5706787109375,-1,-1,-1,-1
590,15,1053.074951171875,41.92752456665039,359.068603515625,859.48291015625,-1,-1,-1,-1
591,15,1052.7073974609375,28.718368530273438,337.912109375,796.390625,-1,-1,-1,-1
592,15,1068.3076171875,62.71806335449219,328.781982421875,692.8934326171875,-1,-1,-1,-1
593,15,1038.691162109375,86.65480041503906,290.73681640625,611.2654418945312,-1,-1,-1,-1
594,15,1017.9959716796875,105.99368286132812,333.4222412109375,568.9088134765625,-1,-1,-1,-1
595,15,1033.5579833984375,142.79469299316406,302.117431640625,545.95947265625,-1,-1,-1,-1
596,15,1061.632568359375,171.080810546875,331.9771728515625,560.4488525390625,-1,-1,-1,-1
597,15,1042.4735107421875,108.31877136230469,359.683837890625,717.0932006835938,-1,-1,-1,-1
598,15,1021.6488647460938,75.48670959472656,391.18988037109375,838.583740234375,-1,-1,-1,-1
599,15,975.1654052734375,23.036128997802734,440.7069091796875,971.0379638671875,-1,-1,-1,-1
600,15,874.7567749023438,2.365264892578125,534.0177612304688,965.8685302734375,-1,-1,-1,-1
601,15,791.9511108398438,14.540904998779297,586.7122192382812,942.5978393554688,-1,-1,-1,-1
511,16,1054.880859375,103.60585021972656,358.928466796875,956.0335693359375,-1,-1,-1,-1
512,16,1002.4312744140625,64.78513717651367,409.2105712890625,1034.875,-1,-1,-1,-1
513,16,949.6696166992188,55.811256408691406,459.56951904296875,1066.968017578125,-1,-1,-1,-1
514,16,913.9281005859375,68.91433715820312,491.359130859375,1058.5966796875,-1,-1,-1,-1
515,16,889.605224609375,62.280738830566406,509.7861328125,1076.724609375,-1,-1,-1,-1
516,16,872.3720703125,77.24632263183594,514.47705078125,1064.543701171875,-1,-1,-1,-1
517,16,864.2442016601562,66.01885223388672,503.80169677734375,1078.3189697265625,-1,-1,-1,-1
518,16,859.7412719726562,67.44374084472656,504.32989501953125,1076.4759521484375,-1,-1,-1,-1
519,16,864.5264892578125,63.96575164794922,516.2611083984375,1078.6396484375,-1,-1,-1,-1
520,16,882.1695556640625,40.12510299682617,519.2232666015625,1096.0870361328125,-1,-1,-1,-1
521,16,913.1710205078125,24.985122680664062,493.1617431640625,1096.585205078125,-1,-1,-1,-1
522,16,941.4351196289062,19.921566009521484,466.55108642578125,1084.135986328125,-1,-1,-1,-1
523,16,952.4357299804688,15.28824234008789,452.97662353515625,1075.27587890625,-1,-1,-1,-1
524,16,943.8225708007812,22.429908752441406,466.23419189453125,1075.8240966796875,-1,-1,-1,-1
525,16,939.206298828125,11.182838439941406,472.7802734375,1109.921142578125,-1,-1,-1,-1
526,16,949.4494018554688,21.001953125,465.66937255859375,1109.12548828125,-1,-1,-1,-1
527,16,977.4837036132812,32.04584503173828,437.76165771484375,1100.2108154296875,-1,-1,-1,-1
528,16,998.7514038085938,66.78208923339844,413.34063720703125,1059.370361328125,-1,-1,-1,-1
529,16,1019.3843994140625,60.95164489746094,394.24560546875,1071.6611328125,-1,-1,-1,-1
530,16,1044.2022705078125,67.10317993164062,367.064453125,1060.5313720703125,-1,-1,-1,-1
531,16,1044.251220703125,42.41318893432617,366.4285888671875,1055.7501220703125,-1,-1,-1,-1
532,16,1033.88232421875,45.04133224487305,380.621826171875,994.3353881835938,-1,-1,-1,-1
533,16,1012.1927490234375,90.35061645507812,395.418701171875,937.9140625,-1,-1,-1,-1
534,16,970.30859375,108.98471069335938,436.4876708984375,1022.67431640625,-1,-1,-1,-1
535,16,940.385009765625,195.4739990234375,461.9237060546875,957.4268798828125,-1,-1,-1,-1
536,16,998.5714111328125,297.55810546875,404.5252685546875,713.9385986328125,-1,-1,-1,-1
543,17,906.4664306640625,377.12579345703125,32.32623291015625,73.20620727539062,-1,-1,-1,-1
544,17,884.1953125,369.27069091796875,29.0755615234375,66.8740234375,-1,-1,-1,-1
545,17,847.43310546875,348.495361328125,32.42645263671875,74.40188598632812,-1,-1,-1,-1
546,17,813.2647705078125,334.16412353515625,33.0966796875,83.28482055664062,-1,-1,-1,-1
547,17,798.0730590820312,326.1368103027344,28.21368408203125,66.80026245117188,-1,-1,-1,-1
548,17,786.524658203125,319.2642517089844,31.71728515625,86.14767456054688,-1,-1,-1,-1
549,17,773.9301147460938,314.8464050292969,30.3642578125,86.10116577148438,-1,-1,-1,-1
550,17,758.9990234375,309.33349609375,30.9755859375,80.00906372070312,-1,-1,-1,-1
551,17,731.88037109375,296.6875305175781,29.50091552734375,70.12362670898438,-1,-1,-1,-1
552,17,670.5187377929688,262.17523193359375,33.71624755859375,77.685791015625,-1,-1,-1,-1
553,17,557.373779296875,202.66375732421875,42.57501220703125,88.05755615234375,-1,-1,-1,-1
554,17,525.0225219726562,158.23321533203125,135.12261962890625,135.26956176757812,-1,-1,-1,-1
555,17,310.92095947265625,35.85523223876953,313.3026123046875,393.34661865234375,-1,-1,-1,-1
549,18,1042.491943359375,115.48100280761719,367.430419921875,909.8168334960938,-1,-1,-1,-1
550,18,1031.48828125,96.56795501708984,375.3345947265625,916.6852416992188,-1,-1,-1,-1
551,18,1013.9495849609375,99.56112670898438,394.3382568359375,855.6156005859375,-1,-1,-1,-1
552,18,954.8048706054688,86.46551513671875,453.73883056640625,858.577880859375,-1,-1,-1,-1
553,18,862.9403076171875,25.436965942382812,533.0543212890625,849.9696044921875,-1,-1,-1,-1
554,18,770.8628540039062,7.315986633300781,598.2344360351562,792.4395751953125,-1,-1,-1,-1
555,18,708.2039184570312,-0.8756866455078125,502.82330322265625,752.809326171875,-1,-1,-1,-1
556,18,605.4598388671875,0.1045379638671875,497.623291015625,719.81689453125,-1,-1,-1,-1
557,18,561.3671875,-1.107461929321289,469.45556640625,707.3434448242188,-1,-1,-1,-1
558,18,529.5753173828125,2.66571044921875,451.93853759765625,692.2854614257812,-1,-1,-1,-1
559,18,507.38287353515625,4.819267272949219,436.04937744140625,681.942626953125,-1,-1,-1,-1
560,18,476.77734375,6.773107528686523,438.8421630859375,669.3486328125,-1,-1,-1,-1
561,18,422.412841796875,7.469461441040039,462.9302978515625,662.9812622070312,-1,-1,-1,-1
562,18,338.263427734375,2.2530174255371094,518.0914306640625,666.1255493164062,-1,-1,-1,-1
563,18,281.35308837890625,2.4262351989746094,562.9725341796875,662.26806640625,-1,-1,-1,-1
564,18,260.2315673828125,2.6238746643066406,556.4706420898438,663.0709228515625,-1,-1,-1,-1
565,18,371.3565673828125,-1.8673667907714844,427.73504638671875,676.9154663085938,-1,-1,-1,-1
566,18,242.28323364257812,1.9196949005126953,539.19091796875,679.4266357421875,-1,-1,-1,-1
567,18,231.53890991210938,-0.7420387268066406,531.669189453125,702.7691650390625,-1,-1,-1,-1
568,18,216.87705993652344,8.921188354492188,535.9868774414062,708.04345703125,-1,-1,-1,-1
569,18,204.51217651367188,5.883247375488281,531.08984375,723.384765625,-1,-1,-1,-1
570,18,187.66378784179688,6.988853454589844,527.3162841796875,746.5180053710938,-1,-1,-1,-1
571,18,145.40760803222656,4.646427154541016,530.7160034179688,785.8905639648438,-1,-1,-1,-1
572,18,100.19033813476562,0.8692054748535156,530.6474609375,818.2160034179688,-1,-1,-1,-1
573,18,91.07601165771484,-0.9895286560058594,516.03466796875,854.1831665039062,-1,-1,-1,-1
574,18,72.29692840576172,3.4835853576660156,522.48291015625,872.5286254882812,-1,-1,-1,-1
575,18,77.46939086914062,2.420654296875,516.1207275390625,892.5549926757812,-1,-1,-1,-1
576,18,97.42277526855469,1.1858482360839844,503.48272705078125,880.8723754882812,-1,-1,-1,-1
577,18,105.19367980957031,10.581947326660156,501.416748046875,846.0444946289062,-1,-1,-1,-1
578,18,93.76021575927734,9.48183822631836,527.02587890625,819.4388427734375,-1,-1,-1,-1
579,18,109.91644287109375,7.951076507568359,521.6199951171875,813.949951171875,-1,-1,-1,-1
580,18,12.075384140014648,6.234004974365234,669.9850463867188,791.6826782226562,-1,-1,-1,-1
581,18,218.00469970703125,7.341667175292969,489.63238525390625,736.6557006835938,-1,-1,-1,-1
554,19,753.8526000976562,10.425304412841797,465.52679443359375,690.0926513671875,-1,-1,-1,-1
555,19,633.9423828125,7.914024353027344,457.5755615234375,626.5546875,-1,-1,-1,-1
556,19,549.1226196289062,-3.751760482788086,417.28564453125,618.3456420898438,-1,-1,-1,-1
557,19,467.0993957519531,-5.459075927734375,414.9816589355469,608.859130859375,-1,-1,-1,-1
558,19,427.8902587890625,2.600900650024414,400.30596923828125,606.8814697265625,-1,-1,-1,-1
559,19,378.5062255859375,-17.343669891357422,431.43182373046875,655.4053344726562,-1,-1,-1,-1
560,19,342.10919189453125,-20.79877281188965,482.18280029296875,684.6148071289062,-1,-1,-1,-1
561,19,317.876708984375,-21.22848129272461,510.4794921875,677.7739868164062,-1,-1,-1,-1
562,19,292.9932861328125,-30.97252655029297,567.9766235351562,693.241943359375,-1,-1,-1,-1
596,20,746.6889038085938,299.22564697265625,53.32977294921875,94.74981689453125,-1,-1,-1,-1
597,20,779.4407348632812,320.4977722167969,31.79351806640625,78.04739379882812,-1,-1,-1,-1
598,20,797.1133422851562,333.0497131347656,28.7843017578125,66.45147705078125,-1,-1,-1,-1
599,20,769.3194580078125,321.8938293457031,34.82861328125,80.29867553710938,-1,-1,-1,-1
600,20,698.3871459960938,311.816162109375,34.7490234375,68.65457153320312,-1,-1,-1,-1
601,20,652.5267944335938,309.05548095703125,28.5333251953125,62.949462890625,-1,-1,-1,-1
