1,1,660.2991333007812,529.7860107421875,95.549560546875,220.22589111328125,-1,-1,-1,-1
2,1,660.5298461914062,522.7538452148438,93.5499267578125,219.46875,-1,-1,-1,-1
3,1,659.6434936523438,519.8128051757812,93.8958740234375,218.48309326171875,-1,-1,-1,-1
4,1,656.130126953125,516.878173828125,88.32861328125,220.04876708984375,-1,-1,-1,-1
5,1,645.185302734375,518.3656005859375,87.35845947265625,222.3485107421875,-1,-1,-1,-1
6,1,644.08447265625,525.1541137695312,82.177734375,223.50543212890625,-1,-1,-1,-1
7,1,641.3993530273438,528.99658203125,80.969970703125,224.8123779296875,-1,-1,-1,-1
8,1,637.6646118164062,539.4349365234375,82.38970947265625,227.10357666015625,-1,-1,-1,-1
9,1,632.0789184570312,553.6237182617188,82.95281982421875,228.72174072265625,-1,-1,-1,-1
10,1,630.8938598632812,562.1363525390625,87.64703369140625,231.39862060546875,-1,-1,-1,-1
11,1,639.9200439453125,563.0989990234375,89.15838623046875,231.81927490234375,-1,-1,-1,-1
12,1,642.2184448242188,558.19287109375,96.1317138671875,236.3780517578125,-1,-1,-1,-1
13,1,639.419677734375,540.345703125,106.13189697265625,242.37615966796875,-1,-1,-1,-1
14,1,639.8455200195312,534.6249389648438,116.7490234375,245.70513916015625,-1,-1,-1,-1
15,1,638.3588256835938,537.1063842773438,126.54364013671875,249.01214599609375,-1,-1,-1,-1
16,1,637.8358764648438,533.702880859375,140.7728271484375,250.8905029296875,-1,-1,-1,-1
17,1,641.3726806640625,534.7794799804688,154.5184326171875,253.896240234375,-1,-1,-1,-1
18,1,650.35546875,532.6213989257812,159.97381591796875,255.37530517578125,-1,-1,-1,-1
19,1,653.2068481445312,517.294677734375,169.57415771484375,259.68975830078125,-1,-1,-1,-1
20,1,659.3530883789062,515.4268188476562,168.7615966796875,260.38128662109375,-1,-1,-1,-1
21,1,674.789306640625,513.6747436523438,166.466552734375,263.95379638671875,-1,-1,-1,-1
22,1,682.6974487304688,509.12750244140625,164.9288330078125,269.38494873046875,-1,-1,-1,-1
23,1,688.1289672851562,515.5472412109375,163.2593994140625,272.71759033203125,-1,-1,-1,-1
24,1,688.6478881835938,521.1759033203125,169.83502197265625,278.52325439453125,-1,-1,-1,-1
25,1,697.9962768554688,522.1688842773438,167.8846435546875,284.58575439453125,-1,-1,-1,-1
26,1,708.0728759765625,511.7016296386719,165.471923828125,290.4086608886719,-1,-1,-1,-1
27,1,719.969482421875,493.42779541015625,161.71051025390625,298.80340576171875,-1,-1,-1,-1
28,1,725.8555908203125,476.98590087890625,161.151123046875,305.88433837890625,-1,-1,-1,-1
29,1,724.4270629882812,461.3625793457031,159.60760498046875,314.1067810058594,-1,-1,-1,-1
30,1,722.6613159179688,450.349853515625,160.4547119140625,317.93597412109375,-1,-1,-1,-1
31,1,716.8939208984375,440.67730712890625,161.3070068359375,322.71844482421875,-1,-1,-1,-1
32,1,711.9138793945312,436.93634033203125,163.3458251953125,325.15484619140625,-1,-1,-1,-1
33,1,715.9181518554688,436.6301574707031,164.3756103515625,324.4062805175781,-1,-1,-1,-1
34,1,722.8165893554688,435.41094970703125,166.48492431640625,324.484375,-1,-1,-1,-1
35,1,730.65283203125,436.0482177734375,168.999755859375,326.0308837890625,-1,-1,-1,-1
36,1,729.457275390625,444.7726135253906,181.3267822265625,322.8345031738281,-1,-1,-1,-1
37,1,721.8096923828125,450.20977783203125,192.434326171875,327.28082275390625,-1,-1,-1,-1
38,1,717.18408203125,450.3360900878906,194.78955078125,327.5516052246094,-1,-1,-1,-1
39,1,719.4056396484375,440.25250244140625,193.95849609375,329.79949951171875,-1,-1,-1,-1
40,1,725.9069213867188,434.8426818847656,195.99517822265625,330.8224792480469,-1,-1,-1,-1
41,1,736.136962890625,445.8705749511719,194.53448486328125,333.6344299316406,-1,-1,-1,-1
42,1,741.0523681640625,438.0258483886719,188.06695556640625,340.0967712402344,-1,-1,-1,-1
43,1,742.5352172851562,430.01324462890625,182.2139892578125,345.38702392578125,-1,-1,-1,-1
44,1,743.9341430664062,431.90521240234375,179.09405517578125,350.89813232421875,-1,-1,-1,-1
45,1,748.697021484375,424.0894470214844,176.27459716796875,354.9209289550781,-1,-1,-1,-1
46,1,757.3399658203125,411.25537109375,172.4332275390625,361.98760986328125,-1,-1,-1,-1
47,1,759.9659423828125,405.8460998535156,174.02777099609375,363.8243713378906,-1,-1,-1,-1
48,1,765.4848022460938,403.0278015136719,172.420166015625,369.2649230957031,-1,-1,-1,-1
49,1,786.9885864257812,418.31488037109375,175.81182861328125,368.8385009765625,-1,-1,-1,-1
50,1,813.5125732421875,423.90667724609375,178.58160400390625,376.30047607421875,-1,-1,-1,-1
51,1,835.0973510742188,438.7521057128906,184.54541015625,376.2585144042969,-1,-1,-1,-1
52,1,838.6611938476562,458.5228576660156,183.28900146484375,369.4264221191406,-1,-1,-1,-1
53,1,857.1597900390625,461.6958312988281,186.7501220703125,371.9488830566406,-1,-1,-1,-1
54,1,906.3250732421875,452.80792236328125,196.9599609375,388.1412353515625,-1,-1,-1,-1
55,1,937.1878662109375,430.1696472167969,198.250244140625,398.7980041503906,-1,-1,-1,-1
56,1,923.91455078125,431.353515625,203.087158203125,407.28436279296875,-1,-1,-1,-1
57,1,916.2401123046875,445.91839599609375,213.86181640625,415.26922607421875,-1,-1,-1,-1
58,1,930.7362670898438,410.12713623046875,233.39727783203125,436.00762939453125,-1,-1,-1,-1
59,1,996.465576171875,379.83294677734375,271.2056884765625,466.80145263671875,-1,-1,-1,-1
60,1,1035.2083740234375,433.2204284667969,316.689453125,460.7559509277344,-1,-1,-1,-1
61,1,1059.22998046875,438.70587158203125,340.84521484375,456.51123046875,-1,-1,-1,-1
62,1,1049.3846435546875,414.7466735839844,349.6915283203125,443.1353454589844,-1,-1,-1,-1
63,1,1020.4210205078125,381.1130065917969,355.1573486328125,438.8822326660156,-1,-1,-1,-1
64,1,980.02587890625,391.70928955078125,365.7591552734375,430.47235107421875,-1,-1,-1,-1
65,1,968.3137817382812,421.1240234375,389.64508056640625,434.2100830078125,-1,-1,-1,-1
66,1,1037.9700927734375,481.09478759765625,395.655029296875,452.71539306640625,-1,-1,-1,-1
67,1,936.5802612304688,599.898193359375,270.75860595703125,265.030517578125,-1,-1,-1,-1
68,1,1095.044921875,642.6947021484375,41.6309814453125,64.52655029296875,-1,-1,-1,-1
69,1,1086.950439453125,585.9877319335938,32.143310546875,59.13006591796875,-1,-1,-1,-1
70,1,1077.054443359375,548.4102783203125,30.3004150390625,64.96337890625,-1,-1,-1,-1
71,1,1098.15966796875,540.9153442382812,31.5535888671875,64.6640625,-1,-1,-1,-1
72,1,1132.0614013671875,543.621826171875,36.1815185546875,67.25396728515625,-1,-1,-1,-1
73,1,1168.3160400390625,549.8944091796875,38.55029296875,65.74371337890625,-1,-1,-1,-1
74,1,1195.265380859375,567.2987670898438,36.2786865234375,71.7896728515625,-1,-1,-1,-1
75,1,1200.659423828125,581.5184936523438,36.75537109375,71.41693115234375,-1,-1,-1,-1
76,1,1185.872314453125,596.9105834960938,34.6068115234375,68.8663330078125,-1,-1,-1,-1
77,1,1102.137939453125,572.444580078125,31.41015625,64.85394287109375,-1,-1,-1,-1
78,1,1058.592041015625,599.7525634765625,28.2049560546875,61.8680419921875,-1,-1,-1,-1
79,1,1036.3021240234375,621.1786499023438,31.5557861328125,53.89306640625,-1,-1,-1,-1
80,1,1016.3519287109375,602.8131103515625,28.1671142578125,59.8258056640625,-1,-1,-1,-1
81,1,1012.2332763671875,584.2369995117188,28.2791748046875,60.60040283203125,-1,-1,-1,-1
82,1,1016.9518432617188,585.3895874023438,28.46697998046875,55.89013671875,-1,-1,-1,-1
83,1,1038.250244140625,582.930419921875,25.5833740234375,63.253173828125,-1,-1,-1,-1
84,1,1030.100830078125,618.2100219726562,27.2371826171875,62.5269775390625,-1,-1,-1,-1
85,1,1032.640380859375,610.5895385742188,28.9454345703125,64.34259033203125,-1,-1,-1,-1
86,1,1063.861572265625,600.8955078125,31.3377685546875,65.9483642578125,-1,-1,-1,-1
87,1,1087.924072265625,568.770751953125,30.55615234375,68.522216796875,-1,-1,-1,-1
88,1,1087.078369140625,564.3967895507812,30.0347900390625,71.4796142578125,-1,-1,-1,-1
89,1,1071.353759765625,594.7229614257812,35.7894287109375,69.81817626953125,-1,-1,-1,-1
90,1,1044.886962890625,580.5609741210938,36.777099609375,69.9315185546875,-1,-1,-1,-1
91,1,1014.47265625,567.637451171875,34.384033203125,69.0146484375,-1,-1,-1,-1
92,1,984.73681640625,569.1910400390625,38.057373046875,68.767333984375,-1,-1,-1,-1
93,1,947.1953735351562,559.91943359375,42.06451416015625,57.61895751953125,-1,-1,-1,-1
94,1,902.606201171875,561.9771728515625,26.88568115234375,56.920654296875,-1,-1,-1,-1
95,1,859.14501953125,587.0479125976562,25.14208984375,61.7313232421875,-1,-1,-1,-1
96,1,796.6567993164062,623.4813842773438,29.623046875,63.076904296875,-1,-1,-1,-1
97,1,728.3328857421875,596.3052978515625,25.83154296875,64.360107421875,-1,-1,-1,-1
98,1,676.1928100585938,533.3853149414062,25.317138671875,64.82415771484375,-1,-1,-1,-1
1,2,1026.0762939453125,556.1347045898438,139.718505859375,300.08367919921875,-1,-1,-1,-1
2,2,1030.52490234375,546.312744140625,137.8216552734375,306.004150390625,-1,-1,-1,-1
3,2,1034.8056640625,536.7704467773438,132.00048828125,311.84014892578125,-1,-1,-1,-1
4,2,1032.7196044921875,527.4788818359375,129.0894775390625,314.32080078125,-1,-1,-1,-1
5,2,1027.076904296875,524.4647216796875,127.0946044921875,314.53436279296875,-1,-1,-1,-1
6,2,1021.9943237304688,528.094482421875,127.98944091796875,318.48541259765625,-1,-1,-1,-1
7,2,1017.8685302734375,532.98681640625,136.3641357421875,324.9288330078125,-1,-1,-1,-1
8,2,1013.6156616210938,544.786865234375,143.59381103515625,327.50775146484375,-1,-1,-1,-1
9,2,1012.2556762695312,557.3424072265625,141.26934814453125,333.2410888671875,-1,-1,-1,-1
10,2,1020.2210693359375,570.7872924804688,136.1737060546875,335.57281494140625,-1,-1,-1,-1
11,2,1032.5970458984375,573.748291015625,143.107421875,342.7327880859375,-1,-1,-1,-1
12,2,1045.4423828125,568.6563110351562,136.74609375,349.17388916015625,-1,-1,-1,-1
13,2,1054.5982666015625,545.2113037109375,138.2864990234375,347.02178955078125,-1,-1,-1,-1
14,2,1056.4249267578125,531.3846435546875,142.0069580078125,343.3221435546875,-1,-1,-1,-1
15,2,1056.2203369140625,532.3323974609375,142.4776611328125,332.3673095703125,-1,-1,-1,-1
16,2,1051.4317626953125,522.909423828125,158.0682373046875,328.45245361328125,-1,-1,-1,-1
17,2,1045.9329833984375,527.446044921875,163.9854736328125,327.2235107421875,-1,-1,-1,-1
18,2,1047.8868408203125,527.661865234375,177.8184814453125,333.62713623046875,-1,-1,-1,-1
19,2,1055.871826171875,511.2030029296875,179.7691650390625,342.24249267578125,-1,-1,-1,-1
20,2,1063.949462890625,509.0499572753906,169.13330078125,337.9092102050781,-1,-1,-1,-1
21,2,1077.53515625,520.8668212890625,169.4765625,330.000244140625,-1,-1,-1,-1
22,2,1085.841064453125,522.8273315429688,177.9630126953125,322.35015869140625,-1,-1,-1,-1
23,2,1091.76513671875,531.0770874023438,186.6466064453125,324.61376953125,-1,-1,-1,-1
24,2,1095.9625244140625,540.382568359375,185.511962890625,330.03997802734375,-1,-1,-1,-1
25,2,1096.74609375,542.4271850585938,191.9803466796875,337.8165283203125,-1,-1,-1,-1
26,2,1099.53466796875,532.64501953125,195.36962890625,341.386962890625,-1,-1,-1,-1
27,2,1106.536376953125,517.1780395507812,190.150146484375,346.8057861328125,-1,-1,-1,-1
28,2,1115.308349609375,497.46600341796875,198.560546875,356.90423583984375,-1,-1,-1,-1
29,2,1130.236083984375,484.56744384765625,188.4815673828125,364.6832275390625,-1,-1,-1,-1
30,2,1153.5751953125,468.4027404785156,167.9326171875,380.1094665527344,-1,-1,-1,-1
31,2,1158.72607421875,456.21209716796875,163.20654296875,387.7117919921875,-1,-1,-1,-1
32,2,1156.9183349609375,449.1001892089844,170.58154296875,397.1453552246094,-1,-1,-1,-1
33,2,1160.703125,451.4621276855469,178.858154296875,402.1999816894531,-1,-1,-1,-1
34,2,1175.1217041015625,455.90496826171875,183.8570556640625,406.0013427734375,-1,-1,-1,-1
35,2,1194.815185546875,459.9213562011719,186.067138671875,414.8375549316406,-1,-1,-1,-1
36,2,1208.9801025390625,465.8216552734375,190.4810791015625,424.925537109375,-1,-1,-1,-1
37,2,1214.9447021484375,474.11785888671875,192.7626953125,426.813232421875,-1,-1,-1,-1
38,2,1215.448974609375,469.5076599121094,193.7911376953125,428.5080261230469,-1,-1,-1,-1
39,2,1210.856201171875,460.3079833984375,201.51611328125,432.8961181640625,-1,-1,-1,-1
40,2,1211.5120849609375,453.68731689453125,204.5380859375,436.23187255859375,-1,-1,-1,-1
41,2,1221.4691162109375,479.5396423339844,207.291259765625,444.0306091308594,-1,-1,-1,-1
42,2,1225.9288330078125,482.3748779296875,189.7698974609375,443.8939208984375,-1,-1,-1,-1
43,2,1230.5943603515625,485.35699462890625,182.660400390625,443.52374267578125,-1,-1,-1,-1
44,2,1236.345458984375,483.7562561035156,175.893798828125,447.5292663574219,-1,-1,-1,-1
45,2,1248.6590576171875,472.23199462890625,165.3780517578125,455.75445556640625,-1,-1,-1,-1
46,2,1259.5045166015625,459.9976501464844,153.084716796875,455.1193542480469,-1,-1,-1,-1
47,2,1265.9530029296875,454.8851318359375,145.3768310546875,445.91644287109375,-1,-1,-1,-1
48,2,1274.5291748046875,452.0281982421875,143.9293212890625,438.94293212890625,-1,-1,-1,-1
49,2,1296.6864013671875,461.6902160644531,166.4508056640625,438.5390319824219,-1,-1,-1,-1
50,2,1309.1485595703125,445.8004150390625,180.361083984375,468.42352294921875,-1,-1,-1,-1
51,2,1301.466552734375,469.11810302734375,214.942138671875,450.74114990234375,-1,-1,-1,-1
52,2,1273.25439453125,443.2864074707031,242.2554931640625,470.0011901855469,-1,-1,-1,-1
53,2,1272.5689697265625,451.00921630859375,249.391357421875,454.9736328125,-1,-1,-1,-1
54,2,1283.0909423828125,494.1211242675781,252.7890625,416.5121765136719,-1,-1,-1,-1
55,2,1293.095458984375,509.3282775878906,232.78515625,389.3458557128906,-1,-1,-1,-1
56,2,1295.6236572265625,515.5993041992188,227.7188720703125,400.5234375,-1,-1,-1,-1
57,2,1293.0894775390625,538.8173828125,232.7940673828125,405.75518798828125,-1,-1,-1,-1
1,3,325.0158996582031,533.592529296875,129.79324340820312,278.36688232421875,-1,-1,-1,-1
2,3,314.2723388671875,529.498779296875,134.01864624023438,281.8377685546875,-1,-1,-1,-1
3,3,306.3321533203125,530.645751953125,139.03878784179688,286.0274658203125,-1,-1,-1,-1
4,3,295.20806884765625,532.7020263671875,144.73260498046875,290.534912109375,-1,-1,-1,-1
5,3,279.451904296875,537.6168212890625,151.61434936523438,295.7579345703125,-1,-1,-1,-1
6,3,269.294189453125,542.2276000976562,149.79388427734375,299.5277099609375,-1,-1,-1,-1
7,3,260.0055236816406,542.6987915039062,156.27633666992188,306.612060546875,-1,-1,-1,-1
8,3,251.4126434326172,547.7392578125,149.6741485595703,315.51715087890625,-1,-1,-1,-1
9,3,241.07083129882812,559.4760131835938,143.86709594726562,319.34051513671875,-1,-1,-1,-1
10,3,236.9921112060547,564.8180541992188,144.4740753173828,326.076416015625,-1,-1,-1,-1
11,3,242.8041229248047,566.5028076171875,143.0572052001953,326.878173828125,-1,-1,-1,-1
12,3,242.92828369140625,563.8023071289062,145.4981689453125,332.956298828125,-1,-1,-1,-1
13,3,235.82534790039062,555.38720703125,148.890625,339.63385009765625,-1,-1,-1,-1
14,3,228.6082763671875,553.2667846679688,152.37799072265625,346.18792724609375,-1,-1,-1,-1
15,3,225.3587646484375,558.65576171875,150.73858642578125,352.99273681640625,-1,-1,-1,-1
16,3,220.85801696777344,556.9981079101562,153.8059539794922,359.41534423828125,-1,-1,-1,-1
17,3,220.3856964111328,547.8758544921875,154.4145050048828,370.910400390625,-1,-1,-1,-1
18,3,218.72169494628906,538.14453125,155.96363830566406,377.12982177734375,-1,-1,-1,-1
19,3,211.19236755371094,518.0467529296875,159.0254669189453,383.79010009765625,-1,-1,-1,-1
20,3,205.26092529296875,512.4063720703125,160.15206909179688,389.04638671875,-1,-1,-1,-1
21,3,205.7250518798828,492.4293212890625,159.9272918701172,399.55694580078125,-1,-1,-1,-1
22,3,199.47247314453125,490.8440856933594,164.19223022460938,402.6125183105469,-1,-1,-1,-1
23,3,197.3924102783203,499.1166687011719,163.47349548339844,406.4928283691406,-1,-1,-1,-1
24,3,188.60150146484375,504.9234313964844,166.28738403320312,414.1800842285156,-1,-1,-1,-1
25,3,178.12298583984375,512.0657348632812,170.24642944335938,418.05523681640625,-1,-1,-1,-1
26,3,165.2069091796875,510.7005920410156,180.12277221679688,424.7579650878906,-1,-1,-1,-1
27,3,153.73013305664062,508.21881103515625,191.68756103515625,428.5452880859375,-1,-1,-1,-1
28,3,142.6546630859375,502.89666748046875,194.90866088867188,431.19671630859375,-1,-1,-1,-1
29,3,127.37696838378906,494.66839599609375,202.18959045410156,433.7584228515625,-1,-1,-1,-1
30,3,109.83049774169922,486.86529541015625,207.26828002929688,437.49786376953125,-1,-1,-1,-1
31,3,88.55341339111328,486.9952697753906,216.65536499023438,439.0288391113281,-1,-1,-1,-1
32,3,76.79519653320312,487.4642333984375,222.38677978515625,436.393798828125,-1,-1,-1,-1
33,3,70.60968780517578,488.60491943359375,228.44601440429688,437.5042724609375,-1,-1,-1,-1
34,3,75.0242691040039,493.81982421875,230.81109619140625,439.08355712890625,-1,-1,-1,-1
35,3,81.06482696533203,506.62066650390625,234.83120727539062,429.07232666015625,-1,-1,-1,-1
36,3,83.16663360595703,515.289794921875,240.6322021484375,428.8690185546875,-1,-1,-1,-1
37,3,72.18671417236328,533.0523071289062,256.20245361328125,430.03729248046875,-1,-1,-1,-1
38,3,57.95854949951172,537.7539672851562,276.4263000488281,434.3770751953125,-1,-1,-1,-1
39,3,40.43029022216797,527.3953247070312,293.55804443359375,442.81353759765625,-1,-1,-1,-1
40,3,29.017837524414062,506.7904357910156,289.2064208984375,456.6505432128906,-1,-1,-1,-1
41,3,28.236114501953125,487.9991149902344,264.9085998535156,464.4850769042969,-1,-1,-1,-1
42,3,14.81088638305664,474.85986328125,252.34042358398438,473.45770263671875,-1,-1,-1,-1
43,3,4.749883651733398,469.4397277832031,254.98605346679688,497.9131774902344,-1,-1,-1,-1
44,3,-0.5727758407592773,483.8761291503906,257.79736328125,523.4610595703125,-1,-1,-1,-1
45,3,-2.478947639465332,497.3055114746094,267.157470703125,525.210693359375,-1,-1,-1,-1
46,3,-4.82069206237793,511.8214111328125,273.04888916015625,507.00738525390625,-1,-1,-1,-1
47,3,-2.0998029708862305,514.3410034179688,266.97369384765625,495.37347412109375,-1,-1,-1,-1
48,3,-2.550313949584961,516.134033203125,272.1424865722656,493.0108642578125,-1,-1,-1,-1
49,3,-3.444695472717285,503.69891357421875,290.406494140625,501.61505126953125,-1,-1,-1,-1
50,3,12.678415298461914,480.7228088378906,301.2511291503906,507.4766540527344,-1,-1,-1,-1
51,3,31.446569442749023,476.8896484375,302.67828369140625,520.4794311523438,-1,-1,-1,-1
52,3,23.528728485107422,499.4680480957031,313.3158874511719,542.46923828125,-1,-1,-1,-1
53,3,30.88501739501953,498.22412109375,322.966064453125,565.8148193359375,-1,-1,-1,-1
54,3,68.40309143066406,493.6394958496094,329.09625244140625,578.41064453125,-1,-1,-1,-1
55,3,73.93583679199219,478.5557861328125,339.58807373046875,588.5899658203125,-1,-1,-1,-1
56,3,35.99811935424805,461.95367431640625,345.85821533203125,601.4979858398438,-1,-1,-1,-1
57,3,18.203163146972656,499.76348876953125,338.0412902832031,593.2300415039062,-1,-1,-1,-1
58,3,32.56534194946289,509.86993408203125,337.0450439453125,588.1848754882812,-1,-1,-1,-1
59,3,100.32293701171875,488.014404296875,342.4095458984375,581.355712890625,-1,-1,-1,-1
60,3,120.83201599121094,534.1738891601562,377.07952880859375,570.2753295898438,-1,-1,-1,-1
61,3,134.78158569335938,582.4430541992188,372.5763244628906,571.4539184570312,-1,-1,-1,-1
62,3,119.0479736328125,577.933837890625,380.831787109375,585.9837646484375,-1,-1,-1,-1
63,3,71.20800018310547,575.1257934570312,403.9584655761719,602.3898315429688,-1,-1,-1,-1
64,3,36.52617645263672,609.1805419921875,399.3409118652344,610.50244140625,-1,-1,-1,-1
65,3,14.263832092285156,581.8434448242188,406.544189453125,631.4332885742188,-1,-1,-1,-1
66,3,59.82736587524414,555.3509521484375,415.76580810546875,625.73583984375,-1,-1,-1,-1
67,3,143.81744384765625,521.8805541992188,420.09454345703125,616.0134887695312,-1,-1,-1,-1
68,3,197.0949249267578,527.3017578125,409.46441650390625,620.22216796875,-1,-1,-1,-1
69,3,245.43594360351562,506.73236083984375,394.9051818847656,634.8152465820312,-1,-1,-1,-1
70,3,259.6025390625,487.6878662109375,406.37432861328125,635.0599365234375,-1,-1,-1,-1
71,3,287.7578125,494.3768310546875,389.74163818359375,614.9383544921875,-1,-1,-1,-1
72,3,325.83551025390625,510.5647277832031,359.89825439453125,592.001220703125,-1,-1,-1,-1
73,3,364.7804870605469,516.166259765625,357.4003601074219,587.917724609375,-1,-1,-1,-1
74,3,383.97601318359375,510.2417907714844,367.02227783203125,607.9342041015625,-1,-1,-1,-1
75,3,380.4533386230469,477.3253479003906,397.9319763183594,644.1776123046875,-1,-1,-1,-1
76,3,367.7565002441406,462.8929138183594,483.9780578613281,692.436767578125,-1,-1,-1,-1
77,3,352.75579833984375,445.756103515625,494.43731689453125,735.017578125,-1,-1,-1,-1
78,3,387.2429504394531,459.3666687011719,482.0893249511719,722.3482666015625,-1,-1,-1,-1
79,3,449.23748779296875,481.7180480957031,447.17767333984375,708.927001953125,-1,-1,-1,-1
80,3,418.67462158203125,449.7784729003906,476.9827880859375,697.892578125,-1,-1,-1,-1
81,3,401.3984375,407.7625732421875,466.1839599609375,674.064208984375,-1,-1,-1,-1
82,3,401.15692138671875,396.6280822753906,439.57025146484375,654.13134765625,-1,-1,-1,-1
83,3,427.67547607421875,401.0111999511719,406.3597412109375,641.462890625,-1,-1,-1,-1
84,3,426.9125061035156,455.9465026855469,391.8388366699219,616.873046875,-1,-1,-1,-1
85,3,437.9881591796875,458.4023132324219,374.9210205078125,601.0743408203125,-1,-1,-1,-1
86,3,486.9248962402344,475.1365661621094,388.5418395996094,582.5870361328125,-1,-1,-1,-1
87,3,524.3324584960938,473.170654296875,374.9080810546875,570.00048828125,-1,-1,-1,-1
88,3,541.083251953125,464.0409851074219,346.43707275390625,575.098388671875,-1,-1,-1,-1
89,3,540.364990234375,493.7364196777344,324.70147705078125,581.107666015625,-1,-1,-1,-1
90,3,520.4555053710938,500.8973388671875,341.0081787109375,570.9781494140625,-1,-1,-1,-1
91,3,485.4656066894531,533.549560546875,407.4607238769531,550.47412109375,-1,-1,-1,-1
92,3,428.72344970703125,541.7568969726562,545.3060302734375,567.4910278320312,-1,-1,-1,-1
93,3,364.363037109375,531.467041015625,627.9891967773438,610.8175048828125,-1,-1,-1,-1
94,3,284.68658447265625,473.3326416015625,641.6621704101562,718.584716796875,-1,-1,-1,-1
95,3,112.57666778564453,371.26483154296875,737.1023559570312,916.2243041992188,-1,-1,-1,-1
96,3,-11.131538391113281,125.30125427246094,825.554443359375,1301.6077880859375,-1,-1,-1,-1
97,3,-9.761133193969727,203.489990234375,719.2858276367188,1221.7259521484375,-1,-1,-1,-1
98,3,-60.70868682861328,339.1307373046875,574.7356567382812,865.282958984375,-1,-1,-1,-1
14,4,252.03799438476562,575.80712890625,124.57211303710938,270.6060791015625,-1,-1,-1,-1
15,4,248.42430114746094,577.2744140625,121.73460388183594,275.15234375,-1,-1,-1,-1
16,4,225.0030975341797,561.5166625976562,146.8517608642578,301.87347412109375,-1,-1,-1,-1
65,5,78.78303527832031,589.02001953125,330.2708740234375,394.25909423828125,-1,-1,-1,-1
66,5,134.67298889160156,561.5761108398438,332.7652587890625,409.6024169921875,-1,-1,-1,-1
67,5,243.55343627929688,527.6544799804688,291.8503723144531,419.31854248046875,-1,-1,-1,-1
68,5,289.1241149902344,532.82763671875,312.8810119628906,423.62872314453125,-1,-1,-1,-1
69,5,296.1039733886719,517.8048095703125,337.9344787597656,426.12371826171875,-1,-1,-1,-1
70,5,302.5482482910156,493.84503173828125,353.4716491699219,418.99041748046875,-1,-1,-1,-1
71,5,305.0964660644531,507.0712890625,364.0278625488281,418.59185791015625,-1,-1,-1,-1
72,5,354.9542236328125,515.4072265625,328.28375244140625,406.37896728515625,-1,-1,-1,-1
73,5,385.52691650390625,526.0859985351562,329.7906494140625,408.8902587890625,-1,-1,-1,-1
74,5,408.8724365234375,520.27099609375,333.15277099609375,421.01629638671875,-1,-1,-1,-1
75,5,405.6922607421875,491.5859375,365.48980712890625,463.1947021484375,-1,-1,-1,-1
76,5,394.40106201171875,479.07666015625,439.942138671875,510.55517578125,-1,-1,-1,-1
77,5,368.5833740234375,467.009033203125,468.5281982421875,602.9473876953125,-1,-1,-1,-1
99,6,1212.3961181640625,339.5314025878906,210.1441650390625,451.9094543457031,-1,-1,-1,-1
100,6,1013.9698486328125,224.0085906982422,231.058349609375,472.7664794921875,-1,-1,-1,-1
101,6,814.647705078125,209.76052856445312,208.73004150390625,455.5072937011719,-1,-1,-1,-1
102,6,647.359375,225.12550354003906,185.328369140625,455.2647705078125,-1,-1,-1,-1
103,6,520.5437622070312,262.03131103515625,196.18939208984375,457.60162353515625,-1,-1,-1,-1
104,6,407.9373779296875,308.3132629394531,219.10504150390625,473.1506652832031,-1,-1,-1,-1
105,6,332.450927734375,357.2605895996094,250.795166015625,485.4275207519531,-1,-1,-1,-1
106,6,280.72283935546875,380.2610168457031,276.41497802734375,495.1397399902344,-1,-1,-1,-1
107,6,263.5827331542969,423.5915832519531,279.9349670410156,491.2746276855469,-1,-1,-1,-1
108,6,277.8419189453125,449.1474914550781,279.822509765625,482.4265441894531,-1,-1,-1,-1
109,6,315.29473876953125,459.5668640136719,277.78106689453125,467.5955505371094,-1,-1,-1,-1
110,6,360.36676025390625,507.0099792480469,273.87884521484375,454.8213195800781,-1,-1,-1,-1
111,6,364.1583557128906,515.7031860351562,288.8145446777344,459.5047607421875,-1,-1,-1,-1
112,6,369.09283447265625,516.0630493164062,300.22845458984375,453.71441650390625,-1,-1,-1,-1
113,6,397.9188232421875,486.16387939453125,319.6636962890625,443.35150146484375,-1,-1,-1,-1
114,6,412.8358154296875,528.3488159179688,348.91326904296875,428.8160400390625,-1,-1,-1,-1
115,6,375.2422790527344,510.5111083984375,425.1991882324219,438.84332275390625,-1,-1,-1,-1
116,6,390.5792236328125,515.6016235351562,419.8004150390625,417.84893798828125,-1,-1,-1,-1
117,6,392.75909423828125,476.5788879394531,404.01171875,422.4808654785156,-1,-1,-1,-1
118,6,393.3623046875,475.86724853515625,373.89013671875,412.39239501953125,-1,-1,-1,-1
119,6,415.3255920410156,448.1492614746094,342.0603942871094,495.8915100097656,-1,-1,-1,-1
120,6,464.7848815917969,440.8134460449219,344.0636901855469,547.413818359375,-1,-1,-1,-1
121,6,502.703369140625,456.4300231933594,329.5244140625,548.4080810546875,-1,-1,-1,-1
122,6,536.7811889648438,472.99066162109375,288.14666748046875,541.2973022460938,-1,-1,-1,-1
123,6,568.748291015625,492.07745361328125,253.93603515625,525.1854858398438,-1,-1,-1,-1
124,6,604.8142700195312,490.38214111328125,276.53399658203125,518.8809204101562,-1,-1,-1,-1
125,6,636.4324340820312,471.56866455078125,299.2724609375,522.4912109375,-1,-1,-1,-1
126,6,660.88330078125,471.47674560546875,335.899658203125,516.3655395507812,-1,-1,-1,-1
127,6,756.3281860351562,528.5222778320312,374.19720458984375,509.88934326171875,-1,-1,-1,-1
128,6,357.299072265625,353.3291931152344,1056.0269775390625,639.144775390625,-1,-1,-1,-1
129,6,294.884521484375,198.19711303710938,1143.9085693359375,1179.38671875,-1,-1,-1,-1
130,6,297.51727294921875,259.43707275390625,1140.13916015625,1151.68408203125,-1,-1,-1,-1
131,6,317.5404052734375,228.26344299316406,1107.3719482421875,1178.551025390625,-1,-1,-1,-1
132,6,325.0426025390625,264.34527587890625,1094.0626220703125,1130.670166015625,-1,-1,-1,-1
133,6,334.0054931640625,59.46767044067383,1089.4423828125,1341.6605224609375,-1,-1,-1,-1
103,7,1236.14013671875,441.43463134765625,212.3572998046875,356.658203125,-1,-1,-1,-1
104,7,1127.657958984375,428.783447265625,202.386474609375,369.1204833984375,-1,-1,-1,-1
105,7,1068.471435546875,430.45501708984375,191.9385986328125,381.04443359375,-1,-1,-1,-1
106,7,1033.8677978515625,425.03765869140625,196.418212890625,387.28564453125,-1,-1,-1,-1
107,7,1028.508544921875,433.4632263183594,204.7333984375,393.8738098144531,-1,-1,-1,-1
108,7,1054.6866455078125,476.349365234375,226.7789306640625,400.524658203125,-1,-1,-1,-1
109,7,1108.5,503.35791015625,251.2454833984375,405.81646728515625,-1,-1,-1,-1
110,7,1175.24609375,477.3940734863281,238.6778564453125,427.6814880371094,-1,-1,-1,-1
111,7,1234.816650390625,444.3598327636719,187.01123046875,472.0254211425781,-1,-1,-1,-1
112,7,1264.0264892578125,465.9850769042969,253.3349609375,464.2923889160156,-1,-1,-1,-1
113,7,1259.2471923828125,438.57879638671875,300.468994140625,500.7305908203125,-1,-1,-1,-1
125,8,26.02235221862793,438.9602355957031,550.8251953125,971.60107421875,-1,-1,-1,-1
126,8,-3.671802520751953,586.2110595703125,644.4966430664062,825.0274658203125,-1,-1,-1,-1
127,8,15.36475944519043,629.5016479492188,662.1522827148438,784.0720825195312,-1,-1,-1,-1
128,8,76.29862213134766,269.8946533203125,891.0977783203125,1068.4425048828125,-1,-1,-1,-1
129,8,-21.408580780029297,192.1760711669922,1362.9251708984375,1234.1319580078125,-1,-1,-1,-1
130,8,9.169853210449219,280.7299499511719,1402.241455078125,1108.2474365234375,-1,-1,-1,-1
131,8,33.23419952392578,217.52566528320312,1400.450927734375,1191.0213623046875,-1,-1,-1,-1
132,8,150.89967346191406,253.24456787109375,1282.0770263671875,1158.156494140625,-1,-1,-1,-1
132,9,264.005615234375,230.98077392578125,354.0621337890625,691.4605102539062,-1,-1,-1,-1
133,9,419.35968017578125,175.7748260498047,359.764892578125,692.3651123046875,-1,-1,-1,-1
134,9,553.9009399414062,215.84231567382812,385.09527587890625,709.12109375,-1,-1,-1,-1
135,9,649.8931884765625,308.366455078125,425.538330078125,727.0208740234375,-1,-1,-1,-1
136,9,726.3821411132812,365.404052734375,475.23052978515625,761.74951171875,-1,-1,-1,-1
137,9,829.6172485351562,376.5583801269531,543.8567504882812,821.3079833984375,-1,-1,-1,-1
138,9,947.9274291992188,325.77337646484375,529.6362915039062,796.0310668945312,-1,-1,-1,-1
139,9,732.3247680664062,443.6997375488281,791.6974487304688,909.89453125,-1,-1,-1,-1
140,9,638.224853515625,401.0332336425781,950.9825439453125,1044.99169921875,-1,-1,-1,-1
141,9,685.9085693359375,451.6605224609375,816.457763671875,981.5328369140625,-1,-1,-1,-1
143,9,780.7581176757812,520.9072875976562,636.2667846679688,906.8727416992188,-1,-1,-1,-1
144,9,479.8365478515625,501.1497802734375,1012.7113037109375,954.8223876953125,-1,-1,-1,-1
145,9,408.3775634765625,521.6925048828125,1011.9130859375,893.4522705078125,-1,-1,-1,-1
146,9,349.947998046875,385.6736145019531,1097.7669677734375,1049.455078125,-1,-1,-1,-1
147,9,579.0205078125,417.191162109375,797.2664794921875,1005.7813720703125,-1,-1,-1,-1
148,9,704.0796508789062,594.8209228515625,720.6121215820312,817.95068359375,-1,-1,-1,-1
149,9,674.8695678710938,691.2337036132812,529.1544799804688,725.7161254882812,-1,-1,-1,-1
138,10,-17.24854278564453,276.7384338378906,191.76483154296875,475.3945617675781,-1,-1,-1,-1
139,10,74.82999420166016,221.39573669433594,283.8620910644531,493.98583984375,-1,-1,-1,-1
140,10,205.7427520751953,193.76966857910156,304.08306884765625,505.9644775390625,-1,-1,-1,-1
141,10,347.1723937988281,209.59779357910156,276.0894470214844,512.952392578125,-1,-1,-1,-1
142,10,462.16436767578125,276.4046325683594,237.70672607421875,503.6793518066406,-1,-1,-1,-1
143,10,534.572998046875,317.28643798828125,204.0689697265625,500.5126953125,-1,-1,-1,-1
144,10,578.0755615234375,337.6803894042969,201.8477783203125,506.5011291503906,-1,-1,-1,-1
145,10,590.5650024414062,334.42218017578125,261.47637939453125,524.9686889648438,-1,-1,-1,-1
146,10,588.3508911132812,338.8053283691406,299.1785888671875,542.650634765625,-1,-1,-1,-1
147,10,608.958740234375,381.62481689453125,331.69635009765625,554.1333618164062,-1,-1,-1,-1
148,10,588.0716552734375,363.7579650878906,382.828369140625,579.1328125,-1,-1,-1,-1
149,10,580.5303955078125,394.927001953125,406.36456298828125,588.7450561523438,-1,-1,-1,-1
150,10,602.4497680664062,427.23858642578125,409.49444580078125,560.8197021484375,-1,-1,-1,-1
151,10,597.1198120117188,444.794677734375,386.37579345703125,574.037109375,-1,-1,-1,-1
152,10,598.4133911132812,464.98919677734375,352.48541259765625,588.6265258789062,-1,-1,-1,-1
153,10,623.6497802734375,461.9137268066406,308.31951904296875,594.534912109375,-1,-1,-1,-1
154,10,647.0611572265625,448.6487731933594,281.23248291015625,614.2518310546875,-1,-1,-1,-1
155,10,670.2833251953125,468.6544494628906,280.6895751953125,637.5860595703125,-1,-1,-1,-1
156,10,692.3173217773438,484.67547607421875,299.54742431640625,663.1192016601562,-1,-1,-1,-1
157,10,709.4723510742188,486.5265197753906,302.8331298828125,683.6649169921875,-1,-1,-1,-1
158,10,692.9989624023438,512.2033386230469,314.64990234375,685.81201171875,-1,-1,-1,-1
159,10,677.491943359375,516.0086059570312,337.2838134765625,656.8535766601562,-1,-1,-1,-1
160,10,700.5700073242188,496.49969482421875,343.93035888671875,614.2385864257812,-1,-1,-1,-1
161,10,770.7762451171875,487.6818542480469,356.4464111328125,586.282470703125,-1,-1,-1,-1
162,10,900.493896484375,502.3837890625,371.2625732421875,582.5498046875,-1,-1,-1,-1
163,10,1074.382568359375,541.93310546875,357.4935302734375,602.4259033203125,-1,-1,-1,-1
164,10,1261.28857421875,599.4681396484375,215.11376953125,523.4237060546875,-1,-1,-1,-1
172,11,-39.91223907470703,431.833984375,232.51199340820312,549.1758422851562,-1,-1,-1,-1
173,11,10.96092414855957,449.78826904296875,358.8912658691406,498.94183349609375,-1,-1,-1,-1
174,11,74.96891784667969,485.301025390625,377.79656982421875,474.50555419921875,-1,-1,-1,-1
175,11,119.1097640991211,478.09930419921875,385.8102722167969,461.707763671875,-1,-1,-1,-1
176,11,197.7550048828125,477.4970703125,386.00738525390625,465.47576904296875,-1,-1,-1,-1
177,11,313.9876403808594,503.22637939453125,342.0341491699219,445.9229736328125,-1,-1,-1,-1
178,11,391.97845458984375,536.8577270507812,316.49700927734375,445.2193603515625,-1,-1,-1,-1
179,11,442.0559997558594,532.1719360351562,287.8106994628906,466.8782958984375,-1,-1,-1,-1
180,11,466.0588073730469,492.9429931640625,297.0345153808594,478.65240478515625,-1,-1,-1,-1
181,11,482.23883056640625,505.318603515625,326.85150146484375,477.29046630859375,-1,-1,-1,-1
182,11,458.1081848144531,530.3345336914062,359.6569519042969,477.63067626953125,-1,-1,-1,-1
183,11,418.9288635253906,525.9149780273438,421.3108825683594,530.6978149414062,-1,-1,-1,-1
184,11,422.5141296386719,564.2822875976562,465.1421203613281,581.3593139648438,-1,-1,-1,-1
185,11,398.2716369628906,499.983154296875,464.3697814941406,651.4417724609375,-1,-1,-1,-1
186,11,358.25750732421875,387.1836853027344,460.6561279296875,710.748046875,-1,-1,-1,-1
187,11,278.5231018066406,309.0782165527344,518.6435546875,781.8560791015625,-1,-1,-1,-1
188,11,256.908203125,254.01846313476562,578.8555908203125,854.6436767578125,-1,-1,-1,-1
189,11,316.88323974609375,257.104248046875,552.85595703125,860.7891845703125,-1,-1,-1,-1
190,11,388.38720703125,309.89398193359375,527.86083984375,841.8267211914062,-1,-1,-1,-1
191,11,517.3953857421875,301.73773193359375,478.8531494140625,837.2689819335938,-1,-1,-1,-1
192,11,587.767822265625,296.07196044921875,515.4166259765625,818.8931274414062,-1,-1,-1,-1
193,11,564.9385986328125,311.87188720703125,613.2069091796875,809.7716674804688,-1,-1,-1,-1
194,11,544.60009765625,325.6578063964844,654.6436767578125,907.9500732421875,-1,-1,-1,-1
195,11,620.3048706054688,387.9052734375,725.3005981445312,1009.234619140625,-1,-1,-1,-1
196,11,789.7799682617188,371.5718078613281,636.4000854492188,1041.647216796875,-1,-1,-1,-1
197,11,1004.584228515625,381.4491271972656,521.3504638671875,958.06591796875,-1,-1,-1,-1
173,12,-79.65708923339844,569.4163818359375,276.01739501953125,465.09619140625,-1,-1,-1,-1
174,12,-137.70050048828125,525.1279296875,476.5417785644531,621.26318359375,-1,-1,-1,-1
175,12,-41.60810852050781,529.4312133789062,442.04266357421875,721.2775268554688,-1,-1,-1,-1
176,12,24.24271583557129,500.8851013183594,456.1443176269531,726.042724609375,-1,-1,-1,-1
177,12,110.15617370605469,492.8326416015625,443.8250732421875,716.4261474609375,-1,-1,-1,-1
178,12,160.55596923828125,515.79296875,440.27899169921875,738.3026123046875,-1,-1,-1,-1
179,12,156.13650512695312,489.4943542480469,458.5390319824219,723.85302734375,-1,-1,-1,-1
180,12,170.66212463378906,438.5543212890625,470.15155029296875,725.90869140625,-1,-1,-1,-1
181,12,93.67438507080078,446.92431640625,556.9498291015625,739.5643310546875,-1,-1,-1,-1
182,12,-4.398515701293945,476.6010437011719,675.8297119140625,792.3541259765625,-1,-1,-1,-1
183,12,-24.300662994384766,439.4095764160156,738.4056396484375,979.96875,-1,-1,-1,-1
184,12,10.848445892333984,481.6289367675781,689.7427978515625,908.983154296875,-1,-1,-1,-1
185,12,3.8901309967041016,614.90087890625,656.00732421875,779.4329833984375,-1,-1,-1,-1
186,12,2.213468551635742,764.5703125,523.2476196289062,602.117919921875,-1,-1,-1,-1
187,12,-147.4048614501953,909.8450927734375,534.2215576171875,500.9278564453125,-1,-1,-1,-1
186,13,975.542724609375,625.0262451171875,43.47528076171875,73.662109375,-1,-1,-1,-1
187,13,926.4417114257812,581.6468505859375,45.93792724609375,70.42095947265625,-1,-1,-1,-1
188,13,925.8009033203125,570.8517456054688,46.9605712890625,71.28253173828125,-1,-1,-1,-1
189,13,930.7662963867188,554.5272827148438,45.567138671875,72.391357421875,-1,-1,-1,-1
190,13,919.8992919921875,554.1278076171875,44.5872802734375,80.52642822265625,-1,-1,-1,-1
191,13,913.1339111328125,539.9197998046875,40.023681640625,73.30596923828125,-1,-1,-1,-1
192,13,921.154296875,513.6569213867188,46.7003173828125,82.3895263671875,-1,-1,-1,-1
193,13,948.0388793945312,527.37255859375,42.9974365234375,79.3291015625,-1,-1,-1,-1
194,13,990.0781860351562,598.909912109375,108.21563720703125,83.75335693359375,-1,-1,-1,-1
186,14,1054.311767578125,639.8684692382812,39.02392578125,73.84405517578125,-1,-1,-1,-1
187,14,1004.5826416015625,594.4381103515625,45.7952880859375,72.71954345703125,-1,-1,-1,-1
188,14,1004.8243408203125,586.6968383789062,40.5360107421875,70.760009765625,-1,-1,-1,-1
189,14,1010.3717651367188,563.6436157226562,38.42523193359375,77.021240234375,-1,-1,-1,-1
190,14,1002.4375610351562,565.82373046875,35.36981201171875,75.19989013671875,-1,-1,-1,-1
191,14,996.1813354492188,541.4286499023438,33.36737060546875,75.1590576171875,-1,-1,-1,-1
192,14,1011.1788330078125,521.090087890625,35.2420654296875,76.6068115234375,-1,-1,-1,-1
193,14,1032.114013671875,527.28076171875,36.6708984375,82.70611572265625,-1,-1,-1,-1
194,14,1064.380615234375,591.0943603515625,37.6510009765625,74.67498779296875,-1,-1,-1,-1
195,14,880.4186401367188,668.2420043945312,40.55224609375,79.10626220703125,-1,-1,-1,-1
200,15,-43.16888427734375,497.1517639160156,297.0351257324219,466.2851257324219,-1,-1,-1,-1
201,15,126.69590759277344,534.4512329101562,348.17340087890625,340.97723388671875,-1,-1,-1,-1
202,15,371.8749084472656,519.8743286132812,287.3151550292969,317.34552001953125,-1,-1,-1,-1
203,15,559.908447265625,507.01922607421875,224.9403076171875,319.62542724609375,-1,-1,-1,-1
204,15,678.8819580078125,509.69317626953125,207.41851806640625,319.795166015625,-1,-1,-1,-1
205,15,770.1676635742188,510.3291015625,194.38031005859375,344.6163330078125,-1,-1,-1,-1
206,15,788.83984375,527.5076904296875,198.96624755859375,339.14691162109375,-1,-1,-1,-1
207,15,789.2015380859375,492.84674072265625,200.866455078125,337.36419677734375,-1,-1,-1,-1
208,15,800.6350708007812,459.8264465332031,201.43865966796875,345.8733215332031,-1,-1,-1,-1
209,15,829.5872192382812,465.1507568359375,209.39959716796875,373.97650146484375,-1,-1,-1,-1
210,15,873.5413818359375,484.95501708984375,222.0853271484375,396.94207763671875,-1,-1,-1,-1
211,15,933.0048828125,500.7513122558594,231.21728515625,430.3810119628906,-1,-1,-1,-1
212,15,993.8388671875,509.39654541015625,257.3621826171875,459.1785888671875,-1,-1,-1,-1
213,15,1062.50244140625,530.9484252929688,289.616943359375,501.24237060546875,-1,-1,-1,-1
214,15,1190.9327392578125,491.8209533691406,274.30908203125,400.2909851074219,-1,-1,-1,-1
215,15,1227.31005859375,380.958984375,184.1365966796875,438.89324951171875,-1,-1,-1,-1
216,15,1230.335693359375,302.0856628417969,298.4500732421875,440.2095642089844,-1,-1,-1,-1
217,15,1236.481689453125,235.95526123046875,344.8248291015625,540.5890502929688,-1,-1,-1,-1
218,15,1222.2850341796875,240.75830078125,374.39404296875,594.6451416015625,-1,-1,-1,-1
219,15,1235.630859375,252.71987915039062,347.68359375,590.8660888671875,-1,-1,-1,-1
223,15,1286.0009765625,270.3648681640625,246.8856201171875,485.2255859375,-1,-1,-1,-1
202,16,-85.85645294189453,589.4529418945312,175.29437255859375,297.31231689453125,-1,-1,-1,-1
203,16,85.86976623535156,530.7620849609375,169.90579223632812,285.9527587890625,-1,-1,-1,-1
204,16,226.75357055664062,503.6484069824219,146.08624267578125,270.5605163574219,-1,-1,-1,-1
205,16,321.1737976074219,517.5148315429688,136.79232788085938,259.9833984375,-1,-1,-1,-1
206,16,337.696533203125,524.96728515625,136.04498291015625,256.55224609375,-1,-1,-1,-1
207,16,319.5166931152344,524.6177368164062,148.65631103515625,257.068359375,-1,-1,-1,-1
208,16,319.6949462890625,496.80718994140625,153.007080078125,257.78961181640625,-1,-1,-1,-1
209,16,347.35687255859375,475.0562744140625,151.98187255859375,263.37994384765625,-1,-1,-1,-1
210,16,397.4861145019531,454.6893310546875,151.16989135742188,272.2906494140625,-1,-1,-1,-1
211,16,458.84893798828125,438.6753234863281,149.12445068359375,274.2377014160156,-1,-1,-1,-1
212,16,512.0894775390625,425.16693115234375,148.0015869140625,278.70233154296875,-1,-1,-1,-1
213,16,566.4564819335938,423.29461669921875,153.40545654296875,283.5869140625,-1,-1,-1,-1
214,16,625.8648681640625,392.474853515625,160.37255859375,294.53558349609375,-1,-1,-1,-1
215,16,599.4733276367188,280.5255126953125,182.07806396484375,323.5250244140625,-1,-1,-1,-1
216,16,576.1270751953125,159.72549438476562,207.83099365234375,358.7040100097656,-1,-1,-1,-1
217,16,572.7077026367188,169.966064453125,238.01678466796875,370.66021728515625,-1,-1,-1,-1
218,16,550.7952270507812,179.5484161376953,270.08978271484375,384.6884765625,-1,-1,-1,-1
219,16,532.1162719726562,162.4124298095703,307.10858154296875,401.830810546875,-1,-1,-1,-1
220,16,547.0267944335938,120.326171875,305.1488037109375,426.2225341796875,-1,-1,-1,-1
221,16,584.1204833984375,151.60336303710938,256.78814697265625,444.2887268066406,-1,-1,-1,-1
222,16,611.0609741210938,137.3311004638672,263.513671875,471.73468017578125,-1,-1,-1,-1
223,16,625.880126953125,133.03390502929688,284.09539794921875,494.7066345214844,-1,-1,-1,-1
224,16,607.4449462890625,129.94508361816406,311.5908203125,520.1976318359375,-1,-1,-1,-1
225,16,575.1421508789062,116.24844360351562,337.306640625,538.0181884765625,-1,-1,-1,-1
226,16,563.0540771484375,118.49586486816406,347.716552734375,544.570556640625,-1,-1,-1,-1
227,16,554.626953125,122.55554962158203,345.82177734375,553.2279663085938,-1,-1,-1,-1
228,16,548.7468872070312,108.16246795654297,329.400634765625,568.6798706054688,-1,-1,-1,-1
229,16,547.4833374023438,112.43597412109375,299.75360107421875,577.2420654296875,-1,-1,-1,-1
230,16,559.678466796875,109.60704040527344,282.23431396484375,594.4649658203125,-1,-1,-1,-1
231,16,580.1061401367188,139.44151306152344,275.916748046875,609.52001953125,-1,-1,-1,-1
232,16,602.42578125,135.43121337890625,279.3636474609375,635.7372436523438,-1,-1,-1,-1
233,16,617.185302734375,96.43785095214844,297.15472412109375,656.3882446289062,-1,-1,-1,-1
234,16,606.620849609375,81.1937026977539,313.5609130859375,666.7863159179688,-1,-1,-1,-1
235,16,596.3303833007812,57.362327575683594,344.884765625,694.5455322265625,-1,-1,-1,-1
236,16,595.0130004882812,70.08648681640625,370.58294677734375,724.3128051757812,-1,-1,-1,-1
237,16,573.16650390625,72.4974365234375,395.9267578125,757.4470825195312,-1,-1,-1,-1
238,16,561.7965087890625,73.73963165283203,415.84698486328125,788.8636474609375,-1,-1,-1,-1
239,16,562.7459106445312,55.378170013427734,452.73883056640625,817.1156616210938,-1,-1,-1,-1
240,16,559.006591796875,33.66812515258789,467.4190673828125,857.0803833007812,-1,-1,-1,-1
241,16,552.6370239257812,32.956748962402344,474.99493408203125,890.6487426757812,-1,-1,-1,-1
242,16,560.216064453125,45.46208190917969,485.574951171875,923.4017333984375,-1,-1,-1,-1
243,16,581.2401123046875,43.179786682128906,514.259521484375,929.630615234375,-1,-1,-1,-1
244,16,596.34228515625,44.38949966430664,527.8082275390625,928.6800537109375,-1,-1,-1,-1
245,16,587.987548828125,62.17873001098633,559.4332275390625,935.6063232421875,-1,-1,-1,-1
246,16,567.0818481445312,31.504497528076172,595.3800659179688,953.900634765625,-1,-1,-1,-1
247,16,513.693359375,7.8553619384765625,601.002197265625,982.928466796875,-1,-1,-1,-1
248,16,514.0929565429688,6.527400970458984,571.6444702148438,1019.3250732421875,-1,-1,-1,-1
249,16,500.4359436035156,8.5155029296875,516.103271484375,1094.8057861328125,-1,-1,-1,-1
250,16,476.04974365234375,46.89616394042969,476.6591796875,1173.9013671875,-1,-1,-1,-1
251,16,198.44105529785156,35.29262924194336,666.1484985351562,1273.1151123046875,-1,-1,-1,-1
252,16,117.88970947265625,21.177562713623047,676.8358154296875,1399.0897216796875,-1,-1,-1,-1
253,16,105.16458129882812,9.788871765136719,656.777587890625,1404.99609375,-1,-1,-1,-1
254,16,46.39617156982422,21.265724182128906,669.2881469726562,1393.37890625,-1,-1,-1,-1
255,16,51.14004135131836,0.9504013061523438,669.8894653320312,1387.710693359375,-1,-1,-1,-1
256,16,166.28021240234375,10.265472412109375,546.9672241210938,1398.48828125,-1,-1,-1,-1
257,16,109.42236328125,7.389209747314453,604.1151123046875,1398.9637451171875,-1,-1,-1,-1
258,16,85.93396759033203,0.09560012817382812,665.5263061523438,1398.5997314453125,-1,-1,-1,-1
259,16,98.57492065429688,2.1224746704101562,699.34619140625,1401.63623046875,-1,-1,-1,-1
260,16,153.2664337158203,9.14706802368164,722.6323852539062,1400.0418701171875,-1,-1,-1,-1
261,16,232.94862365722656,19.254837036132812,737.3565673828125,1397.7677001953125,-1,-1,-1,-1
262,16,333.75189208984375,16.412899017333984,747.5671997070312,1395.020263671875,-1,-1,-1,-1
263,16,396.30902099609375,15.398643493652344,772.7559204101562,1394.48974609375,-1,-1,-1,-1
264,16,433.6152038574219,10.570575714111328,776.817138671875,1390.8477783203125,-1,-1,-1,-1
265,16,456.19500732421875,8.990467071533203,758.1395874023438,1385.334716796875,-1,-1,-1,-1
266,16,486.33966064453125,16.188488006591797,692.3494262695312,1380.03125,-1,-1,-1,-1
267,16,498.2337951660156,16.252899169921875,654.7705078125,1392.6759033203125,-1,-1,-1,-1
268,16,498.4510192871094,14.500789642333984,628.1768798828125,1393.31591796875,-1,-1,-1,-1
269,16,480.764404296875,14.977432250976562,646.787353515625,1377.16650390625,-1,-1,-1,-1
270,16,460.7747802734375,9.770408630371094,659.6680908203125,1398.8646240234375,-1,-1,-1,-1
271,16,429.4922180175781,16.69479751586914,660.3902587890625,1385.72705078125,-1,-1,-1,-1
272,16,393.7491149902344,21.95217514038086,659.977294921875,1361.8779296875,-1,-1,-1,-1
273,16,354.2919616699219,43.71269989013672,655.2911376953125,1332.494384765625,-1,-1,-1,-1
274,16,329.8907775878906,58.624114990234375,636.5946044921875,1288.9617919921875,-1,-1,-1,-1
275,16,302.14898681640625,60.34034729003906,610.5201416015625,1292.1280517578125,-1,-1,-1,-1
276,16,297.9845275878906,70.06244659423828,587.9031982421875,1306.2215576171875,-1,-1,-1,-1
277,16,308.633056640625,89.93557739257812,564.520263671875,1323.28173828125,-1,-1,-1,-1
278,16,324.7286682128906,125.34564208984375,547.062255859375,1286.77783203125,-1,-1,-1,-1
279,16,324.16229248046875,143.10092163085938,542.865966796875,1270.607421875,-1,-1,-1,-1
280,16,307.1836853027344,129.5570068359375,532.7945556640625,1280.4639892578125,-1,-1,-1,-1
281,16,262.8327331542969,134.62319946289062,545.8529052734375,1278.00048828125,-1,-1,-1,-1
282,16,156.03018188476562,110.72095489501953,602.1710205078125,1305.73779296875,-1,-1,-1,-1
283,16,18.68252182006836,116.87085723876953,692.6580810546875,1296.365966796875,-1,-1,-1,-1
284,16,-68.19359588623047,125.64894104003906,702.548583984375,1309.524658203125,-1,-1,-1,-1
285,16,-108.51880645751953,231.1781005859375,738.233642578125,1200.9991455078125,-1,-1,-1,-1
286,16,-84.31877136230469,380.7560119628906,664.3861694335938,1043.515869140625,-1,-1,-1,-1
287,16,-74.81590270996094,339.9560546875,729.1951904296875,1089.97705078125,-1,-1,-1,-1
288,16,-191.37159729003906,247.85488891601562,870.282958984375,1192.043701171875,-1,-1,-1,-1
289,16,-215.98226928710938,358.057861328125,919.0155029296875,1080.5430908203125,-1,-1,-1,-1
290,16,-172.13624572753906,247.83486938476562,971.170654296875,1173.34912109375,-1,-1,-1,-1
291,16,-210.42080688476562,330.9578857421875,992.3546142578125,1082.138427734375,-1,-1,-1,-1
292,16,-84.64636993408203,430.888427734375,674.5612182617188,840.3399658203125,-1,-1,-1,-1
293,16,-132.83555603027344,428.0198669433594,724.6746826171875,825.8458251953125,-1,-1,-1,-1
294,16,-205.06922912597656,474.27191162109375,755.8087158203125,791.8222045898438,-1,-1,-1,-1
295,16,-194.38343811035156,351.4366455078125,748.0718994140625,1061.6370849609375,-1,-1,-1,-1
296,16,-279.2086486816406,292.259521484375,822.358154296875,1134.7493896484375,-1,-1,-1,-1
297,16,-260.1300354003906,261.5646057128906,762.2113037109375,1172.5157470703125,-1,-1,-1,-1
298,16,-177.19699096679688,286.9288024902344,717.8465576171875,1137.7994384765625,-1,-1,-1,-1
299,16,-205.5994415283203,235.9036102294922,781.7528076171875,1184.242919921875,-1,-1,-1,-1
300,16,-193.4966583251953,136.88262939453125,803.1911010742188,1289.544921875,-1,-1,-1,-1
301,16,-67.09139251708984,197.2358856201172,756.8540649414062,1219.4422607421875,-1,-1,-1,-1
302,16,-7.259609222412109,208.37948608398438,770.8734741210938,1194.89990234375,-1,-1,-1,-1
303,16,196.76663208007812,411.35723876953125,701.4049072265625,999.2719116210938,-1,-1,-1,-1
304,16,284.89276123046875,596.293212890625,826.3286743164062,819.973388671875,-1,-1,-1,-1
286,17,1176.072021484375,309.9161376953125,238.387451171875,352.15625,-1,-1,-1,-1
287,17,1116.1278076171875,279.3043212890625,255.2904052734375,363.52081298828125,-1,-1,-1,-1
288,17,1056.3837890625,238.64047241210938,259.02001953125,362.4004821777344,-1,-1,-1,-1
292,17,766.976806640625,217.02792358398438,435.18505859375,312.6490783691406,-1,-1,-1,-1
293,17,422.75897216796875,174.4744873046875,992.8118286132812,594.1607055664062,-1,-1,-1,-1
294,17,286.497802734375,189.74200439453125,1131.1298828125,950.7537231445312,-1,-1,-1,-1
295,17,38.328094482421875,34.26381301879883,1387.2783203125,1401.9019775390625,-1,-1,-1,-1
296,17,-7.045436859130859,101.48237609863281,1400.853515625,1344.66650390625,-1,-1,-1,-1
297,17,-3.2175254821777344,134.1373748779297,1400.4075927734375,1302.3763427734375,-1,-1,-1,-1
298,17,-7.326454162597656,195.43023681640625,1398.875,1223.136474609375,-1,-1,-1,-1
299,17,4.817882537841797,167.8100128173828,1382.7193603515625,1248.6375732421875,-1,-1,-1,-1
300,17,5.329227447509766,193.55584716796875,1387.4361572265625,1223.41455078125,-1,-1,-1,-1
301,17,14.575565338134766,208.6693115234375,1380.781494140625,1206.414794921875,-1,-1,-1,-1
302,17,191.51458740234375,316.799072265625,1217.952880859375,1083.0711669921875,-1,-1,-1,-1
303,17,750.8886108398438,546.7233276367188,671.7549438476562,820.3518676757812,-1,-1,-1,-1
304,17,724.3842163085938,717.5160522460938,685.7877807617188,691.4476928710938,-1,-1,-1,-1
305,17,791.0828857421875,809.4995727539062,687.454833984375,613.2816772460938,-1,-1,-1,-1
292,18,996.8572387695312,221.3824462890625,155.28338623046875,297.05853271484375,-1,-1,-1,-1
293,18,518.9835205078125,224.97708129882812,876.955078125,452.6553039550781,-1,-1,-1,-1
294,18,375.6174621582031,186.1187744140625,1052.7337646484375,717.3948974609375,-1,-1,-1,-1
295,18,112.12059020996094,118.06210327148438,1321.5023193359375,1243.2388916015625,-1,-1,-1,-1
302,19,778.8673095703125,577.9777221679688,121.782958984375,253.1143798828125,-1,-1,-1,-1
303,19,994.929443359375,606.3275146484375,229.8265380859375,296.63116455078125,-1,-1,-1,-1
304,19,1049.658935546875,682.3381958007812,230.486328125,281.27423095703125,-1,-1,-1,-1
303,20,-2.5658607482910156,354.5346984863281,298.8065490722656,883.9912109375,-1,-1,-1,-1
304,20,-0.7742023468017578,419.1281433105469,371.3341979980469,859.408203125,-1,-1,-1,-1
305,20,26.826128005981445,469.92791748046875,401.7405700683594,833.3529663085938,-1,-1,-1,-1
306,20,81.15950012207031,501.47967529296875,399.4122314453125,818.7970581054688,-1,-1,-1,-1
307,20,135.702880859375,505.0997619628906,379.74725341796875,784.573486328125,-1,-1,-1,-1
308,20,208.34542846679688,499.5490417480469,356.1079406738281,730.3609619140625,-1,-1,-1,-1
309,20,279.96441650390625,521.9852905273438,345.24932861328125,690.5169067382812,-1,-1,-1,-1
310,20,327.8152160644531,548.7584228515625,349.9465026855469,668.0924072265625,-1,-1,-1,-1
311,20,358.20166015625,570.5243530273438,342.48297119140625,652.5153198242188,-1,-1,-1,-1
303,21,509.93731689453125,388.34417724609375,914.1542358398438,1025.911376953125,-1,-1,-1,-1
304,21,692.449951171875,641.0398559570312,717.77490234375,766.5680541992188,-1,-1,-1,-1
305,21,783.3731689453125,717.2845458984375,705.251953125,706.7884521484375,-1,-1,-1,-1
304,22,808.2696533203125,621.473876953125,118.541015625,283.09942626953125,-1,-1,-1,-1
305,22,774.3715209960938,624.2738647460938,188.7412109375,281.68115234375,-1,-1,-1,-1
306,22,798.2623901367188,618.9067993164062,187.78668212890625,277.0535888671875,-1,-1,-1,-1
307,22,817.3153686523438,591.601806640625,189.63616943359375,284.56689453125,-1,-1,-1,-1
308,22,848.0232543945312,579.704833984375,197.68572998046875,279.0670166015625,-1,-1,-1,-1
309,22,889.5474243164062,578.0973510742188,198.71405029296875,282.24005126953125,-1,-1,-1,-1
310,22,916.6497802734375,579.3773193359375,202.670166015625,290.472900390625,-1,-1,-1,-1
311,22,928.3436889648438,590.4907836914062,202.96405029296875,288.5484619140625,-1,-1,-1,-1
