1,1,708.814453125,519.411865234375,70.0810546875,224.281494140625,-1,-1,-1,-1
2,1,773.0639038085938,525.142578125,75.61810302734375,215.4658203125,-1,-1,-1,-1
3,1,849.3356323242188,503.5115051269531,86.17584228515625,229.95285034179688,-1,-1,-1,-1
4,1,917.5127563476562,491.9220275878906,112.43768310546875,235.19558715820312,-1,-1,-1,-1
5,1,965.5010986328125,489.6661682128906,136.9857177734375,241.11972045898438,-1,-1,-1,-1
6,1,1001.7725830078125,496.1761474609375,143.9267578125,246.36334228515625,-1,-1,-1,-1
7,1,1029.1068115234375,502.30810546875,148.879150390625,256.0609130859375,-1,-1,-1,-1
8,1,1048.5987548828125,512.158447265625,147.295166015625,259.4996337890625,-1,-1,-1,-1
9,1,1066.7664794921875,519.7325439453125,150.2977294921875,263.6451416015625,-1,-1,-1,-1
10,1,1093.9298095703125,528.743896484375,146.920654296875,268.707275390625,-1,-1,-1,-1
11,1,1122.86376953125,542.1089477539062,144.1239013671875,272.6639404296875,-1,-1,-1,-1
12,1,1142.9700927734375,560.734130859375,134.6075439453125,277.198974609375,-1,-1,-1,-1
13,1,1155.2135009765625,559.514404296875,131.565673828125,280.3255615234375,-1,-1,-1,-1
14,1,1137.5289306640625,550.6683349609375,152.7293701171875,287.06890869140625,-1,-1,-1,-1
15,1,1102.674560546875,530.0400390625,154.54541015625,291.443115234375,-1,-1,-1,-1
16,1,1056.515625,488.7467956542969,157.20654296875,284.9276428222656,-1,-1,-1,-1
17,1,1026.6865234375,465.2438049316406,171.59423828125,287.2464294433594,-1,-1,-1,-1
18,1,1001.3218383789062,459.42303466796875,170.32440185546875,280.469970703125,-1,-1,-1,-1
19,1,974.1201782226562,463.778564453125,166.54888916015625,281.48590087890625,-1,-1,-1,-1
20,1,947.64892578125,465.3376770019531,148.500244140625,272.0819396972656,-1,-1,-1,-1
21,1,929.3375244140625,465.67767333984375,122.8701171875,269.30413818359375,-1,-1,-1,-1
22,1,907.5265502929688,476.92010498046875,116.9404296875,271.262939453125,-1,-1,-1,-1
23,1,867.5645751953125,492.61260986328125,113.2860107421875,261.28924560546875,-1,-1,-1,-1
24,1,814.7930297851562,477.1995849609375,124.52777099609375,262.0050048828125,-1,-1,-1,-1
25,1,775.8944091796875,481.7563171386719,133.50909423828125,261.3750305175781,-1,-1,-1,-1
26,1,747.3839111328125,495.37066650390625,152.60382080078125,256.7105712890625,-1,-1,-1,-1
27,1,722.0943603515625,504.4647521972656,163.00994873046875,255.85665893554688,-1,-1,-1,-1
28,1,707.28515625,506.77410888671875,169.94488525390625,253.09912109375,-1,-1,-1,-1
29,1,718.8408203125,496.23681640625,160.6182861328125,249.2518310546875,-1,-1,-1,-1
30,1,744.8477783203125,500.9531555175781,108.8232421875,244.67166137695312,-1,-1,-1,-1
31,1,741.5428466796875,503.307861328125,108.390625,239.24609375,-1,-1,-1,-1
32,1,734.3192749023438,495.3762512207031,99.82830810546875,234.18020629882812,-1,-1,-1,-1
33,1,739.49951171875,491.7611999511719,100.3182373046875,265.1971130371094,-1,-1,-1,-1
34,1,754.8704223632812,492.97503662109375,91.4921875,253.28033447265625,-1,-1,-1,-1
35,1,769.8048706054688,468.0071716308594,96.51953125,304.1495666503906,-1,-1,-1,-1
36,1,783.3026733398438,461.96661376953125,113.67913818359375,311.93743896484375,-1,-1,-1,-1
37,1,775.4461669921875,448.84930419921875,139.93511962890625,318.0179443359375,-1,-1,-1,-1
38,1,772.0028686523438,449.0384826660156,157.76495361328125,322.4449157714844,-1,-1,-1,-1
39,1,776.5671997070312,464.1700439453125,166.2783203125,323.2882080078125,-1,-1,-1,-1
40,1,785.04541015625,478.9820556640625,161.142333984375,322.401123046875,-1,-1,-1,-1
41,1,790.1138916015625,494.1539306640625,149.60302734375,323.69683837890625,-1,-1,-1,-1
42,1,798.0692138671875,498.8581848144531,137.01739501953125,323.8141174316406,-1,-1,-1,-1
43,1,794.0557861328125,499.046875,122.6307373046875,328.53973388671875,-1,-1,-1,-1
44,1,793.4308471679688,485.8118896484375,110.05657958984375,331.84259033203125,-1,-1,-1,-1
45,1,779.1456909179688,476.25250244140625,113.26556396484375,336.64862060546875,-1,-1,-1,-1
46,1,755.84228515625,477.567626953125,112.29742431640625,338.93902587890625,-1,-1,-1,-1
47,1,733.3394165039062,471.2711486816406,114.72735595703125,342.1371154785156,-1,-1,-1,-1
48,1,718.1408081054688,478.891845703125,115.11322021484375,343.5126953125,-1,-1,-1,-1
49,1,705.4982299804688,479.7134094238281,118.49169921875,339.8846130371094,-1,-1,-1,-1
50,1,694.8773803710938,475.5474548339844,126.32855224609375,338.6934509277344,-1,-1,-1,-1
51,1,693.6689453125,483.47882080078125,125.30377197265625,337.144775390625,-1,-1,-1,-1
52,1,687.1458740234375,484.11468505859375,129.2965087890625,337.9490966796875,-1,-1,-1,-1
53,1,674.10498046875,478.4648132324219,141.5408935546875,345.9588928222656,-1,-1,-1,-1
54,1,663.7298583984375,476.2377014160156,166.4127197265625,355.2088928222656,-1,-1,-1,-1
55,1,660.4458618164062,488.6993408203125,183.786376953125,360.1932373046875,-1,-1,-1,-1
56,1,648.919677734375,458.3397216796875,205.1038818359375,371.898193359375,-1,-1,-1,-1
57,1,646.1758422851562,446.5932312011719,213.7840576171875,380.6417541503906,-1,-1,-1,-1
58,1,669.3367919921875,444.8652038574219,212.5074462890625,389.9971008300781,-1,-1,-1,-1
59,1,705.37353515625,432.41497802734375,209.11175537109375,407.2254638671875,-1,-1,-1,-1
60,1,741.23095703125,440.8699645996094,204.6265869140625,419.9602355957031,-1,-1,-1,-1
61,1,757.4312133789062,466.2004089355469,199.1451416015625,425.7187194824219,-1,-1,-1,-1
62,1,765.7753295898438,492.28497314453125,182.8978271484375,421.97149658203125,-1,-1,-1,-1
63,1,770.8480834960938,506.2470397949219,166.88153076171875,423.3258972167969,-1,-1,-1,-1
64,1,774.6742553710938,502.9720153808594,162.098876953125,427.4515686035156,-1,-1,-1,-1
65,1,778.7513427734375,486.0281982421875,171.9749755859375,436.32232666015625,-1,-1,-1,-1
66,1,797.6424560546875,453.3679504394531,210.00201416015625,466.1368103027344,-1,-1,-1,-1
67,1,903.896240234375,448.1142578125,237.836669921875,503.50653076171875,-1,-1,-1,-1
68,1,1088.4248046875,432.5171203613281,235.62744140625,511.1453552246094,-1,-1,-1,-1
69,1,1225.24755859375,422.7391357421875,194.1048583984375,540.4835205078125,-1,-1,-1,-1
70,1,1184.674560546875,458.0014343261719,235.6593017578125,572.48583984375,-1,-1,-1,-1
71,1,1146.0311279296875,486.7743835449219,266.7860107421875,588.1009521484375,-1,-1,-1,-1
72,1,1077.165771484375,461.4668884277344,304.892578125,599.45849609375,-1,-1,-1,-1
73,1,1014.4134521484375,446.51031494140625,262.6771240234375,579.0302124023438,-1,-1,-1,-1
74,1,925.6852416992188,466.7493591308594,212.94671630859375,518.4158935546875,-1,-1,-1,-1
75,1,855.7249755859375,434.396484375,190.397705078125,488.1234130859375,-1,-1,-1,-1
76,1,810.13037109375,421.8603515625,193.74200439453125,496.4486083984375,-1,-1,-1,-1
77,1,756.7098388671875,411.30712890625,219.99847412109375,497.727783203125,-1,-1,-1,-1
78,1,717.2259521484375,377.73907470703125,240.36431884765625,495.7392578125,-1,-1,-1,-1
79,1,718.460205078125,408.1747741699219,214.6988525390625,463.2715148925781,-1,-1,-1,-1
80,1,732.452392578125,436.53570556640625,184.28204345703125,439.51824951171875,-1,-1,-1,-1
81,1,743.3267211914062,442.6298828125,169.92034912109375,455.4075927734375,-1,-1,-1,-1
82,1,714.0181274414062,442.02703857421875,203.08978271484375,483.50726318359375,-1,-1,-1,-1
83,1,698.6251220703125,433.7175598144531,203.1058349609375,503.6862487792969,-1,-1,-1,-1
84,1,690.9185180664062,407.890380859375,212.06011962890625,516.1522216796875,-1,-1,-1,-1
85,1,676.376708984375,376.6073303222656,211.2447509765625,503.0881042480469,-1,-1,-1,-1
86,1,662.2626342773438,393.9212646484375,199.134765625,482.8505859375,-1,-1,-1,-1
87,1,680.8040161132812,410.2831726074219,183.41729736328125,449.2174987792969,-1,-1,-1,-1
88,1,696.8504638671875,424.0273742675781,178.3704833984375,423.9565124511719,-1,-1,-1,-1
89,1,685.3988037109375,406.1073303222656,193.71466064453125,444.6166076660156,-1,-1,-1,-1
90,1,672.93359375,409.1021728515625,206.8941650390625,443.45220947265625,-1,-1,-1,-1
91,1,681.76171875,434.1881408691406,206.64691162109375,424.9898986816406,-1,-1,-1,-1
92,1,703.3439331054688,493.0788879394531,188.587158203125,383.3612976074219,-1,-1,-1,-1
93,1,721.0977783203125,537.896484375,172.5205078125,359.92816162109375,-1,-1,-1,-1
94,1,738.4051513671875,503.0400390625,155.410400390625,390.44805908203125,-1,-1,-1,-1
95,1,742.4027709960938,493.01861572265625,148.59954833984375,398.0963134765625,-1,-1,-1,-1
96,1,720.044189453125,475.2200012207031,168.66943359375,419.4813537597656,-1,-1,-1,-1
97,1,717.3790283203125,463.6562805175781,170.5426025390625,422.4931335449219,-1,-1,-1,-1
98,1,717.4691772460938,488.70758056640625,168.26910400390625,392.7745361328125,-1,-1,-1,-1
99,1,722.7606201171875,484.986572265625,163.69329833984375,410.27325439453125,-1,-1,-1,-1
100,1,744.2080688476562,482.5647888183594,160.564453125,416.0683288574219,-1,-1,-1,-1
101,1,847.84912109375,502.087158203125,156.45220947265625,404.653076171875,-1,-1,-1,-1
102,1,1029.2769775390625,523.001220703125,202.8250732421875,412.0155029296875,-1,-1,-1,-1
103,1,960.3140258789062,710.685302734375,348.76824951171875,446.615478515625,-1,-1,-1,-1
1,2,211.72972106933594,535.4923706054688,155.89356994628906,291.11053466796875,-1,-1,-1,-1
2,2,284.0538635253906,528.7556762695312,149.50509643554688,279.40679931640625,-1,-1,-1,-1
3,2,367.6678771972656,521.4778442382812,145.00314331054688,266.73260498046875,-1,-1,-1,-1
4,2,436.1107482910156,513.8485107421875,142.32321166992188,260.62017822265625,-1,-1,-1,-1
5,2,483.2671203613281,509.4233703613281,137.10238647460938,256.2179260253906,-1,-1,-1,-1
6,2,511.87774658203125,505.6935729980469,135.70697021484375,257.4696960449219,-1,-1,-1,-1
7,2,527.8357543945312,508.87652587890625,137.25592041015625,255.42364501953125,-1,-1,-1,-1
8,2,537.9274291992188,510.3090515136719,135.06268310546875,255.25973510742188,-1,-1,-1,-1
9,2,539.9835205078125,504.3409423828125,137.34942626953125,260.9066162109375,-1,-1,-1,-1
10,2,546.292724609375,507.4521484375,134.8115234375,264.43780517578125,-1,-1,-1,-1
11,2,548.722900390625,514.0589599609375,134.06854248046875,267.7193603515625,-1,-1,-1,-1
12,2,543.6629638671875,523.0852661132812,135.9605712890625,272.20294189453125,-1,-1,-1,-1
13,2,536.4395141601562,513.03515625,130.66070556640625,276.91015625,-1,-1,-1,-1
14,2,517.40478515625,500.50006103515625,134.75933837890625,282.68084716796875,-1,-1,-1,-1
15,2,480.9386901855469,481.6229248046875,140.78219604492188,289.72137451171875,-1,-1,-1,-1
16,2,426.31976318359375,431.7333068847656,148.4171142578125,299.3622741699219,-1,-1,-1,-1
17,2,386.4936828613281,397.0600891113281,151.89047241210938,310.3976745605469,-1,-1,-1,-1
18,2,344.2321472167969,391.7506103515625,157.78021240234375,319.56951904296875,-1,-1,-1,-1
19,2,292.0448913574219,405.85736083984375,176.68008422851562,327.24298095703125,-1,-1,-1,-1
20,2,236.3047637939453,413.1824035644531,194.5698699951172,338.3278503417969,-1,-1,-1,-1
21,2,178.75643920898438,430.9398498535156,210.79974365234375,350.2250061035156,-1,-1,-1,-1
22,2,132.07107543945312,433.09521484375,221.85421752929688,364.93829345703125,-1,-1,-1,-1
23,2,75.25675964355469,433.231689453125,229.60255432128906,380.0003662109375,-1,-1,-1,-1
24,2,12.86386489868164,424.2243957519531,226.08692932128906,398.7030334472656,-1,-1,-1,-1
25,2,-39.06314468383789,428.4732666015625,219.56686401367188,403.1640625,-1,-1,-1,-1
26,2,-82.70040893554688,424.65362548828125,227.21192932128906,360.1884765625,-1,-1,-1,-1
27,2,-92.8038101196289,423.7358703613281,208.98675537109375,375.1264953613281,-1,-1,-1,-1
28,2,-85.94673919677734,420.4588928222656,176.44332885742188,387.3365783691406,-1,-1,-1,-1
29,2,-93.18350219726562,377.5623474121094,189.38922119140625,435.9486389160156,-1,-1,-1,-1
30,2,-76.31198120117188,455.6851501464844,155.64605712890625,364.1316833496094,-1,-1,-1,-1
32,2,-107.59346771240234,373.069580078125,218.2118377685547,454.9151611328125,-1,-1,-1,-1
33,2,-100.93177795410156,407.18267822265625,204.886962890625,406.86273193359375,-1,-1,-1,-1
34,2,-103.90314483642578,434.16876220703125,210.8284454345703,380.05438232421875,-1,-1,-1,-1
35,2,-99.57084655761719,420.6104736328125,202.20181274414062,350.996337890625,-1,-1,-1,-1
36,2,-120.47545623779297,360.282958984375,244.4178009033203,385.2835693359375,-1,-1,-1,-1
37,2,-114.4355697631836,375.1810302734375,247.17807006835938,363.8466796875,-1,-1,-1,-1
38,2,-102.18614196777344,408.6275329589844,234.47097778320312,337.7987365722656,-1,-1,-1,-1
39,2,-54.361427307128906,442.79443359375,182.7808074951172,320.38885498046875,-1,-1,-1,-1
40,2,-53.54450988769531,447.6842041015625,178.14019775390625,322.4420166015625,-1,-1,-1,-1
41,2,-80.62977600097656,450.0382995605469,196.92681884765625,338.4650573730469,-1,-1,-1,-1
42,2,-94.5050048828125,462.4024353027344,202.02957153320312,341.6670227050781,-1,-1,-1,-1
43,2,-82.78359985351562,524.545654296875,168.5958709716797,310.41851806640625,-1,-1,-1,-1
44,2,-75.4872055053711,548.8305053710938,153.99664306640625,290.41876220703125,-1,-1,-1,-1
1,3,872.341552734375,515.719970703125,154.600341796875,323.29290771484375,-1,-1,-1,-1
2,3,930.0291748046875,514.9822998046875,167.7056884765625,332.13507080078125,-1,-1,-1,-1
3,3,1013.33935546875,501.3146667480469,181.0299072265625,349.5337219238281,-1,-1,-1,-1
4,3,1084.7705078125,488.7775573730469,199.2974853515625,367.0287780761719,-1,-1,-1,-1
5,3,1138.2137451171875,488.65594482421875,215.32275390625,382.4583740234375,-1,-1,-1,-1
6,3,1176.0609130859375,501.5609130859375,223.8155517578125,390.9344482421875,-1,-1,-1,-1
7,3,1201.301025390625,512.27294921875,221.7774658203125,387.72308349609375,-1,-1,-1,-1
8,3,1217.6243896484375,524.5745849609375,226.459716796875,373.6370849609375,-1,-1,-1,-1
9,3,1228.823486328125,532.8941650390625,234.016845703125,373.07318115234375,-1,-1,-1,-1
10,3,1242.0501708984375,523.459716796875,240.3802490234375,384.21630859375,-1,-1,-1,-1
11,3,1252.953125,522.7771606445312,240.3790283203125,406.38232421875,-1,-1,-1,-1
12,3,1254.0849609375,514.294677734375,256.7999267578125,440.6248779296875,-1,-1,-1,-1
13,3,1250.7635498046875,505.73797607421875,256.0657958984375,444.672119140625,-1,-1,-1,-1
14,3,1236.229736328125,509.8846435546875,271.9918212890625,431.4246826171875,-1,-1,-1,-1
15,3,1202.8885498046875,540.9843139648438,263.414306640625,404.94085693359375,-1,-1,-1,-1
16,3,1145.2156982421875,509.474853515625,274.2056884765625,406.25091552734375,-1,-1,-1,-1
17,3,1105.8538818359375,489.1991882324219,289.9385986328125,403.1815490722656,-1,-1,-1,-1
18,3,1073.708740234375,484.5104675292969,292.0960693359375,392.1582946777344,-1,-1,-1,-1
19,3,1034.456787109375,486.866943359375,288.2119140625,389.9630126953125,-1,-1,-1,-1
20,3,997.5724487304688,481.53802490234375,282.22491455078125,384.08416748046875,-1,-1,-1,-1
21,3,965.2140502929688,471.74444580078125,262.81671142578125,382.53179931640625,-1,-1,-1,-1
22,3,929.48193359375,484.4744873046875,257.4615478515625,374.65252685546875,-1,-1,-1,-1
23,3,884.1349487304688,490.6405334472656,254.57806396484375,370.0446472167969,-1,-1,-1,-1
24,3,837.2557983398438,472.93060302734375,240.25543212890625,367.8970947265625,-1,-1,-1,-1
25,3,798.8990478515625,477.4964904785156,231.81298828125,364.7299499511719,-1,-1,-1,-1
26,3,766.4715576171875,491.5115966796875,232.9873046875,360.12811279296875,-1,-1,-1,-1
27,3,746.4320068359375,507.2965087890625,224.36688232421875,355.26300048828125,-1,-1,-1,-1
28,3,705.1692504882812,520.4451293945312,241.02532958984375,355.844482421875,-1,-1,-1,-1
29,3,669.5847778320312,525.9708251953125,254.34674072265625,340.55487060546875,-1,-1,-1,-1
30,3,640.5661010742188,543.7583618164062,260.4931640625,328.6927490234375,-1,-1,-1,-1
31,3,626.7882080078125,544.2684326171875,259.38018798828125,336.2135009765625,-1,-1,-1,-1
32,3,617.0951538085938,543.0770263671875,252.484375,338.722412109375,-1,-1,-1,-1
33,3,612.0494384765625,521.702880859375,250.29229736328125,359.166748046875,-1,-1,-1,-1
34,3,617.2935791015625,504.8955383300781,252.600341796875,376.3893737792969,-1,-1,-1,-1
35,3,623.0489501953125,456.750732421875,216.2784423828125,387.878173828125,-1,-1,-1,-1
36,3,633.4554443359375,431.31494140625,198.82977294921875,394.200927734375,-1,-1,-1,-1
37,3,630.7274169921875,406.4897155761719,184.0723876953125,400.8453674316406,-1,-1,-1,-1
38,3,603.9133911132812,407.96038818359375,194.43133544921875,396.5267333984375,-1,-1,-1,-1
39,3,571.693115234375,432.7847900390625,208.85211181640625,374.376220703125,-1,-1,-1,-1
40,3,511.3097229003906,455.86810302734375,246.63607788085938,363.15985107421875,-1,-1,-1,-1
41,3,449.9215087890625,474.6506042480469,272.82470703125,360.2294616699219,-1,-1,-1,-1
42,3,416.0956726074219,468.718017578125,272.3031921386719,373.54840087890625,-1,-1,-1,-1
43,3,381.6346740722656,454.9361572265625,287.9585266113281,398.01446533203125,-1,-1,-1,-1
44,3,356.3603820800781,427.94891357421875,293.8666687011719,417.92205810546875,-1,-1,-1,-1
45,3,324.3501892089844,398.5440979003906,275.0420837402344,441.1717224121094,-1,-1,-1,-1
46,3,256.4073181152344,380.0093994140625,260.8766784667969,468.17578125,-1,-1,-1,-1
47,3,191.37933349609375,371.3255310058594,218.8731689453125,490.7450256347656,-1,-1,-1,-1
48,3,132.9182586669922,378.8995056152344,212.3675994873047,503.7883605957031,-1,-1,-1,-1
49,3,76.63871765136719,380.88720703125,220.0677947998047,508.22406005859375,-1,-1,-1,-1
50,3,36.769134521484375,385.4521484375,217.83013916015625,515.8866577148438,-1,-1,-1,-1
51,3,2.9076719284057617,414.09161376953125,230.21603393554688,516.0835571289062,-1,-1,-1,-1
52,3,-17.86534881591797,431.0304870605469,236.88577270507812,521.4189453125,-1,-1,-1,-1
53,3,-55.47627258300781,441.0010986328125,263.96533203125,514.4735107421875,-1,-1,-1,-1
54,3,-73.33663177490234,427.70574951171875,276.3420104980469,472.42608642578125,-1,-1,-1,-1
55,3,-91.46316528320312,427.9793395996094,298.64019775390625,481.9754943847656,-1,-1,-1,-1
56,3,-151.59278869628906,377.18280029296875,346.54254150390625,514.1885986328125,-1,-1,-1,-1
57,3,-154.89382934570312,364.51177978515625,313.8927307128906,524.2257690429688,-1,-1,-1,-1
58,3,-142.0874481201172,353.4942321777344,287.1988525390625,545.0386962890625,-1,-1,-1,-1
59,3,-124.21614837646484,334.89898681640625,251.45602416992188,552.6099243164062,-1,-1,-1,-1
60,3,-103.55397033691406,368.8920593261719,210.1603546142578,529.6903076171875,-1,-1,-1,-1
61,3,-119.63333129882812,375.9460754394531,243.01675415039062,532.8646240234375,-1,-1,-1,-1
62,3,-121.6109619140625,399.8324890136719,255.2398681640625,525.0858154296875,-1,-1,-1,-1
63,3,-120.46873474121094,388.615478515625,264.3311767578125,542.5143432617188,-1,-1,-1,-1
64,3,-101.73526763916016,418.770751953125,229.767822265625,518.8663940429688,-1,-1,-1,-1
65,3,-88.2439956665039,407.8200378417969,228.14016723632812,502.6425476074219,-1,-1,-1,-1
66,3,-18.20233154296875,398.25665283203125,211.24798583984375,490.915771484375,-1,-1,-1,-1
67,3,155.9766387939453,380.1319885253906,206.51405334472656,463.7948303222656,-1,-1,-1,-1
68,3,353.8863220214844,364.61346435546875,189.14572143554688,434.05340576171875,-1,-1,-1,-1
69,3,465.65167236328125,369.0453796386719,182.03045654296875,418.4654235839844,-1,-1,-1,-1
70,3,492.2804870605469,377.682861328125,182.04025268554688,417.79241943359375,-1,-1,-1,-1
71,3,460.540283203125,385.6921691894531,197.70379638671875,424.5488586425781,-1,-1,-1,-1
72,3,392.3763732910156,387.6781005859375,231.72463989257812,436.263916015625,-1,-1,-1,-1
73,3,294.88934326171875,392.1368103027344,272.90087890625,446.9882507324219,-1,-1,-1,-1
74,3,159.5430908203125,421.58441162109375,325.33123779296875,467.023193359375,-1,-1,-1,-1
75,3,91.98292541503906,395.25927734375,333.00927734375,492.75946044921875,-1,-1,-1,-1
76,3,64.16551208496094,396.70745849609375,346.76092529296875,494.94647216796875,-1,-1,-1,-1
77,3,23.203031539916992,390.4172668457031,384.1650085449219,494.5448913574219,-1,-1,-1,-1
78,3,-6.459148406982422,380.8099365234375,406.98419189453125,490.64910888671875,-1,-1,-1,-1
79,3,-29.718154907226562,376.3288879394531,398.26708984375,518.628662109375,-1,-1,-1,-1
80,3,-28.411762237548828,364.048828125,338.3520202636719,549.0587768554688,-1,-1,-1,-1
81,3,-11.369723320007324,332.62994384765625,248.22146606445312,587.143798828125,-1,-1,-1,-1
82,3,-4.46531343460083,311.100830078125,179.61593627929688,611.757080078125,-1,-1,-1,-1
83,3,-3.895101547241211,308.9121398925781,148.07716369628906,638.1136474609375,-1,-1,-1,-1
84,3,-7.849842071533203,307.952880859375,137.8666229248047,643.6650390625,-1,-1,-1,-1
85,3,-13.009137153625488,316.4220275878906,106.76543426513672,672.4765625,-1,-1,-1,-1
86,3,0.018503427505493164,351.4877624511719,75.5330810546875,534.9893798828125,-1,-1,-1,-1
87,3,-80.10062408447266,368.3133239746094,182.92263793945312,520.48486328125,-1,-1,-1,-1
88,3,-113.4305648803711,397.83184814453125,257.5624694824219,485.9844970703125,-1,-1,-1,-1
89,3,-127.372314453125,407.4702453613281,301.9328308105469,485.2110290527344,-1,-1,-1,-1
90,3,-147.630859375,422.281982421875,336.82183837890625,497.17742919921875,-1,-1,-1,-1
91,3,-184.77853393554688,403.04266357421875,389.15826416015625,555.8145141601562,-1,-1,-1,-1
92,3,-135.00123596191406,393.3536071777344,311.0767822265625,578.1414794921875,-1,-1,-1,-1
93,3,-131.78665161132812,422.3213806152344,267.19189453125,577.9586181640625,-1,-1,-1,-1
94,3,-95.25613403320312,564.1954956054688,193.80035400390625,455.26446533203125,-1,-1,-1,-1
95,3,-85.24520111083984,624.091796875,174.2555389404297,413.0433349609375,-1,-1,-1,-1
96,3,-116.60910034179688,532.8745727539062,236.24224853515625,513.5328979492188,-1,-1,-1,-1
97,3,-140.54689025878906,475.5465087890625,284.11663818359375,569.6220703125,-1,-1,-1,-1
98,3,-152.4642791748047,436.77716064453125,307.9527587890625,626.0464477539062,-1,-1,-1,-1
99,3,-165.1265106201172,403.19647216796875,333.27630615234375,690.4369506835938,-1,-1,-1,-1
100,3,-159.00140380859375,417.2960205078125,321.0267333984375,686.6282958984375,-1,-1,-1,-1
101,3,-124.5315170288086,393.2538757324219,278.7049255371094,676.122802734375,-1,-1,-1,-1
102,3,-144.37168884277344,304.2247314453125,325.56134033203125,822.9312744140625,-1,-1,-1,-1
103,3,-5.964116096496582,310.86126708984375,352.36376953125,738.2056274414062,-1,-1,-1,-1
104,3,124.03022003173828,271.8331604003906,337.3734130859375,709.061767578125,-1,-1,-1,-1
105,3,184.928955078125,240.36294555664062,330.288818359375,695.283203125,-1,-1,-1,-1
106,3,174.27647399902344,211.93348693847656,366.3984375,688.234619140625,-1,-1,-1,-1
107,3,141.13479614257812,229.22637939453125,391.4897155761719,674.357177734375,-1,-1,-1,-1
108,3,104.640625,257.9907531738281,401.08758544921875,663.8248291015625,-1,-1,-1,-1
109,3,12.113296508789062,262.07501220703125,430.6036376953125,666.4567260742188,-1,-1,-1,-1
110,3,-81.93816375732422,273.2091064453125,363.6197204589844,687.9129028320312,-1,-1,-1,-1
68,4,-4.003294467926025,435.9367370605469,123.81053924560547,405.2898864746094,-1,-1,-1,-1
69,4,26.57208251953125,437.0332336425781,218.43679809570312,400.7690124511719,-1,-1,-1,-1
70,4,57.236549377441406,425.66796875,214.61502075195312,415.43634033203125,-1,-1,-1,-1
71,4,31.082164764404297,431.9991455078125,213.8732147216797,430.1002197265625,-1,-1,-1,-1
72,4,-26.726898193359375,444.796875,221.5741729736328,451.32623291015625,-1,-1,-1,-1
73,4,-69.64340209960938,458.5543212890625,189.47698974609375,368.199951171875,-1,-1,-1,-1
74,4,-78.5875473022461,478.214111328125,191.80194091796875,409.221435546875,-1,-1,-1,-1
79,4,-180.10679626464844,387.3446960449219,363.23980712890625,522.1956787109375,-1,-1,-1,-1
80,4,-150.09085083007812,381.226806640625,303.21209716796875,553.5274047851562,-1,-1,-1,-1
81,4,-146.9876708984375,337.69342041015625,299.08441162109375,598.9464721679688,-1,-1,-1,-1
82,4,-79.90216827392578,305.13037109375,259.9668273925781,639.34912109375,-1,-1,-1,-1
103,5,1237.1612548828125,553.4259643554688,173.38037109375,453.2451171875,-1,-1,-1,-1
104,6,-5.1095194816589355,385.3031921386719,171.54403686523438,451.1683044433594,-1,-1,-1,-1
105,6,-9.934309005737305,337.6927490234375,209.6359405517578,440.07733154296875,-1,-1,-1,-1
106,6,0.2819833755493164,320.93963623046875,195.57589721679688,431.18829345703125,-1,-1,-1,-1
107,6,-2.995941638946533,331.9707336425781,179.16506958007812,432.3434143066406,-1,-1,-1,-1
108,6,-36.535667419433594,352.739990234375,192.95391845703125,430.3656005859375,-1,-1,-1,-1
109,6,-92.00343322753906,335.0020446777344,236.35633850097656,432.8107604980469,-1,-1,-1,-1
110,6,-119.58049011230469,272.0804138183594,415.02166748046875,692.141357421875,-1,-1,-1,-1
111,7,1105.1318359375,555.13818359375,312.1951904296875,382.44598388671875,-1,-1,-1,-1
112,7,976.5015869140625,517.5796508789062,281.59619140625,380.3133544921875,-1,-1,-1,-1
113,7,917.6231689453125,519.6397094726562,256.02587890625,369.21746826171875,-1,-1,-1,-1
114,7,884.2208251953125,522.4058227539062,234.222412109375,359.7122802734375,-1,-1,-1,-1
115,7,866.383056640625,519.9248657226562,223.405029296875,353.05859375,-1,-1,-1,-1
116,7,835.32861328125,510.05120849609375,220.672119140625,361.82855224609375,-1,-1,-1,-1
117,7,803.71630859375,494.5356750488281,224.7843017578125,375.4090881347656,-1,-1,-1,-1
118,7,784.7433471679688,481.40185546875,220.7568359375,387.7554931640625,-1,-1,-1,-1
119,7,781.1463623046875,468.6146240234375,212.11785888671875,395.16064453125,-1,-1,-1,-1
120,7,767.2185668945312,460.2065734863281,215.55023193359375,399.2185363769531,-1,-1,-1,-1
121,7,757.3155517578125,422.82171630859375,242.8262939453125,408.302001953125,-1,-1,-1,-1
122,7,747.8102416992188,397.4172668457031,278.51361083984375,424.3213195800781,-1,-1,-1,-1
123,7,735.086669921875,397.65777587890625,294.928955078125,429.6563720703125,-1,-1,-1,-1
124,7,720.6397705078125,399.7241516113281,320.6434326171875,435.6640930175781,-1,-1,-1,-1
125,7,683.1101684570312,389.4953308105469,344.05047607421875,439.7424011230469,-1,-1,-1,-1
126,7,664.7901000976562,390.41302490234375,332.44873046875,440.2391357421875,-1,-1,-1,-1
127,7,639.0550537109375,400.6151123046875,325.8563232421875,432.98681640625,-1,-1,-1,-1
128,7,632.9841918945312,406.0430908203125,299.05023193359375,438.87353515625,-1,-1,-1,-1
129,7,636.0098266601562,415.6761779785156,266.8087158203125,443.5237121582031,-1,-1,-1,-1
130,7,641.40185546875,415.7948913574219,234.10064697265625,453.7646789550781,-1,-1,-1,-1
131,7,643.8865356445312,409.20220947265625,224.860107421875,464.92706298828125,-1,-1,-1,-1
132,7,661.9824829101562,402.74908447265625,201.20599365234375,468.8297119140625,-1,-1,-1,-1
133,7,667.5946655273438,406.162841796875,180.9798583984375,467.595703125,-1,-1,-1,-1
134,7,652.648193359375,382.7604675292969,193.909912109375,467.9338684082031,-1,-1,-1,-1
135,7,640.1874389648438,379.2833557128906,204.7269287109375,467.5129089355469,-1,-1,-1,-1
136,7,633.60302734375,384.0401916503906,207.42401123046875,467.2534484863281,-1,-1,-1,-1
137,7,632.7136840820312,388.84014892578125,202.76812744140625,471.6033935546875,-1,-1,-1,-1
138,7,636.2528686523438,391.9783630371094,195.7396240234375,480.4158630371094,-1,-1,-1,-1
139,7,629.2586669921875,395.90185546875,202.62078857421875,494.288330078125,-1,-1,-1,-1
140,7,644.464599609375,397.5922546386719,191.897705078125,497.2696838378906,-1,-1,-1,-1
141,7,659.5985717773438,401.2557373046875,179.546875,502.14666748046875,-1,-1,-1,-1
142,7,664.7708129882812,399.48760986328125,173.39013671875,502.90576171875,-1,-1,-1,-1
143,7,660.5115966796875,378.76470947265625,175.76312255859375,510.98419189453125,-1,-1,-1,-1
144,7,656.6552734375,373.5462646484375,189.4913330078125,516.6122436523438,-1,-1,-1,-1
145,7,634.591796875,380.6963806152344,232.77447509765625,529.8240966796875,-1,-1,-1,-1
146,7,624.71142578125,404.5526123046875,255.4520263671875,545.4116821289062,-1,-1,-1,-1
147,7,635.0419921875,402.2840270996094,264.4351806640625,556.020751953125,-1,-1,-1,-1
148,7,627.3101196289062,400.37689208984375,266.8673095703125,563.9955444335938,-1,-1,-1,-1
149,7,632.74365234375,392.7686767578125,258.771240234375,575.0709838867188,-1,-1,-1,-1
150,7,643.5830688476562,411.3377685546875,252.66778564453125,571.7247314453125,-1,-1,-1,-1
151,7,633.6605224609375,388.0462646484375,256.32421875,567.2188110351562,-1,-1,-1,-1
152,7,599.638671875,366.20501708984375,262.65655517578125,555.4965209960938,-1,-1,-1,-1
153,7,561.1298828125,380.1519775390625,289.35406494140625,525.4135131835938,-1,-1,-1,-1
154,7,550.427490234375,406.8233947753906,312.939208984375,495.4308166503906,-1,-1,-1,-1
155,7,555.09521484375,439.0405578613281,333.51434326171875,463.6097717285156,-1,-1,-1,-1
156,7,578.2195434570312,449.40576171875,334.53582763671875,443.6082763671875,-1,-1,-1,-1
157,7,583.6240844726562,448.6015319824219,334.1859130859375,447.5804748535156,-1,-1,-1,-1
158,7,574.33349609375,463.22576904296875,366.3336181640625,435.10614013671875,-1,-1,-1,-1
159,7,565.4469604492188,458.802001953125,416.65081787109375,453.7333984375,-1,-1,-1,-1
160,7,549.6170043945312,465.177734375,461.58441162109375,436.5521240234375,-1,-1,-1,-1
161,7,578.908935546875,497.98895263671875,438.81365966796875,439.39605712890625,-1,-1,-1,-1
162,7,598.447998046875,533.451904296875,393.479248046875,391.1439208984375,-1,-1,-1,-1
163,7,645.6282958984375,537.0986328125,335.058837890625,414.88250732421875,-1,-1,-1,-1
164,7,618.80712890625,601.85302734375,392.157470703125,376.9300537109375,-1,-1,-1,-1
165,7,576.4364013671875,587.8250732421875,491.5572509765625,398.8177490234375,-1,-1,-1,-1
166,7,566.53076171875,537.4990234375,553.1099853515625,455.8408203125,-1,-1,-1,-1
167,7,552.79443359375,581.9696655273438,555.5496826171875,389.20587158203125,-1,-1,-1,-1
168,7,571.0408935546875,451.47393798828125,609.1944580078125,541.0344848632812,-1,-1,-1,-1
169,7,597.30712890625,534.7898559570312,619.339111328125,434.37176513671875,-1,-1,-1,-1
170,7,645.5294799804688,425.5027160644531,540.3131713867188,536.7945556640625,-1,-1,-1,-1
171,7,601.2835083007812,386.07586669921875,775.3057250976562,586.1504516601562,-1,-1,-1,-1
172,7,591.8663940429688,289.19158935546875,803.2710571289062,694.5350952148438,-1,-1,-1,-1
173,7,643.8440551757812,140.57362365722656,757.7107543945312,809.8516235351562,-1,-1,-1,-1
174,7,717.8035278320312,73.55701446533203,681.7963256835938,838.8125,-1,-1,-1,-1
175,7,841.3231201171875,75.44609069824219,562.3509521484375,716.4674072265625,-1,-1,-1,-1
176,7,918.4713745117188,65.63545227050781,480.16461181640625,665.7689819335938,-1,-1,-1,-1
177,7,931.1725463867188,100.64083862304688,480.87738037109375,616.6097412109375,-1,-1,-1,-1
178,7,942.3917846679688,102.96664428710938,476.72869873046875,575.848388671875,-1,-1,-1,-1
179,7,946.3755493164062,105.30216979980469,474.56500244140625,555.2631225585938,-1,-1,-1,-1
180,7,982.8667602539062,104.89656829833984,436.83758544921875,505.3237609863281,-1,-1,-1,-1
181,7,1002.9976806640625,55.30738067626953,415.7152099609375,485.326904296875,-1,-1,-1,-1
182,7,1001.3966064453125,78.10255432128906,363.6749267578125,467.77069091796875,-1,-1,-1,-1
183,7,954.76171875,102.8884506225586,297.12890625,490.6099548339844,-1,-1,-1,-1
184,7,865.783203125,124.92182922363281,287.163330078125,519.2200927734375,-1,-1,-1,-1
185,7,780.9656372070312,198.35289001464844,242.27825927734375,489.171142578125,-1,-1,-1,-1
186,7,682.1815795898438,261.9928894042969,188.50506591796875,452.7115783691406,-1,-1,-1,-1
187,7,588.4439697265625,302.5448913574219,171.845703125,412.5074157714844,-1,-1,-1,-1
188,7,522.3380737304688,349.0709533691406,160.7999267578125,364.1440124511719,-1,-1,-1,-1
189,7,475.43927001953125,376.5918884277344,138.047607421875,352.4129333496094,-1,-1,-1,-1
190,7,428.359130859375,384.4432373046875,120.80987548828125,365.68975830078125,-1,-1,-1,-1
191,7,396.36151123046875,373.5028991699219,116.54287719726562,374.0835266113281,-1,-1,-1,-1
192,7,352.140380859375,370.883056640625,121.31802368164062,376.3463134765625,-1,-1,-1,-1
193,7,298.4902038574219,408.09307861328125,131.3311767578125,354.04693603515625,-1,-1,-1,-1
194,7,279.39837646484375,432.0909423828125,126.53549194335938,341.4300537109375,-1,-1,-1,-1
195,7,268.03155517578125,465.3438415527344,119.79312133789062,323.9941101074219,-1,-1,-1,-1
196,7,247.02041625976562,485.2392578125,132.49276733398438,330.23297119140625,-1,-1,-1,-1
197,7,224.69351196289062,498.54827880859375,157.130126953125,346.9332275390625,-1,-1,-1,-1
198,7,214.95448303222656,529.5975341796875,162.4020233154297,346.3677978515625,-1,-1,-1,-1
199,7,227.58303833007812,558.9757080078125,157.88113403320312,341.8173828125,-1,-1,-1,-1
200,7,249.83358764648438,582.331298828125,143.17892456054688,328.9066162109375,-1,-1,-1,-1
201,7,253.25973510742188,632.3534545898438,130.49554443359375,273.30572509765625,-1,-1,-1,-1
202,7,233.3479766845703,597.8455200195312,131.2920684814453,286.61090087890625,-1,-1,-1,-1
203,7,224.35382080078125,590.3407592773438,126.2171630859375,301.48614501953125,-1,-1,-1,-1
204,7,213.09437561035156,604.8870849609375,134.3548126220703,311.8216552734375,-1,-1,-1,-1
205,7,174.40911865234375,652.8133544921875,156.59954833984375,295.89654541015625,-1,-1,-1,-1
206,7,133.33837890625,658.269775390625,164.72943115234375,331.286865234375,-1,-1,-1,-1
207,7,111.94560241699219,702.2611694335938,152.78028869628906,320.22894287109375,-1,-1,-1,-1
208,7,86.55476379394531,740.86181640625,139.3687286376953,315.608642578125,-1,-1,-1,-1
209,7,71.98133087158203,770.0840454101562,147.74276733398438,321.28460693359375,-1,-1,-1,-1
210,7,61.01015090942383,773.8148803710938,149.68911743164062,319.70318603515625,-1,-1,-1,-1
211,7,48.5521125793457,758.4581298828125,162.310546875,337.1322021484375,-1,-1,-1,-1
212,7,36.619300842285156,742.5645751953125,202.0555419921875,336.9478759765625,-1,-1,-1,-1
213,7,25.68224334716797,780.6435546875,204.24502563476562,315.5443115234375,-1,-1,-1,-1
214,7,4.5189056396484375,804.0004272460938,185.83993530273438,291.57781982421875,-1,-1,-1,-1
215,7,-3.164706230163574,772.7421875,157.55401611328125,338.3798828125,-1,-1,-1,-1
216,7,-13.400075912475586,782.01416015625,147.7669677734375,341.2930908203125,-1,-1,-1,-1
217,7,-10.050238609313965,776.7753295898438,165.18695068359375,351.67303466796875,-1,-1,-1,-1
218,7,-4.537052154541016,798.635986328125,192.09474182128906,350.1171875,-1,-1,-1,-1
219,7,1.0724363327026367,807.8179321289062,211.8374481201172,363.21026611328125,-1,-1,-1,-1
220,7,2.572188377380371,836.619140625,201.9532928466797,346.458740234375,-1,-1,-1,-1
221,7,-13.48786449432373,812.51904296875,220.259521484375,346.16845703125,-1,-1,-1,-1
222,7,-5.7544755935668945,788.1912841796875,194.72006225585938,321.8848876953125,-1,-1,-1,-1
223,7,-9.735383987426758,750.689453125,165.3848114013672,355.8671875,-1,-1,-1,-1
224,7,-15.433380126953125,767.5535278320312,170.01406860351562,338.61639404296875,-1,-1,-1,-1
225,7,2.2462615966796875,758.7283935546875,147.21913146972656,329.6455078125,-1,-1,-1,-1
226,7,0.6044273376464844,717.324951171875,206.07215881347656,355.26513671875,-1,-1,-1,-1
227,7,0.3063631057739258,655.92529296875,239.47439575195312,403.2080078125,-1,-1,-1,-1
228,7,15.451766967773438,621.9122924804688,264.2174072265625,422.44659423828125,-1,-1,-1,-1
229,7,130.17616271972656,569.4630126953125,238.3773956298828,367.10797119140625,-1,-1,-1,-1
117,8,763.53759765625,343.07037353515625,33.53662109375,82.0010986328125,-1,-1,-1,-1
118,8,729.1593627929688,329.7043762207031,29.83740234375,82.00872802734375,-1,-1,-1,-1
119,8,692.1303100585938,335.3201904296875,30.94512939453125,76.68853759765625,-1,-1,-1,-1
120,8,661.6073608398438,333.7109069824219,32.76397705078125,82.255859375,-1,-1,-1,-1
121,8,633.06640625,308.289306640625,27.9755859375,83.25372314453125,-1,-1,-1,-1
122,8,628.1141967773438,291.5150451660156,31.2137451171875,83.5272216796875,-1,-1,-1,-1
123,8,608.7132568359375,312.6524353027344,26.55596923828125,74.55691528320312,-1,-1,-1,-1
124,8,605.5331420898438,305.1363830566406,30.012451171875,87.24356079101562,-1,-1,-1,-1
125,8,600.867431640625,291.7054748535156,30.896728515625,79.884521484375,-1,-1,-1,-1
126,8,587.3417358398438,278.8692626953125,31.65118408203125,85.239990234375,-1,-1,-1,-1
127,8,575.611328125,271.857421875,30.46246337890625,87.15899658203125,-1,-1,-1,-1
128,8,580.6819458007812,269.2928466796875,33.09857177734375,90.9373779296875,-1,-1,-1,-1
129,8,592.7189331054688,280.6147766113281,32.38238525390625,90.56646728515625,-1,-1,-1,-1
130,8,598.3005981445312,293.29296875,29.86346435546875,88.5213623046875,-1,-1,-1,-1
131,8,599.9668579101562,299.2477722167969,31.360595703125,87.7139892578125,-1,-1,-1,-1
132,8,602.3016357421875,318.24267578125,29.29388427734375,92.57501220703125,-1,-1,-1,-1
133,8,617.8731079101562,358.0610046386719,24.8555908203125,68.49130249023438,-1,-1,-1,-1
134,8,624.0867309570312,343.0090026855469,23.52972412109375,65.21084594726562,-1,-1,-1,-1
135,8,627.8863525390625,321.6441955566406,31.7669677734375,81.81552124023438,-1,-1,-1,-1
136,8,628.8578491210938,326.9725341796875,31.08575439453125,83.06484985351562,-1,-1,-1,-1
137,8,633.1475830078125,327.4835205078125,31.0977783203125,86.98065185546875,-1,-1,-1,-1
138,8,639.14990234375,327.1734619140625,38.77069091796875,94.61895751953125,-1,-1,-1,-1
144,9,871.2093505859375,497.1749572753906,47.1279296875,74.96475219726562,-1,-1,-1,-1
145,9,893.1863403320312,510.25860595703125,40.769775390625,71.728759765625,-1,-1,-1,-1
146,9,899.7247924804688,538.8402709960938,47.79132080078125,74.12933349609375,-1,-1,-1,-1
147,9,913.2290649414062,546.0497436523438,41.60009765625,74.60906982421875,-1,-1,-1,-1
148,9,907.2764892578125,552.7928466796875,39.0362548828125,73.8919677734375,-1,-1,-1,-1
149,9,910.1627807617188,552.9498901367188,38.37744140625,72.799072265625,-1,-1,-1,-1
150,9,910.72900390625,564.3594360351562,42.907958984375,74.162353515625,-1,-1,-1,-1
151,9,903.1373901367188,541.2520751953125,39.6871337890625,73.019775390625,-1,-1,-1,-1
152,9,874.740478515625,508.2252502441406,41.058837890625,75.54818725585938,-1,-1,-1,-1
153,9,852.6296997070312,496.54681396484375,39.17877197265625,76.7935791015625,-1,-1,-1,-1
154,9,850.9383544921875,497.6706237792969,45.5927734375,75.29354858398438,-1,-1,-1,-1
155,9,851.0810546875,502.0797424316406,44.2054443359375,74.05770874023438,-1,-1,-1,-1
156,9,846.5894775390625,487.0817565917969,46.4232177734375,77.13021850585938,-1,-1,-1,-1
157,9,923.0050048828125,504.9324645996094,51.9775390625,75.62966918945312,-1,-1,-1,-1
158,9,901.9087524414062,512.568603515625,49.66241455078125,75.12554931640625,-1,-1,-1,-1
159,9,969.6769409179688,525.435791015625,38.1536865234375,78.8802490234375,-1,-1,-1,-1
159,10,796.744384765625,486.10931396484375,41.41632080078125,78.49444580078125,-1,-1,-1,-1
160,10,762.8690185546875,471.08258056640625,38.9771728515625,82.53955078125,-1,-1,-1,-1
161,10,727.9484252929688,493.9273986816406,35.06951904296875,78.16885375976562,-1,-1,-1,-1
162,10,654.38232421875,492.1186828613281,37.5526123046875,78.35287475585938,-1,-1,-1,-1
163,10,605.9707641601562,472.0912170410156,31.89727783203125,82.87777709960938,-1,-1,-1,-1
164,10,561.7377319335938,460.08642578125,37.3499755859375,85.70343017578125,-1,-1,-1,-1
165,10,506.3779602050781,460.30810546875,31.907012939453125,82.59381103515625,-1,-1,-1,-1
166,10,645.9891967773438,478.1878967285156,80.998291015625,86.91909790039062,-1,-1,-1,-1
186,11,1307.9942626953125,344.7983703613281,104.447021484375,305.7583923339844,-1,-1,-1,-1
187,11,1169.7559814453125,352.1806640625,143.5867919921875,292.1556396484375,-1,-1,-1,-1
188,11,1071.475341796875,354.1199035644531,134.263427734375,281.4228820800781,-1,-1,-1,-1
189,11,995.390625,353.2193603515625,120.4486083984375,272.304443359375,-1,-1,-1,-1
190,11,933.2794799804688,347.54278564453125,109.04754638671875,270.0772705078125,-1,-1,-1,-1
191,11,895.3678588867188,333.47509765625,107.9613037109375,271.74267578125,-1,-1,-1,-1
192,11,851.1962890625,318.3707580566406,109.41217041015625,274.4051208496094,-1,-1,-1,-1
193,11,793.7669677734375,320.6160888671875,111.979248046875,278.56829833984375,-1,-1,-1,-1
194,11,770.66748046875,340.33587646484375,112.41796875,277.48284912109375,-1,-1,-1,-1
195,11,755.6611328125,355.2732238769531,111.96649169921875,277.5530700683594,-1,-1,-1,-1
196,11,738.834716796875,371.6466064453125,113.17108154296875,280.7073974609375,-1,-1,-1,-1
197,11,723.4515380859375,387.751953125,112.53466796875,282.425048828125,-1,-1,-1,-1
198,11,710.2166137695312,409.7925109863281,113.8248291015625,282.2102355957031,-1,-1,-1,-1
199,11,709.0772705078125,425.5030822753906,113.5343017578125,284.6700744628906,-1,-1,-1,-1
200,11,707.0428466796875,434.81414794921875,117.04486083984375,286.86749267578125,-1,-1,-1,-1
201,11,693.7470703125,446.1134033203125,121.19146728515625,284.52764892578125,-1,-1,-1,-1
202,11,668.8303833007812,435.3945617675781,124.241943359375,289.0376892089844,-1,-1,-1,-1
203,11,650.9058837890625,445.25616455078125,119.35540771484375,290.95751953125,-1,-1,-1,-1
204,11,630.5291748046875,468.1280517578125,123.46893310546875,294.7225341796875,-1,-1,-1,-1
205,11,588.6071166992188,483.946044921875,135.48809814453125,297.55474853515625,-1,-1,-1,-1
206,11,545.9308471679688,517.2166137695312,143.652099609375,299.46685791015625,-1,-1,-1,-1
207,11,514.250244140625,544.74462890625,150.81939697265625,311.1256103515625,-1,-1,-1,-1
208,11,476.6475830078125,584.9981079101562,161.5240478515625,314.12567138671875,-1,-1,-1,-1
209,11,448.86517333984375,606.3851318359375,172.69146728515625,321.27325439453125,-1,-1,-1,-1
210,11,429.489990234375,612.1978759765625,178.0355224609375,327.63385009765625,-1,-1,-1,-1
211,11,401.6660461425781,607.9122924804688,188.04690551757812,336.31097412109375,-1,-1,-1,-1
212,11,374.5799255371094,582.8513793945312,199.38662719726562,341.451171875,-1,-1,-1,-1
213,11,345.1595764160156,598.271728515625,212.37753295898438,348.14306640625,-1,-1,-1,-1
214,11,301.496337890625,620.2752075195312,229.215576171875,360.63983154296875,-1,-1,-1,-1
215,11,257.54510498046875,632.5618896484375,241.27886962890625,373.72637939453125,-1,-1,-1,-1
216,11,233.4088134765625,644.832275390625,250.68032836914062,390.1038818359375,-1,-1,-1,-1
217,11,210.8725128173828,655.269775390625,265.60784912109375,393.3846435546875,-1,-1,-1,-1
218,11,186.08067321777344,680.293212890625,277.97747802734375,404.9876708984375,-1,-1,-1,-1
219,11,171.80946350097656,708.4011840820312,293.5540771484375,418.42913818359375,-1,-1,-1,-1
220,11,142.5978240966797,718.8701171875,302.67999267578125,435.3526611328125,-1,-1,-1,-1
221,11,117.61865234375,694.8768920898438,310.7257995605469,432.07427978515625,-1,-1,-1,-1
222,11,81.22394561767578,657.64892578125,312.2052917480469,432.1954345703125,-1,-1,-1,-1
223,11,41.42845153808594,653.251953125,316.4722900390625,445.97509765625,-1,-1,-1,-1
224,11,30.963821411132812,650.3668212890625,324.47259521484375,457.94482421875,-1,-1,-1,-1
225,11,26.067493438720703,638.6609497070312,316.74798583984375,463.26129150390625,-1,-1,-1,-1
226,11,18.672985076904297,622.469482421875,332.5870056152344,469.9886474609375,-1,-1,-1,-1
227,11,11.130501747131348,601.2408447265625,340.9147644042969,501.36376953125,-1,-1,-1,-1
228,11,20.2924861907959,592.347412109375,359.2082214355469,533.287353515625,-1,-1,-1,-1
229,11,126.82768249511719,546.099365234375,347.17315673828125,534.4212646484375,-1,-1,-1,-1
230,11,212.2234649658203,593.4185180664062,346.75445556640625,541.9071655273438,-1,-1,-1,-1
231,11,266.9364013671875,621.4991455078125,342.33172607421875,551.8753662109375,-1,-1,-1,-1
232,11,306.7718505859375,618.3203125,345.00421142578125,534.2412109375,-1,-1,-1,-1
233,11,326.76055908203125,592.0847778320312,356.19000244140625,529.7872924804688,-1,-1,-1,-1
234,11,320.2108154296875,584.7962646484375,384.30694580078125,519.7430419921875,-1,-1,-1,-1
235,11,310.39581298828125,579.1856079101562,410.96417236328125,509.40411376953125,-1,-1,-1,-1
236,11,307.7368469238281,578.5192260742188,385.2070007324219,503.92852783203125,-1,-1,-1,-1
237,11,287.30694580078125,570.9405517578125,353.34912109375,509.003173828125,-1,-1,-1,-1
238,11,274.8652648925781,598.1531982421875,329.2717590332031,503.1455078125,-1,-1,-1,-1
239,11,268.693115234375,616.1420288085938,359.847412109375,526.0996704101562,-1,-1,-1,-1
240,11,254.83883666992188,654.0125122070312,395.4150695800781,547.6383666992188,-1,-1,-1,-1
241,11,248.42190551757812,656.4022827148438,419.6931457519531,549.1611938476562,-1,-1,-1,-1
242,11,256.8945770263672,661.6361083984375,435.44989013671875,534.3199462890625,-1,-1,-1,-1
243,11,233.63421630859375,700.8662719726562,433.18475341796875,529.9768676757812,-1,-1,-1,-1
244,11,207.01376342773438,723.4287109375,480.6429748535156,516.9302978515625,-1,-1,-1,-1
245,11,192.55654907226562,743.2728271484375,512.0451965332031,493.7760009765625,-1,-1,-1,-1
246,11,177.6505584716797,746.31396484375,483.43939208984375,485.7135009765625,-1,-1,-1,-1
247,11,153.41439819335938,747.6873779296875,435.7008361816406,487.5821533203125,-1,-1,-1,-1
248,11,122.96163940429688,750.7742309570312,371.5366516113281,496.61468505859375,-1,-1,-1,-1
249,11,96.11396789550781,775.7301025390625,339.41552734375,520.2718505859375,-1,-1,-1,-1
250,11,71.08363342285156,786.56494140625,352.07794189453125,525.5244140625,-1,-1,-1,-1
251,11,43.542293548583984,811.1142578125,377.4453430175781,592.44970703125,-1,-1,-1,-1
252,11,13.32666015625,815.8369140625,410.8028259277344,570.072265625,-1,-1,-1,-1
253,11,-4.567600250244141,800.2227783203125,450.8201599121094,529.831298828125,-1,-1,-1,-1
254,11,-0.5181522369384766,791.6616821289062,438.6592102050781,519.5436401367188,-1,-1,-1,-1
255,11,-2.533906936645508,774.5394897460938,385.02679443359375,539.6279907226562,-1,-1,-1,-1
256,11,-0.8865547180175781,771.1226806640625,307.64434814453125,609.462158203125,-1,-1,-1,-1
257,11,0.6720066070556641,761.757080078125,228.16845703125,529.6197509765625,-1,-1,-1,-1
258,11,-3.785266876220703,721.2046508789062,217.76426696777344,687.0186157226562,-1,-1,-1,-1
259,11,-60.35456466674805,735.55078125,294.3395690917969,677.9180908203125,-1,-1,-1,-1
260,11,-3.1580028533935547,765.5609130859375,298.7635192871094,650.0750732421875,-1,-1,-1,-1
261,11,3.070158004760742,789.2758178710938,397.83056640625,624.1535034179688,-1,-1,-1,-1
262,11,13.039957046508789,873.3819580078125,486.2729797363281,545.69482421875,-1,-1,-1,-1
263,11,24.294580459594727,910.6063232421875,576.9727783203125,508.647216796875,-1,-1,-1,-1
264,11,26.019121170043945,923.9595947265625,658.8470458984375,510.103271484375,-1,-1,-1,-1
189,12,1279.0498046875,385.42303466796875,119.147216796875,322.65863037109375,-1,-1,-1,-1
190,12,1212.553466796875,356.40460205078125,136.99658203125,325.5960693359375,-1,-1,-1,-1
191,12,1171.7705078125,335.2244873046875,145.591552734375,323.359619140625,-1,-1,-1,-1
192,12,1124.99609375,312.12841796875,150.9942626953125,321.047119140625,-1,-1,-1,-1
193,12,1068.2598876953125,308.63287353515625,146.5360107421875,315.01397705078125,-1,-1,-1,-1
194,12,1044.9742431640625,322.2054138183594,151.1990966796875,311.7144470214844,-1,-1,-1,-1
195,12,1031.429931640625,325.87799072265625,153.9964599609375,315.3037109375,-1,-1,-1,-1
196,12,1016.295166015625,336.6947326660156,157.326416015625,318.8045349121094,-1,-1,-1,-1
197,12,1002.1526489257812,351.0089111328125,156.14874267578125,319.7545166015625,-1,-1,-1,-1
198,12,990.5776977539062,361.9776916503906,154.43548583984375,323.0419006347656,-1,-1,-1,-1
199,12,996.5254516601562,368.4153747558594,145.78033447265625,327.2029724121094,-1,-1,-1,-1
200,12,1005.0104370117188,372.7087707519531,142.86517333984375,329.8229675292969,-1,-1,-1,-1
201,12,999.6346435546875,377.4267272949219,138.1231689453125,332.7306823730469,-1,-1,-1,-1
202,12,976.9501342773438,370.0675048828125,143.83453369140625,334.59063720703125,-1,-1,-1,-1
203,12,962.2714233398438,388.36541748046875,142.20269775390625,333.34295654296875,-1,-1,-1,-1
204,12,955.8065795898438,413.4715576171875,133.42987060546875,334.150146484375,-1,-1,-1,-1
205,12,926.870849609375,421.97650146484375,125.0299072265625,332.0167236328125,-1,-1,-1,-1
206,12,891.0908813476562,457.1212158203125,120.794189453125,328.8758544921875,-1,-1,-1,-1
207,12,862.6385498046875,484.7295227050781,121.88067626953125,325.2288513183594,-1,-1,-1,-1
208,12,834.3433837890625,512.8966064453125,124.06268310546875,324.8828125,-1,-1,-1,-1
209,12,816.7615356445312,526.2578735351562,125.81011962890625,326.1646728515625,-1,-1,-1,-1
210,12,808.0451049804688,532.2421264648438,126.99444580078125,332.14129638671875,-1,-1,-1,-1
211,12,792.9996337890625,532.7932739257812,129.67816162109375,332.3115234375,-1,-1,-1,-1
212,12,781.4986572265625,506.041015625,132.28680419921875,335.44610595703125,-1,-1,-1,-1
213,12,763.9976806640625,515.3036499023438,135.29248046875,334.94586181640625,-1,-1,-1,-1
214,12,735.06396484375,537.5126342773438,142.87408447265625,340.32025146484375,-1,-1,-1,-1
215,12,704.6685180664062,546.2486572265625,147.83306884765625,346.59039306640625,-1,-1,-1,-1
216,12,687.8248291015625,567.5694580078125,159.71954345703125,347.37750244140625,-1,-1,-1,-1
217,12,671.9739990234375,560.44189453125,176.55511474609375,345.744140625,-1,-1,-1,-1
218,12,659.0072631835938,575.0303955078125,187.35089111328125,339.798828125,-1,-1,-1,-1
219,12,659.5618286132812,592.9925537109375,194.24462890625,338.141357421875,-1,-1,-1,-1
220,12,651.4788208007812,599.3141479492188,196.3157958984375,346.24114990234375,-1,-1,-1,-1
221,12,644.7067260742188,556.107421875,196.60687255859375,339.26324462890625,-1,-1,-1,-1
222,12,633.5491943359375,506.16571044921875,197.12445068359375,333.336669921875,-1,-1,-1,-1
223,12,620.8594970703125,507.79510498046875,201.265380859375,326.16900634765625,-1,-1,-1,-1
224,12,629.3468017578125,521.3394165039062,206.06048583984375,318.48175048828125,-1,-1,-1,-1
225,12,644.8031616210938,533.5551147460938,202.47540283203125,313.34429931640625,-1,-1,-1,-1
226,12,646.8812255859375,510.6658935546875,213.960693359375,322.19244384765625,-1,-1,-1,-1
227,12,648.35107421875,486.19085693359375,231.62689208984375,335.7889404296875,-1,-1,-1,-1
228,12,664.359375,490.9054260253906,247.073974609375,329.7338562011719,-1,-1,-1,-1
229,12,743.1602783203125,406.8607482910156,252.209716796875,365.8345642089844,-1,-1,-1,-1
230,12,808.2203369140625,400.1851501464844,257.2867431640625,361.5837707519531,-1,-1,-1,-1
231,12,872.2820434570312,420.68572998046875,234.70111083984375,376.249755859375,-1,-1,-1,-1
232,12,932.3843994140625,390.7403259277344,194.6495361328125,394.9242248535156,-1,-1,-1,-1
233,12,989.4390258789062,370.9707946777344,171.12347412109375,403.6963195800781,-1,-1,-1,-1
234,12,1016.8267211914062,336.5506591796875,170.60577392578125,408.6279296875,-1,-1,-1,-1
235,12,1055.17578125,334.3327331542969,170.9053955078125,409.9806823730469,-1,-1,-1,-1
236,12,1073.2691650390625,344.2113952636719,179.5233154296875,406.3451232910156,-1,-1,-1,-1
237,12,1065.6412353515625,353.4495849609375,212.6234130859375,407.56475830078125,-1,-1,-1,-1
238,12,1070.8148193359375,376.19775390625,223.6444091796875,406.03955078125,-1,-1,-1,-1
239,12,1102.4471435546875,392.760986328125,220.4613037109375,415.81817626953125,-1,-1,-1,-1
240,12,1137.391845703125,411.8089599609375,224.62158203125,425.61187744140625,-1,-1,-1,-1
241,12,1182.64697265625,414.0750427246094,207.8682861328125,439.0739440917969,-1,-1,-1,-1
242,12,1253.312744140625,412.82037353515625,163.0667724609375,444.064208984375,-1,-1,-1,-1
243,12,1281.0313720703125,392.82684326171875,132.7432861328125,446.76190185546875,-1,-1,-1,-1
244,12,1305.8046875,395.9030456542969,109.364013671875,433.9595031738281,-1,-1,-1,-1
245,12,1332.854736328125,415.457763671875,81.7523193359375,406.17449951171875,-1,-1,-1,-1
246,12,1342.873046875,371.5852355957031,98.793212890625,421.8498229980469,-1,-1,-1,-1
247,12,1335.5810546875,353.7095642089844,121.0279541015625,422.5439758300781,-1,-1,-1,-1
248,12,1327.9849853515625,415.4206237792969,158.60986328125,380.2185363769531,-1,-1,-1,-1
233,13,385.91168212890625,595.7540283203125,221.8916015625,318.541748046875,-1,-1,-1,-1
234,13,403.6356506347656,567.6737060546875,230.00381469726562,314.51678466796875,-1,-1,-1,-1
235,13,440.9831237792969,556.41845703125,219.92581176757812,292.42529296875,-1,-1,-1,-1
236,13,461.71697998046875,560.6171264648438,222.9083251953125,277.50103759765625,-1,-1,-1,-1
237,13,473.8388671875,569.1561279296875,224.23321533203125,274.7032470703125,-1,-1,-1,-1
238,13,481.0262451171875,594.9901733398438,234.37542724609375,281.85888671875,-1,-1,-1,-1
239,13,491.05877685546875,606.2733764648438,245.84686279296875,274.33795166015625,-1,-1,-1,-1
240,13,492.16119384765625,632.068115234375,261.38482666015625,274.19378662109375,-1,-1,-1,-1
241,13,507.3806457519531,602.00830078125,261.6539001464844,319.5616455078125,-1,-1,-1,-1
242,13,548.6060791015625,595.7117919921875,241.13134765625,318.32427978515625,-1,-1,-1,-1
243,13,561.1778564453125,615.448486328125,225.69354248046875,334.7225341796875,-1,-1,-1,-1
244,13,570.2681884765625,623.7260131835938,204.43194580078125,339.0489501953125,-1,-1,-1,-1
245,13,570.5576782226562,634.7508544921875,189.53680419921875,345.40411376953125,-1,-1,-1,-1
246,13,584.4852294921875,652.9312744140625,191.65234375,340.8873291015625,-1,-1,-1,-1
247,13,591.6620483398438,652.9586181640625,194.4189453125,350.90966796875,-1,-1,-1,-1
248,13,588.160888671875,644.3569946289062,199.9344482421875,372.98736572265625,-1,-1,-1,-1
249,13,581.311279296875,648.4783325195312,203.45941162109375,392.64349365234375,-1,-1,-1,-1
250,13,582.35595703125,650.0601806640625,200.776611328125,392.318359375,-1,-1,-1,-1
251,13,575.6569213867188,645.5567016601562,196.28863525390625,399.80889892578125,-1,-1,-1,-1
252,13,571.2174072265625,643.5275268554688,168.86669921875,386.47039794921875,-1,-1,-1,-1
253,13,574.6966552734375,599.3427124023438,149.75994873046875,407.01470947265625,-1,-1,-1,-1
254,13,575.6954345703125,599.7052001953125,155.0706787109375,404.8837890625,-1,-1,-1,-1
255,13,578.3828735351562,619.3236694335938,154.24224853515625,387.3704833984375,-1,-1,-1,-1
256,13,579.8640747070312,626.0804443359375,160.3023681640625,381.97418212890625,-1,-1,-1,-1
257,13,581.4654541015625,620.2122192382812,165.551513671875,388.81195068359375,-1,-1,-1,-1
258,13,579.4556274414062,615.4511108398438,173.3211669921875,379.22772216796875,-1,-1,-1,-1
259,13,581.4696655273438,625.9493408203125,180.9111328125,343.37249755859375,-1,-1,-1,-1
260,13,583.5841674804688,603.7252807617188,203.27264404296875,355.35369873046875,-1,-1,-1,-1
261,13,581.9661865234375,594.411865234375,222.946533203125,361.87457275390625,-1,-1,-1,-1
262,13,579.497802734375,587.96044921875,234.07293701171875,378.413330078125,-1,-1,-1,-1
263,13,580.6984252929688,595.8145141601562,239.94146728515625,388.16845703125,-1,-1,-1,-1
264,13,580.2592163085938,573.9493408203125,226.43328857421875,401.2623291015625,-1,-1,-1,-1
265,13,577.1998291015625,561.0994873046875,226.53662109375,423.9091796875,-1,-1,-1,-1
266,13,577.3008422851562,535.96630859375,223.9959716796875,440.34320068359375,-1,-1,-1,-1
267,13,558.0487060546875,532.3030395507812,223.00732421875,459.00927734375,-1,-1,-1,-1
268,13,540.5158081054688,529.2284545898438,213.1627197265625,476.070556640625,-1,-1,-1,-1
269,13,536.0067749023438,525.4353637695312,197.15289306640625,473.5546875,-1,-1,-1,-1
270,13,499.2102355957031,515.3990478515625,212.33578491210938,472.505126953125,-1,-1,-1,-1
271,13,436.7682800292969,548.7491455078125,255.27487182617188,468.69677734375,-1,-1,-1,-1
272,13,407.7375183105469,572.2371215820312,278.1675109863281,473.17083740234375,-1,-1,-1,-1
273,13,382.6298828125,598.7325439453125,316.41790771484375,490.783203125,-1,-1,-1,-1
274,13,378.90264892578125,570.4779052734375,340.83349609375,524.9869384765625,-1,-1,-1,-1
275,13,374.851318359375,519.760986328125,327.62640380859375,559.0576171875,-1,-1,-1,-1
276,13,365.1130676269531,522.47900390625,287.4416809082031,548.68994140625,-1,-1,-1,-1
277,13,337.8244323730469,495.2032470703125,273.9845275878906,572.34619140625,-1,-1,-1,-1
278,13,325.22930908203125,494.53076171875,271.86041259765625,593.5604248046875,-1,-1,-1,-1
279,13,316.484375,466.7010192871094,297.9765625,622.9180908203125,-1,-1,-1,-1
280,13,301.4534912109375,412.3255615234375,349.3646240234375,648.89404296875,-1,-1,-1,-1
281,13,281.964111328125,385.8116760253906,378.5601806640625,678.1019287109375,-1,-1,-1,-1
282,13,279.1763916015625,407.72650146484375,363.06622314453125,672.2280883789062,-1,-1,-1,-1
283,13,267.7930908203125,458.4015808105469,360.2298583984375,617.7713623046875,-1,-1,-1,-1
284,13,259.033447265625,488.58636474609375,347.7093505859375,576.8960571289062,-1,-1,-1,-1
285,13,264.13525390625,495.8060607910156,361.12738037109375,574.51318359375,-1,-1,-1,-1
286,13,231.50433349609375,483.08966064453125,441.4208984375,611.1815795898438,-1,-1,-1,-1
287,13,229.2394256591797,474.88177490234375,468.35882568359375,617.8663940429688,-1,-1,-1,-1
288,13,274.5082092285156,474.4552917480469,452.8201599121094,584.5299072265625,-1,-1,-1,-1
289,13,307.053466796875,504.4034118652344,423.7093505859375,534.46337890625,-1,-1,-1,-1
290,13,314.9290466308594,508.9892272949219,403.1109313964844,526.82421875,-1,-1,-1,-1
291,13,322.7142028808594,509.7713623046875,387.1184387207031,513.160400390625,-1,-1,-1,-1
292,13,332.73309326171875,519.3258056640625,394.91937255859375,504.73809814453125,-1,-1,-1,-1
293,13,343.5224914550781,548.4547119140625,386.2904357910156,498.8687744140625,-1,-1,-1,-1
294,13,335.5735168457031,580.1390380859375,382.0253601074219,498.3955078125,-1,-1,-1,-1
295,13,315.5990905761719,596.6632080078125,404.8829040527344,492.13232421875,-1,-1,-1,-1
296,13,296.02325439453125,627.7774658203125,445.34185791015625,478.1580810546875,-1,-1,-1,-1
297,13,274.45245361328125,629.0376586914062,487.2596435546875,454.89117431640625,-1,-1,-1,-1
298,13,250.5113525390625,693.9354858398438,540.272705078125,459.98345947265625,-1,-1,-1,-1
299,13,228.34767150878906,727.8890991210938,638.8258056640625,446.24481201171875,-1,-1,-1,-1
300,13,351.1888732910156,756.90576171875,588.5570068359375,392.4788818359375,-1,-1,-1,-1
301,13,345.2509460449219,770.5947265625,689.8302001953125,374.4918212890625,-1,-1,-1,-1
302,13,183.9288787841797,842.9861450195312,895.7859497070312,358.40130615234375,-1,-1,-1,-1
303,13,84.27616882324219,872.5613403320312,945.2682495117188,380.75750732421875,-1,-1,-1,-1
304,13,81.16072082519531,810.434814453125,877.7714233398438,431.4654541015625,-1,-1,-1,-1
305,13,13.725505828857422,696.7831420898438,780.6915893554688,529.4697875976562,-1,-1,-1,-1
306,13,-37.21289825439453,578.1068725585938,613.8817138671875,804.9651489257812,-1,-1,-1,-1
307,13,-158.2505340576172,571.6909790039062,732.1009521484375,892.3396606445312,-1,-1,-1,-1
308,13,-205.5640411376953,771.3477783203125,765.7857666015625,667.0406494140625,-1,-1,-1,-1
309,13,-191.26904296875,720.8744506835938,611.892578125,524.5045776367188,-1,-1,-1,-1
310,13,-286.9300537109375,685.796142578125,709.4881591796875,520.2513427734375,-1,-1,-1,-1
311,13,-293.1387023925781,578.6660766601562,642.6691284179688,514.3549194335938,-1,-1,-1,-1
312,13,-332.2706604003906,175.66033935546875,667.64453125,1287.789306640625,-1,-1,-1,-1
313,13,-237.9208984375,258.8753967285156,478.86102294921875,1146.7806396484375,-1,-1,-1,-1
314,13,-275.69708251953125,205.97637939453125,554.4148559570312,1267.908447265625,-1,-1,-1,-1
315,13,-323.520751953125,205.98158264160156,650.0643310546875,1311.8089599609375,-1,-1,-1,-1
275,14,1295.41455078125,306.1819152832031,129.35009765625,464.2161560058594,-1,-1,-1,-1
276,14,1240.668212890625,300.01055908203125,156.370361328125,466.552978515625,-1,-1,-1,-1
277,14,1190.3359375,274.99578857421875,205.265625,466.40155029296875,-1,-1,-1,-1
278,14,1166.316162109375,261.0459289550781,208.6683349609375,466.6844177246094,-1,-1,-1,-1
279,14,1143.3428955078125,249.16697692871094,214.416015625,469.22344970703125,-1,-1,-1,-1
280,14,1123.58740234375,226.1689910888672,219.4677734375,464.3018798828125,-1,-1,-1,-1
281,14,1098.451904296875,225.8629608154297,224.6396484375,458.159912109375,-1,-1,-1,-1
282,14,1081.506591796875,252.73825073242188,227.6646728515625,446.6883239746094,-1,-1,-1,-1
283,14,1067.3211669921875,258.88055419921875,225.580810546875,439.08099365234375,-1,-1,-1,-1
284,14,1054.2850341796875,277.4736022949219,218.05029296875,435.3011169433594,-1,-1,-1,-1
285,14,1049.45166015625,295.0476989746094,220.3651123046875,431.8777160644531,-1,-1,-1,-1
286,14,1029.1746826171875,286.5226135253906,226.6427001953125,424.0152893066406,-1,-1,-1,-1
287,14,1028.70947265625,296.52252197265625,266.12646484375,430.97906494140625,-1,-1,-1,-1
288,14,1058.3909912109375,287.3252258300781,322.2884521484375,450.7388610839844,-1,-1,-1,-1
289,14,1066.72265625,275.34228515625,336.448974609375,454.9058837890625,-1,-1,-1,-1
290,14,1061.0078125,274.0150146484375,340.02685546875,469.759033203125,-1,-1,-1,-1
291,14,1064.76123046875,253.9235076904297,339.570556640625,481.09564208984375,-1,-1,-1,-1
292,14,1104.9544677734375,223.24012756347656,301.360595703125,482.7835693359375,-1,-1,-1,-1
293,14,1182.5302734375,289.4862365722656,226.1800537109375,415.0167541503906,-1,-1,-1,-1
294,14,1266.1903076171875,288.9364013671875,150.93359375,432.23779296875,-1,-1,-1,-1
295,14,1298.4267578125,237.8464813232422,198.2994384765625,484.95062255859375,-1,-1,-1,-1
316,15,-197.86962890625,-101.46456909179688,400.609619140625,811.2069091796875,-1,-1,-1,-1
317,15,-32.031219482421875,15.528263092041016,314.4913330078125,664.767578125,-1,-1,-1,-1
318,15,77.1728286743164,37.42552185058594,308.2096252441406,619.1822509765625,-1,-1,-1,-1
319,15,204.6288604736328,94.5287857055664,305.8746337890625,516.6005859375,-1,-1,-1,-1
320,15,348.77874755859375,121.9407958984375,282.84002685546875,486.91607666015625,-1,-1,-1,-1
321,15,486.880859375,194.44430541992188,249.339111328125,436.2093200683594,-1,-1,-1,-1
322,15,595.65625,247.03135681152344,234.05767822265625,422.616455078125,-1,-1,-1,-1
323,15,694.9890747070312,302.2081298828125,230.7918701171875,400.97442626953125,-1,-1,-1,-1
324,15,809.0443725585938,347.33123779296875,224.51470947265625,381.93560791015625,-1,-1,-1,-1
325,15,934.6777954101562,376.9255676269531,227.01641845703125,370.1676940917969,-1,-1,-1,-1
326,15,1101.4779052734375,382.5948181152344,198.8153076171875,388.5552062988281,-1,-1,-1,-1
327,15,1013.515625,437.9041442871094,245.283447265625,345.0768737792969,-1,-1,-1,-1
322,16,-92.74311828613281,487.6680908203125,188.51036071777344,415.4044189453125,-1,-1,-1,-1
323,16,-48.34785842895508,538.720703125,203.62889099121094,305.12847900390625,-1,-1,-1,-1
324,16,109.59526824951172,496.5511169433594,183.20404052734375,314.2252502441406,-1,-1,-1,-1
325,16,281.568115234375,458.35113525390625,149.593994140625,299.8662109375,-1,-1,-1,-1
326,16,440.7212829589844,432.22119140625,124.83999633789062,290.4808349609375,-1,-1,-1,-1
327,16,568.5166015625,435.27490234375,105.6014404296875,281.9742431640625,-1,-1,-1,-1
328,16,640.2390747070312,440.02288818359375,98.083984375,283.99603271484375,-1,-1,-1,-1
329,16,671.16845703125,439.1541748046875,99.6114501953125,286.291015625,-1,-1,-1,-1
330,16,693.2742919921875,432.68243408203125,96.2401123046875,288.5390625,-1,-1,-1,-1
331,16,708.7989501953125,419.5954284667969,94.05169677734375,292.1440124511719,-1,-1,-1,-1
332,16,719.6400146484375,411.9879455566406,94.3787841796875,295.9304504394531,-1,-1,-1,-1
333,16,712.2279052734375,406.94140625,97.14324951171875,296.41162109375,-1,-1,-1,-1
334,16,701.4976806640625,420.184326171875,104.64569091796875,297.32257080078125,-1,-1,-1,-1
335,16,709.8709716796875,433.67919921875,106.3310546875,299.25408935546875,-1,-1,-1,-1
336,16,715.6754150390625,433.59478759765625,106.80615234375,300.6231689453125,-1,-1,-1,-1
337,16,716.633056640625,432.97271728515625,108.677490234375,301.65789794921875,-1,-1,-1,-1
338,16,714.5701904296875,430.13360595703125,114.2767333984375,303.26531982421875,-1,-1,-1,-1
339,16,710.0069580078125,412.067138671875,120.09881591796875,312.4005126953125,-1,-1,-1,-1
340,16,710.1741943359375,409.8972473144531,127.6851806640625,313.0818786621094,-1,-1,-1,-1
341,16,731.2197265625,454.5851745605469,129.16387939453125,312.8020324707031,-1,-1,-1,-1
342,16,751.0962524414062,543.0239868164062,118.388916015625,307.52923583984375,-1,-1,-1,-1
343,16,755.38330078125,527.3666381835938,117.908203125,307.3057861328125,-1,-1,-1,-1
344,16,773.7261962890625,524.1448974609375,123.85888671875,310.204345703125,-1,-1,-1,-1
345,16,750.3373413085938,483.2996826171875,134.33416748046875,316.129150390625,-1,-1,-1,-1
346,16,745.9957275390625,460.809814453125,137.6505126953125,316.68658447265625,-1,-1,-1,-1
347,16,735.7955932617188,450.97052001953125,147.38427734375,319.78472900390625,-1,-1,-1,-1
348,16,723.8120727539062,459.3255310058594,146.99658203125,316.8541564941406,-1,-1,-1,-1
349,16,720.6417236328125,467.1080017089844,155.9189453125,314.9245300292969,-1,-1,-1,-1
350,16,707.6231689453125,475.1954040527344,169.9462890625,307.3816833496094,-1,-1,-1,-1
351,16,685.0828247070312,457.507568359375,184.12762451171875,310.8763427734375,-1,-1,-1,-1
352,16,672.8145751953125,452.1659240722656,199.74169921875,309.3204040527344,-1,-1,-1,-1
353,16,671.8751831054688,463.4167175292969,208.27978515625,307.2964172363281,-1,-1,-1,-1
354,16,679.5218505859375,464.8262634277344,219.7069091796875,314.6910095214844,-1,-1,-1,-1
355,16,693.887939453125,486.3012390136719,218.16717529296875,312.6357116699219,-1,-1,-1,-1
356,16,717.8692016601562,502.5365905761719,228.27716064453125,322.2851867675781,-1,-1,-1,-1
357,16,754.2348022460938,510.09765625,226.7537841796875,334.86529541015625,-1,-1,-1,-1
358,16,788.4598999023438,509.220458984375,226.9139404296875,345.54425048828125,-1,-1,-1,-1
359,16,805.9777221679688,511.6847229003906,221.67816162109375,352.6508483886719,-1,-1,-1,-1
360,16,822.2523193359375,514.479736328125,215.6737060546875,361.27032470703125,-1,-1,-1,-1
361,16,834.140869140625,501.7630615234375,210.71728515625,371.533447265625,-1,-1,-1,-1
362,16,837.6447143554688,511.50030517578125,207.83612060546875,369.4830322265625,-1,-1,-1,-1
363,16,840.6093139648438,517.1004028320312,212.38092041015625,366.96112060546875,-1,-1,-1,-1
364,16,851.2391357421875,527.2117919921875,223.588623046875,359.8096923828125,-1,-1,-1,-1
365,16,876.1876831054688,529.5321655273438,226.76495361328125,360.286865234375,-1,-1,-1,-1
366,16,897.76416015625,542.7203979492188,234.6768798828125,355.18402099609375,-1,-1,-1,-1
367,16,926.8181762695312,556.1534423828125,240.98590087890625,357.536865234375,-1,-1,-1,-1
368,16,954.772216796875,555.395263671875,248.1986083984375,362.2760009765625,-1,-1,-1,-1
369,16,991.239990234375,559.1875,257.4052734375,373.6192626953125,-1,-1,-1,-1
370,16,1033.416259765625,561.1338500976562,281.3487548828125,384.16473388671875,-1,-1,-1,-1
371,16,1068.708251953125,579.2412719726562,304.16015625,387.44537353515625,-1,-1,-1,-1
372,16,1096.3109130859375,595.2285766601562,309.74951171875,383.07281494140625,-1,-1,-1,-1
373,16,1114.9447021484375,577.2250366210938,300.322509765625,397.2882080078125,-1,-1,-1,-1
374,16,1152.265869140625,608.4564208984375,263.43017578125,390.851318359375,-1,-1,-1,-1
375,16,1195.029541015625,602.1826782226562,237.288818359375,449.96746826171875,-1,-1,-1,-1
376,16,1213.4769287109375,490.5966796875,281.5379638671875,598.8697509765625,-1,-1,-1,-1
325,17,-104.15571594238281,552.8416137695312,211.35223388671875,410.05413818359375,-1,-1,-1,-1
326,17,9.72332763671875,522.8458862304688,240.99920654296875,357.35711669921875,-1,-1,-1,-1
327,17,157.79519653320312,496.8078918457031,210.79287719726562,342.2016906738281,-1,-1,-1,-1
328,17,243.72732543945312,486.05560302734375,185.25527954101562,334.4332275390625,-1,-1,-1,-1
329,17,276.5431213378906,473.6240234375,171.25540161132812,337.15618896484375,-1,-1,-1,-1
330,17,296.58856201171875,457.18487548828125,163.552978515625,339.68658447265625,-1,-1,-1,-1
331,17,307.3389587402344,437.1077880859375,166.42532348632812,344.748779296875,-1,-1,-1,-1
332,17,312.314453125,417.9805908203125,165.33099365234375,349.58892822265625,-1,-1,-1,-1
333,17,299.71026611328125,406.5413818359375,165.24533081054688,361.51123046875,-1,-1,-1,-1
334,17,287.4436950683594,402.365234375,161.95306396484375,368.171142578125,-1,-1,-1,-1
335,17,294.5236511230469,402.328125,152.40652465820312,371.2408447265625,-1,-1,-1,-1
336,17,286.1639404296875,394.0643615722656,158.444580078125,374.6310119628906,-1,-1,-1,-1
337,17,277.17730712890625,389.7652282714844,163.85256958007812,378.2301940917969,-1,-1,-1,-1
338,17,268.4938659667969,387.22015380859375,168.15582275390625,380.03228759765625,-1,-1,-1,-1
339,17,259.0736999511719,358.4045715332031,169.53582763671875,384.1841735839844,-1,-1,-1,-1
340,17,255.5978546142578,339.3141784667969,169.6523895263672,390.2797546386719,-1,-1,-1,-1
341,17,280.8542785644531,378.1634826660156,165.49887084960938,384.0678405761719,-1,-1,-1,-1
342,17,308.2439270019531,470.5570373535156,155.97134399414062,373.4804382324219,-1,-1,-1,-1
343,17,309.9906921386719,447.872314453125,156.1375732421875,377.58892822265625,-1,-1,-1,-1
344,17,327.0569152832031,441.1288146972656,151.68536376953125,376.1898498535156,-1,-1,-1,-1
345,17,293.7277526855469,402.0621337890625,160.51971435546875,388.13177490234375,-1,-1,-1,-1
346,17,284.9432373046875,362.1160888671875,160.03759765625,396.64794921875,-1,-1,-1,-1
347,17,274.4615783691406,346.23760986328125,160.17596435546875,400.44500732421875,-1,-1,-1,-1
348,17,259.2191162109375,347.5346984863281,158.5067138671875,405.6599426269531,-1,-1,-1,-1
349,17,260.5111999511719,339.95245361328125,153.11734008789062,407.83282470703125,-1,-1,-1,-1
350,17,254.51742553710938,334.4488220214844,155.31564331054688,410.0220642089844,-1,-1,-1,-1
351,17,243.94602966308594,307.053955078125,157.3533477783203,418.6265869140625,-1,-1,-1,-1
352,17,245.65142822265625,295.9184265136719,155.67642211914062,423.4225158691406,-1,-1,-1,-1
353,17,254.98524475097656,308.540771484375,159.1721649169922,419.3040771484375,-1,-1,-1,-1
354,17,273.4312438964844,310.37872314453125,161.880859375,422.09814453125,-1,-1,-1,-1
355,17,294.83428955078125,341.54522705078125,163.37872314453125,418.68865966796875,-1,-1,-1,-1
356,17,330.7513427734375,362.5315856933594,166.0029296875,411.0005798339844,-1,-1,-1,-1
357,17,367.7948913574219,379.6118469238281,168.61129760742188,411.3114929199219,-1,-1,-1,-1
358,17,405.842041015625,378.1842956542969,164.3790283203125,408.6200256347656,-1,-1,-1,-1
359,17,422.52593994140625,377.0591125488281,167.8829345703125,411.9798278808594,-1,-1,-1,-1
360,17,437.61004638671875,381.2642822265625,168.74481201171875,407.1658935546875,-1,-1,-1,-1
361,17,441.7475891113281,381.4761657714844,172.33572387695312,405.3605041503906,-1,-1,-1,-1
362,17,435.5943298339844,393.2722473144531,174.03652954101562,400.7549743652344,-1,-1,-1,-1
363,17,423.4735412597656,387.178466796875,197.67697143554688,394.5792236328125,-1,-1,-1,-1
364,17,421.09759521484375,381.60491943359375,217.0059814453125,388.87603759765625,-1,-1,-1,-1
365,17,431.98443603515625,397.3985595703125,226.06982421875,378.7103271484375,-1,-1,-1,-1
366,17,438.0741882324219,413.9331359863281,243.45693969726562,375.8521423339844,-1,-1,-1,-1
367,17,435.6074523925781,423.2489929199219,273.7912902832031,386.4188537597656,-1,-1,-1,-1
368,17,419.47052001953125,411.5452575683594,317.81561279296875,404.0232238769531,-1,-1,-1,-1
369,17,413.4046630859375,409.1506652832031,342.12078857421875,419.5600280761719,-1,-1,-1,-1
370,17,444.8602294921875,378.5170593261719,335.9716796875,443.0003356933594,-1,-1,-1,-1
371,17,490.2684020996094,352.2252502441406,308.7455139160156,453.7406311035156,-1,-1,-1,-1
372,17,514.0254516601562,330.6649475097656,287.296875,462.7791442871094,-1,-1,-1,-1
373,17,507.81719970703125,301.59637451171875,279.3863525390625,482.248046875,-1,-1,-1,-1
374,17,519.8512573242188,278.5177307128906,273.8466796875,495.9014587402344,-1,-1,-1,-1
375,17,538.93603515625,290.49798583984375,250.04473876953125,495.60015869140625,-1,-1,-1,-1
376,17,551.4099731445312,316.61541748046875,223.86505126953125,495.9979248046875,-1,-1,-1,-1
377,17,566.6004028320312,342.1913146972656,196.128662109375,491.2002258300781,-1,-1,-1,-1
378,17,546.1647338867188,332.97784423828125,202.8165283203125,504.80963134765625,-1,-1,-1,-1
379,17,550.7852172851562,334.49615478515625,201.00604248046875,520.5115966796875,-1,-1,-1,-1
380,17,521.8028564453125,288.9715576171875,254.694091796875,548.2467651367188,-1,-1,-1,-1
381,17,524.0331420898438,247.080078125,285.25360107421875,579.8676147460938,-1,-1,-1,-1
382,17,545.3192138671875,257.7887268066406,275.9910888671875,561.1790771484375,-1,-1,-1,-1
383,17,569.6978149414062,271.44580078125,212.95623779296875,525.0103149414062,-1,-1,-1,-1
384,17,559.2499389648438,268.63360595703125,198.03509521484375,489.4239501953125,-1,-1,-1,-1
385,17,551.34619140625,280.0477600097656,225.040283203125,473.9043884277344,-1,-1,-1,-1
386,17,560.5783081054688,285.86981201171875,251.66290283203125,470.5938720703125,-1,-1,-1,-1
387,17,579.723388671875,304.8898010253906,243.5614013671875,483.4222106933594,-1,-1,-1,-1
388,17,561.8402709960938,306.7262878417969,258.93414306640625,491.6818542480469,-1,-1,-1,-1
389,17,588.4813232421875,331.3001403808594,231.91619873046875,451.4566345214844,-1,-1,-1,-1
390,17,621.63818359375,345.42205810546875,191.9937744140625,432.92694091796875,-1,-1,-1,-1
391,17,616.8865356445312,343.7410888671875,175.778564453125,433.48272705078125,-1,-1,-1,-1
392,17,617.012451171875,314.7970275878906,162.37640380859375,449.7894592285156,-1,-1,-1,-1
393,17,612.638916015625,317.8890686035156,160.4368896484375,453.1452941894531,-1,-1,-1,-1
394,17,603.3757934570312,323.00848388671875,179.40740966796875,466.1387939453125,-1,-1,-1,-1
395,17,574.5945434570312,330.3191223144531,215.97784423828125,470.8642883300781,-1,-1,-1,-1
396,17,586.2625122070312,342.1075744628906,211.08306884765625,465.6361389160156,-1,-1,-1,-1
397,17,611.5625,376.8341369628906,175.67547607421875,439.2463684082031,-1,-1,-1,-1
398,17,634.2992553710938,404.55694580078125,164.253173828125,421.6627197265625,-1,-1,-1,-1
399,17,644.2763671875,415.72381591796875,168.44384765625,415.77471923828125,-1,-1,-1,-1
400,17,614.39990234375,431.04449462890625,211.72174072265625,413.80328369140625,-1,-1,-1,-1
401,17,578.9730834960938,446.24957275390625,234.0015869140625,416.4937744140625,-1,-1,-1,-1
402,17,589.5213012695312,468.8993835449219,217.234375,410.0262756347656,-1,-1,-1,-1
403,17,620.4655151367188,475.7469787597656,184.02557373046875,405.2958068847656,-1,-1,-1,-1
404,17,629.7979125976562,488.6693115234375,171.66351318359375,403.09918212890625,-1,-1,-1,-1
405,17,629.3206787109375,472.65948486328125,174.93389892578125,406.058349609375,-1,-1,-1,-1
406,17,644.4981079101562,473.1151123046875,173.40362548828125,412.40167236328125,-1,-1,-1,-1
407,17,667.6570434570312,478.35040283203125,168.03265380859375,421.9326171875,-1,-1,-1,-1
408,17,685.6021118164062,479.07666015625,165.77960205078125,434.2606201171875,-1,-1,-1,-1
409,17,693.7565307617188,480.94482421875,168.55328369140625,444.6019287109375,-1,-1,-1,-1
410,17,686.8531494140625,484.86785888671875,178.2271728515625,446.6793212890625,-1,-1,-1,-1
411,17,682.31396484375,482.89764404296875,183.24920654296875,445.605224609375,-1,-1,-1,-1
412,17,671.8382568359375,501.1514587402344,183.63970947265625,445.9139099121094,-1,-1,-1,-1
413,17,663.8876953125,512.59716796875,179.9786376953125,444.073486328125,-1,-1,-1,-1
414,17,649.4840087890625,496.08642578125,179.307861328125,448.0244140625,-1,-1,-1,-1
415,17,635.5036010742188,481.19671630859375,175.47662353515625,442.1591796875,-1,-1,-1,-1
416,17,624.4845581054688,473.693359375,172.04974365234375,433.56787109375,-1,-1,-1,-1
417,17,622.5753784179688,491.4187927246094,170.0048828125,425.2875061035156,-1,-1,-1,-1
418,17,622.6138916015625,502.9028625488281,170.52935791015625,421.8614196777344,-1,-1,-1,-1
419,17,618.9177856445312,502.23065185546875,173.44989013671875,428.15972900390625,-1,-1,-1,-1
420,17,616.0175170898438,489.824951171875,179.6551513671875,434.6419677734375,-1,-1,-1,-1
421,17,612.55908203125,491.0,182.99383544921875,443.87554931640625,-1,-1,-1,-1
422,17,603.6590576171875,487.0547790527344,196.79974365234375,445.6095886230469,-1,-1,-1,-1
423,17,589.139892578125,486.37860107421875,206.99359130859375,453.95086669921875,-1,-1,-1,-1
424,17,566.8895263671875,493.92156982421875,230.7100830078125,454.53057861328125,-1,-1,-1,-1
425,17,552.4342651367188,501.87481689453125,253.1207275390625,447.7470703125,-1,-1,-1,-1
426,17,547.0264282226562,499.7182312011719,267.70977783203125,441.9042053222656,-1,-1,-1,-1
427,17,538.1783447265625,475.0063781738281,280.8795166015625,451.9546813964844,-1,-1,-1,-1
428,17,539.317138671875,468.7776184082031,280.671875,466.9805603027344,-1,-1,-1,-1
429,17,573.3004760742188,451.82769775390625,251.32415771484375,476.49267578125,-1,-1,-1,-1
430,17,608.7755737304688,442.1548767089844,231.5648193359375,481.2864074707031,-1,-1,-1,-1
431,17,615.6261596679688,433.8641662597656,234.3341064453125,494.7193298339844,-1,-1,-1,-1
432,17,615.4335327148438,460.5351257324219,232.45281982421875,504.5295104980469,-1,-1,-1,-1
433,17,623.585205078125,483.7591857910156,230.976806640625,505.5539855957031,-1,-1,-1,-1
434,17,611.08154296875,499.0815734863281,244.8193359375,499.9096374511719,-1,-1,-1,-1
435,17,595.7755126953125,479.9300231933594,262.95135498046875,497.5727233886719,-1,-1,-1,-1
436,17,578.0740966796875,467.5677795410156,281.1097412109375,496.1938781738281,-1,-1,-1,-1
437,17,560.3197631835938,490.48138427734375,286.28961181640625,489.84771728515625,-1,-1,-1,-1
438,17,546.6937866210938,513.1785888671875,306.62261962890625,488.343505859375,-1,-1,-1,-1
439,17,558.6343383789062,518.4910888671875,328.24578857421875,500.121826171875,-1,-1,-1,-1
440,17,557.65966796875,507.68060302734375,342.99395751953125,504.39471435546875,-1,-1,-1,-1
441,17,552.1774291992188,526.4210815429688,348.2366943359375,518.3782348632812,-1,-1,-1,-1
327,18,1228.6295166015625,416.62823486328125,184.77587890625,419.12884521484375,-1,-1,-1,-1
328,18,1250.2080078125,443.2747497558594,234.9296875,428.7202453613281,-1,-1,-1,-1
329,18,1314.9468994140625,413.4663391113281,188.04736328125,452.8862609863281,-1,-1,-1,-1
330,18,1305.885986328125,398.8494873046875,207.20458984375,464.7200927734375,-1,-1,-1,-1
333,18,1297.1768798828125,415.64898681640625,224.587890625,469.0721435546875,-1,-1,-1,-1
334,18,1289.4530029296875,432.6762390136719,239.943603515625,492.8725280761719,-1,-1,-1,-1
336,18,1251.95849609375,566.4010009765625,153.763427734375,334.00433349609375,-1,-1,-1,-1
337,18,1246.0357666015625,584.0789794921875,165.4918212890625,322.328369140625,-1,-1,-1,-1
338,18,1242.833251953125,578.8876342773438,176.322509765625,328.477783203125,-1,-1,-1,-1
339,18,1234.4552001953125,601.94921875,171.758544921875,318.773681640625,-1,-1,-1,-1
340,18,1216.1429443359375,601.9971313476562,186.6170654296875,322.92681884765625,-1,-1,-1,-1
341,18,1165.696044921875,637.1203002929688,239.871826171875,300.91473388671875,-1,-1,-1,-1
342,18,1183.418701171875,676.2806396484375,223.6708984375,313.766357421875,-1,-1,-1,-1
343,18,1240.1678466796875,648.9243774414062,185.9493408203125,346.2181396484375,-1,-1,-1,-1
344,18,1284.677734375,641.4674072265625,134.072509765625,332.89910888671875,-1,-1,-1,-1
345,18,1224.5367431640625,617.0289306640625,178.344970703125,370.75970458984375,-1,-1,-1,-1
346,18,1211.983154296875,613.7210083007812,173.9697265625,346.22454833984375,-1,-1,-1,-1
347,18,1196.2196044921875,605.5424194335938,171.6087646484375,336.62420654296875,-1,-1,-1,-1
348,18,1149.249755859375,601.38427734375,196.712890625,342.1279296875,-1,-1,-1,-1
349,18,1105.948486328125,613.6349487304688,234.333251953125,342.19561767578125,-1,-1,-1,-1
350,18,1082.4222412109375,625.6419067382812,245.6778564453125,342.30853271484375,-1,-1,-1,-1
351,18,1059.91796875,625.154052734375,239.5498046875,329.19464111328125,-1,-1,-1,-1
352,18,1060.2247314453125,625.5568237304688,226.179443359375,309.02130126953125,-1,-1,-1,-1
353,18,1074.1964111328125,645.982666015625,226.236083984375,290.858642578125,-1,-1,-1,-1
354,18,1094.7813720703125,639.3407592773438,217.11572265625,312.8101806640625,-1,-1,-1,-1
355,18,1122.621337890625,640.3909912109375,197.1220703125,331.894775390625,-1,-1,-1,-1
356,18,1141.768798828125,646.3319702148438,216.5401611328125,352.3148193359375,-1,-1,-1,-1
357,18,1166.244384765625,637.7967529296875,230.8812255859375,374.53973388671875,-1,-1,-1,-1
358,18,1201.33251953125,639.5015258789062,211.56640625,387.08441162109375,-1,-1,-1,-1
359,18,1226.56103515625,621.025146484375,186.684326171875,416.7557373046875,-1,-1,-1,-1
360,18,1249.375244140625,658.8739013671875,160.1219482421875,378.011474609375,-1,-1,-1,-1
361,18,1264.8619384765625,724.98779296875,145.755615234375,298.245849609375,-1,-1,-1,-1
362,18,1270.84326171875,664.3972778320312,139.8739013671875,354.970458984375,-1,-1,-1,-1
363,18,1251.101806640625,686.3242797851562,166.322021484375,353.03704833984375,-1,-1,-1,-1
364,18,1228.3712158203125,667.7392578125,177.8876953125,403.04248046875,-1,-1,-1,-1
365,18,1249.13330078125,646.1275024414062,159.309814453125,430.14764404296875,-1,-1,-1,-1
366,18,1228.636474609375,598.6288452148438,187.4481201171875,436.79925537109375,-1,-1,-1,-1
333,19,456.4112548828125,766.97412109375,566.5081787109375,646.9981689453125,-1,-1,-1,-1
334,19,490.23895263671875,574.4493408203125,717.0576782226562,838.3980712890625,-1,-1,-1,-1
335,19,279.3188781738281,503.58978271484375,1135.5572509765625,902.7378540039062,-1,-1,-1,-1
336,19,239.66433715820312,415.3015441894531,1174.308837890625,994.3572998046875,-1,-1,-1,-1
337,19,270.23663330078125,431.6131286621094,1119.6630859375,982.08935546875,-1,-1,-1,-1
338,19,269.25970458984375,522.6607055664062,1135.289306640625,880.1271362304688,-1,-1,-1,-1
339,19,202.730224609375,535.8942260742188,1204.716552734375,876.2800903320312,-1,-1,-1,-1
340,19,216.87596130371094,539.4862060546875,1129.65966796875,871.7818603515625,-1,-1,-1,-1
341,19,526.0225830078125,554.6980590820312,813.7576904296875,852.2493286132812,-1,-1,-1,-1
342,19,642.9522705078125,619.4871215820312,652.9510498046875,792.5199584960938,-1,-1,-1,-1
343,19,566.5181884765625,634.2308349609375,813.3162841796875,778.6046142578125,-1,-1,-1,-1
344,19,557.0519409179688,644.8718872070312,928.3672485351562,775.8565063476562,-1,-1,-1,-1
345,19,473.0784912109375,760.3121948242188,846.99072265625,651.8468627929688,-1,-1,-1,-1
346,19,498.1864929199219,868.622314453125,427.7937316894531,546.0380859375,-1,-1,-1,-1
347,19,393.1185302734375,966.900390625,392.974609375,452.67431640625,-1,-1,-1,-1
439,20,806.6326904296875,570.1720581054688,47.21875,99.2745361328125,-1,-1,-1,-1
440,20,791.4155883789062,564.1408081054688,44.49798583984375,93.8944091796875,-1,-1,-1,-1
