1,1,599.9551391601562,498.89794921875,151.386474609375,341.00537109375,-1,-1,-1,-1
2,1,611.3115844726562,488.0115966796875,137.4638671875,345.98193359375,-1,-1,-1,-1
3,1,626.7034912109375,478.71868896484375,127.90899658203125,358.1829833984375,-1,-1,-1,-1
4,1,642.8519897460938,476.4039001464844,116.86614990234375,370.3442687988281,-1,-1,-1,-1
5,1,657.5891723632812,470.88543701171875,112.0777587890625,385.34185791015625,-1,-1,-1,-1
6,1,666.8602294921875,466.52362060546875,115.16204833984375,401.44537353515625,-1,-1,-1,-1
7,1,670.8251953125,465.7100524902344,123.441650390625,408.2455749511719,-1,-1,-1,-1
8,1,671.4869995117188,464.263671875,131.271728515625,417.775634765625,-1,-1,-1,-1
9,1,662.7877197265625,461.1668701171875,148.798095703125,423.7177734375,-1,-1,-1,-1
10,1,664.4605102539062,448.25958251953125,155.5865478515625,427.79815673828125,-1,-1,-1,-1
11,1,669.3309936523438,434.0755615234375,149.5582275390625,437.6702880859375,-1,-1,-1,-1
12,1,685.2659301757812,422.5859680175781,141.45159912109375,447.3410949707031,-1,-1,-1,-1
13,1,715.4901123046875,404.5785827636719,134.65277099609375,458.1732482910156,-1,-1,-1,-1
14,1,746.2958984375,381.7253723144531,144.651611328125,475.2027282714844,-1,-1,-1,-1
15,1,777.451416015625,377.342041015625,190.7852783203125,488.5836181640625,-1,-1,-1,-1
16,1,868.24951171875,365.8634338378906,204.45849609375,522.8741455078125,-1,-1,-1,-1
17,1,998.5087280273438,381.6983947753906,238.18988037109375,535.6895751953125,-1,-1,-1,-1
18,1,606.27001953125,563.2088623046875,328.92510986328125,551.293212890625,-1,-1,-1,-1
1,2,1051.6932373046875,521.8128662109375,139.88427734375,282.97747802734375,-1,-1,-1,-1
2,2,1047.3587646484375,518.84521484375,144.724853515625,276.34649658203125,-1,-1,-1,-1
3,2,1025.834228515625,518.1870727539062,163.595947265625,272.86334228515625,-1,-1,-1,-1
4,2,1006.4549560546875,517.795654296875,176.3682861328125,271.97039794921875,-1,-1,-1,-1
5,2,991.0458374023438,509.8262939453125,181.77996826171875,273.44268798828125,-1,-1,-1,-1
6,2,988.1410522460938,505.6789245605469,175.71917724609375,275.3891906738281,-1,-1,-1,-1
7,2,981.3394165039062,502.4346618652344,171.45697021484375,272.6785583496094,-1,-1,-1,-1
8,2,972.0828247070312,500.98724365234375,162.80291748046875,270.90826416015625,-1,-1,-1,-1
9,2,956.861328125,495.815185546875,158.646240234375,271.43524169921875,-1,-1,-1,-1
10,2,948.69677734375,483.7716064453125,154.6119384765625,272.12982177734375,-1,-1,-1,-1
11,2,934.3241577148438,469.3443603515625,149.24603271484375,271.21282958984375,-1,-1,-1,-1
12,2,925.7322998046875,461.4195251464844,152.0487060546875,269.5209655761719,-1,-1,-1,-1
13,2,942.6997680664062,439.2382507324219,149.41522216796875,275.5126037597656,-1,-1,-1,-1
14,2,961.4139404296875,420.56341552734375,145.1793212890625,281.380126953125,-1,-1,-1,-1
15,2,983.171875,409.64581298828125,144.71533203125,285.074462890625,-1,-1,-1,-1
16,2,1056.345947265625,396.8141174316406,160.98095703125,291.6747131347656,-1,-1,-1,-1
17,2,1006.412841796875,435.1661071777344,223.2889404296875,307.1485900878906,-1,-1,-1,-1
18,2,643.64599609375,499.9608459472656,346.7611083984375,454.5148620605469,-1,-1,-1,-1
9,3,240.59332275390625,572.1405029296875,25.9105224609375,59.62689208984375,-1,-1,-1,-1
10,3,214.76376342773438,567.4703979492188,26.38446044921875,55.0447998046875,-1,-1,-1,-1
11,3,179.82423400878906,566.40087890625,28.5902099609375,59.1429443359375,-1,-1,-1,-1
12,3,158.4981689453125,562.098876953125,30.580825805664062,59.107666015625,-1,-1,-1,-1
13,3,158.17584228515625,561.6151123046875,31.8726806640625,60.77410888671875,-1,-1,-1,-1
14,3,160.1510009765625,558.1511840820312,32.91923522949219,61.37042236328125,-1,-1,-1,-1
15,3,169.59744262695312,557.3501586914062,32.72834777832031,63.51202392578125,-1,-1,-1,-1
16,3,244.44189453125,523.4878540039062,29.5135498046875,53.81121826171875,-1,-1,-1,-1
17,3,356.01556396484375,497.6755676269531,28.529541015625,52.035064697265625,-1,-1,-1,-1
18,3,441.83642578125,455.3553466796875,29.688690185546875,48.32025146484375,-1,-1,-1,-1
19,3,521.7778930664062,414.45819091796875,25.2789306640625,47.765869140625,-1,-1,-1,-1
20,3,597.603515625,438.87689208984375,25.67059326171875,56.538818359375,-1,-1,-1,-1
21,3,657.8551635742188,434.7580261230469,23.821044921875,56.103729248046875,-1,-1,-1,-1
22,3,700.7835083007812,402.9500732421875,24.811767578125,61.65032958984375,-1,-1,-1,-1
23,3,716.5025634765625,367.80828857421875,23.9539794921875,59.8721923828125,-1,-1,-1,-1
24,3,756.7266845703125,344.49237060546875,25.3544921875,67.125,-1,-1,-1,-1
25,3,763.2958984375,331.348876953125,25.0946044921875,66.7200927734375,-1,-1,-1,-1
26,3,788.5418090820312,304.2960510253906,24.828369140625,63.880828857421875,-1,-1,-1,-1
27,3,790.429931640625,309.6640319824219,28.296875,57.959320068359375,-1,-1,-1,-1
28,3,791.8089599609375,229.3667755126953,30.5252685546875,74.39414978027344,-1,-1,-1,-1
17,4,1172.7967529296875,403.3430480957031,185.4627685546875,299.6255187988281,-1,-1,-1,-1
18,4,974.5316162109375,415.08892822265625,256.5074462890625,317.00067138671875,-1,-1,-1,-1
18,5,1127.454345703125,408.4747619628906,287.744873046875,536.8389892578125,-1,-1,-1,-1
19,5,1234.2073974609375,408.9625244140625,280.6556396484375,554.8114624023438,-1,-1,-1,-1
20,5,1240.7977294921875,352.1400451660156,337.2572021484375,684.327880859375,-1,-1,-1,-1
59,6,890.1796264648438,613.583251953125,665.8446655273438,517.5872802734375,-1,-1,-1,-1
60,6,823.3129272460938,489.8242492675781,743.9697875976562,613.6563720703125,-1,-1,-1,-1
61,6,809.4400024414062,465.26861572265625,677.4490356445312,608.7330932617188,-1,-1,-1,-1
62,6,827.9497680664062,477.16400146484375,580.8711547851562,577.4749145507812,-1,-1,-1,-1
63,6,850.7238159179688,479.4489440917969,534.4326782226562,583.1007080078125,-1,-1,-1,-1
64,6,886.1566772460938,502.1845703125,458.08172607421875,572.179931640625,-1,-1,-1,-1
65,6,908.20458984375,512.0747680664062,417.5494384765625,571.0803833007812,-1,-1,-1,-1
66,6,929.0674438476562,520.9824829101562,377.71673583984375,560.3060913085938,-1,-1,-1,-1
67,6,950.2137451171875,531.8682250976562,331.03125,516.0930786132812,-1,-1,-1,-1
68,6,926.4666748046875,529.325927734375,324.2576904296875,484.86810302734375,-1,-1,-1,-1
69,6,896.02197265625,533.7039184570312,317.61083984375,456.35345458984375,-1,-1,-1,-1
70,6,864.283203125,543.237060546875,313.5224609375,435.9833984375,-1,-1,-1,-1
71,6,842.618896484375,558.1416625976562,293.7264404296875,409.05426025390625,-1,-1,-1,-1
72,6,819.4921875,565.6442260742188,270.0545654296875,387.7855224609375,-1,-1,-1,-1
73,6,786.838623046875,566.88525390625,257.8138427734375,373.46405029296875,-1,-1,-1,-1
74,6,748.15771484375,565.234130859375,266.20330810546875,372.22845458984375,-1,-1,-1,-1
75,6,715.5060424804688,548.4834594726562,277.2286376953125,392.565185546875,-1,-1,-1,-1
76,6,693.21875,534.226318359375,282.0201416015625,413.79376220703125,-1,-1,-1,-1
77,6,686.6111450195312,522.0845336914062,279.58941650390625,435.39447021484375,-1,-1,-1,-1
78,6,678.7218627929688,500.0804443359375,283.58294677734375,452.115966796875,-1,-1,-1,-1
79,6,662.8276977539062,473.846435546875,299.57086181640625,470.76861572265625,-1,-1,-1,-1
80,6,663.4271240234375,443.45794677734375,302.179931640625,496.0537109375,-1,-1,-1,-1
81,6,677.0476684570312,417.42242431640625,289.0509033203125,521.1571044921875,-1,-1,-1,-1
82,6,694.1041259765625,401.3378601074219,283.8282470703125,545.484130859375,-1,-1,-1,-1
83,6,721.5765380859375,387.44189453125,292.552734375,576.7870483398438,-1,-1,-1,-1
84,6,756.5028076171875,382.20751953125,297.7779541015625,604.7814331054688,-1,-1,-1,-1
85,6,790.7322998046875,385.4720458984375,294.8184814453125,616.1502075195312,-1,-1,-1,-1
86,6,766.77197265625,397.5855407714844,338.6962890625,613.35791015625,-1,-1,-1,-1
87,6,747.9566040039062,412.86328125,354.99530029296875,606.35400390625,-1,-1,-1,-1
88,6,767.11572265625,420.8822326660156,337.4114990234375,601.03515625,-1,-1,-1,-1
89,6,786.6636962890625,418.9107360839844,314.3106689453125,603.9388427734375,-1,-1,-1,-1
90,6,795.8350830078125,420.5701599121094,296.8873291015625,594.3612060546875,-1,-1,-1,-1
91,6,801.7015380859375,412.2392578125,286.6712646484375,589.998046875,-1,-1,-1,-1
92,6,809.3927612304688,405.92626953125,274.43267822265625,586.6867065429688,-1,-1,-1,-1
93,6,807.244384765625,398.8365783691406,269.5103759765625,583.7845458984375,-1,-1,-1,-1
94,6,803.560546875,392.5828552246094,269.54931640625,567.4793701171875,-1,-1,-1,-1
95,6,796.03515625,401.09832763671875,269.2266845703125,537.030029296875,-1,-1,-1,-1
96,6,793.9002685546875,409.63446044921875,259.52734375,523.5211791992188,-1,-1,-1,-1
97,6,775.0572509765625,432.7212219238281,259.9932861328125,501.4281311035156,-1,-1,-1,-1
98,6,759.525146484375,446.0784606933594,253.93389892578125,475.8218688964844,-1,-1,-1,-1
99,6,734.3681640625,459.189697265625,252.2066650390625,463.8011474609375,-1,-1,-1,-1
100,6,714.8358764648438,465.8554992675781,259.94549560546875,483.3938903808594,-1,-1,-1,-1
101,6,697.9794921875,466.6305236816406,280.8994140625,516.729248046875,-1,-1,-1,-1
102,6,681.8909301757812,466.17816162109375,297.8748779296875,518.5730590820312,-1,-1,-1,-1
103,6,654.6328125,461.869140625,322.12176513671875,521.142578125,-1,-1,-1,-1
104,6,621.9722900390625,447.71099853515625,339.86517333984375,530.1720581054688,-1,-1,-1,-1
105,6,594.8207397460938,431.0758056640625,349.1005859375,540.4241333007812,-1,-1,-1,-1
106,6,576.9766235351562,414.30816650390625,361.7320556640625,552.4691772460938,-1,-1,-1,-1
107,6,577.3837890625,399.4800720214844,369.1959228515625,563.9208984375,-1,-1,-1,-1
108,6,578.0079345703125,387.183837890625,377.2645263671875,575.1052856445312,-1,-1,-1,-1
109,6,571.5220947265625,384.33197021484375,382.757080078125,579.9209594726562,-1,-1,-1,-1
110,6,562.248046875,388.0343933105469,383.20050048828125,579.412353515625,-1,-1,-1,-1
111,6,557.0814819335938,389.7383728027344,376.78741455078125,580.4666748046875,-1,-1,-1,-1
112,6,550.6630249023438,392.7048034667969,360.56304931640625,577.7227783203125,-1,-1,-1,-1
113,6,544.3703002929688,399.7339782714844,339.81414794921875,571.8544921875,-1,-1,-1,-1
114,6,543.406494140625,404.2950439453125,308.763427734375,570.669921875,-1,-1,-1,-1
115,6,545.3912963867188,405.6014404296875,280.25433349609375,571.7257080078125,-1,-1,-1,-1
116,6,546.0034790039062,405.88397216796875,280.267333984375,578.62939453125,-1,-1,-1,-1
117,6,544.689697265625,413.1784362792969,274.5445556640625,579.159423828125,-1,-1,-1,-1
118,6,532.0008544921875,419.1601257324219,274.513427734375,574.0706787109375,-1,-1,-1,-1
119,6,531.4039306640625,434.2852478027344,243.93017578125,562.1158447265625,-1,-1,-1,-1
120,6,533.5931396484375,461.4089050292969,211.02587890625,540.2490234375,-1,-1,-1,-1
121,6,534.9871826171875,490.4800720214844,209.2342529296875,517.6416015625,-1,-1,-1,-1
122,6,531.0538940429688,518.7199096679688,218.13287353515625,496.20159912109375,-1,-1,-1,-1
123,6,522.5032958984375,532.5203857421875,237.73828125,472.47998046875,-1,-1,-1,-1
124,6,510.1042785644531,546.0372924804688,263.5769348144531,459.58514404296875,-1,-1,-1,-1
125,6,504.78253173828125,557.19580078125,276.5595703125,448.99371337890625,-1,-1,-1,-1
126,6,529.9285888671875,579.0979614257812,254.982666015625,427.75872802734375,-1,-1,-1,-1
127,6,531.5224609375,608.9583129882812,235.5570068359375,396.65606689453125,-1,-1,-1,-1
128,6,532.0358276367188,615.929443359375,224.0697021484375,388.90679931640625,-1,-1,-1,-1
129,6,533.4541625976562,605.551025390625,208.23431396484375,398.99700927734375,-1,-1,-1,-1
130,6,539.6072998046875,584.2154541015625,196.3504638671875,423.25665283203125,-1,-1,-1,-1
131,6,544.0626220703125,572.6115112304688,187.0426025390625,445.35595703125,-1,-1,-1,-1
132,6,547.8057250976562,560.5475463867188,173.87744140625,454.22918701171875,-1,-1,-1,-1
133,6,542.7028198242188,554.7958984375,174.6824951171875,458.7618408203125,-1,-1,-1,-1
134,6,529.195556640625,546.8161010742188,174.96575927734375,464.03643798828125,-1,-1,-1,-1
135,6,494.6044006347656,537.7185668945312,177.13302612304688,470.78741455078125,-1,-1,-1,-1
136,6,442.8215637207031,526.2619018554688,177.09683227539062,480.65582275390625,-1,-1,-1,-1
137,6,379.9001159667969,516.02099609375,177.23336791992188,488.8197021484375,-1,-1,-1,-1
138,6,323.83111572265625,516.5496215820312,178.03250122070312,489.19000244140625,-1,-1,-1,-1
139,6,296.77618408203125,509.15399169921875,187.46255493164062,483.1036376953125,-1,-1,-1,-1
140,6,300.8405456542969,500.5198669433594,191.96932983398438,489.7149963378906,-1,-1,-1,-1
141,6,298.4552917480469,491.4223937988281,201.06192016601562,498.8470153808594,-1,-1,-1,-1
142,6,301.99017333984375,484.0995788574219,194.59243774414062,504.1755065917969,-1,-1,-1,-1
143,6,309.40313720703125,469.92852783203125,186.37899780273438,510.66259765625,-1,-1,-1,-1
144,6,321.8390197753906,460.7749328613281,174.38653564453125,518.11279296875,-1,-1,-1,-1
145,6,348.0170593261719,447.9002685546875,166.28768920898438,528.734619140625,-1,-1,-1,-1
146,6,375.90948486328125,445.05206298828125,165.4730224609375,530.009765625,-1,-1,-1,-1
147,6,381.3836364746094,445.97796630859375,194.52462768554688,528.8031616210938,-1,-1,-1,-1
148,6,377.6158142089844,453.495849609375,232.57949829101562,522.1278686523438,-1,-1,-1,-1
149,6,367.59442138671875,460.564453125,282.958251953125,518.3815307617188,-1,-1,-1,-1
150,6,361.0591125488281,464.3105163574219,321.9162292480469,517.0538330078125,-1,-1,-1,-1
151,6,359.2423095703125,469.1471252441406,348.4599609375,514.1041259765625,-1,-1,-1,-1
152,6,381.3126220703125,486.3211669921875,342.94732666015625,483.3721923828125,-1,-1,-1,-1
153,6,433.3932800292969,497.97833251953125,294.3058776855469,445.77740478515625,-1,-1,-1,-1
154,6,503.4482421875,512.3673095703125,246.3963623046875,419.31439208984375,-1,-1,-1,-1
155,6,521.9423217773438,516.4812622070312,250.71142578125,424.152099609375,-1,-1,-1,-1
156,6,520.6560668945312,520.50927734375,294.1256103515625,432.40191650390625,-1,-1,-1,-1
157,6,521.6348266601562,501.5527038574219,351.22149658203125,480.4827575683594,-1,-1,-1,-1
158,6,541.6045532226562,489.056396484375,401.18389892578125,502.28314208984375,-1,-1,-1,-1
159,6,552.3456420898438,475.22210693359375,448.50592041015625,512.2386474609375,-1,-1,-1,-1
160,6,573.2999267578125,472.02227783203125,463.571044921875,512.8717651367188,-1,-1,-1,-1
161,6,619.7972412109375,474.12908935546875,430.2464599609375,500.52313232421875,-1,-1,-1,-1
162,6,677.8323974609375,487.956787109375,393.6959228515625,490.610595703125,-1,-1,-1,-1
163,6,689.2874755859375,500.236572265625,407.059326171875,499.99041748046875,-1,-1,-1,-1
164,6,679.73876953125,509.0501708984375,423.9405517578125,505.08050537109375,-1,-1,-1,-1
165,6,680.0234375,520.57470703125,450.750244140625,490.17584228515625,-1,-1,-1,-1
166,6,664.674072265625,512.2305297851562,448.9898681640625,494.08941650390625,-1,-1,-1,-1
167,6,664.9161376953125,501.0813903808594,465.2186279296875,490.7590026855469,-1,-1,-1,-1
168,6,675.3771362304688,496.24884033203125,437.70184326171875,476.752685546875,-1,-1,-1,-1
169,6,695.4052734375,497.3052673339844,396.71240234375,470.4641418457031,-1,-1,-1,-1
170,6,737.2645874023438,499.260498046875,322.82720947265625,458.97320556640625,-1,-1,-1,-1
171,6,761.3469848632812,508.65118408203125,270.77252197265625,447.28790283203125,-1,-1,-1,-1
172,6,778.5897827148438,515.607177734375,240.80303955078125,439.55029296875,-1,-1,-1,-1
173,6,836.5897216796875,520.00634765625,241.404052734375,445.02880859375,-1,-1,-1,-1
174,6,932.6256713867188,520.0288696289062,262.77825927734375,472.44873046875,-1,-1,-1,-1
175,6,971.6065063476562,525.8967895507812,335.66290283203125,511.44207763671875,-1,-1,-1,-1
176,6,993.2250366210938,522.38623046875,377.64007568359375,518.2650146484375,-1,-1,-1,-1
177,6,1016.4970703125,532.53515625,401.2686767578125,429.34423828125,-1,-1,-1,-1
178,6,1032.268310546875,542.154052734375,424.366943359375,442.42974853515625,-1,-1,-1,-1
179,6,1060.5059814453125,514.404541015625,405.998291015625,489.03338623046875,-1,-1,-1,-1
180,6,1064.3726806640625,522.5792236328125,434.2618408203125,504.2528076171875,-1,-1,-1,-1
181,6,1083.78369140625,505.8636779785156,441.1622314453125,490.1005554199219,-1,-1,-1,-1
182,6,1077.1949462890625,533.4398193359375,471.892578125,468.34808349609375,-1,-1,-1,-1
183,6,1046.552001953125,534.6018676757812,444.3048095703125,491.76849365234375,-1,-1,-1,-1
184,6,991.3670654296875,513.53564453125,507.84130859375,535.9718017578125,-1,-1,-1,-1
185,6,989.3334350585938,534.6285400390625,483.70623779296875,522.44140625,-1,-1,-1,-1
186,6,1022.0496215820312,524.2313842773438,452.44329833984375,540.3840942382812,-1,-1,-1,-1
187,6,1050.509765625,504.9206848144531,416.404296875,568.3050537109375,-1,-1,-1,-1
188,6,1063.3778076171875,503.7540283203125,357.10205078125,659.122314453125,-1,-1,-1,-1
189,6,980.0184326171875,492.9790954589844,409.8275146484375,691.9080810546875,-1,-1,-1,-1
190,6,892.3731079101562,498.7523498535156,455.55999755859375,694.9288330078125,-1,-1,-1,-1
191,6,893.624755859375,510.73651123046875,438.4339599609375,691.9780883789062,-1,-1,-1,-1
192,6,907.059814453125,509.7957458496094,376.2437744140625,698.8704833984375,-1,-1,-1,-1
193,6,907.4729614257812,488.94091796875,328.99066162109375,719.025390625,-1,-1,-1,-1
194,6,888.6278076171875,470.1728820800781,316.705810546875,738.3905029296875,-1,-1,-1,-1
195,6,871.9978637695312,452.5754089355469,297.30145263671875,743.194091796875,-1,-1,-1,-1
196,6,861.8023071289062,432.5057373046875,268.25469970703125,736.5167236328125,-1,-1,-1,-1
197,6,859.7654418945312,430.0007019042969,232.43670654296875,722.1119384765625,-1,-1,-1,-1
198,6,861.706298828125,443.1561584472656,205.707275390625,684.0111083984375,-1,-1,-1,-1
199,6,877.8026733398438,452.3555908203125,171.34405517578125,625.069580078125,-1,-1,-1,-1
200,6,873.4751586914062,451.3265075683594,162.10748291015625,566.5152587890625,-1,-1,-1,-1
201,6,859.2377319335938,449.26702880859375,167.74444580078125,525.4445190429688,-1,-1,-1,-1
202,6,846.8134155273438,447.9638671875,170.888671875,488.7659912109375,-1,-1,-1,-1
203,6,823.5214233398438,442.340576171875,168.500244140625,469.038330078125,-1,-1,-1,-1
204,6,814.051513671875,440.3542175292969,171.15960693359375,453.7535095214844,-1,-1,-1,-1
205,6,805.5916748046875,448.4706115722656,177.77142333984375,424.1209411621094,-1,-1,-1,-1
206,6,783.2634887695312,460.19720458984375,194.21533203125,391.97540283203125,-1,-1,-1,-1
207,6,740.142333984375,467.4234619140625,225.7391357421875,372.25750732421875,-1,-1,-1,-1
208,6,710.2216186523438,476.0376892089844,244.19659423828125,362.3829650878906,-1,-1,-1,-1
209,6,710.1795654296875,468.28570556640625,235.73931884765625,370.01141357421875,-1,-1,-1,-1
210,6,682.7047119140625,468.3835144042969,268.82696533203125,370.6443176269531,-1,-1,-1,-1
211,6,682.8624267578125,466.5009460449219,279.8458251953125,373.0996398925781,-1,-1,-1,-1
212,6,665.2359619140625,469.65960693359375,314.90716552734375,368.6171875,-1,-1,-1,-1
213,6,654.13671875,469.42498779296875,330.54132080078125,365.48846435546875,-1,-1,-1,-1
214,6,668.0594482421875,466.3747253417969,320.86895751953125,361.9442443847656,-1,-1,-1,-1
215,6,649.211181640625,463.4810485839844,337.09417724609375,362.3518981933594,-1,-1,-1,-1
216,6,652.5123901367188,455.4563903808594,313.56329345703125,368.3164978027344,-1,-1,-1,-1
217,6,664.8671264648438,449.845947265625,267.37139892578125,375.0626220703125,-1,-1,-1,-1
218,6,681.8552856445312,445.6988525390625,223.4527587890625,375.5616455078125,-1,-1,-1,-1
219,6,699.4515991210938,435.31884765625,207.2032470703125,383.88818359375,-1,-1,-1,-1
220,6,721.6913452148438,427.0046081542969,190.9656982421875,388.4331970214844,-1,-1,-1,-1
60,7,1041.551513671875,436.0364685058594,256.870849609375,301.5388488769531,-1,-1,-1,-1
61,7,959.7870483398438,435.4658508300781,197.74017333984375,278.9202575683594,-1,-1,-1,-1
62,7,909.587646484375,441.0487060546875,172.04150390625,263.176025390625,-1,-1,-1,-1
63,7,865.8656005859375,450.7408142089844,162.09912109375,252.98269653320312,-1,-1,-1,-1
64,7,829.2723999023438,463.48583984375,157.90362548828125,247.6002197265625,-1,-1,-1,-1
65,7,790.8938598632812,478.16845703125,169.30755615234375,237.05169677734375,-1,-1,-1,-1
66,7,729.4283447265625,489.9102783203125,201.09185791015625,229.214599609375,-1,-1,-1,-1
67,7,673.7130737304688,488.1178283691406,215.965087890625,231.98446655273438,-1,-1,-1,-1
68,7,630.5653076171875,483.2313232421875,203.7965087890625,238.092041015625,-1,-1,-1,-1
69,7,595.2633666992188,476.1954345703125,185.15142822265625,245.4967041015625,-1,-1,-1,-1
70,7,563.026611328125,471.6822814941406,162.9661865234375,250.75350952148438,-1,-1,-1,-1
71,7,507.1951599121094,463.057373046875,158.39907836914062,263.33673095703125,-1,-1,-1,-1
72,7,442.37884521484375,451.1138610839844,172.09075927734375,282.7655334472656,-1,-1,-1,-1
73,7,375.40216064453125,446.9399719238281,196.7642822265625,293.5316467285156,-1,-1,-1,-1
74,7,326.5584716796875,442.99688720703125,219.1138916015625,308.7008056640625,-1,-1,-1,-1
75,7,275.72027587890625,441.104736328125,252.35369873046875,328.95318603515625,-1,-1,-1,-1
76,7,223.58663940429688,456.10247802734375,274.9914245605469,363.33953857421875,-1,-1,-1,-1
77,7,163.98788452148438,474.21466064453125,286.9473876953125,372.43218994140625,-1,-1,-1,-1
78,7,106.31565856933594,487.2508239746094,316.9058837890625,358.2525939941406,-1,-1,-1,-1
79,7,82.20037078857422,494.15386962890625,349.1297607421875,340.33905029296875,-1,-1,-1,-1
80,7,119.24069213867188,492.92181396484375,318.8045349121094,330.81744384765625,-1,-1,-1,-1
81,7,188.0977783203125,482.560546875,272.9225158691406,332.7069091796875,-1,-1,-1,-1
82,7,259.5162353515625,475.8011474609375,224.33999633789062,328.6614990234375,-1,-1,-1,-1
83,7,322.4884948730469,476.94085693359375,192.32064819335938,322.56390380859375,-1,-1,-1,-1
84,7,363.94207763671875,479.5485534667969,213.89190673828125,318.9600524902344,-1,-1,-1,-1
85,7,394.8813171386719,490.4957580566406,236.31967163085938,316.6667785644531,-1,-1,-1,-1
86,7,429.26861572265625,507.4235534667969,225.75518798828125,298.0262145996094,-1,-1,-1,-1
87,7,456.67730712890625,520.2371215820312,214.96612548828125,284.96917724609375,-1,-1,-1,-1
88,7,483.0422058105469,524.1597290039062,200.74038696289062,280.0360107421875,-1,-1,-1,-1
89,7,499.08648681640625,517.2774658203125,199.00909423828125,283.3670654296875,-1,-1,-1,-1
90,7,510.9429626464844,500.8304443359375,205.61831665039062,298.7525634765625,-1,-1,-1,-1
91,7,516.7421264648438,483.2642517089844,231.24298095703125,313.9292297363281,-1,-1,-1,-1
92,7,527.9689331054688,473.8324890136719,259.94342041015625,318.2070617675781,-1,-1,-1,-1
93,7,556.6494750976562,461.7354431152344,257.8828125,312.5453186035156,-1,-1,-1,-1
94,7,586.338623046875,446.38873291015625,235.18267822265625,309.6407470703125,-1,-1,-1,-1
95,7,596.5089111328125,438.94873046875,220.566162109375,306.096435546875,-1,-1,-1,-1
96,7,614.2979736328125,437.0106201171875,197.98388671875,298.26416015625,-1,-1,-1,-1
97,7,629.2225952148438,438.9600830078125,182.545654296875,290.66583251953125,-1,-1,-1,-1
98,7,639.8524780273438,434.0564270019531,161.593017578125,283.2627258300781,-1,-1,-1,-1
99,7,635.3134765625,435.3898010253906,143.67962646484375,274.8151550292969,-1,-1,-1,-1
100,7,632.7872314453125,432.748291015625,130.20123291015625,274.31268310546875,-1,-1,-1,-1
101,7,629.3016357421875,434.1344299316406,123.72802734375,268.8330993652344,-1,-1,-1,-1
102,7,616.8392333984375,434.1504821777344,118.95465087890625,270.4814147949219,-1,-1,-1,-1
103,7,583.7965087890625,433.2309265136719,117.19708251953125,277.0491638183594,-1,-1,-1,-1
104,7,535.3489990234375,426.90826416015625,114.28253173828125,286.78936767578125,-1,-1,-1,-1
105,7,488.7658386230469,416.4794921875,117.18289184570312,296.36346435546875,-1,-1,-1,-1
106,7,458.67608642578125,411.6961975097656,125.9974365234375,304.9757995605469,-1,-1,-1,-1
107,7,445.5384826660156,413.71905517578125,128.73251342773438,311.2061767578125,-1,-1,-1,-1
108,7,437.0548095703125,420.26824951171875,129.1795654296875,306.254638671875,-1,-1,-1,-1
109,7,426.3766174316406,428.4186706542969,129.27444458007812,302.0009460449219,-1,-1,-1,-1
110,7,420.7503967285156,436.31695556640625,127.00894165039062,300.99468994140625,-1,-1,-1,-1
111,7,422.93133544921875,437.203857421875,126.167236328125,301.221923828125,-1,-1,-1,-1
112,7,426.1174621582031,438.5865783691406,125.36727905273438,300.3318786621094,-1,-1,-1,-1
113,7,429.0359191894531,438.7599182128906,126.35610961914062,302.9380798339844,-1,-1,-1,-1
114,7,431.2822570800781,439.47747802734375,125.30661010742188,305.3084716796875,-1,-1,-1,-1
115,7,433.5783996582031,435.45758056640625,123.85305786132812,310.3809814453125,-1,-1,-1,-1
116,7,439.2171630859375,432.9632568359375,124.01611328125,314.00994873046875,-1,-1,-1,-1
117,7,442.4032897949219,443.2054748535156,128.90689086914062,306.7627868652344,-1,-1,-1,-1
118,7,450.036376953125,457.3064270019531,139.41778564453125,301.0102233886719,-1,-1,-1,-1
119,7,464.6285705566406,485.6739807128906,126.42984008789062,285.8437805175781,-1,-1,-1,-1
120,7,475.8445129394531,520.6856689453125,125.33786010742188,273.5284423828125,-1,-1,-1,-1
121,7,483.8843994140625,555.7592163085938,137.41748046875,268.97174072265625,-1,-1,-1,-1
122,7,489.9766845703125,583.4918823242188,163.31549072265625,265.98309326171875,-1,-1,-1,-1
123,7,494.20562744140625,616.1414794921875,156.87188720703125,246.63555908203125,-1,-1,-1,-1
124,7,495.7113037109375,647.93017578125,162.65936279296875,217.22900390625,-1,-1,-1,-1
69,8,1324.277587890625,561.2830200195312,170.383056640625,321.73687744140625,-1,-1,-1,-1
70,8,1297.341064453125,542.5363159179688,142.4415283203125,335.71728515625,-1,-1,-1,-1
71,8,1254.371826171875,577.0909423828125,166.673095703125,276.0322265625,-1,-1,-1,-1
72,8,1209.3267822265625,564.8861694335938,203.8319091796875,300.5997314453125,-1,-1,-1,-1
73,8,1163.717529296875,556.7504272460938,257.165771484375,291.1231689453125,-1,-1,-1,-1
74,8,1159.841064453125,553.4860229492188,249.689453125,277.3048095703125,-1,-1,-1,-1
75,8,1173.5072021484375,549.1436157226562,232.4866943359375,271.8382568359375,-1,-1,-1,-1
76,8,1198.7686767578125,545.3609619140625,205.6783447265625,268.00762939453125,-1,-1,-1,-1
77,8,1234.1240234375,536.831298828125,167.4810791015625,271.0596923828125,-1,-1,-1,-1
78,8,1254.232421875,531.4526977539062,143.17724609375,273.912109375,-1,-1,-1,-1
79,8,1276.4810791015625,534.4181518554688,120.52734375,276.7203369140625,-1,-1,-1,-1
80,8,1311.2291259765625,531.1240844726562,97.0732421875,291.7322998046875,-1,-1,-1,-1
81,8,1339.142822265625,475.49114990234375,68.2645263671875,318.85009765625,-1,-1,-1,-1
82,8,1336.1580810546875,466.00323486328125,69.6639404296875,345.83514404296875,-1,-1,-1,-1
127,9,599.7222900390625,596.734130859375,144.94842529296875,127.63238525390625,-1,-1,-1,-1
128,9,594.2628784179688,584.6622924804688,185.46514892578125,205.05316162109375,-1,-1,-1,-1
129,9,627.2073974609375,574.5093383789062,170.8648681640625,201.73968505859375,-1,-1,-1,-1
130,9,632.0646362304688,568.8145141601562,165.18951416015625,240.92633056640625,-1,-1,-1,-1
131,9,659.9019775390625,564.6048583984375,130.46533203125,243.949462890625,-1,-1,-1,-1
132,9,677.3798828125,559.1293334960938,100.69775390625,244.54571533203125,-1,-1,-1,-1
133,9,677.8169555664062,551.3795166015625,114.36181640625,252.791748046875,-1,-1,-1,-1
134,9,665.8065185546875,542.5435791015625,145.7591552734375,257.250732421875,-1,-1,-1,-1
135,9,642.1055297851562,536.5650024414062,180.4820556640625,254.83062744140625,-1,-1,-1,-1
136,9,616.58251953125,520.1576538085938,172.7144775390625,251.11004638671875,-1,-1,-1,-1
137,9,599.4057006835938,515.585693359375,132.9737548828125,246.4822998046875,-1,-1,-1,-1
138,9,585.6443481445312,511.4791259765625,118.50885009765625,244.5015869140625,-1,-1,-1,-1
139,9,576.2230224609375,492.29034423828125,137.62139892578125,256.12432861328125,-1,-1,-1,-1
140,9,587.9915161132812,476.8463439941406,142.21875,262.3097839355469,-1,-1,-1,-1
141,9,601.8558959960938,473.832275390625,153.974609375,264.547119140625,-1,-1,-1,-1
142,9,621.1987915039062,474.967041015625,137.96832275390625,264.84112548828125,-1,-1,-1,-1
143,9,639.0027465820312,477.5462646484375,130.055908203125,259.0223388671875,-1,-1,-1,-1
144,9,661.7689208984375,481.56439208984375,117.89337158203125,249.29742431640625,-1,-1,-1,-1
145,9,678.0140991210938,480.61700439453125,135.671142578125,245.32916259765625,-1,-1,-1,-1
146,9,686.558837890625,481.3929748535156,147.9835205078125,242.02609252929688,-1,-1,-1,-1
147,9,695.5984497070312,487.0299377441406,135.2781982421875,234.10531616210938,-1,-1,-1,-1
148,9,700.0800170898438,487.6312561035156,123.58209228515625,233.05447387695312,-1,-1,-1,-1
149,9,698.2694091796875,486.7810974121094,116.66436767578125,235.10458374023438,-1,-1,-1,-1
150,9,695.017822265625,486.3742370605469,119.115234375,238.52981567382812,-1,-1,-1,-1
151,9,686.3262329101562,488.82879638671875,137.09698486328125,236.13690185546875,-1,-1,-1,-1
152,9,675.9718627929688,491.50067138671875,157.0987548828125,236.50115966796875,-1,-1,-1,-1
153,9,658.01513671875,496.6284484863281,185.433837890625,228.61880493164062,-1,-1,-1,-1
154,9,642.930908203125,515.04052734375,209.461669921875,206.367431640625,-1,-1,-1,-1
155,9,652.3361206054688,515.791748046875,200.05767822265625,202.3209228515625,-1,-1,-1,-1
156,9,645.1357421875,517.7771606445312,195.17913818359375,200.51275634765625,-1,-1,-1,-1
157,9,642.162353515625,506.11798095703125,170.2158203125,215.18255615234375,-1,-1,-1,-1
158,9,618.519287109375,491.5956115722656,183.69805908203125,266.9392395019531,-1,-1,-1,-1
159,9,582.6710205078125,489.21783447265625,202.291259765625,209.89459228515625,-1,-1,-1,-1
160,9,552.5851440429688,494.9259948730469,188.9708251953125,202.19613647460938,-1,-1,-1,-1
161,9,535.6179809570312,498.81805419921875,208.39923095703125,196.0743408203125,-1,-1,-1,-1
162,9,526.5084228515625,494.99981689453125,184.21966552734375,202.59820556640625,-1,-1,-1,-1
163,9,510.0282897949219,488.725341796875,175.57815551757812,205.6143798828125,-1,-1,-1,-1
164,9,479.5797119140625,476.3226623535156,167.44744873046875,224.56961059570312,-1,-1,-1,-1
165,9,447.821533203125,479.12982177734375,163.383544921875,231.371826171875,-1,-1,-1,-1
166,9,402.64886474609375,469.0807189941406,164.76800537109375,243.41336059570312,-1,-1,-1,-1
167,9,361.67889404296875,466.3562316894531,142.72720336914062,246.82180786132812,-1,-1,-1,-1
168,9,314.5966796875,464.16595458984375,154.27590942382812,251.12396240234375,-1,-1,-1,-1
169,9,265.40301513671875,464.72247314453125,190.796142578125,256.97119140625,-1,-1,-1,-1
170,9,203.60739135742188,477.7890625,236.73519897460938,286.34033203125,-1,-1,-1,-1
171,9,165.1890411376953,491.14697265625,234.3921661376953,279.8609619140625,-1,-1,-1,-1
172,9,152.34854125976562,491.08905029296875,228.30123901367188,274.97369384765625,-1,-1,-1,-1
173,9,217.36880493164062,507.88916015625,222.38833618164062,249.9090576171875,-1,-1,-1,-1
174,9,325.1150817871094,506.86859130859375,211.85293579101562,277.33660888671875,-1,-1,-1,-1
175,9,421.2724609375,498.611328125,221.259521484375,312.4454345703125,-1,-1,-1,-1
176,9,459.7608642578125,497.1027526855469,263.9552001953125,321.9437561035156,-1,-1,-1,-1
177,9,505.99078369140625,515.70703125,258.2403564453125,302.2359619140625,-1,-1,-1,-1
178,9,530.3555297851562,526.3372192382812,246.376220703125,294.9913330078125,-1,-1,-1,-1
179,9,534.16943359375,528.521484375,216.152099609375,314.10638427734375,-1,-1,-1,-1
180,9,526.3179931640625,528.8056640625,220.3787841796875,339.65875244140625,-1,-1,-1,-1
181,9,557.2024536132812,530.6778564453125,206.26385498046875,341.57177734375,-1,-1,-1,-1
182,9,566.1666259765625,532.0943603515625,206.49554443359375,336.6802978515625,-1,-1,-1,-1
183,9,548.3566284179688,529.1421508789062,213.14093017578125,365.62799072265625,-1,-1,-1,-1
184,9,528.0547485351562,530.025634765625,200.45318603515625,373.29296875,-1,-1,-1,-1
185,9,497.70098876953125,532.1156005859375,197.88189697265625,361.07354736328125,-1,-1,-1,-1
186,9,472.7975769042969,525.4261474609375,219.89950561523438,357.56951904296875,-1,-1,-1,-1
187,9,475.6681823730469,518.2106323242188,218.73062133789062,359.78472900390625,-1,-1,-1,-1
188,9,467.56585693359375,514.6207275390625,244.56439208984375,358.05865478515625,-1,-1,-1,-1
189,9,476.25469970703125,511.7999572753906,243.2867431640625,354.8058166503906,-1,-1,-1,-1
190,9,480.6947326660156,509.2353515625,234.81649780273438,343.94403076171875,-1,-1,-1,-1
191,9,476.715576171875,506.3627624511719,255.22454833984375,339.3414611816406,-1,-1,-1,-1
192,9,481.3166809082031,511.8564758300781,260.4380187988281,333.5281677246094,-1,-1,-1,-1
193,9,483.80126953125,519.1318359375,262.60552978515625,324.85791015625,-1,-1,-1,-1
194,9,490.293701171875,528.6187133789062,260.26531982421875,315.6959228515625,-1,-1,-1,-1
195,9,500.73779296875,520.725341796875,244.82720947265625,319.42242431640625,-1,-1,-1,-1
196,9,516.88623046875,506.03277587890625,228.669189453125,325.23297119140625,-1,-1,-1,-1
197,9,525.700439453125,493.8118591308594,213.45416259765625,332.6731262207031,-1,-1,-1,-1
198,9,530.2357788085938,497.2479248046875,209.2921142578125,336.269287109375,-1,-1,-1,-1
199,9,537.2149658203125,501.8094177246094,206.6566162109375,333.6046447753906,-1,-1,-1,-1
200,9,542.919921875,508.0506286621094,192.02362060546875,326.5820617675781,-1,-1,-1,-1
201,9,553.4826049804688,518.0093994140625,173.3856201171875,314.975830078125,-1,-1,-1,-1
202,9,560.3069458007812,532.772216796875,161.82464599609375,297.99517822265625,-1,-1,-1,-1
203,9,561.4425048828125,534.666015625,163.32025146484375,292.796630859375,-1,-1,-1,-1
204,9,560.9591064453125,533.7562866210938,166.118896484375,290.24615478515625,-1,-1,-1,-1
205,9,564.2168579101562,528.654296875,168.59967041015625,291.780517578125,-1,-1,-1,-1
206,9,567.7899169921875,516.40380859375,173.96612548828125,298.21484375,-1,-1,-1,-1
207,9,564.927734375,502.8028564453125,182.76025390625,308.3564453125,-1,-1,-1,-1
208,9,549.3124389648438,492.12701416015625,183.92901611328125,314.46124267578125,-1,-1,-1,-1
209,9,529.3929443359375,475.5274963378906,208.343017578125,327.6524353027344,-1,-1,-1,-1
210,9,505.5345458984375,469.6397705078125,220.85321044921875,332.44635009765625,-1,-1,-1,-1
211,9,489.56427001953125,465.8544921875,230.488037109375,351.163818359375,-1,-1,-1,-1
212,9,496.12335205078125,471.5921936035156,221.350830078125,377.8493957519531,-1,-1,-1,-1
213,9,514.4036865234375,485.20458984375,196.71923828125,402.3397216796875,-1,-1,-1,-1
214,9,507.52099609375,489.4615783691406,202.43096923828125,447.4422302246094,-1,-1,-1,-1
215,9,478.973388671875,494.5027160644531,220.34637451171875,485.2655334472656,-1,-1,-1,-1
216,9,465.8641662597656,498.9204406738281,212.73825073242188,519.006103515625,-1,-1,-1,-1
217,9,464.34722900390625,512.2737731933594,210.5042724609375,514.5048828125,-1,-1,-1,-1
218,9,464.3292541503906,526.4259643554688,225.07919311523438,496.62225341796875,-1,-1,-1,-1
219,9,473.13214111328125,540.0118408203125,224.62530517578125,472.95513916015625,-1,-1,-1,-1
220,9,472.8333435058594,550.5488891601562,234.22433471679688,450.81134033203125,-1,-1,-1,-1
135,10,1301.53076171875,550.4686279296875,150.466552734375,380.4898681640625,-1,-1,-1,-1
136,10,1224.6331787109375,530.5360717773438,161.0775146484375,379.26068115234375,-1,-1,-1,-1
137,10,1137.824951171875,527.7244262695312,176.6956787109375,363.64703369140625,-1,-1,-1,-1
138,10,1059.4764404296875,530.6239624023438,181.0233154296875,342.99847412109375,-1,-1,-1,-1
139,10,1022.6581420898438,548.8021240234375,180.98028564453125,308.07769775390625,-1,-1,-1,-1
140,10,1013.24658203125,534.6204833984375,185.3780517578125,309.93853759765625,-1,-1,-1,-1
141,10,1011.3873291015625,546.0206909179688,184.037841796875,287.62060546875,-1,-1,-1,-1
142,10,1016.5845947265625,559.9827270507812,176.8885498046875,266.0089111328125,-1,-1,-1,-1
143,10,1024.7437133789062,554.2870483398438,178.35711669921875,267.37249755859375,-1,-1,-1,-1
144,10,1027.720947265625,540.939453125,192.7041015625,277.59722900390625,-1,-1,-1,-1
145,10,1025.5059814453125,531.583740234375,210.78759765625,284.03094482421875,-1,-1,-1,-1
146,10,1023.185546875,526.0398559570312,225.08349609375,288.43975830078125,-1,-1,-1,-1
147,10,1017.735107421875,520.7886962890625,240.401611328125,295.27239990234375,-1,-1,-1,-1
148,10,1018.3084106445312,526.4129638671875,232.06512451171875,290.716796875,-1,-1,-1,-1
149,10,1032.5450439453125,533.0516357421875,196.9332275390625,286.502685546875,-1,-1,-1,-1
150,10,1040.409423828125,533.4978637695312,182.823486328125,288.3038330078125,-1,-1,-1,-1
151,10,1041.0474853515625,530.5848388671875,181.2841796875,290.280029296875,-1,-1,-1,-1
152,10,1035.5433349609375,525.4660034179688,187.433349609375,314.744873046875,-1,-1,-1,-1
153,10,1017.191650390625,516.3949584960938,213.4013671875,347.885986328125,-1,-1,-1,-1
154,10,1008.8479614257812,511.1653747558594,232.82830810546875,353.5471496582031,-1,-1,-1,-1
155,10,1026.329833984375,515.2330322265625,250.70068359375,346.16033935546875,-1,-1,-1,-1
156,10,1025.27685546875,522.146728515625,288.71337890625,380.06005859375,-1,-1,-1,-1
157,10,1024.19091796875,530.2186279296875,298.6915283203125,423.7691650390625,-1,-1,-1,-1
158,10,1019.5545654296875,531.7109985351562,290.848876953125,455.2088623046875,-1,-1,-1,-1
159,10,1015.4563598632812,536.5101928710938,267.49151611328125,454.18817138671875,-1,-1,-1,-1
160,10,1004.3759765625,536.93701171875,230.871337890625,450.06768798828125,-1,-1,-1,-1
161,10,1008.16162109375,527.866943359375,220.8160400390625,455.41265869140625,-1,-1,-1,-1
162,10,1017.5084228515625,509.79388427734375,227.1123046875,469.3056640625,-1,-1,-1,-1
163,10,1019.6375732421875,490.9673767089844,259.1195068359375,485.9642639160156,-1,-1,-1,-1
164,10,1021.0892333984375,482.3385314941406,288.91455078125,502.3410949707031,-1,-1,-1,-1
165,10,1004.7468872070312,480.7073974609375,301.37872314453125,512.7452392578125,-1,-1,-1,-1
166,10,960.3426513671875,482.9652099609375,321.400146484375,511.23443603515625,-1,-1,-1,-1
167,10,961.7711181640625,492.0896301269531,289.9659423828125,495.8243103027344,-1,-1,-1,-1
168,10,950.7286987304688,495.12005615234375,265.69781494140625,485.2274169921875,-1,-1,-1,-1
169,10,945.1187133789062,495.1138610839844,248.31646728515625,483.2127380371094,-1,-1,-1,-1
170,10,930.9728393554688,486.5323181152344,270.74420166015625,488.0651550292969,-1,-1,-1,-1
171,10,901.8583984375,475.4678955078125,301.302001953125,496.48675537109375,-1,-1,-1,-1
172,10,902.3865356445312,464.33721923828125,315.61639404296875,498.0198974609375,-1,-1,-1,-1
173,10,980.8412475585938,456.1697692871094,310.00469970703125,502.9532775878906,-1,-1,-1,-1
174,10,1142.7216796875,471.0498046875,272.667724609375,468.648681640625,-1,-1,-1,-1
135,11,1292.902587890625,553.7510375976562,142.52490234375,290.41815185546875,-1,-1,-1,-1
136,11,1222.7442626953125,538.3378295898438,142.291259765625,277.201416015625,-1,-1,-1,-1
137,11,1137.639892578125,534.873779296875,144.010986328125,257.778564453125,-1,-1,-1,-1
138,11,1062.9970703125,539.78857421875,149.788818359375,239.0859375,-1,-1,-1,-1
139,11,1026.2344970703125,557.2308349609375,166.3724365234375,215.12371826171875,-1,-1,-1,-1
175,12,1265.3206787109375,430.92230224609375,288.3314208984375,520.6005249023438,-1,-1,-1,-1
176,12,1001.6810302734375,522.400634765625,409.6094970703125,512.3675537109375,-1,-1,-1,-1
