1,1,228.8003387451172,570.89111328125,169.96559143066406,289.48260498046875,-1,-1,-1,-1
2,1,258.443359375,563.7534790039062,180.25942993164062,279.75250244140625,-1,-1,-1,-1
3,1,312.381103515625,565.73779296875,183.00799560546875,267.37274169921875,-1,-1,-1,-1
4,1,387.1925964355469,568.7161865234375,174.47817993164062,254.434814453125,-1,-1,-1,-1
5,1,458.5150451660156,577.6134033203125,164.11392211914062,246.44769287109375,-1,-1,-1,-1
6,1,492.74310302734375,589.5065307617188,186.0255126953125,241.61846923828125,-1,-1,-1,-1
7,1,498.682861328125,592.503173828125,188.73004150390625,236.19097900390625,-1,-1,-1,-1
8,1,499.2398681640625,580.3478393554688,178.94989013671875,240.87750244140625,-1,-1,-1,-1
9,1,496.13189697265625,567.6588134765625,179.303955078125,243.49359130859375,-1,-1,-1,-1
10,1,511.1199645996094,564.8335571289062,177.23666381835938,248.47589111328125,-1,-1,-1,-1
11,1,526.6159057617188,578.8875732421875,180.17401123046875,237.3465576171875,-1,-1,-1,-1
12,1,537.0795288085938,564.8514404296875,180.3245849609375,252.5145263671875,-1,-1,-1,-1
13,1,566.810546875,558.0844116210938,166.1109619140625,260.09765625,-1,-1,-1,-1
14,1,614.438720703125,558.6238403320312,149.50592041015625,258.1334228515625,-1,-1,-1,-1
15,1,665.7496948242188,576.80908203125,128.69146728515625,249.36505126953125,-1,-1,-1,-1
16,1,683.7142333984375,589.9754028320312,122.704833984375,246.99542236328125,-1,-1,-1,-1
17,1,675.50537109375,588.1307983398438,153.38299560546875,244.571533203125,-1,-1,-1,-1
18,1,659.5270385742188,583.8811645507812,169.66766357421875,237.454345703125,-1,-1,-1,-1
19,1,661.8763427734375,598.5879516601562,169.1953125,223.54522705078125,-1,-1,-1,-1
20,1,674.8493041992188,607.1079711914062,133.4632568359375,219.419189453125,-1,-1,-1,-1
21,1,697.4005126953125,600.4447631835938,133.9560546875,216.001220703125,-1,-1,-1,-1
22,1,722.2789916992188,578.0712280273438,132.69012451171875,227.69854736328125,-1,-1,-1,-1
23,1,713.37939453125,593.1380004882812,129.2598876953125,196.92840576171875,-1,-1,-1,-1
24,1,712.4822998046875,596.97314453125,141.60797119140625,193.77740478515625,-1,-1,-1,-1
25,1,710.0399169921875,578.168212890625,158.900634765625,222.14837646484375,-1,-1,-1,-1
26,1,709.389892578125,583.5159912109375,152.9134521484375,223.34356689453125,-1,-1,-1,-1
27,1,740.5379028320312,581.4235229492188,151.71624755859375,218.2745361328125,-1,-1,-1,-1
28,1,861.7655029296875,541.1936645507812,178.4520263671875,256.46075439453125,-1,-1,-1,-1
29,1,1080.4681396484375,513.46923828125,223.48779296875,325.00225830078125,-1,-1,-1,-1
30,1,858.178955078125,541.0798950195312,199.046875,214.87091064453125,-1,-1,-1,-1
35,1,822.6024169921875,567.691650390625,123.6605224609375,202.04803466796875,-1,-1,-1,-1
36,1,779.2301025390625,581.2890625,133.7388916015625,209.549560546875,-1,-1,-1,-1
37,1,757.2670288085938,584.8309936523438,143.00518798828125,229.443603515625,-1,-1,-1,-1
1,2,-82.48017120361328,594.9591064453125,167.98721313476562,361.67333984375,-1,-1,-1,-1
2,2,-94.56603240966797,564.8819580078125,194.77578735351562,368.19647216796875,-1,-1,-1,-1
3,2,-79.21041107177734,525.8865966796875,237.07232666015625,389.26629638671875,-1,-1,-1,-1
4,2,9.913655281066895,520.0027465820312,217.62826538085938,423.43682861328125,-1,-1,-1,-1
5,2,75.70523071289062,527.7918701171875,205.40060424804688,409.1392822265625,-1,-1,-1,-1
6,2,111.10626983642578,533.969970703125,177.52542114257812,402.6365966796875,-1,-1,-1,-1
7,2,98.9461669921875,532.2343139648438,156.34202575683594,406.846923828125,-1,-1,-1,-1
8,2,59.16652297973633,521.2037963867188,147.05191040039062,415.81976318359375,-1,-1,-1,-1
9,2,24.096302032470703,508.62420654296875,143.2979278564453,421.9813232421875,-1,-1,-1,-1
10,2,13.028186798095703,509.4734802246094,142.74169921875,422.5116882324219,-1,-1,-1,-1
11,2,13.137470245361328,515.6260986328125,144.81443786621094,418.15460205078125,-1,-1,-1,-1
12,2,15.045949935913086,517.1945190429688,149.21127319335938,414.62603759765625,-1,-1,-1,-1
13,2,30.336551666259766,511.759033203125,153.11831665039062,406.5946044921875,-1,-1,-1,-1
14,2,64.31484985351562,516.205322265625,151.54437255859375,392.28466796875,-1,-1,-1,-1
15,2,99.89763641357422,533.8158569335938,147.62042236328125,379.01593017578125,-1,-1,-1,-1
16,2,117.88985443115234,553.57568359375,142.7166748046875,365.00555419921875,-1,-1,-1,-1
17,2,113.2828598022461,553.5731201171875,140.58251953125,360.9766845703125,-1,-1,-1,-1
18,2,89.16796875,548.0494995117188,146.69471740722656,360.9232177734375,-1,-1,-1,-1
19,2,69.89933776855469,557.6439819335938,147.223388671875,360.82244873046875,-1,-1,-1,-1
20,2,47.00720977783203,574.7545166015625,151.97659301757812,362.4727783203125,-1,-1,-1,-1
21,2,29.573741912841797,562.5013427734375,160.81492614746094,366.86700439453125,-1,-1,-1,-1
22,2,12.649896621704102,541.16552734375,165.9178466796875,369.91339111328125,-1,-1,-1,-1
23,2,-1.3179678916931152,534.5403442382812,164.29425048828125,375.30072021484375,-1,-1,-1,-1
24,2,-16.580854415893555,542.8154296875,154.73785400390625,377.17181396484375,-1,-1,-1,-1
25,2,-70.6340560913086,546.0469970703125,182.3365478515625,294.38519287109375,-1,-1,-1,-1
26,2,-73.42890930175781,547.3501586914062,161.55088806152344,301.3828125,-1,-1,-1,-1
27,2,-80.04888916015625,530.094482421875,196.2014923095703,310.87237548828125,-1,-1,-1,-1
28,2,91.61692810058594,496.346923828125,166.66297912597656,370.1878662109375,-1,-1,-1,-1
29,2,327.6981506347656,485.7576904296875,131.85302734375,334.554931640625,-1,-1,-1,-1
30,2,479.8133544921875,484.6979064941406,113.155517578125,317.0342102050781,-1,-1,-1,-1
31,2,494.15045166015625,488.0248107910156,118.62982177734375,320.8067932128906,-1,-1,-1,-1
32,2,377.9839782714844,487.5977783203125,151.66806030273438,337.8060302734375,-1,-1,-1,-1
33,2,147.72695922851562,470.4573059082031,190.73342895507812,386.0840759277344,-1,-1,-1,-1
34,2,304.2333984375,549.3165283203125,333.839111328125,368.05548095703125,-1,-1,-1,-1
1,3,730.0423583984375,609.7620239257812,196.50531005859375,434.56646728515625,-1,-1,-1,-1
2,3,756.068359375,608.1106567382812,179.974609375,436.72735595703125,-1,-1,-1,-1
3,3,798.0183715820312,602.4711303710938,165.92462158203125,441.70355224609375,-1,-1,-1,-1
4,3,851.1782836914062,600.8787231445312,169.7567138671875,450.27117919921875,-1,-1,-1,-1
5,3,884.3247680664062,603.9996948242188,194.59808349609375,463.22613525390625,-1,-1,-1,-1
6,3,884.4259033203125,607.1461181640625,217.538330078125,470.6326904296875,-1,-1,-1,-1
7,3,857.6677856445312,601.7724609375,228.04315185546875,471.419189453125,-1,-1,-1,-1
8,3,818.6563720703125,593.0771484375,218.6507568359375,464.6239013671875,-1,-1,-1,-1
9,3,786.4374389648438,577.4943237304688,203.560546875,463.48248291015625,-1,-1,-1,-1
10,3,775.9232177734375,575.7901000976562,192.2001953125,462.91998291015625,-1,-1,-1,-1
11,3,776.8568115234375,572.9744262695312,182.7940673828125,465.45220947265625,-1,-1,-1,-1
12,3,775.1265258789062,568.6337890625,163.68304443359375,469.2362060546875,-1,-1,-1,-1
13,3,782.015625,560.1500854492188,150.7554931640625,477.91143798828125,-1,-1,-1,-1
14,3,763.3112182617188,560.4647827148438,179.7733154296875,476.93426513671875,-1,-1,-1,-1
15,3,739.857421875,580.0872192382812,212.88726806640625,459.64825439453125,-1,-1,-1,-1
16,3,739.8302001953125,601.6231689453125,212.5947265625,441.663330078125,-1,-1,-1,-1
17,3,731.306640625,611.2412109375,206.38134765625,423.822021484375,-1,-1,-1,-1
18,3,712.04150390625,609.5123291015625,203.15521240234375,410.4190673828125,-1,-1,-1,-1
19,3,698.9182739257812,614.0010986328125,199.68060302734375,402.33465576171875,-1,-1,-1,-1
20,3,683.8256225585938,620.2464599609375,208.13909912109375,400.26885986328125,-1,-1,-1,-1
21,3,675.4453125,614.3779907226562,225.56072998046875,401.39385986328125,-1,-1,-1,-1
22,3,661.3020629882812,592.456298828125,240.8448486328125,387.66351318359375,-1,-1,-1,-1
23,3,654.5926513671875,589.1574096679688,241.45257568359375,363.31365966796875,-1,-1,-1,-1
24,3,664.3790893554688,592.109619140625,220.04962158203125,341.6357421875,-1,-1,-1,-1
25,3,666.1363525390625,576.2410888671875,207.72015380859375,324.4879150390625,-1,-1,-1,-1
26,3,681.9811401367188,582.9675903320312,185.01202392578125,312.056640625,-1,-1,-1,-1
27,3,731.1729125976562,577.92041015625,165.93084716796875,304.6717529296875,-1,-1,-1,-1
28,3,850.6757202148438,538.6500854492188,195.47723388671875,318.95745849609375,-1,-1,-1,-1
29,3,1086.405517578125,533.6480102539062,212.728515625,330.23663330078125,-1,-1,-1,-1
30,3,842.232177734375,547.9461669921875,243.6566162109375,289.50244140625,-1,-1,-1,-1
30,4,1251.55810546875,537.941650390625,250.3953857421875,379.5003662109375,-1,-1,-1,-1
31,4,1311.6707763671875,536.2554321289062,187.572509765625,434.7525634765625,-1,-1,-1,-1
32,4,1312.851806640625,574.205322265625,105.3216552734375,351.542236328125,-1,-1,-1,-1
33,4,1108.24365234375,556.8551635742188,181.1505126953125,318.86383056640625,-1,-1,-1,-1
34,4,919.2734985351562,560.008056640625,156.24200439453125,276.87811279296875,-1,-1,-1,-1
35,4,814.7103271484375,557.6934814453125,148.767333984375,258.84649658203125,-1,-1,-1,-1
36,4,772.5645141601562,573.934326171875,146.9876708984375,253.14752197265625,-1,-1,-1,-1
37,4,750.920654296875,582.0169067382812,153.8089599609375,250.14739990234375,-1,-1,-1,-1
38,4,740.4542236328125,578.466552734375,149.8216552734375,252.25848388671875,-1,-1,-1,-1
39,4,745.3123168945312,574.0259399414062,140.16033935546875,249.32757568359375,-1,-1,-1,-1
40,4,772.1058349609375,566.466796875,129.12225341796875,260.6475830078125,-1,-1,-1,-1
41,4,779.9849853515625,612.5362548828125,123.560302734375,242.564453125,-1,-1,-1,-1
42,4,808.5721435546875,605.107421875,128.447998046875,264.14599609375,-1,-1,-1,-1
43,4,894.4727783203125,625.2632446289062,147.1732177734375,267.58544921875,-1,-1,-1,-1
44,4,1057.8994140625,625.5831909179688,167.77294921875,287.92535400390625,-1,-1,-1,-1
45,4,1111.7471923828125,600.692138671875,169.1378173828125,264.13311767578125,-1,-1,-1,-1
34,5,-48.448333740234375,490.93658447265625,161.70489501953125,410.0428466796875,-1,-1,-1,-1
35,5,-11.998309135437012,594.771728515625,258.7452087402344,516.6429443359375,-1,-1,-1,-1
39,6,733.4476318359375,578.6978759765625,117.538818359375,201.1630859375,-1,-1,-1,-1
40,6,736.0988159179688,588.3989868164062,114.36920166015625,194.55975341796875,-1,-1,-1,-1
41,6,729.1392822265625,615.498291015625,119.54119873046875,195.6529541015625,-1,-1,-1,-1
42,6,749.7490234375,621.5512084960938,125.990234375,203.39013671875,-1,-1,-1,-1
43,6,836.389404296875,631.0191040039062,135.6707763671875,212.92352294921875,-1,-1,-1,-1
44,6,992.6075439453125,623.9273071289062,155.7781982421875,234.69384765625,-1,-1,-1,-1
45,6,1113.2724609375,604.62353515625,150.2713623046875,259.54449462890625,-1,-1,-1,-1
46,6,1095.8870849609375,599.918212890625,156.2047119140625,259.329345703125,-1,-1,-1,-1
47,6,1005.7692260742188,598.1256713867188,157.99200439453125,246.34674072265625,-1,-1,-1,-1
48,6,881.117919921875,587.17529296875,160.691650390625,236.11956787109375,-1,-1,-1,-1
49,6,788.4827270507812,586.321044921875,138.73211669921875,235.99957275390625,-1,-1,-1,-1
50,6,751.9381713867188,600.5431518554688,130.81292724609375,236.2711181640625,-1,-1,-1,-1
51,6,737.2257080078125,606.347412109375,137.265869140625,240.7467041015625,-1,-1,-1,-1
52,6,734.8151245117188,602.3372802734375,135.76544189453125,240.28497314453125,-1,-1,-1,-1
53,6,737.7817993164062,594.2744140625,133.85162353515625,244.10675048828125,-1,-1,-1,-1
54,6,739.2572021484375,582.9181518554688,133.9744873046875,250.82183837890625,-1,-1,-1,-1
55,6,741.0579833984375,578.5570068359375,124.053955078125,251.45343017578125,-1,-1,-1,-1
56,6,730.2049560546875,598.5402221679688,117.7022705078125,223.79864501953125,-1,-1,-1,-1
57,6,710.1806030273438,546.5460815429688,134.69537353515625,272.17730712890625,-1,-1,-1,-1
58,6,699.93017578125,539.3412475585938,147.66845703125,269.22955322265625,-1,-1,-1,-1
59,6,731.9004516601562,544.1517944335938,137.91876220703125,272.1405029296875,-1,-1,-1,-1
60,6,756.18359375,556.23095703125,119.65380859375,275.32513427734375,-1,-1,-1,-1
61,6,764.5253295898438,552.9385375976562,118.24725341796875,280.48480224609375,-1,-1,-1,-1
62,6,758.3089599609375,532.3461303710938,136.3497314453125,285.5836181640625,-1,-1,-1,-1
63,6,760.6664428710938,527.994873046875,136.16656494140625,288.7911376953125,-1,-1,-1,-1
64,6,763.125732421875,520.0147705078125,135.99737548828125,290.478759765625,-1,-1,-1,-1
65,6,764.8048095703125,506.019287109375,133.389404296875,299.49774169921875,-1,-1,-1,-1
66,6,751.9769897460938,495.13031005859375,130.5194091796875,300.27734375,-1,-1,-1,-1
67,6,765.0459594726562,467.6788635253906,132.7838134765625,311.8536682128906,-1,-1,-1,-1
68,6,823.0967407226562,459.35009765625,145.5123291015625,322.33380126953125,-1,-1,-1,-1
69,6,903.8154296875,473.84033203125,160.324951171875,338.2740478515625,-1,-1,-1,-1
70,6,962.8123168945312,489.0526123046875,167.54241943359375,356.24554443359375,-1,-1,-1,-1
71,6,989.7876586914062,479.9776611328125,168.92620849609375,367.83917236328125,-1,-1,-1,-1
72,6,1009.833984375,500.1568908691406,171.5374755859375,378.0435485839844,-1,-1,-1,-1
73,6,1026.288818359375,508.11944580078125,173.999755859375,389.97332763671875,-1,-1,-1,-1
74,6,1052.9638671875,512.5541381835938,177.3841552734375,408.86944580078125,-1,-1,-1,-1
75,6,1075.9603271484375,488.8141174316406,184.9716796875,430.0515441894531,-1,-1,-1,-1
76,6,1082.9769287109375,449.887451171875,194.8250732421875,449.41217041015625,-1,-1,-1,-1
77,6,1095.8740234375,413.8445129394531,210.630615234375,463.1227111816406,-1,-1,-1,-1
78,6,1085.882080078125,400.6161193847656,217.9156494140625,469.0600891113281,-1,-1,-1,-1
79,6,1101.693603515625,364.5047912597656,223.858154296875,480.3558654785156,-1,-1,-1,-1
80,6,1116.0257568359375,373.4639892578125,218.3323974609375,485.2034912109375,-1,-1,-1,-1
81,6,1103.329345703125,375.02392578125,213.5400390625,480.5318603515625,-1,-1,-1,-1
82,6,1090.586669921875,389.5855407714844,207.34765625,476.6863098144531,-1,-1,-1,-1
83,6,1088.0361328125,402.08551025390625,205.813232421875,473.8265380859375,-1,-1,-1,-1
84,6,1068.11767578125,437.777587890625,200.9443359375,469.93743896484375,-1,-1,-1,-1
85,6,1049.2335205078125,444.0414123535156,202.531005859375,466.1048278808594,-1,-1,-1,-1
86,6,1034.6796875,427.153076171875,204.653076171875,462.48052978515625,-1,-1,-1,-1
87,6,1034.22607421875,388.77032470703125,201.4837646484375,464.93927001953125,-1,-1,-1,-1
88,6,1036.4031982421875,377.24310302734375,196.251708984375,462.97955322265625,-1,-1,-1,-1
89,6,1040.30859375,403.5764465332031,206.357421875,456.5180358886719,-1,-1,-1,-1
90,6,1043.4061279296875,406.13043212890625,195.3660888671875,446.22283935546875,-1,-1,-1,-1
91,6,1020.951904296875,384.5992431640625,193.09619140625,434.42132568359375,-1,-1,-1,-1
92,6,1005.7633666992188,393.6870422363281,191.83966064453125,424.3633117675781,-1,-1,-1,-1
93,6,999.5595092773438,430.677734375,193.21697998046875,415.15234375,-1,-1,-1,-1
94,6,990.2802124023438,473.1239318847656,208.97442626953125,405.2997741699219,-1,-1,-1,-1
95,6,987.654296875,489.6711730957031,202.896240234375,396.9502868652344,-1,-1,-1,-1
96,6,962.5921020507812,481.15924072265625,185.38970947265625,382.53802490234375,-1,-1,-1,-1
97,6,970.3084716796875,481.40789794921875,151.0546875,369.81036376953125,-1,-1,-1,-1
98,6,996.136962890625,473.7749938964844,151.4407958984375,367.2070617675781,-1,-1,-1,-1
99,6,1042.4193115234375,487.4309997558594,170.6297607421875,373.5979309082031,-1,-1,-1,-1
100,6,1089.848876953125,478.05029296875,177.1951904296875,384.93487548828125,-1,-1,-1,-1
101,6,1112.0289306640625,465.0985107421875,165.4132080078125,384.4779052734375,-1,-1,-1,-1
102,6,1096.296875,441.57415771484375,147.7896728515625,376.54425048828125,-1,-1,-1,-1
103,6,1044.1695556640625,448.1106872558594,154.8790283203125,363.8967590332031,-1,-1,-1,-1
104,6,1003.4140014648438,467.2200927734375,151.56658935546875,354.45855712890625,-1,-1,-1,-1
105,6,975.701416015625,475.544189453125,154.43408203125,346.90631103515625,-1,-1,-1,-1
106,6,957.65283203125,488.7527160644531,154.8809814453125,342.8434143066406,-1,-1,-1,-1
107,6,946.45556640625,490.10589599609375,160.141357421875,341.22088623046875,-1,-1,-1,-1
108,6,935.5098876953125,504.7044372558594,161.825439453125,338.4532165527344,-1,-1,-1,-1
109,6,921.5424194335938,531.52685546875,164.31134033203125,332.97100830078125,-1,-1,-1,-1
110,6,906.426025390625,545.5552978515625,159.0150146484375,327.9237060546875,-1,-1,-1,-1
111,6,888.18603515625,553.4387817382812,154.89697265625,323.46722412109375,-1,-1,-1,-1
112,6,874.8292846679688,555.6538696289062,154.06024169921875,320.55511474609375,-1,-1,-1,-1
113,6,867.7637939453125,543.7129516601562,150.5626220703125,320.85015869140625,-1,-1,-1,-1
114,6,887.7002563476562,508.5000915527344,150.69915771484375,324.4304504394531,-1,-1,-1,-1
115,6,904.2472534179688,481.9440612792969,144.00054931640625,326.2217102050781,-1,-1,-1,-1
116,6,930.9927368164062,451.6950988769531,144.47467041015625,332.4732971191406,-1,-1,-1,-1
117,6,952.7952270507812,447.1287841796875,142.35443115234375,335.9312744140625,-1,-1,-1,-1
118,6,937.7256469726562,468.3229675292969,137.39422607421875,324.4371643066406,-1,-1,-1,-1
119,6,889.9426879882812,491.6826477050781,138.98760986328125,329.9536437988281,-1,-1,-1,-1
120,6,852.6947631835938,481.01043701171875,125.1026611328125,333.1566162109375,-1,-1,-1,-1
121,6,794.4596557617188,483.5239562988281,182.38787841796875,351.8238830566406,-1,-1,-1,-1
122,6,766.110595703125,453.5191650390625,259.26220703125,454.01025390625,-1,-1,-1,-1
44,7,1.1484603881835938,479.8018798828125,132.84014892578125,511.79168701171875,-1,-1,-1,-1
45,7,123.3199234008789,465.4342041015625,173.8692626953125,507.760009765625,-1,-1,-1,-1
46,7,107.46498107910156,449.5225830078125,207.79689025878906,514.0693359375,-1,-1,-1,-1
47,7,18.623397827148438,407.7467956542969,232.75697326660156,583.15576171875,-1,-1,-1,-1
48,7,-88.14708709716797,398.2076110839844,233.32070922851562,565.0357666015625,-1,-1,-1,-1
49,7,-121.86524963378906,548.9959106445312,279.4731750488281,620.4193725585938,-1,-1,-1,-1
46,8,1163.7586669921875,609.7221069335938,179.3970947265625,312.06671142578125,-1,-1,-1,-1
47,8,1072.05224609375,610.07470703125,169.549072265625,299.806396484375,-1,-1,-1,-1
48,8,952.69873046875,602.9342651367188,143.678955078125,289.61572265625,-1,-1,-1,-1
49,8,857.7635498046875,616.7584838867188,127.2086181640625,270.534912109375,-1,-1,-1,-1
50,8,814.0283203125,606.6682739257812,127.0076904296875,295.2369384765625,-1,-1,-1,-1
51,8,789.1366577148438,605.5852661132812,128.93695068359375,307.04925537109375,-1,-1,-1,-1
52,8,785.1701049804688,602.2252197265625,122.08831787109375,306.22601318359375,-1,-1,-1,-1
53,8,788.1435546875,596.018798828125,112.3514404296875,311.310791015625,-1,-1,-1,-1
54,8,777.760009765625,584.599609375,112.13751220703125,316.894287109375,-1,-1,-1,-1
55,8,748.425537109375,576.4879150390625,130.46923828125,324.02850341796875,-1,-1,-1,-1
56,8,731.203369140625,593.7664794921875,132.1334228515625,298.91912841796875,-1,-1,-1,-1
57,8,696.7390747070312,540.7169799804688,152.22955322265625,335.6513671875,-1,-1,-1,-1
58,8,679.176025390625,520.720458984375,171.1785888671875,358.3355712890625,-1,-1,-1,-1
59,8,676.0884399414062,513.9595336914062,175.7755126953125,383.47662353515625,-1,-1,-1,-1
60,8,662.2758178710938,517.02197265625,179.5643310546875,408.93603515625,-1,-1,-1,-1
61,8,658.7266235351562,512.642822265625,181.8636474609375,419.688720703125,-1,-1,-1,-1
62,8,665.0430297851562,493.2457275390625,164.35174560546875,425.4730224609375,-1,-1,-1,-1
63,8,637.6411743164062,491.8499755859375,153.5123291015625,452.9962158203125,-1,-1,-1,-1
64,8,599.8145751953125,488.2765808105469,155.300537109375,475.5820617675781,-1,-1,-1,-1
65,8,574.6355590820312,478.5032043457031,174.09796142578125,493.7729797363281,-1,-1,-1,-1
66,8,523.7852172851562,477.340576171875,190.37615966796875,504.11590576171875,-1,-1,-1,-1
67,8,505.9908752441406,455.6454162597656,164.96798706054688,503.3851013183594,-1,-1,-1,-1
68,8,531.9286499023438,460.18597412109375,157.98944091796875,488.77545166015625,-1,-1,-1,-1
69,8,559.9036865234375,490.4605712890625,179.36090087890625,467.95513916015625,-1,-1,-1,-1
70,8,556.8966674804688,532.9759521484375,214.140380859375,447.49481201171875,-1,-1,-1,-1
71,8,558.5340576171875,565.7601318359375,213.68096923828125,426.528564453125,-1,-1,-1,-1
72,8,571.2942504882812,603.8106689453125,201.8399658203125,415.8153076171875,-1,-1,-1,-1
73,8,583.9488525390625,634.42431640625,190.39697265625,398.0845947265625,-1,-1,-1,-1
74,8,586.9959106445312,635.9686279296875,208.6644287109375,406.86669921875,-1,-1,-1,-1
75,8,592.6620483398438,609.45458984375,232.002685546875,413.58074951171875,-1,-1,-1,-1
76,8,588.8075561523438,551.7900390625,239.01617431640625,447.545166015625,-1,-1,-1,-1
77,8,589.7990112304688,490.0506591796875,235.65338134765625,469.881591796875,-1,-1,-1,-1
78,8,569.83251953125,423.60528564453125,226.4913330078125,510.44525146484375,-1,-1,-1,-1
79,8,592.5516357421875,375.4930419921875,245.89703369140625,540.4342041015625,-1,-1,-1,-1
80,8,632.2556762695312,386.69866943359375,245.81878662109375,556.4216918945312,-1,-1,-1,-1
81,8,626.8212890625,405.6126403808594,252.77557373046875,555.373291015625,-1,-1,-1,-1
82,8,627.2600708007812,407.567626953125,250.99029541015625,568.4357299804688,-1,-1,-1,-1
83,8,633.2786865234375,403.7836608886719,251.93060302734375,584.06494140625,-1,-1,-1,-1
84,8,611.0484619140625,423.28326416015625,270.4578857421875,610.9634399414062,-1,-1,-1,-1
85,8,590.9833374023438,413.1524658203125,285.64483642578125,650.0989990234375,-1,-1,-1,-1
86,8,579.5511474609375,368.8078308105469,298.0958251953125,685.9874267578125,-1,-1,-1,-1
87,8,581.1241455078125,334.0221252441406,309.6673583984375,710.405029296875,-1,-1,-1,-1
88,8,596.6061401367188,319.9497375488281,307.907470703125,704.4541015625,-1,-1,-1,-1
89,8,628.2243041992188,343.40301513671875,293.507080078125,699.4375610351562,-1,-1,-1,-1
90,8,669.7036743164062,348.16510009765625,280.77606201171875,695.4419555664062,-1,-1,-1,-1
91,8,717.6748046875,329.50555419921875,245.6842041015625,687.4223022460938,-1,-1,-1,-1
92,8,733.467529296875,335.297607421875,244.75604248046875,678.901123046875,-1,-1,-1,-1
93,8,743.6043090820312,371.1680603027344,254.92095947265625,668.5899658203125,-1,-1,-1,-1
94,8,747.7100830078125,407.9146423339844,264.346435546875,668.636474609375,-1,-1,-1,-1
95,8,744.920654296875,433.27813720703125,270.67474365234375,692.2831420898438,-1,-1,-1,-1
96,8,725.1004638671875,445.6553039550781,277.280517578125,693.174560546875,-1,-1,-1,-1
97,8,714.9686889648438,474.0699157714844,279.5128173828125,653.254638671875,-1,-1,-1,-1
98,8,741.6181030273438,482.2880859375,282.63616943359375,623.712890625,-1,-1,-1,-1
99,8,804.97314453125,507.63092041015625,280.0130615234375,617.8578491210938,-1,-1,-1,-1
100,8,865.1030883789062,503.6138610839844,266.73468017578125,618.3719482421875,-1,-1,-1,-1
101,8,887.1671142578125,501.9796142578125,263.0289306640625,607.1632080078125,-1,-1,-1,-1
102,8,874.9467163085938,482.4530944824219,264.10809326171875,596.0675048828125,-1,-1,-1,-1
103,8,839.597900390625,483.4961853027344,250.5396728515625,583.56201171875,-1,-1,-1,-1
104,8,807.5792236328125,492.9356994628906,234.8460693359375,576.736083984375,-1,-1,-1,-1
105,8,788.526123046875,482.26556396484375,213.26361083984375,576.8627319335938,-1,-1,-1,-1
106,8,770.0733032226562,487.1287841796875,207.8653564453125,573.349609375,-1,-1,-1,-1
107,8,765.40869140625,471.01318359375,194.68182373046875,575.907470703125,-1,-1,-1,-1
108,8,755.507080078125,461.725830078125,190.3441162109375,591.06884765625,-1,-1,-1,-1
109,8,747.1993408203125,485.856689453125,189.2420654296875,585.73974609375,-1,-1,-1,-1
110,8,730.5264892578125,494.9535217285156,190.2833251953125,582.6048583984375,-1,-1,-1,-1
111,8,711.533203125,501.13433837890625,194.4793701171875,587.5629272460938,-1,-1,-1,-1
112,8,699.1177368164062,513.1564331054688,202.70989990234375,585.0366821289062,-1,-1,-1,-1
113,8,695.4013671875,510.33197021484375,206.77471923828125,582.9138793945312,-1,-1,-1,-1
114,8,710.4581298828125,479.0917053222656,207.3560791015625,593.4810791015625,-1,-1,-1,-1
115,8,722.7391967773438,447.40533447265625,209.37884521484375,605.4924926757812,-1,-1,-1,-1
116,8,740.2081298828125,408.4673156738281,227.7344970703125,621.7503662109375,-1,-1,-1,-1
117,8,761.339111328125,396.18267822265625,243.906005859375,638.4411010742188,-1,-1,-1,-1
118,8,759.9075927734375,408.8158264160156,247.92730712890625,658.4324951171875,-1,-1,-1,-1
119,8,737.598876953125,416.88604736328125,261.3402099609375,678.5238647460938,-1,-1,-1,-1
120,8,709.4819946289062,382.0859069824219,275.65472412109375,696.2918701171875,-1,-1,-1,-1
121,8,708.802001953125,366.13671875,294.14703369140625,708.6986083984375,-1,-1,-1,-1
122,8,730.007568359375,361.63714599609375,306.6585693359375,706.1622924804688,-1,-1,-1,-1
123,8,768.556396484375,347.5344543457031,332.6875,702.609130859375,-1,-1,-1,-1
124,8,805.8167724609375,344.7604064941406,375.369140625,741.5635986328125,-1,-1,-1,-1
125,8,858.706298828125,381.66241455078125,423.5989990234375,712.6329956054688,-1,-1,-1,-1
126,8,901.2515258789062,416.02020263671875,444.45062255859375,647.5208129882812,-1,-1,-1,-1
127,8,941.2448120117188,435.66229248046875,432.87738037109375,724.6482543945312,-1,-1,-1,-1
128,8,993.8419189453125,447.5955810546875,408.987548828125,715.9794921875,-1,-1,-1,-1
129,8,1014.8187866210938,471.291748046875,400.47833251953125,712.1634521484375,-1,-1,-1,-1
130,8,1022.9271240234375,485.553466796875,399.6690673828125,701.968505859375,-1,-1,-1,-1
131,8,1011.5088500976562,468.6771545410156,437.19000244140625,723.0933837890625,-1,-1,-1,-1
132,8,969.239013671875,487.37652587890625,438.094970703125,712.0591430664062,-1,-1,-1,-1
133,8,906.1617431640625,492.6747131347656,402.5260009765625,677.876708984375,-1,-1,-1,-1
134,8,882.3356323242188,490.612548828125,365.11065673828125,639.86376953125,-1,-1,-1,-1
135,8,878.5684204101562,483.989990234375,342.90789794921875,617.4598388671875,-1,-1,-1,-1
136,8,874.8907470703125,490.60089111328125,316.775634765625,603.0663452148438,-1,-1,-1,-1
137,8,865.0052490234375,495.6064453125,292.182373046875,587.146240234375,-1,-1,-1,-1
138,8,838.8253173828125,515.6013793945312,275.5421142578125,542.7973022460938,-1,-1,-1,-1
139,8,829.7816772460938,541.1536254882812,262.39532470703125,515.8966674804688,-1,-1,-1,-1
140,8,811.4951782226562,561.4331665039062,276.77667236328125,495.49127197265625,-1,-1,-1,-1
141,8,815.94775390625,575.6891479492188,280.419921875,485.54095458984375,-1,-1,-1,-1
142,8,813.3116455078125,536.296875,277.3602294921875,473.8209228515625,-1,-1,-1,-1
143,8,799.0772094726562,517.6221923828125,253.38983154296875,463.3848876953125,-1,-1,-1,-1
144,8,775.6112670898438,482.01348876953125,218.74078369140625,463.72564697265625,-1,-1,-1,-1
145,8,744.68896484375,469.2035217285156,194.24151611328125,461.9451599121094,-1,-1,-1,-1
146,8,718.8692626953125,454.15582275390625,200.4434814453125,465.40460205078125,-1,-1,-1,-1
147,8,688.684814453125,430.5996398925781,225.6783447265625,473.4474182128906,-1,-1,-1,-1
148,8,661.9288940429688,417.5582275390625,261.96478271484375,485.658447265625,-1,-1,-1,-1
149,8,626.36279296875,421.80621337890625,297.3182373046875,499.56787109375,-1,-1,-1,-1
150,8,593.0900268554688,412.82281494140625,336.498046875,515.1617431640625,-1,-1,-1,-1
151,8,568.871337890625,418.7757568359375,367.525390625,534.64501953125,-1,-1,-1,-1
152,8,549.7178955078125,437.9241943359375,378.1832275390625,523.921142578125,-1,-1,-1,-1
153,8,537.2703857421875,436.0577087402344,324.40814208984375,510.9555358886719,-1,-1,-1,-1
154,8,539.81640625,421.937744140625,294.807861328125,510.6590576171875,-1,-1,-1,-1
155,8,530.6030883789062,401.5851135253906,315.68804931640625,517.1844482421875,-1,-1,-1,-1
156,8,469.7449951171875,395.9351806640625,367.82000732421875,531.3578491210938,-1,-1,-1,-1
157,8,348.1695556640625,410.69659423828125,463.6181640625,539.3573608398438,-1,-1,-1,-1
158,8,288.6321716308594,429.1553039550781,497.9590759277344,535.921630859375,-1,-1,-1,-1
159,8,290.8034973144531,419.03173828125,485.2901306152344,524.7001953125,-1,-1,-1,-1
160,8,270.0299377441406,433.6829833984375,450.1965026855469,479.6015625,-1,-1,-1,-1
161,8,244.03582763671875,465.0628356933594,411.9256591796875,456.2821960449219,-1,-1,-1,-1
162,8,252.5795135498047,488.896728515625,386.1951904296875,450.4078369140625,-1,-1,-1,-1
163,8,261.54925537109375,519.6837768554688,394.959228515625,442.46612548828125,-1,-1,-1,-1
164,8,271.5080871582031,542.6245727539062,378.5136413574219,445.06866455078125,-1,-1,-1,-1
165,8,281.2569885253906,558.6409912109375,351.9071350097656,431.856201171875,-1,-1,-1,-1
166,8,284.2104187011719,542.7985229492188,309.3592224121094,416.69512939453125,-1,-1,-1,-1
167,8,257.2684020996094,570.0567016601562,293.8988952636719,383.44940185546875,-1,-1,-1,-1
168,8,237.64825439453125,529.33251953125,285.60302734375,378.86566162109375,-1,-1,-1,-1
169,8,267.2532653808594,513.5999145507812,257.3034973144531,352.86572265625,-1,-1,-1,-1
170,8,202.552734375,564.9325561523438,276.070556640625,332.8369140625,-1,-1,-1,-1
171,8,205.5417022705078,586.4021606445312,282.12445068359375,315.47021484375,-1,-1,-1,-1
172,8,257.97711181640625,633.5787353515625,263.3460693359375,291.08502197265625,-1,-1,-1,-1
173,8,249.27919006347656,637.1885375976562,254.2047576904297,305.90557861328125,-1,-1,-1,-1
174,8,242.66127014160156,630.2437133789062,237.7349090576172,343.36187744140625,-1,-1,-1,-1
175,8,226.0313262939453,624.13232421875,227.66883850097656,374.1322021484375,-1,-1,-1,-1
176,8,205.55227661132812,583.4909057617188,261.5113830566406,407.44879150390625,-1,-1,-1,-1
177,8,237.73104858398438,577.8930053710938,257.85736083984375,394.443359375,-1,-1,-1,-1
178,8,294.19830322265625,556.3272705078125,235.04937744140625,372.1724853515625,-1,-1,-1,-1
179,8,353.9104309082031,557.0301513671875,215.20193481445312,347.24957275390625,-1,-1,-1,-1
180,8,394.98760986328125,579.15478515625,182.4739990234375,355.47320556640625,-1,-1,-1,-1
181,8,370.29449462890625,566.9098510742188,182.52362060546875,400.23907470703125,-1,-1,-1,-1
182,8,385.2420959472656,550.18896484375,189.62057495117188,435.2215576171875,-1,-1,-1,-1
183,8,397.5974426269531,527.117431640625,215.80392456054688,462.05218505859375,-1,-1,-1,-1
184,8,384.33160400390625,502.41473388671875,239.1220703125,496.4130859375,-1,-1,-1,-1
185,8,369.8537902832031,466.9967956542969,264.2302551269531,490.5954895019531,-1,-1,-1,-1
186,8,370.9834289550781,440.24041748046875,325.2445373535156,474.32452392578125,-1,-1,-1,-1
187,8,390.0168762207031,412.72015380859375,372.1887512207031,463.70147705078125,-1,-1,-1,-1
188,8,407.3291015625,410.04986572265625,388.8685302734375,475.69830322265625,-1,-1,-1,-1
189,8,459.2217712402344,410.4618835449219,363.7058410644531,528.8236083984375,-1,-1,-1,-1
190,8,520.79150390625,415.76458740234375,326.3988037109375,542.7987670898438,-1,-1,-1,-1
191,8,560.3260498046875,428.2614440917969,277.7509765625,518.041748046875,-1,-1,-1,-1
192,8,575.8658447265625,446.9723205566406,260.51593017578125,509.0655822753906,-1,-1,-1,-1
193,8,575.243408203125,474.045166015625,255.1236572265625,520.2489624023438,-1,-1,-1,-1
194,8,576.7376708984375,451.90155029296875,275.47467041015625,580.9296264648438,-1,-1,-1,-1
195,8,550.916259765625,449.1192932128906,297.91522216796875,646.9619140625,-1,-1,-1,-1
196,8,501.1689147949219,447.464599609375,332.5942687988281,689.168212890625,-1,-1,-1,-1
197,8,470.9178771972656,446.4031066894531,357.2687683105469,720.9661865234375,-1,-1,-1,-1
198,8,430.2773132324219,455.22332763671875,374.2857971191406,709.7814331054688,-1,-1,-1,-1
199,8,415.51654052734375,447.273193359375,375.19586181640625,700.1605224609375,-1,-1,-1,-1
200,8,428.8777770996094,416.2712707519531,362.2793884277344,705.4940185546875,-1,-1,-1,-1
201,8,465.629638671875,343.99334716796875,350.1297607421875,735.1320190429688,-1,-1,-1,-1
202,8,490.3821716308594,262.77557373046875,328.8088684082031,822.8444213867188,-1,-1,-1,-1
203,8,459.40338134765625,204.78160095214844,357.7061767578125,951.22021484375,-1,-1,-1,-1
204,8,360.0003356933594,200.7294464111328,452.9822692871094,1046.9932861328125,-1,-1,-1,-1
205,8,232.4366912841797,201.1644287109375,589.0792236328125,1055.1976318359375,-1,-1,-1,-1
206,8,112.30673217773438,212.35903930664062,746.564697265625,1014.3653564453125,-1,-1,-1,-1
207,8,15.089385986328125,246.99928283691406,861.9759521484375,979.6634521484375,-1,-1,-1,-1
208,8,-6.1705780029296875,256.41754150390625,859.18505859375,1017.3482055664062,-1,-1,-1,-1
209,8,-5.2957611083984375,271.5841064453125,830.2185668945312,1093.6192626953125,-1,-1,-1,-1
210,8,-8.221790313720703,284.96661376953125,779.7103881835938,1133.5654296875,-1,-1,-1,-1
48,9,-119.4598159790039,407.1517028808594,241.94796752929688,564.1123046875,-1,-1,-1,-1
49,9,-143.92486572265625,577.32275390625,323.07098388671875,663.8056640625,-1,-1,-1,-1
68,10,-15.663307189941406,497.8489074707031,114.29165649414062,368.2237243652344,-1,-1,-1,-1
69,10,70.9515151977539,495.2166748046875,139.40301513671875,340.24676513671875,-1,-1,-1,-1
70,10,160.877685546875,525.9028930664062,132.20315551757812,310.47711181640625,-1,-1,-1,-1
71,10,200.9326934814453,554.2669677734375,134.6099090576172,299.041015625,-1,-1,-1,-1
72,10,231.83096313476562,568.14794921875,142.59494018554688,294.23321533203125,-1,-1,-1,-1
73,10,256.1177673339844,572.4014892578125,160.08474731445312,278.3170166015625,-1,-1,-1,-1
74,10,290.92657470703125,591.711181640625,159.4659423828125,244.9805908203125,-1,-1,-1,-1
75,10,326.65203857421875,564.3289794921875,134.8936767578125,236.84478759765625,-1,-1,-1,-1
76,10,344.8003234863281,530.2977294921875,98.58477783203125,225.267822265625,-1,-1,-1,-1
77,10,377.1953430175781,491.6376647949219,90.77951049804688,213.76498413085938,-1,-1,-1,-1
78,10,376.8887023925781,467.4421081542969,96.07211303710938,212.82571411132812,-1,-1,-1,-1
79,10,398.482177734375,476.51690673828125,107.5753173828125,198.11334228515625,-1,-1,-1,-1
80,10,415.3916015625,514.7151489257812,127.36444091796875,192.46893310546875,-1,-1,-1,-1
81,10,409.3870544433594,563.0582885742188,138.52658081054688,172.4119873046875,-1,-1,-1,-1
82,10,403.3283996582031,585.018310546875,136.12850952148438,166.02142333984375,-1,-1,-1,-1
83,10,409.7815246582031,587.1015014648438,123.22763061523438,173.24945068359375,-1,-1,-1,-1
84,10,395.2704772949219,589.4752807617188,124.72109985351562,184.0247802734375,-1,-1,-1,-1
85,10,393.1072998046875,584.2918701171875,128.81573486328125,172.77044677734375,-1,-1,-1,-1
86,10,405.6078186035156,549.121826171875,127.66067504882812,165.67266845703125,-1,-1,-1,-1
87,10,413.7040100097656,523.0835571289062,122.69259643554688,171.0726318359375,-1,-1,-1,-1
88,10,410.0731201171875,495.6651611328125,134.01544189453125,182.97088623046875,-1,-1,-1,-1
89,10,421.01617431640625,475.7310485839844,138.09246826171875,213.44009399414062,-1,-1,-1,-1
90,10,423.55828857421875,474.4727478027344,135.83697509765625,227.66879272460938,-1,-1,-1,-1
91,10,405.75933837890625,460.5983581542969,147.30902099609375,233.46328735351562,-1,-1,-1,-1
92,10,410.9595642089844,462.3116149902344,134.04745483398438,232.62039184570312,-1,-1,-1,-1
93,10,423.3359375,480.1937561035156,124.52264404296875,226.72085571289062,-1,-1,-1,-1
94,10,438.31561279296875,488.3023681640625,129.9669189453125,224.41192626953125,-1,-1,-1,-1
95,10,429.08477783203125,495.2806091308594,149.10272216796875,226.66824340820312,-1,-1,-1,-1
96,10,399.7734069824219,490.9674987792969,158.56655883789062,233.28305053710938,-1,-1,-1,-1
97,10,381.0025634765625,493.09197998046875,160.7835693359375,238.04425048828125,-1,-1,-1,-1
98,10,412.2012939453125,487.92742919921875,157.384765625,231.53515625,-1,-1,-1,-1
99,10,474.5331726074219,518.3004150390625,158.28366088867188,225.34869384765625,-1,-1,-1,-1
100,10,523.99755859375,522.5661010742188,157.225341796875,221.091796875,-1,-1,-1,-1
101,10,529.1713256835938,534.3119506835938,151.67523193359375,217.53619384765625,-1,-1,-1,-1
102,10,497.2656555175781,528.5283813476562,150.69503784179688,219.9039306640625,-1,-1,-1,-1
103,10,436.6708679199219,520.3632202148438,171.53823852539062,230.80609130859375,-1,-1,-1,-1
104,10,377.577880859375,518.4871826171875,195.46533203125,240.64837646484375,-1,-1,-1,-1
105,10,332.87213134765625,500.15423583984375,213.81890869140625,248.65167236328125,-1,-1,-1,-1
106,10,297.5547790527344,494.16339111328125,222.85421752929688,261.23675537109375,-1,-1,-1,-1
107,10,286.6968994140625,478.22705078125,199.23980712890625,268.552734375,-1,-1,-1,-1
108,10,276.9812316894531,477.2374267578125,181.11257934570312,273.37750244140625,-1,-1,-1,-1
109,10,271.9759826660156,486.5711669921875,170.18807983398438,274.873291015625,-1,-1,-1,-1
110,10,255.89125061035156,484.3341064453125,163.3308563232422,271.38226318359375,-1,-1,-1,-1
111,10,230.83062744140625,489.4930114746094,160.94158935546875,270.8016662597656,-1,-1,-1,-1
112,10,203.5054473876953,497.5180969238281,165.74708557128906,269.3458557128906,-1,-1,-1,-1
113,10,196.31919860839844,498.19842529296875,153.7282257080078,266.5384521484375,-1,-1,-1,-1
114,10,211.345458984375,475.9617004394531,144.55474853515625,261.8430480957031,-1,-1,-1,-1
115,10,219.1446075439453,455.1032409667969,143.96388244628906,252.11770629882812,-1,-1,-1,-1
116,10,242.238525390625,433.56707763671875,136.9482421875,248.913818359375,-1,-1,-1,-1
117,10,260.0344543457031,444.84478759765625,141.54232788085938,243.38861083984375,-1,-1,-1,-1
118,10,241.50454711914062,481.71337890625,159.51065063476562,245.459716796875,-1,-1,-1,-1
119,10,189.30284118652344,513.026123046875,174.92002868652344,254.90008544921875,-1,-1,-1,-1
120,10,129.38125610351562,497.6652526855469,194.65158081054688,265.3126525878906,-1,-1,-1,-1
121,10,108.70954132080078,470.8416748046875,201.72500610351562,273.34930419921875,-1,-1,-1,-1
122,10,111.57575988769531,457.5315246582031,205.84129333496094,278.9297790527344,-1,-1,-1,-1
123,10,152.2494659423828,403.65234375,200.49607849121094,281.98516845703125,-1,-1,-1,-1
124,10,196.6824951171875,362.83001708984375,204.2412109375,289.30828857421875,-1,-1,-1,-1
125,10,270.6923828125,361.9173889160156,191.3819580078125,290.1690979003906,-1,-1,-1,-1
126,10,324.82904052734375,323.33331298828125,163.7744140625,306.54205322265625,-1,-1,-1,-1
127,10,344.00531005859375,281.7989807128906,155.31463623046875,323.6231384277344,-1,-1,-1,-1
128,10,364.5015563964844,259.1870422363281,149.4337158203125,336.0799865722656,-1,-1,-1,-1
129,10,365.8846130371094,254.14334106445312,159.94686889648438,346.6847839355469,-1,-1,-1,-1
130,10,351.54083251953125,260.8540954589844,188.8199462890625,351.3045959472656,-1,-1,-1,-1
131,10,296.638916015625,304.5357360839844,211.12225341796875,351.7186584472656,-1,-1,-1,-1
132,10,175.0989532470703,370.6094665527344,245.7677764892578,361.9826354980469,-1,-1,-1,-1
133,10,27.29495620727539,413.4179992675781,278.21514892578125,386.1993103027344,-1,-1,-1,-1
134,10,-16.27508544921875,429.9300537109375,252.86293029785156,408.816162109375,-1,-1,-1,-1
135,10,-82.20764923095703,431.7642822265625,285.7288513183594,384.04754638671875,-1,-1,-1,-1
136,10,-150.4384002685547,435.193603515625,335.279052734375,413.9334716796875,-1,-1,-1,-1
137,10,-118.04100036621094,525.10400390625,262.3790283203125,366.88623046875,-1,-1,-1,-1
138,10,-122.40120697021484,537.8615112304688,248.259521484375,410.356689453125,-1,-1,-1,-1
73,11,594.462158203125,582.2730102539062,85.8580322265625,153.01776123046875,-1,-1,-1,-1
74,11,643.7888793945312,589.2805786132812,63.9930419921875,119.38775634765625,-1,-1,-1,-1
75,11,659.5890502929688,579.587646484375,70.7147216796875,105.9693603515625,-1,-1,-1,-1
76,11,667.5997314453125,546.27294921875,67.40887451171875,114.458740234375,-1,-1,-1,-1
78,11,612.942138671875,457.9051513671875,161.2537841796875,275.69647216796875,-1,-1,-1,-1
79,11,626.15576171875,430.23968505859375,180.18072509765625,306.76763916015625,-1,-1,-1,-1
80,11,634.1612548828125,416.1490783691406,203.6138916015625,356.5775451660156,-1,-1,-1,-1
81,11,627.9117431640625,441.343994140625,194.15374755859375,438.98486328125,-1,-1,-1,-1
82,11,628.4550170898438,445.00970458984375,204.5621337890625,471.59283447265625,-1,-1,-1,-1
125,12,889.1658935546875,424.2813720703125,278.1318359375,349.5548095703125,-1,-1,-1,-1
126,12,933.8135375976562,432.93341064453125,226.57330322265625,331.9659423828125,-1,-1,-1,-1
127,12,989.1055297851562,420.3107604980469,187.96429443359375,297.4996032714844,-1,-1,-1,-1
128,12,1013.1234741210938,406.7025451660156,192.37017822265625,323.4026794433594,-1,-1,-1,-1
129,12,1022.200927734375,406.04473876953125,201.462646484375,335.90826416015625,-1,-1,-1,-1
130,12,1024.838623046875,396.3121643066406,202.101318359375,338.4479675292969,-1,-1,-1,-1
131,12,992.0313110351562,406.9747619628906,188.08221435546875,335.4084167480469,-1,-1,-1,-1
132,12,902.99560546875,447.4886169433594,166.6207275390625,318.4085388183594,-1,-1,-1,-1
133,12,802.7223510742188,464.7474365234375,145.4354248046875,308.618896484375,-1,-1,-1,-1
134,12,748.446533203125,458.7996826171875,140.95574951171875,302.94775390625,-1,-1,-1,-1
135,12,724.5272216796875,456.0285339355469,134.24169921875,299.0484924316406,-1,-1,-1,-1
136,12,695.2265625,464.5347595214844,131.64862060546875,296.2085876464844,-1,-1,-1,-1
137,12,665.2418823242188,470.221923828125,122.64892578125,291.5445556640625,-1,-1,-1,-1
138,12,627.0936889648438,481.3481140136719,118.56805419921875,285.8929138183594,-1,-1,-1,-1
139,12,605.3834838867188,506.3301696777344,116.7431640625,283.7939758300781,-1,-1,-1,-1
140,12,586.5996704101562,531.9027709960938,113.74884033203125,281.01470947265625,-1,-1,-1,-1
141,12,576.4464111328125,560.1702270507812,109.375,280.257568359375,-1,-1,-1,-1
142,12,563.2257690429688,540.9981079101562,111.2613525390625,280.03680419921875,-1,-1,-1,-1
143,12,549.9610595703125,529.1538696289062,110.7755126953125,285.9451904296875,-1,-1,-1,-1
144,12,529.4617309570312,503.1744384765625,113.7705078125,288.19635009765625,-1,-1,-1,-1
145,12,504.8663330078125,487.25665283203125,116.2364501953125,290.0439453125,-1,-1,-1,-1
146,12,489.5588073730469,469.0904541015625,115.23464965820312,294.2352294921875,-1,-1,-1,-1
147,12,477.023681640625,440.9978942871094,116.0648193359375,297.4583435058594,-1,-1,-1,-1
148,12,475.1815490722656,418.7604064941406,117.96127319335938,299.8783874511719,-1,-1,-1,-1
149,12,463.877685546875,421.3595886230469,120.34033203125,301.5670471191406,-1,-1,-1,-1
150,12,456.8423767089844,410.75201416015625,119.98501586914062,302.42608642578125,-1,-1,-1,-1
151,12,449.9723815917969,411.1932067871094,122.25643920898438,301.4436950683594,-1,-1,-1,-1
152,12,450.5704345703125,415.1703186035156,124.0911865234375,300.3359069824219,-1,-1,-1,-1
153,12,459.3242492675781,407.11871337890625,114.29849243164062,301.8057861328125,-1,-1,-1,-1
154,12,471.6263122558594,395.9638671875,119.00546264648438,299.119873046875,-1,-1,-1,-1
155,12,489.7986145019531,385.0367431640625,112.05935668945312,296.5257568359375,-1,-1,-1,-1
156,12,461.9626159667969,396.71234130859375,139.13839721679688,304.015869140625,-1,-1,-1,-1
157,12,409.985107421875,464.7915954589844,179.4034423828125,264.5831604003906,-1,-1,-1,-1
158,12,294.0667724609375,431.6258544921875,350.65087890625,367.79608154296875,-1,-1,-1,-1
159,12,299.1739501953125,432.0130615234375,337.211669921875,351.2138671875,-1,-1,-1,-1
160,12,278.45184326171875,442.8926086425781,332.778076171875,333.9588317871094,-1,-1,-1,-1
161,12,257.16204833984375,472.5574035644531,330.26055908203125,311.9678039550781,-1,-1,-1,-1
162,12,257.61859130859375,493.02789306640625,339.0606689453125,305.96435546875,-1,-1,-1,-1
163,12,286.1513977050781,521.5284423828125,311.4850769042969,305.56915283203125,-1,-1,-1,-1
164,12,309.43328857421875,543.0684204101562,262.65789794921875,293.13055419921875,-1,-1,-1,-1
165,12,310.23248291015625,558.8995361328125,281.98565673828125,290.773681640625,-1,-1,-1,-1
166,12,300.23260498046875,551.7108764648438,286.40802001953125,310.71368408203125,-1,-1,-1,-1
155,13,-102.18614196777344,601.8795166015625,207.39830017089844,411.71380615234375,-1,-1,-1,-1
156,13,-138.21954345703125,612.8878173828125,279.545166015625,412.7252197265625,-1,-1,-1,-1
157,13,-201.49436950683594,618.2608032226562,412.9385070800781,448.86175537109375,-1,-1,-1,-1
158,13,-141.1620635986328,501.5932312011719,390.00164794921875,541.19775390625,-1,-1,-1,-1
159,13,-11.690237045288086,506.21759033203125,330.65350341796875,478.642822265625,-1,-1,-1,-1
160,13,14.979331016540527,519.2109985351562,339.5357360839844,436.67144775390625,-1,-1,-1,-1
161,13,48.670860290527344,540.3983154296875,328.2171630859375,403.276611328125,-1,-1,-1,-1
162,13,80.03128051757812,543.1425170898438,337.3124084472656,385.60455322265625,-1,-1,-1,-1
163,13,98.58731842041016,545.0445556640625,338.1339111328125,376.46795654296875,-1,-1,-1,-1
164,13,121.61380767822266,545.6278686523438,336.0294189453125,376.326171875,-1,-1,-1,-1
165,13,160.93063354492188,553.24853515625,311.4783020019531,372.90948486328125,-1,-1,-1,-1
166,13,167.62429809570312,538.5494384765625,299.6357727050781,377.8756103515625,-1,-1,-1,-1
167,13,169.65127563476562,584.1317749023438,292.4295654296875,346.29217529296875,-1,-1,-1,-1
168,13,158.9269561767578,562.96337890625,312.03265380859375,342.111572265625,-1,-1,-1,-1
169,13,165.83155822753906,532.5068359375,224.6750030517578,333.96624755859375,-1,-1,-1,-1
170,13,88.86298370361328,560.8389892578125,237.31207275390625,347.9149169921875,-1,-1,-1,-1
171,13,91.32395935058594,554.1282348632812,235.6184539794922,351.52935791015625,-1,-1,-1,-1
172,13,132.92063903808594,578.360595703125,232.28501892089844,343.74395751953125,-1,-1,-1,-1
173,13,137.86041259765625,579.1655883789062,240.57427978515625,346.29974365234375,-1,-1,-1,-1
174,13,152.91415405273438,574.6375732421875,228.41848754882812,345.80535888671875,-1,-1,-1,-1
175,13,122.6960678100586,573.2008056640625,230.07687377929688,344.19915771484375,-1,-1,-1,-1
176,13,137.01370239257812,538.0569458007812,222.81192016601562,350.5628662109375,-1,-1,-1,-1
177,13,192.54034423828125,538.2958374023438,195.86074829101562,328.3580322265625,-1,-1,-1,-1
178,13,271.00592041015625,516.1681518554688,180.166748046875,307.37384033203125,-1,-1,-1,-1
179,13,355.3743591308594,514.9652709960938,164.58346557617188,299.4359130859375,-1,-1,-1,-1
180,13,375.12701416015625,574.464599609375,146.7430419921875,259.3719482421875,-1,-1,-1,-1
181,13,370.34942626953125,531.4286499023438,130.12789916992188,275.40631103515625,-1,-1,-1,-1
182,13,393.253662109375,520.8482666015625,145.56988525390625,267.61187744140625,-1,-1,-1,-1
183,13,413.06695556640625,500.8880310058594,154.12091064453125,250.60281372070312,-1,-1,-1,-1
184,13,419.5267028808594,501.6646728515625,178.86953735351562,274.42919921875,-1,-1,-1,-1
185,13,378.1535949707031,467.3937683105469,242.63363647460938,307.3074035644531,-1,-1,-1,-1
186,13,378.6102294921875,445.828125,309.84820556640625,349.0721435546875,-1,-1,-1,-1
187,13,406.152099609375,432.1099548339844,357.4901123046875,364.2637023925781,-1,-1,-1,-1
159,14,550.980712890625,426.5996398925781,122.66314697265625,295.1255798339844,-1,-1,-1,-1
160,14,581.1043701171875,426.5501708984375,123.73529052734375,295.55975341796875,-1,-1,-1,-1
161,14,591.3153686523438,433.10595703125,134.81231689453125,294.4234619140625,-1,-1,-1,-1
162,14,620.9303588867188,428.33575439453125,143.599853515625,296.51776123046875,-1,-1,-1,-1
163,14,648.9739379882812,434.1717529296875,145.4967041015625,300.668701171875,-1,-1,-1,-1
164,14,673.8292236328125,441.0162048339844,142.0174560546875,306.6527404785156,-1,-1,-1,-1
165,14,703.6262817382812,448.2020568847656,140.86895751953125,309.1462707519531,-1,-1,-1,-1
166,14,714.7342529296875,426.5716857910156,139.62591552734375,323.1585998535156,-1,-1,-1,-1
167,14,707.9376220703125,423.9775390625,145.32720947265625,328.373046875,-1,-1,-1,-1
168,14,701.1198120117188,388.4823303222656,147.586181640625,334.9641418457031,-1,-1,-1,-1
169,14,713.0140380859375,357.7240905761719,156.89697265625,342.8055725097656,-1,-1,-1,-1
170,14,658.3980102539062,375.5882263183594,162.36383056640625,342.3302307128906,-1,-1,-1,-1
171,14,675.7808227539062,389.381591796875,166.308349609375,349.44793701171875,-1,-1,-1,-1
172,14,718.355712890625,412.7052917480469,171.1866455078125,356.8741760253906,-1,-1,-1,-1
173,14,725.6111450195312,399.1031188964844,182.4820556640625,376.7646789550781,-1,-1,-1,-1
174,14,743.954833984375,411.10955810546875,190.66644287109375,387.36627197265625,-1,-1,-1,-1
175,14,723.6588134765625,407.9096984863281,196.5941162109375,399.1803894042969,-1,-1,-1,-1
176,14,729.7446899414062,380.7257995605469,204.066162109375,416.1306457519531,-1,-1,-1,-1
177,14,761.4580688476562,370.2912292480469,212.998779296875,432.5810852050781,-1,-1,-1,-1
178,14,808.81591796875,330.7080078125,225.27392578125,450.03070068359375,-1,-1,-1,-1
179,14,865.5020751953125,315.94073486328125,237.0244140625,472.17315673828125,-1,-1,-1,-1
180,14,871.1485595703125,357.1546325683594,244.0191650390625,477.9798889160156,-1,-1,-1,-1
181,14,861.3883056640625,384.0315856933594,239.9210205078125,489.9518737792969,-1,-1,-1,-1
182,14,872.141357421875,360.7784423828125,254.1717529296875,508.3099365234375,-1,-1,-1,-1
183,14,898.068603515625,347.6938781738281,258.935791015625,521.692138671875,-1,-1,-1,-1
184,14,909.2301025390625,364.05755615234375,259.7923583984375,531.5535278320312,-1,-1,-1,-1
185,14,907.6141357421875,346.61090087890625,262.9241943359375,536.0786743164062,-1,-1,-1,-1
186,14,938.2089233398438,332.0040283203125,275.28582763671875,538.1458129882812,-1,-1,-1,-1
187,14,974.4259033203125,350.0134582519531,273.49560546875,538.4642333984375,-1,-1,-1,-1
188,14,983.6795654296875,372.47802734375,264.0845947265625,528.7374877929688,-1,-1,-1,-1
189,14,965.6729736328125,368.5260009765625,260.7532958984375,519.7984008789062,-1,-1,-1,-1
190,14,947.8824462890625,355.848876953125,253.411865234375,507.9111328125,-1,-1,-1,-1
191,14,926.9157104492188,349.45263671875,242.14227294921875,496.59075927734375,-1,-1,-1,-1
192,14,921.9093627929688,373.6671142578125,232.03692626953125,483.5604248046875,-1,-1,-1,-1
193,14,925.156005859375,434.2049865722656,231.7745361328125,474.7615661621094,-1,-1,-1,-1
194,14,944.0452270507812,430.6639709472656,228.73699951171875,466.8533020019531,-1,-1,-1,-1
195,14,952.7276611328125,448.2620544433594,223.7381591796875,461.8824157714844,-1,-1,-1,-1
196,14,943.543701171875,466.8310241699219,215.712890625,443.5207214355469,-1,-1,-1,-1
197,14,938.7147216796875,467.2878112792969,208.7366943359375,431.6004333496094,-1,-1,-1,-1
198,14,926.4889526367188,482.4163818359375,202.30999755859375,416.9635009765625,-1,-1,-1,-1
199,14,935.1531372070312,487.7673645019531,200.34918212890625,413.8262023925781,-1,-1,-1,-1
200,14,946.5390625,473.8722229003906,197.5626220703125,411.9172668457031,-1,-1,-1,-1
201,14,966.128662109375,456.0785827636719,196.3013916015625,417.3814392089844,-1,-1,-1,-1
202,14,968.3011474609375,434.3455505371094,195.9765625,418.9883117675781,-1,-1,-1,-1
203,14,959.6930541992188,397.30230712890625,200.31512451171875,428.31573486328125,-1,-1,-1,-1
204,14,955.4761962890625,376.3658447265625,204.6474609375,436.45855712890625,-1,-1,-1,-1
205,14,972.2802124023438,355.0831298828125,208.52935791015625,449.195068359375,-1,-1,-1,-1
206,14,1013.4918823242188,332.0677490234375,219.13568115234375,468.80767822265625,-1,-1,-1,-1
207,14,1021.1403198242188,334.780517578125,229.13238525390625,479.3306884765625,-1,-1,-1,-1
208,14,965.619140625,314.10833740234375,228.2303466796875,475.47393798828125,-1,-1,-1,-1
209,14,910.5488891601562,293.3244934082031,223.44012451171875,478.2721862792969,-1,-1,-1,-1
210,14,866.5924682617188,283.79150390625,225.10919189453125,481.0091552734375,-1,-1,-1,-1
211,14,827.41845703125,318.6973876953125,225.2392578125,485.5677490234375,-1,-1,-1,-1
212,14,779.0205688476562,349.6689453125,230.1026611328125,492.87518310546875,-1,-1,-1,-1
213,14,756.468505859375,331.04840087890625,235.305908203125,512.9638671875,-1,-1,-1,-1
214,14,731.3958129882812,305.2720947265625,241.4521484375,540.4745483398438,-1,-1,-1,-1
215,14,732.3766479492188,300.63348388671875,262.5504150390625,567.7673950195312,-1,-1,-1,-1
216,14,723.2357177734375,350.0279541015625,281.0206298828125,569.0771484375,-1,-1,-1,-1
217,14,705.472900390625,378.32281494140625,298.76873779296875,616.2767944335938,-1,-1,-1,-1
218,14,715.067626953125,326.79681396484375,322.689453125,691.610107421875,-1,-1,-1,-1
219,14,751.8761596679688,166.8001251220703,362.52203369140625,776.0244140625,-1,-1,-1,-1
220,14,757.4713745117188,45.12932586669922,400.60772705078125,859.2049560546875,-1,-1,-1,-1
204,15,677.751953125,426.8710021972656,103.93927001953125,226.53543090820312,-1,-1,-1,-1
205,15,704.4948120117188,411.80810546875,90.90069580078125,234.71014404296875,-1,-1,-1,-1
206,15,741.8582153320312,388.0755920410156,98.67919921875,235.67019653320312,-1,-1,-1,-1
207,15,754.2473754882812,388.58538818359375,99.94744873046875,236.89068603515625,-1,-1,-1,-1
208,15,707.605712890625,356.6457214355469,101.74493408203125,243.47964477539062,-1,-1,-1,-1
209,15,666.3050537109375,329.92901611328125,96.78826904296875,252.83966064453125,-1,-1,-1,-1
210,15,625.4970092773438,318.6723937988281,104.4952392578125,251.98312377929688,-1,-1,-1,-1
211,15,599.7711791992188,362.46343994140625,99.393310546875,248.9442138671875,-1,-1,-1,-1
212,15,558.9868774414062,411.5577697753906,103.16607666015625,244.49679565429688,-1,-1,-1,-1
213,15,543.5936279296875,418.4003601074219,104.63360595703125,247.35733032226562,-1,-1,-1,-1
214,15,524.7123413085938,416.118408203125,111.09368896484375,253.178466796875,-1,-1,-1,-1
215,15,534.39013671875,432.4281005859375,120.40948486328125,254.794921875,-1,-1,-1,-1
216,15,538.4290771484375,501.3074035644531,125.45556640625,249.99484252929688,-1,-1,-1,-1
217,15,537.3834228515625,531.793701171875,127.62310791015625,256.76519775390625,-1,-1,-1,-1
218,15,558.2028198242188,497.76507568359375,122.4754638671875,260.58587646484375,-1,-1,-1,-1
219,15,596.3289794921875,379.2888488769531,130.38134765625,282.6794128417969,-1,-1,-1,-1
220,15,601.08203125,298.8477783203125,144.5606689453125,303.4078369140625,-1,-1,-1,-1
