1,1,396.5863342285156,588.2169189453125,111.64956665039062,296.75390625,-1,-1,-1,-1
2,1,378.1973571777344,600.4718017578125,114.94918823242188,298.01812744140625,-1,-1,-1,-1
3,1,384.6805114746094,601.314453125,116.09365844726562,301.32958984375,-1,-1,-1,-1
4,1,441.56585693359375,598.4967041015625,115.2664794921875,294.607666015625,-1,-1,-1,-1
5,1,513.037841796875,596.3953247070312,113.97723388671875,289.69207763671875,-1,-1,-1,-1
6,1,567.4912109375,601.1285400390625,113.6746826171875,281.6627197265625,-1,-1,-1,-1
7,1,598.029052734375,605.041748046875,114.72418212890625,278.941162109375,-1,-1,-1,-1
8,1,615.941162109375,612.85205078125,118.43121337890625,274.07342529296875,-1,-1,-1,-1
9,1,623.2684936523438,613.535888671875,121.490234375,272.15985107421875,-1,-1,-1,-1
10,1,624.0723266601562,613.0320434570312,126.3741455078125,270.68597412109375,-1,-1,-1,-1
11,1,619.5531616210938,605.739990234375,130.76104736328125,275.190185546875,-1,-1,-1,-1
12,1,610.5277099609375,603.0648193359375,132.233154296875,276.37860107421875,-1,-1,-1,-1
13,1,592.827880859375,597.245361328125,134.549072265625,280.6903076171875,-1,-1,-1,-1
14,1,579.349853515625,595.3130493164062,134.5447998046875,281.342041015625,-1,-1,-1,-1
15,1,578.9705810546875,588.4901733398438,136.41021728515625,287.52142333984375,-1,-1,-1,-1
16,1,575.0304565429688,578.563720703125,139.339111328125,293.2452392578125,-1,-1,-1,-1
17,1,564.023681640625,563.5105590820312,140.25054931640625,296.26007080078125,-1,-1,-1,-1
18,1,527.823974609375,540.7372436523438,142.9830322265625,298.52069091796875,-1,-1,-1,-1
19,1,476.6380615234375,537.6444091796875,138.8919677734375,304.371826171875,-1,-1,-1,-1
20,1,438.7240295410156,534.6637573242188,142.89871215820312,305.3865966796875,-1,-1,-1,-1
21,1,423.9418640136719,533.0025634765625,148.80740356445312,305.26507568359375,-1,-1,-1,-1
22,1,414.7668151855469,530.9622192382812,153.35073852539062,311.37738037109375,-1,-1,-1,-1
23,1,395.8192443847656,518.638427734375,160.21566772460938,318.98895263671875,-1,-1,-1,-1
24,1,370.3695373535156,505.1426086425781,167.32192993164062,327.0091247558594,-1,-1,-1,-1
25,1,363.85699462890625,490.4730224609375,173.18359375,332.30615234375,-1,-1,-1,-1
26,1,353.6801452636719,491.1585998535156,178.90249633789062,334.0783996582031,-1,-1,-1,-1
27,1,370.9905090332031,490.3134765625,184.69100952148438,330.125732421875,-1,-1,-1,-1
28,1,437.2894592285156,485.3213806152344,185.85250854492188,320.6679992675781,-1,-1,-1,-1
29,1,512.6206665039062,493.8744812011719,180.67138671875,314.2145080566406,-1,-1,-1,-1
30,1,518.0772094726562,494.6172790527344,180.596435546875,317.4125671386719,-1,-1,-1,-1
31,1,466.3335266113281,488.78076171875,187.32357788085938,324.61431884765625,-1,-1,-1,-1
32,1,413.33721923828125,470.47406005859375,193.25732421875,329.56298828125,-1,-1,-1,-1
33,1,379.58447265625,466.86669921875,196.952392578125,330.978515625,-1,-1,-1,-1
34,1,354.990966796875,468.2264404296875,200.227783203125,330.41802978515625,-1,-1,-1,-1
35,1,346.631591796875,488.668212890625,192.7890625,322.3165283203125,-1,-1,-1,-1
36,1,307.68157958984375,526.6073608398438,203.99761962890625,324.47357177734375,-1,-1,-1,-1
37,1,226.77163696289062,542.8985595703125,246.80099487304688,331.76116943359375,-1,-1,-1,-1
38,1,132.99188232421875,492.3328857421875,301.7485046386719,358.9398193359375,-1,-1,-1,-1
39,1,61.214683532714844,475.4776916503906,330.7204284667969,388.6023254394531,-1,-1,-1,-1
40,1,-9.078311920166016,411.49420166015625,367.6170654296875,418.104736328125,-1,-1,-1,-1
41,1,-11.517386436462402,348.3297424316406,321.5187683105469,432.3371887207031,-1,-1,-1,-1
42,1,-4.841043472290039,331.8984375,234.7401885986328,453.2509765625,-1,-1,-1,-1
43,1,-17.607860565185547,367.02593994140625,143.91827392578125,459.7298583984375,-1,-1,-1,-1
44,1,-86.89228820800781,282.68646240234375,226.01229858398438,585.3775634765625,-1,-1,-1,-1
45,1,-150.93869018554688,406.2232666015625,318.9872741699219,501.20343017578125,-1,-1,-1,-1
46,1,-148.2881622314453,385.25830078125,374.7555236816406,493.3095703125,-1,-1,-1,-1
47,1,-12.260580062866211,371.35601806640625,328.22393798828125,485.13568115234375,-1,-1,-1,-1
48,1,145.40765380859375,364.31976318359375,266.03448486328125,436.58807373046875,-1,-1,-1,-1
49,1,262.32757568359375,361.2781066894531,232.46612548828125,386.3423156738281,-1,-1,-1,-1
50,1,335.1249694824219,368.2909240722656,232.59280395507812,365.3097229003906,-1,-1,-1,-1
51,1,379.1692810058594,389.656494140625,243.81008911132812,353.2667236328125,-1,-1,-1,-1
52,1,442.5330810546875,410.4483642578125,240.74774169921875,343.33709716796875,-1,-1,-1,-1
53,1,488.1858215332031,422.05731201171875,235.88229370117188,337.36322021484375,-1,-1,-1,-1
54,1,525.2698364257812,400.05572509765625,226.8951416015625,363.26263427734375,-1,-1,-1,-1
55,1,561.5855712890625,408.6592102050781,195.462158203125,366.9740905761719,-1,-1,-1,-1
56,1,604.17431640625,429.4840087890625,171.267822265625,366.165283203125,-1,-1,-1,-1
57,1,620.3231811523438,464.3133239746094,174.19952392578125,361.3218078613281,-1,-1,-1,-1
58,1,622.0819091796875,462.6964416503906,195.78570556640625,377.0183410644531,-1,-1,-1,-1
59,1,614.6461791992188,488.5119934082031,225.59674072265625,370.0356140136719,-1,-1,-1,-1
60,1,599.92822265625,514.5252685546875,259.466796875,353.91522216796875,-1,-1,-1,-1
61,1,574.7628784179688,541.0025634765625,299.23065185546875,338.74407958984375,-1,-1,-1,-1
62,1,573.6084594726562,571.5499267578125,318.3560791015625,314.65313720703125,-1,-1,-1,-1
63,1,604.695068359375,609.6875610351562,284.8184814453125,304.66204833984375,-1,-1,-1,-1
64,1,632.5711669921875,595.4423217773438,259.06170654296875,317.09576416015625,-1,-1,-1,-1
65,1,616.2733154296875,556.8532104492188,318.07427978515625,336.50738525390625,-1,-1,-1,-1
66,1,587.099365234375,552.0657348632812,415.1148681640625,363.01861572265625,-1,-1,-1,-1
67,1,581.4254760742188,569.8936767578125,525.6264038085938,396.26751708984375,-1,-1,-1,-1
68,1,578.89306640625,583.3889770507812,595.0009765625,414.282958984375,-1,-1,-1,-1
69,1,580.2008666992188,543.1746826171875,607.2808227539062,419.59027099609375,-1,-1,-1,-1
70,1,630.6880493164062,541.9028930664062,664.7930297851562,467.97344970703125,-1,-1,-1,-1
71,1,606.213623046875,545.0449829101562,795.221435546875,517.9630737304688,-1,-1,-1,-1
72,1,580.04345703125,565.4183959960938,850.756103515625,562.8309936523438,-1,-1,-1,-1
73,1,590.3414306640625,595.1947631835938,901.4276123046875,625.9573364257812,-1,-1,-1,-1
74,1,658.3696899414062,651.291748046875,793.9015502929688,643.9732666015625,-1,-1,-1,-1
75,1,823.12451171875,760.8349609375,651.5474853515625,578.933349609375,-1,-1,-1,-1
1,2,815.190673828125,584.6258544921875,124.5106201171875,353.34967041015625,-1,-1,-1,-1
2,2,795.9678955078125,589.2936401367188,127.083740234375,348.70428466796875,-1,-1,-1,-1
3,2,795.446533203125,592.5260620117188,141.499267578125,340.16162109375,-1,-1,-1,-1
4,2,832.6400756835938,594.621826171875,172.48626708984375,332.27850341796875,-1,-1,-1,-1
5,2,888.5574951171875,595.8298950195312,204.433837890625,339.07562255859375,-1,-1,-1,-1
6,2,942.168701171875,603.1904296875,220.118408203125,349.21722412109375,-1,-1,-1,-1
7,2,974.7835693359375,612.8367919921875,225.017578125,352.60491943359375,-1,-1,-1,-1
8,2,997.548095703125,616.4695434570312,226.3328857421875,358.32977294921875,-1,-1,-1,-1
9,2,1012.5130615234375,619.46240234375,208.8853759765625,354.25750732421875,-1,-1,-1,-1
10,2,1017.0557861328125,616.1395263671875,182.8387451171875,352.06744384765625,-1,-1,-1,-1
11,2,1014.8099975585938,614.6282958984375,153.19061279296875,352.701416015625,-1,-1,-1,-1
12,2,1005.4757080078125,603.5193481445312,142.4703369140625,361.954345703125,-1,-1,-1,-1
13,2,983.9470825195312,597.0986938476562,138.76153564453125,364.10821533203125,-1,-1,-1,-1
14,2,954.3218994140625,591.171142578125,147.2213134765625,366.48046875,-1,-1,-1,-1
15,2,931.9636840820312,583.21630859375,169.93536376953125,373.61981201171875,-1,-1,-1,-1
16,2,916.6181640625,568.9030151367188,182.224365234375,383.1063232421875,-1,-1,-1,-1
17,2,894.7339477539062,557.8814697265625,191.21624755859375,386.3831787109375,-1,-1,-1,-1
18,2,852.2973022460938,539.9506225585938,191.66595458984375,388.74652099609375,-1,-1,-1,-1
19,2,801.3931884765625,532.3818359375,176.03350830078125,390.4901123046875,-1,-1,-1,-1
20,2,775.9989013671875,535.72509765625,163.3399658203125,394.00396728515625,-1,-1,-1,-1
21,2,766.5028686523438,535.78564453125,160.7161865234375,401.21075439453125,-1,-1,-1,-1
22,2,761.8611450195312,532.7313842773438,159.93402099609375,414.55242919921875,-1,-1,-1,-1
23,2,748.9429321289062,516.6546020507812,163.11871337890625,428.60821533203125,-1,-1,-1,-1
24,2,735.0657958984375,504.204833984375,175.2906494140625,435.27239990234375,-1,-1,-1,-1
25,2,732.5159301757812,495.7099609375,190.66864013671875,436.58111572265625,-1,-1,-1,-1
26,2,728.7686157226562,489.20599365234375,197.6572265625,440.62152099609375,-1,-1,-1,-1
27,2,748.6674194335938,484.795654296875,205.320068359375,452.55609130859375,-1,-1,-1,-1
28,2,808.4273071289062,463.600341796875,219.69793701171875,486.5135498046875,-1,-1,-1,-1
29,2,882.33642578125,463.0392761230469,233.7711181640625,522.71240234375,-1,-1,-1,-1
30,2,885.3187866210938,483.19097900390625,253.74920654296875,540.3353271484375,-1,-1,-1,-1
31,2,814.0784301757812,487.0115051269531,281.59808349609375,541.211669921875,-1,-1,-1,-1
32,2,768.8173828125,488.1947937011719,282.9859619140625,547.8463134765625,-1,-1,-1,-1
33,2,747.2291259765625,501.38470458984375,279.5799560546875,552.9246215820312,-1,-1,-1,-1
34,2,738.1673583984375,499.1353759765625,281.857666015625,568.4761962890625,-1,-1,-1,-1
35,2,744.6624755859375,493.3154602050781,297.7899169921875,597.90380859375,-1,-1,-1,-1
36,2,729.9823608398438,514.6375732421875,306.79840087890625,617.1102294921875,-1,-1,-1,-1
37,2,694.3111572265625,531.5726928710938,320.61517333984375,622.0181274414062,-1,-1,-1,-1
38,2,653.558837890625,515.1596069335938,329.39306640625,627.0244750976562,-1,-1,-1,-1
39,2,623.2197875976562,515.7237548828125,353.54852294921875,646.6329345703125,-1,-1,-1,-1
40,2,621.2776489257812,493.00177001953125,346.3057861328125,678.8941040039062,-1,-1,-1,-1
41,2,613.8364868164062,462.9255676269531,361.69097900390625,735.0689697265625,-1,-1,-1,-1
42,2,606.7716674804688,426.3442687988281,392.8167724609375,790.31640625,-1,-1,-1,-1
43,2,582.906005859375,421.9481506347656,454.7979736328125,868.9217529296875,-1,-1,-1,-1
44,2,578.5524291992188,390.8038635253906,513.7457885742188,977.8746337890625,-1,-1,-1,-1
45,2,592.677978515625,369.86871337890625,612.8946533203125,1016.0226440429688,-1,-1,-1,-1
46,2,639.8644409179688,318.31378173828125,773.5317993164062,1051.18017578125,-1,-1,-1,-1
47,2,772.462890625,222.343994140625,669.857177734375,1036.8853759765625,-1,-1,-1,-1
48,2,950.3602905273438,319.78692626953125,469.63031005859375,884.1245727539062,-1,-1,-1,-1
49,2,1109.452880859375,395.8894958496094,345.411865234375,724.9346923828125,-1,-1,-1,-1
4,3,-61.80729293823242,743.956787109375,127.25364685058594,247.7435302734375,-1,-1,-1,-1
5,3,-27.49321746826172,561.745849609375,167.06161499023438,451.9412841796875,-1,-1,-1,-1
6,3,56.508934020996094,571.1049194335938,154.33963012695312,415.89031982421875,-1,-1,-1,-1
7,3,129.92662048339844,576.035400390625,134.85731506347656,396.5313720703125,-1,-1,-1,-1
8,3,168.686279296875,578.3975830078125,147.43942260742188,392.1212158203125,-1,-1,-1,-1
9,3,179.2284393310547,571.83154296875,166.97178649902344,392.5970458984375,-1,-1,-1,-1
10,3,182.18141174316406,561.7786254882812,175.7710418701172,395.5789794921875,-1,-1,-1,-1
11,3,189.5216064453125,560.6534423828125,165.55364990234375,382.89166259765625,-1,-1,-1,-1
12,3,199.59072875976562,564.745849609375,140.85684204101562,359.0362548828125,-1,-1,-1,-1
13,3,199.6453857421875,560.7396240234375,115.71807861328125,354.17694091796875,-1,-1,-1,-1
14,3,192.2664794921875,553.5326538085938,108.39846801757812,361.747802734375,-1,-1,-1,-1
15,3,192.36849975585938,545.746337890625,140.21102905273438,368.1534423828125,-1,-1,-1,-1
16,3,188.81527709960938,533.3330078125,150.78298950195312,374.5189208984375,-1,-1,-1,-1
17,3,171.7135467529297,518.1046752929688,167.6748504638672,377.390625,-1,-1,-1,-1
18,3,128.0963363647461,508.31011962890625,162.440673828125,373.07757568359375,-1,-1,-1,-1
19,3,59.58553695678711,527.4417724609375,157.4833526611328,375.6055908203125,-1,-1,-1,-1
20,3,13.21435546875,529.846435546875,153.75289916992188,371.1165771484375,-1,-1,-1,-1
21,3,0.4510993957519531,525.2271118164062,181.7630157470703,364.7254638671875,-1,-1,-1,-1
22,3,0.1260852813720703,515.8248291015625,186.37237548828125,365.4769287109375,-1,-1,-1,-1
23,3,-24.2347469329834,498.04522705078125,189.70970153808594,375.30621337890625,-1,-1,-1,-1
24,3,-54.33839416503906,491.5077819824219,212.36904907226562,374.7567443847656,-1,-1,-1,-1
25,3,-52.91929626464844,460.667724609375,220.91595458984375,382.90765380859375,-1,-1,-1,-1
26,3,-76.34305572509766,448.78875732421875,236.589111328125,394.67962646484375,-1,-1,-1,-1
27,3,-91.91645050048828,430.3753356933594,266.3185729980469,400.1848449707031,-1,-1,-1,-1
28,3,-17.100669860839844,419.5416259765625,232.54852294921875,391.94122314453125,-1,-1,-1,-1
29,3,37.864933013916016,437.25567626953125,278.818359375,372.6015625,-1,-1,-1,-1
30,3,49.49187088012695,456.3161315917969,261.98907470703125,370.9178771972656,-1,-1,-1,-1
31,3,-1.244603157043457,475.50164794921875,235.03414916992188,382.96630859375,-1,-1,-1,-1
32,3,-33.39995193481445,474.51580810546875,211.4215850830078,393.10235595703125,-1,-1,-1,-1
33,3,-87.84465789794922,466.98846435546875,239.22891235351562,411.10430908203125,-1,-1,-1,-1
34,3,-105.31965637207031,495.6784973144531,233.73199462890625,381.8955383300781,-1,-1,-1,-1
35,3,-126.68128204345703,524.2418212890625,256.4599304199219,368.88232421875,-1,-1,-1,-1
36,3,-126.0484619140625,542.916259765625,255.1186981201172,391.56829833984375,-1,-1,-1,-1
40,3,-143.28895568847656,409.5219421386719,289.885009765625,430.1047668457031,-1,-1,-1,-1
41,3,-130.381591796875,357.26275634765625,264.1091003417969,418.5916748046875,-1,-1,-1,-1
49,4,-72.84915161132812,502.663818359375,274.1100158691406,351.390380859375,-1,-1,-1,-1
50,4,20.133525848388672,527.681884765625,239.2743682861328,294.523681640625,-1,-1,-1,-1
51,4,35.11175537109375,508.3580322265625,246.813232421875,324.054443359375,-1,-1,-1,-1
52,4,80.0843276977539,469.30047607421875,241.34906005859375,354.52899169921875,-1,-1,-1,-1
53,4,136.07359313964844,461.6832275390625,211.08482360839844,356.75909423828125,-1,-1,-1,-1
54,4,178.2125244140625,444.18951416015625,180.11636352539062,356.4205322265625,-1,-1,-1,-1
55,4,232.6727294921875,445.6002197265625,149.27706909179688,350.06597900390625,-1,-1,-1,-1
56,4,270.2714538574219,463.44024658203125,141.74752807617188,346.6195068359375,-1,-1,-1,-1
57,4,271.55279541015625,493.5186767578125,147.09323120117188,351.29473876953125,-1,-1,-1,-1
58,4,266.1748962402344,489.7936096191406,160.1790771484375,359.3400573730469,-1,-1,-1,-1
59,4,261.69561767578125,493.0516357421875,171.04751586914062,369.9383544921875,-1,-1,-1,-1
60,4,264.69171142578125,503.08087158203125,172.32647705078125,359.83526611328125,-1,-1,-1,-1
61,4,267.68536376953125,494.45428466796875,172.52178955078125,360.04840087890625,-1,-1,-1,-1
62,4,272.3305358886719,492.3521423339844,166.08651733398438,352.2892761230469,-1,-1,-1,-1
63,4,245.36831665039062,504.843017578125,166.15118408203125,361.3331298828125,-1,-1,-1,-1
64,4,208.0175018310547,475.14019775390625,166.9835662841797,388.24114990234375,-1,-1,-1,-1
65,4,160.68527221679688,435.5703125,182.90667724609375,408.96185302734375,-1,-1,-1,-1
66,4,113.07351684570312,435.5643615722656,190.7794189453125,424.6637268066406,-1,-1,-1,-1
67,4,93.15773010253906,436.81591796875,197.13291931152344,429.0960693359375,-1,-1,-1,-1
68,4,16.013193130493164,443.2765808105469,200.72698974609375,442.2495422363281,-1,-1,-1,-1
69,4,313.7249450683594,397.65576171875,257.4583435058594,437.47430419921875,-1,-1,-1,-1
69,5,-92.7133560180664,420.8365783691406,208.08847045898438,416.2185363769531,-1,-1,-1,-1
70,5,207.16725158691406,461.58648681640625,230.18394470214844,310.6661376953125,-1,-1,-1,-1
79,6,562.41845703125,409.03753662109375,42.6763916015625,72.5982666015625,-1,-1,-1,-1
80,6,570.069091796875,374.8174133300781,48.8885498046875,77.46484375,-1,-1,-1,-1
81,6,600.8447875976562,407.15106201171875,33.16046142578125,58.3052978515625,-1,-1,-1,-1
82,6,601.90771484375,415.4060363769531,45.1937255859375,74.95852661132812,-1,-1,-1,-1
83,6,588.27099609375,427.805419921875,37.4962158203125,72.55712890625,-1,-1,-1,-1
84,6,553.8710327148438,417.3291015625,39.26812744140625,76.0194091796875,-1,-1,-1,-1
85,6,538.8463745117188,399.9403381347656,43.48974609375,80.76040649414062,-1,-1,-1,-1
86,6,548.5269165039062,397.9757080078125,36.57769775390625,79.52947998046875,-1,-1,-1,-1
87,6,605.0624389648438,399.9234313964844,39.30206298828125,79.84161376953125,-1,-1,-1,-1
88,6,673.2781372070312,426.493896484375,46.58984375,69.57241821289062,-1,-1,-1,-1
89,7,-40.85398483276367,662.7516479492188,339.8951416015625,285.78375244140625,-1,-1,-1,-1
90,7,-36.1689338684082,563.3665161132812,482.62591552734375,319.55303955078125,-1,-1,-1,-1
91,7,72.77650451660156,530.3461303710938,422.79669189453125,334.552978515625,-1,-1,-1,-1
92,7,134.3078155517578,545.5697631835938,366.02288818359375,310.6055908203125,-1,-1,-1,-1
93,7,217.70639038085938,545.7435302734375,295.8751525878906,292.3079833984375,-1,-1,-1,-1
94,7,250.98585510253906,501.0238037109375,347.152587890625,350.7674560546875,-1,-1,-1,-1
95,7,302.11712646484375,537.6594848632812,356.936767578125,319.85845947265625,-1,-1,-1,-1
96,7,329.9022521972656,545.3887329101562,351.9800720214844,321.77142333984375,-1,-1,-1,-1
97,7,380.8824462890625,537.4146118164062,329.5272216796875,343.11236572265625,-1,-1,-1,-1
98,7,480.65594482421875,539.428466796875,280.15020751953125,342.89935302734375,-1,-1,-1,-1
99,7,547.4212646484375,556.0362548828125,247.96875,312.8497314453125,-1,-1,-1,-1
100,7,601.47119140625,510.1826171875,296.12548828125,334.2274169921875,-1,-1,-1,-1
101,7,635.697998046875,460.0416259765625,337.53070068359375,380.96014404296875,-1,-1,-1,-1
102,7,675.841064453125,473.57666015625,337.95013427734375,362.58123779296875,-1,-1,-1,-1
103,7,753.84912109375,492.7894287109375,285.048095703125,371.50048828125,-1,-1,-1,-1
104,7,787.7923583984375,492.79144287109375,223.7960205078125,382.29730224609375,-1,-1,-1,-1
105,7,772.9061279296875,458.5246276855469,250.230712890625,408.2599182128906,-1,-1,-1,-1
106,7,725.5147094726562,442.0429992675781,290.36212158203125,411.4513244628906,-1,-1,-1,-1
107,7,663.7870483398438,437.66143798828125,308.76910400390625,364.6563720703125,-1,-1,-1,-1
108,7,633.5849609375,400.4662780761719,289.03997802734375,398.6098327636719,-1,-1,-1,-1
109,7,590.236572265625,416.5960998535156,274.09161376953125,399.2886657714844,-1,-1,-1,-1
110,7,596.5826416015625,450.4498596191406,242.67132568359375,406.6133117675781,-1,-1,-1,-1
111,7,619.7473754882812,453.57525634765625,287.592529296875,433.260009765625,-1,-1,-1,-1
112,7,625.6906127929688,450.5748291015625,310.60662841796875,462.07977294921875,-1,-1,-1,-1
113,7,635.427978515625,440.1268615722656,310.32916259765625,467.8698425292969,-1,-1,-1,-1
114,7,673.1130981445312,470.6897277832031,301.7490234375,463.9377746582031,-1,-1,-1,-1
115,7,688.6155395507812,516.2940063476562,279.05767822265625,449.42926025390625,-1,-1,-1,-1
116,7,709.1173095703125,538.051025390625,265.833984375,455.1171875,-1,-1,-1,-1
117,7,722.4896240234375,529.6904907226562,258.1456298828125,464.18804931640625,-1,-1,-1,-1
118,7,728.542236328125,474.8525695800781,262.47576904296875,437.1889343261719,-1,-1,-1,-1
119,7,748.3917236328125,431.24017333984375,274.907958984375,446.80096435546875,-1,-1,-1,-1
120,7,769.971435546875,436.6716003417969,260.3594970703125,482.4764099121094,-1,-1,-1,-1
121,7,735.2840576171875,406.01153564453125,300.1160888671875,525.5086059570312,-1,-1,-1,-1
100,8,-150.35693359375,554.8834838867188,303.7395935058594,495.60540771484375,-1,-1,-1,-1
101,8,-102.35930633544922,621.1575927734375,297.9251708984375,388.3880615234375,-1,-1,-1,-1
102,8,6.192609786987305,633.5790405273438,257.26422119140625,359.7545166015625,-1,-1,-1,-1
103,8,88.01359558105469,629.2796630859375,252.0303192138672,354.2291259765625,-1,-1,-1,-1
104,8,150.4677734375,617.5753173828125,244.90646362304688,349.61492919921875,-1,-1,-1,-1
105,8,167.0537567138672,539.6610717773438,233.9671173095703,350.26416015625,-1,-1,-1,-1
106,8,154.58389282226562,517.8386840820312,170.20098876953125,333.42071533203125,-1,-1,-1,-1
107,8,126.80831146240234,506.084228515625,257.040283203125,373.80267333984375,-1,-1,-1,-1
108,8,109.78671264648438,506.7058410644531,266.56341552734375,379.3492736816406,-1,-1,-1,-1
109,8,111.85000610351562,530.8639526367188,276.078857421875,385.40045166015625,-1,-1,-1,-1
110,8,170.99893188476562,532.6841430664062,259.2661437988281,387.31121826171875,-1,-1,-1,-1
111,8,238.69384765625,533.1836547851562,253.30386352539062,387.46197509765625,-1,-1,-1,-1
112,8,259.82171630859375,503.6551513671875,255.2410888671875,401.43743896484375,-1,-1,-1,-1
113,8,295.7315979003906,464.5653381347656,253.83676147460938,415.3020935058594,-1,-1,-1,-1
114,8,354.7754821777344,474.4649658203125,252.45474243164062,426.42315673828125,-1,-1,-1,-1
115,8,370.33233642578125,504.0717468261719,264.15753173828125,448.0758972167969,-1,-1,-1,-1
116,8,392.9682922363281,515.386474609375,267.2980041503906,470.71087646484375,-1,-1,-1,-1
117,8,400.60882568359375,489.1410827636719,274.92962646484375,500.7759094238281,-1,-1,-1,-1
118,8,402.7463073730469,392.6101379394531,288.6990051269531,537.238037109375,-1,-1,-1,-1
119,8,423.07745361328125,318.80657958984375,303.23291015625,579.4374389648438,-1,-1,-1,-1
120,8,431.7904052734375,332.6623840332031,321.9912109375,620.3685302734375,-1,-1,-1,-1
121,8,453.608154296875,306.1761779785156,339.28814697265625,677.671875,-1,-1,-1,-1
107,9,-4.6411590576171875,557.2469482421875,777.9876098632812,855.6234130859375,-1,-1,-1,-1
108,9,21.853229522705078,787.7598266601562,822.8856811523438,622.0894165039062,-1,-1,-1,-1
109,9,118.38671875,1018.4194946289062,821.6121826171875,391.53521728515625,-1,-1,-1,-1
111,10,-95.62371826171875,532.6109008789062,194.27615356445312,482.0732421875,-1,-1,-1,-1
112,10,-48.03577423095703,580.33642578125,119.80546569824219,399.9112548828125,-1,-1,-1,-1
113,10,-3.8854660987854004,545.4246215820312,98.40946197509766,384.162109375,-1,-1,-1,-1
114,10,-0.2013101577758789,537.3087158203125,146.67498779296875,395.3846435546875,-1,-1,-1,-1
115,10,5.306615352630615,564.8682250976562,150.48866271972656,408.804931640625,-1,-1,-1,-1
116,10,11.706462860107422,561.9651489257812,154.37240600585938,423.84063720703125,-1,-1,-1,-1
117,10,10.159089088439941,520.3590087890625,158.16566467285156,438.71746826171875,-1,-1,-1,-1
118,10,6.478919506072998,421.3229064941406,165.51541137695312,452.6342468261719,-1,-1,-1,-1
119,10,15.830171585083008,340.7421875,173.68972778320312,463.38226318359375,-1,-1,-1,-1
120,10,2.0019607543945312,366.762939453125,177.96743774414062,483.36895751953125,-1,-1,-1,-1
121,10,-8.121894836425781,359.04669189453125,169.798583984375,513.2034912109375,-1,-1,-1,-1
