1,1,706.9130859375,579.9176635742188,95.2236328125,219.42431640625,-1,-1,-1,-1
2,1,706.78369140625,581.4007568359375,109.7646484375,219.88507080078125,-1,-1,-1,-1
3,1,705.2940063476562,573.6135864257812,125.0186767578125,220.665771484375,-1,-1,-1,-1
4,1,705.2669677734375,574.631103515625,130.65216064453125,216.1324462890625,-1,-1,-1,-1
5,1,702.314208984375,572.585205078125,133.34527587890625,224.05743408203125,-1,-1,-1,-1
6,1,702.33642578125,560.7072143554688,131.40765380859375,230.41253662109375,-1,-1,-1,-1
7,1,700.547119140625,567.3883056640625,131.26678466796875,226.58233642578125,-1,-1,-1,-1
8,1,695.8330078125,579.2738037109375,124.61175537109375,231.0325927734375,-1,-1,-1,-1
9,1,691.53369140625,575.568115234375,121.9169921875,237.12933349609375,-1,-1,-1,-1
10,1,679.5703735351562,550.4540405273438,123.21539306640625,242.9119873046875,-1,-1,-1,-1
11,1,655.7921142578125,543.485107421875,134.100830078125,243.4996337890625,-1,-1,-1,-1
12,1,638.0421142578125,553.369384765625,152.69244384765625,241.69183349609375,-1,-1,-1,-1
13,1,621.1843872070312,546.0037231445312,165.2967529296875,244.28106689453125,-1,-1,-1,-1
14,1,610.9360961914062,539.896728515625,165.70947265625,250.778076171875,-1,-1,-1,-1
15,1,601.6771240234375,531.1751098632812,161.3538818359375,249.50909423828125,-1,-1,-1,-1
16,1,594.7225341796875,515.1359252929688,151.17266845703125,248.99298095703125,-1,-1,-1,-1
17,1,580.1864624023438,533.633056640625,148.70263671875,255.767333984375,-1,-1,-1,-1
18,1,580.5609741210938,537.4996948242188,143.0087890625,257.17877197265625,-1,-1,-1,-1
19,1,567.5504760742188,535.4189453125,143.88275146484375,263.97723388671875,-1,-1,-1,-1
20,1,537.3291625976562,536.783935546875,151.679443359375,273.1934814453125,-1,-1,-1,-1
21,1,501.5784606933594,545.2088012695312,159.91128540039062,283.93585205078125,-1,-1,-1,-1
22,1,457.95989990234375,561.2632446289062,171.29656982421875,294.48980712890625,-1,-1,-1,-1
23,1,392.0870056152344,575.4618530273438,188.29733276367188,307.52410888671875,-1,-1,-1,-1
24,1,337.013916015625,588.80224609375,201.39483642578125,318.2431640625,-1,-1,-1,-1
25,1,297.0753173828125,589.1497802734375,209.99237060546875,330.13360595703125,-1,-1,-1,-1
26,1,279.42681884765625,583.2957763671875,210.7353515625,335.937744140625,-1,-1,-1,-1
27,1,278.79669189453125,585.8984985351562,209.02322387695312,344.0364990234375,-1,-1,-1,-1
28,1,282.6544494628906,589.0261840820312,205.50003051757812,350.39569091796875,-1,-1,-1,-1
29,1,286.3371276855469,588.7094116210938,202.408203125,356.96893310546875,-1,-1,-1,-1
30,1,293.1270446777344,587.7801513671875,201.47555541992188,360.516845703125,-1,-1,-1,-1
31,1,286.74908447265625,598.0101928710938,205.67767333984375,368.5162353515625,-1,-1,-1,-1
32,1,270.4178771972656,612.9917602539062,211.71548461914062,373.39215087890625,-1,-1,-1,-1
33,1,249.5928497314453,625.3179931640625,220.12400817871094,384.1256103515625,-1,-1,-1,-1
34,1,212.26177978515625,626.0654907226562,230.37152099609375,401.74346923828125,-1,-1,-1,-1
35,1,160.1912078857422,610.4600219726562,241.7488250732422,418.31781005859375,-1,-1,-1,-1
36,1,105.32540893554688,600.9974365234375,254.92172241210938,434.516357421875,-1,-1,-1,-1
37,1,40.079490661621094,607.1126098632812,275.6709289550781,455.61663818359375,-1,-1,-1,-1
38,1,-3.01779842376709,602.774169921875,288.92083740234375,461.10546875,-1,-1,-1,-1
39,1,-81.55140686035156,609.11474609375,341.83416748046875,470.466796875,-1,-1,-1,-1
40,1,-110.46356964111328,666.5968627929688,349.1743469238281,446.59307861328125,-1,-1,-1,-1
41,1,-126.0773696899414,697.1736450195312,353.4652404785156,443.31512451171875,-1,-1,-1,-1
42,1,-163.8848876953125,711.56103515625,368.9668884277344,387.039306640625,-1,-1,-1,-1
43,1,-165.94113159179688,725.5416870117188,339.70947265625,389.68365478515625,-1,-1,-1,-1
44,1,-207.8321075439453,648.3014526367188,418.78741455078125,534.4089965820312,-1,-1,-1,-1
45,1,-216.24783325195312,617.4283447265625,435.5184326171875,550.175048828125,-1,-1,-1,-1
46,1,-218.88150024414062,562.8079833984375,440.78619384765625,607.64892578125,-1,-1,-1,-1
1,2,495.3770446777344,611.9733276367188,112.96188354492188,213.81512451171875,-1,-1,-1,-1
2,2,497.62420654296875,618.722412109375,109.15277099609375,212.29248046875,-1,-1,-1,-1
3,2,495.1420593261719,607.2576904296875,105.48538208007812,212.07958984375,-1,-1,-1,-1
4,2,489.0793762207031,602.6259765625,112.66360473632812,209.42266845703125,-1,-1,-1,-1
5,2,486.0977478027344,608.5548095703125,100.28158569335938,209.40179443359375,-1,-1,-1,-1
6,2,486.893310546875,583.9362182617188,96.6044921875,226.9974365234375,-1,-1,-1,-1
7,2,484.6015319824219,584.7987060546875,100.11178588867188,229.74365234375,-1,-1,-1,-1
8,2,467.4332580566406,596.9724731445312,115.91360473632812,233.49835205078125,-1,-1,-1,-1
9,2,448.94561767578125,600.1389770507812,131.520263671875,234.76458740234375,-1,-1,-1,-1
10,2,429.8031921386719,586.3211669921875,137.97915649414062,240.42572021484375,-1,-1,-1,-1
11,2,402.0518798828125,587.286376953125,146.1834716796875,245.08197021484375,-1,-1,-1,-1
12,2,369.42437744140625,595.7071533203125,152.0408935546875,243.46441650390625,-1,-1,-1,-1
13,2,350.14251708984375,591.37353515625,146.88330078125,239.6409912109375,-1,-1,-1,-1
14,2,331.3893127441406,584.04248046875,142.90975952148438,246.2374267578125,-1,-1,-1,-1
15,2,308.6968688964844,571.0849609375,143.1865234375,250.8028564453125,-1,-1,-1,-1
16,2,288.530517578125,535.5552368164062,141.95755004882812,265.45361328125,-1,-1,-1,-1
17,2,273.5091857910156,543.4258422851562,153.25692749023438,273.177978515625,-1,-1,-1,-1
18,2,267.33935546875,542.4906616210938,169.33456420898438,276.4808349609375,-1,-1,-1,-1
19,2,248.36752319335938,545.576904296875,183.55828857421875,279.4022216796875,-1,-1,-1,-1
20,2,213.74464416503906,559.4714965820312,196.5786590576172,278.27557373046875,-1,-1,-1,-1
21,2,173.80691528320312,585.9085693359375,200.55523681640625,270.07080078125,-1,-1,-1,-1
22,2,125.7105941772461,608.1522216796875,207.29815673828125,275.45751953125,-1,-1,-1,-1
23,2,54.22443389892578,627.2050170898438,213.58834838867188,291.80859375,-1,-1,-1,-1
24,2,4.719524383544922,638.2027587890625,209.45790100097656,302.4688720703125,-1,-1,-1,-1
25,2,-31.28168487548828,627.3306884765625,195.52175903320312,318.74267578125,-1,-1,-1,-1
26,2,-46.41545104980469,610.73779296875,189.9847869873047,347.492431640625,-1,-1,-1,-1
27,2,-42.106414794921875,605.7164916992188,177.2644805908203,367.32891845703125,-1,-1,-1,-1
28,2,-21.80443572998047,607.0892944335938,150.77560424804688,370.2088623046875,-1,-1,-1,-1
29,2,-30.7172794342041,609.3563232421875,158.29978942871094,378.6134033203125,-1,-1,-1,-1
30,2,-48.680885314941406,620.5133056640625,183.23968505859375,377.03497314453125,-1,-1,-1,-1
31,2,-67.55486297607422,630.4125366210938,200.44406127929688,391.82208251953125,-1,-1,-1,-1
32,2,-49.660743713378906,668.40771484375,169.5169677734375,351.3052978515625,-1,-1,-1,-1
33,2,-11.660462379455566,729.661865234375,111.67341613769531,304.41357421875,-1,-1,-1,-1
34,2,-69.79997253417969,677.3663940429688,162.6999969482422,370.67657470703125,-1,-1,-1,-1
35,2,-94.52815246582031,608.3251953125,196.13201904296875,462.843505859375,-1,-1,-1,-1
37,2,-115.33464813232422,598.1478271484375,242.82513427734375,468.55029296875,-1,-1,-1,-1
38,2,-137.48126220703125,603.3174438476562,277.98785400390625,466.88641357421875,-1,-1,-1,-1
39,2,-188.08828735351562,609.8853759765625,379.4979248046875,476.026611328125,-1,-1,-1,-1
40,2,-180.51992797851562,664.5198974609375,364.2017822265625,459.0245361328125,-1,-1,-1,-1
41,2,-177.7498779296875,702.3961791992188,358.7197265625,443.92254638671875,-1,-1,-1,-1
42,2,-193.20407104492188,706.8722534179688,389.44244384765625,415.09014892578125,-1,-1,-1,-1
1,3,992.157470703125,531.5076904296875,118.583984375,312.92572021484375,-1,-1,-1,-1
2,3,1005.217529296875,526.7098388671875,141.51416015625,317.79986572265625,-1,-1,-1,-1
3,3,1009.1600341796875,514.9547119140625,157.6173095703125,322.8389892578125,-1,-1,-1,-1
4,3,1011.8885498046875,507.1875,162.2711181640625,327.03057861328125,-1,-1,-1,-1
5,3,1014.4287109375,515.0630493164062,156.3914794921875,328.1820068359375,-1,-1,-1,-1
6,3,1021.45458984375,507.13812255859375,149.8634033203125,326.63116455078125,-1,-1,-1,-1
7,3,1027.0269775390625,514.6452026367188,153.478759765625,320.24847412109375,-1,-1,-1,-1
8,3,1030.27685546875,525.3644409179688,149.2840576171875,320.5032958984375,-1,-1,-1,-1
9,3,1030.07861328125,518.0418701171875,151.746337890625,326.8643798828125,-1,-1,-1,-1
10,3,1023.3629150390625,488.7813415527344,160.0703125,331.4597473144531,-1,-1,-1,-1
11,3,1004.1796875,470.868896484375,162.5352783203125,332.02825927734375,-1,-1,-1,-1
12,3,984.56005859375,480.3195495605469,167.77392578125,328.1770935058594,-1,-1,-1,-1
13,3,969.9268798828125,474.5477294921875,172.173828125,327.18890380859375,-1,-1,-1,-1
14,3,958.175048828125,472.23651123046875,177.2576904296875,324.620849609375,-1,-1,-1,-1
15,3,955.3897094726562,463.60223388671875,177.38018798828125,322.69207763671875,-1,-1,-1,-1
16,3,945.6075439453125,449.00067138671875,190.39697265625,320.19464111328125,-1,-1,-1,-1
17,3,941.3623657226562,480.98565673828125,187.95330810546875,319.91552734375,-1,-1,-1,-1
18,3,954.9197387695312,486.7696838378906,181.32843017578125,325.2811584472656,-1,-1,-1,-1
19,3,971.65576171875,479.29840087890625,145.277587890625,325.58233642578125,-1,-1,-1,-1
20,3,957.3892211914062,473.7630310058594,130.69293212890625,324.8291931152344,-1,-1,-1,-1
21,3,936.5565795898438,474.41375732421875,144.97467041015625,322.43487548828125,-1,-1,-1,-1
22,3,906.152099609375,489.058349609375,156.3778076171875,318.24298095703125,-1,-1,-1,-1
23,3,861.5830688476562,503.03948974609375,153.64080810546875,315.332763671875,-1,-1,-1,-1
24,3,831.6553344726562,521.4273681640625,146.22698974609375,311.7490234375,-1,-1,-1,-1
25,3,814.4168701171875,528.6713256835938,139.1650390625,316.52386474609375,-1,-1,-1,-1
26,3,804.9302978515625,527.1051025390625,141.61688232421875,321.265869140625,-1,-1,-1,-1
27,3,815.1801147460938,534.3419189453125,137.92144775390625,334.0732421875,-1,-1,-1,-1
28,3,832.372802734375,545.2457885742188,134.05694580078125,331.48675537109375,-1,-1,-1,-1
29,3,845.3764038085938,539.3492431640625,135.17645263671875,337.8399658203125,-1,-1,-1,-1
30,3,857.987060546875,524.6351318359375,138.87176513671875,343.920654296875,-1,-1,-1,-1
31,3,863.8997802734375,518.114990234375,146.764404296875,350.62261962890625,-1,-1,-1,-1
32,3,863.414306640625,511.25726318359375,167.5,356.3985595703125,-1,-1,-1,-1
33,3,851.5911865234375,496.6867370605469,193.614990234375,366.0013122558594,-1,-1,-1,-1
34,3,833.5762939453125,499.9026794433594,214.5577392578125,370.4380187988281,-1,-1,-1,-1
35,3,806.9874877929688,494.68890380859375,231.52178955078125,372.61541748046875,-1,-1,-1,-1
36,3,785.1177368164062,504.84466552734375,241.15203857421875,370.14569091796875,-1,-1,-1,-1
37,3,757.780029296875,517.2830200195312,246.0377197265625,363.63519287109375,-1,-1,-1,-1
38,3,739.270263671875,491.8193664550781,244.14739990234375,362.4317321777344,-1,-1,-1,-1
39,3,720.2776489257812,466.5188293457031,236.799072265625,357.9223327636719,-1,-1,-1,-1
40,3,713.5543212890625,503.56170654296875,226.675537109375,345.58599853515625,-1,-1,-1,-1
41,3,707.5801391601562,524.8001098632812,222.82769775390625,334.11822509765625,-1,-1,-1,-1
42,3,689.5064086914062,546.9425659179688,225.8966064453125,323.62298583984375,-1,-1,-1,-1
43,3,663.3255004882812,564.12890625,232.79241943359375,324.5643310546875,-1,-1,-1,-1
44,3,625.3743896484375,574.6185302734375,269.64263916015625,335.69873046875,-1,-1,-1,-1
45,3,598.8695068359375,581.2806396484375,314.330810546875,351.3206787109375,-1,-1,-1,-1
46,3,563.4202270507812,572.6799926757812,389.317138671875,369.0411376953125,-1,-1,-1,-1
47,3,498.5090637207031,569.087158203125,485.0899353027344,389.09576416015625,-1,-1,-1,-1
48,3,457.427001953125,569.2035522460938,552.792236328125,402.067626953125,-1,-1,-1,-1
49,3,446.91107177734375,575.9775390625,549.7047119140625,414.328125,-1,-1,-1,-1
50,3,439.8797912597656,588.0367431640625,527.7591552734375,446.0411376953125,-1,-1,-1,-1
51,3,443.30487060546875,566.2399291992188,475.83245849609375,468.08929443359375,-1,-1,-1,-1
52,3,453.8831481933594,579.2208862304688,414.7838439941406,510.88092041015625,-1,-1,-1,-1
53,3,472.2923278808594,578.5736694335938,401.5113220214844,537.6685180664062,-1,-1,-1,-1
54,3,503.77911376953125,600.863525390625,397.30902099609375,566.0367431640625,-1,-1,-1,-1
55,3,527.2147216796875,664.76806640625,428.13421630859375,553.3515625,-1,-1,-1,-1
56,3,509.2085266113281,705.1022338867188,516.3143310546875,544.6373901367188,-1,-1,-1,-1
57,3,531.856689453125,755.927734375,566.45166015625,505.471923828125,-1,-1,-1,-1
58,3,534.1597900390625,811.5913696289062,615.289306640625,499.71612548828125,-1,-1,-1,-1
59,3,457.30450439453125,846.0968017578125,747.2667846679688,498.4871826171875,-1,-1,-1,-1
60,3,406.57415771484375,825.5814208984375,806.9323120117188,530.5841064453125,-1,-1,-1,-1
61,3,390.6575012207031,776.1021118164062,804.3369140625,577.1521606445312,-1,-1,-1,-1
62,3,497.1387634277344,671.3924560546875,710.676025390625,673.00390625,-1,-1,-1,-1
63,3,501.049072265625,588.753173828125,755.3822021484375,816.2564697265625,-1,-1,-1,-1
64,3,523.2236938476562,566.7508544921875,876.6450805664062,846.733642578125,-1,-1,-1,-1
65,3,552.5814819335938,452.7885437011719,930.9443969726562,977.8592529296875,-1,-1,-1,-1
66,3,652.1066284179688,358.1117248535156,821.2005004882812,1052.989501953125,-1,-1,-1,-1
67,3,851.00341796875,437.9605407714844,718.273681640625,883.86474609375,-1,-1,-1,-1
21,4,1306.9571533203125,578.06982421875,34.274658203125,67.68389892578125,-1,-1,-1,-1
22,4,1266.0592041015625,584.7396850585938,34.00146484375,64.99005126953125,-1,-1,-1,-1
29,5,1133.310791015625,654.1336059570312,33.893798828125,65.8026123046875,-1,-1,-1,-1
30,5,1142.1793212890625,629.2852172851562,32.655029296875,67.9671630859375,-1,-1,-1,-1
31,5,1142.72412109375,611.385498046875,39.4552001953125,70.99786376953125,-1,-1,-1,-1
32,5,1135.82763671875,604.1483764648438,31.0631103515625,66.0850830078125,-1,-1,-1,-1
33,5,1118.4818115234375,577.8211669921875,55.648681640625,75.878662109375,-1,-1,-1,-1
72,6,22.98814582824707,471.1796875,267.0626525878906,389.8236083984375,-1,-1,-1,-1
73,6,225.052490234375,440.5444641113281,241.41766357421875,355.2261657714844,-1,-1,-1,-1
74,6,381.1343688964844,458.386474609375,202.93240356445312,334.0283203125,-1,-1,-1,-1
75,6,476.2530517578125,470.27001953125,178.85455322265625,320.3182373046875,-1,-1,-1,-1
76,6,545.0296630859375,472.3896789550781,154.91424560546875,317.7046203613281,-1,-1,-1,-1
77,6,609.4813842773438,473.670166015625,129.87799072265625,317.17974853515625,-1,-1,-1,-1
78,6,666.73828125,476.3517761230469,120.37884521484375,327.0934753417969,-1,-1,-1,-1
79,6,722.7883911132812,484.2696228027344,113.88323974609375,334.4221496582031,-1,-1,-1,-1
80,6,758.8138427734375,498.5523681640625,113.759033203125,341.46844482421875,-1,-1,-1,-1
81,6,775.5992431640625,529.3065185546875,138.888427734375,348.30352783203125,-1,-1,-1,-1
82,6,818.2119140625,517.1182861328125,160.4654541015625,360.62921142578125,-1,-1,-1,-1
83,6,858.0875854492188,520.74560546875,178.20916748046875,374.077392578125,-1,-1,-1,-1
84,6,897.0913696289062,538.6396484375,198.46710205078125,384.811279296875,-1,-1,-1,-1
85,6,933.1470947265625,543.8583984375,196.1453857421875,398.41058349609375,-1,-1,-1,-1
86,6,976.892822265625,524.2399291992188,201.6939697265625,413.53546142578125,-1,-1,-1,-1
87,6,1038.6302490234375,550.5731811523438,209.30517578125,435.27001953125,-1,-1,-1,-1
88,6,1097.5423583984375,574.712646484375,221.16748046875,453.0792236328125,-1,-1,-1,-1
89,6,1138.16455078125,580.8731079101562,227.3126220703125,464.74615478515625,-1,-1,-1,-1
90,6,1185.9422607421875,575.7235717773438,221.5504150390625,468.52545166015625,-1,-1,-1,-1
91,6,1225.5377197265625,560.9877319335938,182.444091796875,464.6072998046875,-1,-1,-1,-1
92,6,1273.3719482421875,542.63720703125,156.345703125,500.49658203125,-1,-1,-1,-1
93,6,1299.53857421875,564.7800903320312,187.3397216796875,485.13641357421875,-1,-1,-1,-1
73,7,9.718722343444824,432.669189453125,278.69677734375,509.11248779296875,-1,-1,-1,-1
74,7,149.1050262451172,454.1575927734375,262.4967041015625,479.2625732421875,-1,-1,-1,-1
75,7,253.22264099121094,485.9088134765625,245.66578674316406,455.34735107421875,-1,-1,-1,-1
76,7,324.62359619140625,502.5392150878906,239.37847900390625,436.5586242675781,-1,-1,-1,-1
77,7,358.9132385253906,513.40185546875,260.9801330566406,431.583251953125,-1,-1,-1,-1
78,7,394.9278564453125,542.4403686523438,272.58428955078125,411.11602783203125,-1,-1,-1,-1
79,7,414.745849609375,560.0292358398438,301.45794677734375,396.8675537109375,-1,-1,-1,-1
80,7,375.2806396484375,567.4691772460938,365.8995361328125,391.7227783203125,-1,-1,-1,-1
81,7,347.8703308105469,574.9796752929688,410.6943664550781,408.97149658203125,-1,-1,-1,-1
82,7,370.5749206542969,532.4292602539062,384.4396667480469,434.25860595703125,-1,-1,-1,-1
83,7,403.3448486328125,499.23388671875,315.82904052734375,446.689208984375,-1,-1,-1,-1
84,7,444.3595886230469,474.58319091796875,277.0012512207031,459.38165283203125,-1,-1,-1,-1
85,7,453.4809875488281,487.3882141113281,280.9324645996094,462.9053039550781,-1,-1,-1,-1
86,7,468.8023681640625,481.2470397949219,285.55419921875,466.3769226074219,-1,-1,-1,-1
87,7,488.59259033203125,530.4384155273438,300.05621337890625,459.774169921875,-1,-1,-1,-1
88,7,504.553955078125,554.5053100585938,315.2554931640625,466.3507080078125,-1,-1,-1,-1
89,7,503.08782958984375,578.5938720703125,328.6611328125,460.8699951171875,-1,-1,-1,-1
90,7,515.0989990234375,575.69189453125,323.1630859375,463.9639892578125,-1,-1,-1,-1
91,7,532.663818359375,547.6034545898438,298.3370361328125,475.85589599609375,-1,-1,-1,-1
92,7,551.1076049804688,570.8709716796875,284.9473876953125,490.201171875,-1,-1,-1,-1
93,7,578.5374145507812,556.7655029296875,266.37738037109375,483.818603515625,-1,-1,-1,-1
94,7,587.6221313476562,534.0478515625,266.53863525390625,467.000244140625,-1,-1,-1,-1
95,7,599.164306640625,518.9847412109375,279.943359375,440.4288330078125,-1,-1,-1,-1
96,7,632.1978759765625,493.620849609375,303.4696044921875,424.55072021484375,-1,-1,-1,-1
97,7,678.6044921875,489.65521240234375,333.672119140625,411.24395751953125,-1,-1,-1,-1
98,7,714.901123046875,501.4356689453125,355.92333984375,405.11358642578125,-1,-1,-1,-1
99,7,723.6951904296875,499.4727478027344,353.24560546875,408.4195861816406,-1,-1,-1,-1
100,7,710.5839233398438,514.6348266601562,348.38385009765625,405.39837646484375,-1,-1,-1,-1
101,7,689.3909912109375,508.0550842285156,315.028076171875,404.5014343261719,-1,-1,-1,-1
102,7,663.775146484375,527.5806274414062,256.199462890625,395.0423583984375,-1,-1,-1,-1
103,7,630.4326171875,520.4390869140625,200.3817138671875,400.88580322265625,-1,-1,-1,-1
104,7,574.1248779296875,515.2096557617188,225.44671630859375,394.16705322265625,-1,-1,-1,-1
105,7,501.0370788574219,503.89373779296875,240.04269409179688,391.41766357421875,-1,-1,-1,-1
106,7,440.0853271484375,488.63336181640625,232.2115478515625,401.53656005859375,-1,-1,-1,-1
107,7,379.5975646972656,495.04510498046875,247.70651245117188,420.06903076171875,-1,-1,-1,-1
108,7,322.3580627441406,510.07330322265625,260.1484069824219,428.47808837890625,-1,-1,-1,-1
109,7,279.10150146484375,464.8570556640625,267.7701416015625,445.67938232421875,-1,-1,-1,-1
110,7,242.2822265625,506.6361999511719,264.8291931152344,438.4574279785156,-1,-1,-1,-1
111,7,212.58953857421875,518.3372192382812,249.54556274414062,436.81793212890625,-1,-1,-1,-1
112,7,181.1837921142578,546.6903076171875,248.2158660888672,449.9696044921875,-1,-1,-1,-1
113,7,101.27871704101562,611.40771484375,278.0029296875,427.885498046875,-1,-1,-1,-1
114,7,-31.36115264892578,686.0074462890625,299.13983154296875,423.2181396484375,-1,-1,-1,-1
115,7,-109.37458801269531,732.0588989257812,268.0509033203125,399.72686767578125,-1,-1,-1,-1
119,7,-156.69406127929688,679.9151000976562,336.220458984375,348.13311767578125,-1,-1,-1,-1
120,7,13.728736877441406,630.6990966796875,274.2203674316406,531.8314208984375,-1,-1,-1,-1
121,7,89.22171783447266,549.2069091796875,337.00640869140625,566.096435546875,-1,-1,-1,-1
122,7,151.316650390625,516.272216796875,363.15545654296875,533.6903076171875,-1,-1,-1,-1
123,7,208.28787231445312,512.5278930664062,346.1063537597656,480.30712890625,-1,-1,-1,-1
124,7,172.48751831054688,514.8466186523438,384.4400329589844,441.15008544921875,-1,-1,-1,-1
125,7,124.9360580444336,546.1240234375,373.3723449707031,442.85272216796875,-1,-1,-1,-1
126,7,73.11714172363281,636.9532470703125,344.56549072265625,477.171142578125,-1,-1,-1,-1
127,7,37.825645446777344,681.4407958984375,313.28741455078125,499.1314697265625,-1,-1,-1,-1
128,7,9.063396453857422,661.4083862304688,271.7826232910156,488.11163330078125,-1,-1,-1,-1
129,7,12.760576248168945,678.6181030273438,235.6194305419922,453.86212158203125,-1,-1,-1,-1
130,7,-7.312397003173828,639.59765625,173.97242736816406,472.0460205078125,-1,-1,-1,-1
131,7,-20.055179595947266,632.2354736328125,205.0404052734375,486.6954345703125,-1,-1,-1,-1
132,7,5.414682388305664,668.4393310546875,209.18846130371094,495.065185546875,-1,-1,-1,-1
133,7,19.304183959960938,620.998291015625,253.55433654785156,500.1671142578125,-1,-1,-1,-1
134,7,22.33563232421875,546.7703857421875,264.45867919921875,471.64532470703125,-1,-1,-1,-1
135,7,63.81852722167969,526.8345947265625,243.34471130371094,413.501708984375,-1,-1,-1,-1
136,7,78.74114990234375,453.3804626464844,219.638671875,367.4112854003906,-1,-1,-1,-1
137,7,81.18434143066406,414.9608154296875,223.5964813232422,349.6754150390625,-1,-1,-1,-1
138,7,53.4030647277832,435.8052978515625,289.3060302734375,356.47442626953125,-1,-1,-1,-1
139,7,66.18537902832031,475.361572265625,310.03936767578125,355.2537841796875,-1,-1,-1,-1
140,7,97.29521179199219,482.072265625,308.4417724609375,340.54150390625,-1,-1,-1,-1
141,7,118.06444549560547,417.2357177734375,293.22747802734375,321.453857421875,-1,-1,-1,-1
142,7,126.82351684570312,410.5465393066406,264.1925354003906,290.2826232910156,-1,-1,-1,-1
143,7,119.46741485595703,359.58062744140625,249.18093872070312,279.7840576171875,-1,-1,-1,-1
144,7,158.30015563964844,360.2362365722656,220.4547882080078,278.8026428222656,-1,-1,-1,-1
145,7,159.11410522460938,353.6373291015625,199.39541625976562,272.28863525390625,-1,-1,-1,-1
146,7,153.35183715820312,333.47760009765625,191.25564575195312,298.45416259765625,-1,-1,-1,-1
147,7,138.15081787109375,326.7085266113281,205.9405517578125,309.6086120605469,-1,-1,-1,-1
148,7,114.58340454101562,355.4268798828125,227.42373657226562,307.9686279296875,-1,-1,-1,-1
149,7,82.85220336914062,383.3985595703125,240.38238525390625,300.1175537109375,-1,-1,-1,-1
150,7,67.5520248413086,404.16656494140625,231.53488159179688,290.94195556640625,-1,-1,-1,-1
151,7,67.89613342285156,416.75799560546875,217.5155487060547,301.58050537109375,-1,-1,-1,-1
152,7,52.51406478881836,430.39208984375,209.50570678710938,291.41241455078125,-1,-1,-1,-1
153,7,36.533592224121094,440.6910705566406,197.38458251953125,298.5339050292969,-1,-1,-1,-1
154,7,35.506141662597656,439.1963195800781,184.45443725585938,304.2483215332031,-1,-1,-1,-1
155,7,50.1315803527832,429.1089782714844,174.39285278320312,305.7336120605469,-1,-1,-1,-1
156,7,72.88129425048828,408.6097412109375,174.47119140625,309.32257080078125,-1,-1,-1,-1
157,7,89.90272521972656,401.94024658203125,181.93003845214844,312.87176513671875,-1,-1,-1,-1
158,7,108.2642593383789,400.83135986328125,190.32382202148438,315.13336181640625,-1,-1,-1,-1
159,7,152.84197998046875,397.4880065917969,193.26449584960938,317.2151794433594,-1,-1,-1,-1
160,7,224.21401977539062,397.1790466308594,181.29434204101562,309.2828063964844,-1,-1,-1,-1
161,7,284.3717346191406,387.7940368652344,178.0814208984375,305.8498229980469,-1,-1,-1,-1
162,7,322.64697265625,382.3766174316406,172.55859375,302.3117980957031,-1,-1,-1,-1
163,7,349.9188232421875,384.39874267578125,160.71075439453125,299.1473388671875,-1,-1,-1,-1
164,7,378.15203857421875,379.72357177734375,147.06109619140625,295.90496826171875,-1,-1,-1,-1
165,7,419.9530334472656,387.6092224121094,133.56271362304688,293.6737365722656,-1,-1,-1,-1
166,7,458.92694091796875,416.4093017578125,127.8016357421875,288.23809814453125,-1,-1,-1,-1
167,7,488.33074951171875,445.9892883300781,124.6002197265625,286.3111877441406,-1,-1,-1,-1
168,7,516.2818603515625,477.03375244140625,124.0546875,289.56982421875,-1,-1,-1,-1
169,7,538.299072265625,502.7430725097656,123.43505859375,295.5108337402344,-1,-1,-1,-1
170,7,555.0706787109375,524.1398315429688,123.8115234375,291.48828125,-1,-1,-1,-1
171,7,582.5387573242188,516.5545654296875,126.02923583984375,288.1524658203125,-1,-1,-1,-1
172,7,608.7029418945312,515.3826904296875,128.68255615234375,286.49261474609375,-1,-1,-1,-1
173,7,634.9462280273438,501.9649658203125,128.88458251953125,287.320068359375,-1,-1,-1,-1
174,7,655.0182495117188,489.143310546875,130.4871826171875,293.5030517578125,-1,-1,-1,-1
175,7,671.1552124023438,481.40472412109375,136.1424560546875,296.89324951171875,-1,-1,-1,-1
176,7,680.8342895507812,481.42999267578125,138.79791259765625,299.96673583984375,-1,-1,-1,-1
177,7,685.9158935546875,486.9575500488281,152.52783203125,302.8093566894531,-1,-1,-1,-1
178,7,685.5715942382812,489.1269836425781,169.519287109375,311.0990905761719,-1,-1,-1,-1
179,7,689.2506103515625,514.74755859375,179.29595947265625,305.8702392578125,-1,-1,-1,-1
180,7,701.391357421875,531.4017333984375,175.53302001953125,308.89166259765625,-1,-1,-1,-1
181,7,712.9490356445312,544.087890625,163.9361572265625,310.189697265625,-1,-1,-1,-1
182,7,719.7996826171875,575.5921020507812,155.583984375,309.0328369140625,-1,-1,-1,-1
183,7,726.5275268554688,623.9512329101562,154.85882568359375,308.912353515625,-1,-1,-1,-1
184,7,721.3954467773438,698.94091796875,168.05426025390625,317.48779296875,-1,-1,-1,-1
185,7,725.64013671875,736.1790161132812,188.057373046875,317.45379638671875,-1,-1,-1,-1
186,7,729.69384765625,692.3284912109375,185.569580078125,309.38958740234375,-1,-1,-1,-1
187,7,734.683349609375,711.3259887695312,179.11669921875,319.18377685546875,-1,-1,-1,-1
188,7,739.6393432617188,710.4427490234375,164.98675537109375,320.43603515625,-1,-1,-1,-1
189,7,741.7767333984375,713.656005859375,146.0767822265625,321.9307861328125,-1,-1,-1,-1
190,7,732.4967041015625,730.50537109375,133.2850341796875,325.334228515625,-1,-1,-1,-1
191,7,712.42919921875,752.7342529296875,126.57080078125,323.5068359375,-1,-1,-1,-1
192,7,688.5938720703125,774.4948120117188,131.3397216796875,328.64825439453125,-1,-1,-1,-1
193,7,670.8242797851562,770.4169921875,136.54461669921875,331.2757568359375,-1,-1,-1,-1
194,7,655.752197265625,767.8121948242188,145.05706787109375,329.57598876953125,-1,-1,-1,-1
195,7,638.81689453125,741.30859375,147.60198974609375,320.63525390625,-1,-1,-1,-1
196,7,607.1898803710938,743.8126831054688,152.2000732421875,317.82769775390625,-1,-1,-1,-1
197,7,581.3705444335938,722.22802734375,151.0438232421875,304.474365234375,-1,-1,-1,-1
198,7,565.0498657226562,707.13330078125,150.8172607421875,304.4188232421875,-1,-1,-1,-1
199,7,544.2861938476562,696.111572265625,151.0631103515625,304.91705322265625,-1,-1,-1,-1
200,7,522.8303833007812,684.0204467773438,143.33380126953125,308.27691650390625,-1,-1,-1,-1
201,7,511.54473876953125,677.8062744140625,135.35235595703125,307.6507568359375,-1,-1,-1,-1
202,7,504.7304992675781,675.356201171875,128.83340454101562,307.80792236328125,-1,-1,-1,-1
203,7,497.8197021484375,654.4336547851562,124.65032958984375,310.17547607421875,-1,-1,-1,-1
204,7,494.5494689941406,632.3370971679688,120.87222290039062,312.59429931640625,-1,-1,-1,-1
205,7,494.3094177246094,618.2864379882812,124.29000854492188,309.54736328125,-1,-1,-1,-1
206,7,493.2707824707031,607.8160400390625,135.97634887695312,303.0869140625,-1,-1,-1,-1
207,7,493.0040588378906,591.1414794921875,145.94400024414062,307.2100830078125,-1,-1,-1,-1
208,7,506.57659912109375,588.0977783203125,151.063232421875,305.50244140625,-1,-1,-1,-1
209,7,561.83056640625,597.8704223632812,144.7928466796875,295.84954833984375,-1,-1,-1,-1
210,7,673.3766479492188,602.7421264648438,149.84271240234375,288.8212890625,-1,-1,-1,-1
114,8,1246.119140625,428.57196044921875,220.3797607421875,398.76336669921875,-1,-1,-1,-1
115,8,1100.6282958984375,434.6162414550781,216.89013671875,366.3080749511719,-1,-1,-1,-1
116,8,990.9774169921875,441.7364196777344,202.3856201171875,344.8899230957031,-1,-1,-1,-1
117,8,954.337158203125,432.1116943359375,197.0140380859375,338.2598876953125,-1,-1,-1,-1
118,8,979.3309326171875,419.7574157714844,202.1317138671875,338.6335754394531,-1,-1,-1,-1
119,8,1088.43603515625,394.3443298339844,211.569091796875,351.5475158691406,-1,-1,-1,-1
120,8,1205.388427734375,389.39599609375,226.744384765625,361.30224609375,-1,-1,-1,-1
120,9,1252.087890625,361.3471374511719,160.952880859375,390.5578918457031,-1,-1,-1,-1
121,9,1313.09619140625,334.4879150390625,165.6837158203125,437.2435302734375,-1,-1,-1,-1
124,9,1302.779541015625,352.1191711425781,206.98779296875,365.0681457519531,-1,-1,-1,-1
125,9,1269.0301513671875,383.0513000488281,165.89404296875,349.2766418457031,-1,-1,-1,-1
126,9,1126.55908203125,390.51751708984375,194.81982421875,357.63751220703125,-1,-1,-1,-1
127,9,977.54296875,407.64752197265625,169.8885498046875,318.62591552734375,-1,-1,-1,-1
128,9,903.9113159179688,396.0352478027344,144.75250244140625,307.6329040527344,-1,-1,-1,-1
129,9,872.5847778320312,395.7766418457031,127.4244384765625,300.3432922363281,-1,-1,-1,-1
130,9,803.865478515625,396.62445068359375,109.69598388671875,295.0625,-1,-1,-1,-1
131,9,799.9999389648438,432.06231689453125,105.80584716796875,292.4578857421875,-1,-1,-1,-1
132,9,792.9120483398438,492.208984375,104.71429443359375,288.16876220703125,-1,-1,-1,-1
133,9,786.0549926757812,473.7790832519531,118.37774658203125,297.1476135253906,-1,-1,-1,-1
134,9,777.927978515625,418.492431640625,133.025634765625,304.2335205078125,-1,-1,-1,-1
135,9,784.9854125976562,395.06927490234375,134.97723388671875,308.3135986328125,-1,-1,-1,-1
136,9,790.8032836914062,334.5177307128906,124.2862548828125,314.5341491699219,-1,-1,-1,-1
137,9,781.5819091796875,299.551025390625,119.45074462890625,318.54931640625,-1,-1,-1,-1
138,9,742.2281494140625,304.98980712890625,120.53399658203125,315.2501220703125,-1,-1,-1,-1
139,9,722.566650390625,341.34259033203125,122.3897705078125,310.89349365234375,-1,-1,-1,-1
140,9,716.46533203125,328.8938903808594,133.84564208984375,312.2889709472656,-1,-1,-1,-1
141,9,705.1253051757812,234.73715209960938,150.88525390625,329.7296447753906,-1,-1,-1,-1
142,9,678.387939453125,203.43124389648438,164.21197509765625,330.7209777832031,-1,-1,-1,-1
143,9,659.541015625,145.21734619140625,171.99981689453125,342.18487548828125,-1,-1,-1,-1
144,9,673.4546508789062,162.26089477539062,166.9337158203125,338.1813049316406,-1,-1,-1,-1
145,9,663.1660766601562,166.9522705078125,159.25592041015625,337.5340270996094,-1,-1,-1,-1
146,9,642.953369140625,190.16229248046875,149.32244873046875,330.5240478515625,-1,-1,-1,-1
147,9,623.198974609375,207.25494384765625,141.5513916015625,326.02349853515625,-1,-1,-1,-1
148,9,586.5409545898438,248.4339141845703,131.8946533203125,313.8046875,-1,-1,-1,-1
149,9,549.0006713867188,271.1603088378906,123.44842529296875,311.1575622558594,-1,-1,-1,-1
150,9,518.5346069335938,279.0091247558594,124.75970458984375,311.8329162597656,-1,-1,-1,-1
151,9,504.51507568359375,302.70672607421875,124.04815673828125,308.27130126953125,-1,-1,-1,-1
152,9,474.4178161621094,309.28643798828125,133.88204956054688,307.6768798828125,-1,-1,-1,-1
153,9,449.1732177734375,337.98272705078125,138.475341796875,302.42864990234375,-1,-1,-1,-1
154,9,443.6824951171875,362.9180603027344,145.36273193359375,301.8971252441406,-1,-1,-1,-1
155,9,451.68963623046875,370.14337158203125,148.99420166015625,298.2889404296875,-1,-1,-1,-1
156,9,469.89129638671875,352.0317687988281,145.85479736328125,302.9543151855469,-1,-1,-1,-1
157,9,488.228515625,351.30303955078125,137.71282958984375,302.423583984375,-1,-1,-1,-1
158,9,512.8522644042969,354.6818542480469,130.78713989257812,301.9718322753906,-1,-1,-1,-1
159,9,554.9212646484375,371.94671630859375,123.91693115234375,294.3369140625,-1,-1,-1,-1
160,9,612.15478515625,382.7789306640625,124.1800537109375,293.86932373046875,-1,-1,-1,-1
161,9,666.6727294921875,381.372802734375,119.58099365234375,295.03765869140625,-1,-1,-1,-1
162,9,696.1905517578125,384.77093505859375,115.86907958984375,296.44140625,-1,-1,-1,-1
163,9,718.763916015625,409.3763732910156,106.3592529296875,291.0865783691406,-1,-1,-1,-1
164,9,738.6969604492188,417.04736328125,112.1453857421875,290.06884765625,-1,-1,-1,-1
165,9,769.57177734375,421.58734130859375,111.66668701171875,293.0439453125,-1,-1,-1,-1
166,9,797.7913818359375,445.2193603515625,111.4400634765625,292.82073974609375,-1,-1,-1,-1
167,9,812.0152587890625,469.90106201171875,119.56927490234375,288.8753662109375,-1,-1,-1,-1
168,9,824.8612670898438,489.3491516113281,130.32904052734375,290.1204528808594,-1,-1,-1,-1
169,9,838.2488403320312,510.4333801269531,138.88861083984375,287.9070739746094,-1,-1,-1,-1
170,9,853.0855102539062,530.3219604492188,142.278564453125,289.5206298828125,-1,-1,-1,-1
171,9,884.6310424804688,528.5762329101562,142.60076904296875,291.93548583984375,-1,-1,-1,-1
172,9,915.1204833984375,526.8191528320312,144.6580810546875,298.70086669921875,-1,-1,-1,-1
173,9,946.318603515625,514.3768310546875,145.7066650390625,303.26806640625,-1,-1,-1,-1
174,9,975.0460205078125,503.7114562988281,142.1314697265625,303.4413757324219,-1,-1,-1,-1
175,9,1000.9790649414062,497.6087341308594,138.96002197265625,302.6800842285156,-1,-1,-1,-1
176,9,1022.5057373046875,490.2818908691406,132.9407958984375,307.5920104980469,-1,-1,-1,-1
177,9,1054.65087890625,489.1231994628906,122.52490234375,315.1674499511719,-1,-1,-1,-1
178,9,1076.0535888671875,493.0440673828125,122.11328125,319.22821044921875,-1,-1,-1,-1
179,9,1084.6614990234375,513.158935546875,129.147705078125,321.95697021484375,-1,-1,-1,-1
180,9,1080.2142333984375,524.8902587890625,146.6016845703125,324.25213623046875,-1,-1,-1,-1
181,9,1078.43603515625,534.1505126953125,155.487548828125,325.83880615234375,-1,-1,-1,-1
182,9,1088.2237548828125,555.2381591796875,149.18310546875,328.00726318359375,-1,-1,-1,-1
183,9,1099.3814697265625,591.7758178710938,143.37890625,333.37823486328125,-1,-1,-1,-1
184,9,1112.6099853515625,663.9136352539062,142.9266357421875,333.49322509765625,-1,-1,-1,-1
185,9,1135.8424072265625,684.7789916992188,141.2672119140625,335.74493408203125,-1,-1,-1,-1
186,9,1147.0802001953125,631.7489624023438,128.4027099609375,331.738525390625,-1,-1,-1,-1
187,9,1156.803466796875,642.8269653320312,124.032958984375,323.61529541015625,-1,-1,-1,-1
188,9,1155.1776123046875,628.3035278320312,115.41552734375,324.37005615234375,-1,-1,-1,-1
189,9,1154.096435546875,639.6311645507812,120.580322265625,323.3070068359375,-1,-1,-1,-1
190,9,1135.1234130859375,646.87353515625,133.4302978515625,325.6170654296875,-1,-1,-1,-1
191,9,1105.013671875,669.4027099609375,143.8515625,315.30584716796875,-1,-1,-1,-1
192,9,1077.029296875,698.9805297851562,146.744873046875,310.49603271484375,-1,-1,-1,-1
193,9,1058.671630859375,699.702392578125,147.14208984375,305.17864990234375,-1,-1,-1,-1
194,9,1041.6829833984375,698.8756103515625,147.6761474609375,305.6019287109375,-1,-1,-1,-1
195,9,1031.4852294921875,672.5090942382812,133.03271484375,302.501953125,-1,-1,-1,-1
196,9,1004.0253295898438,672.9151611328125,117.49761962890625,301.111328125,-1,-1,-1,-1
197,9,980.5090942382812,645.1508178710938,106.42755126953125,296.31719970703125,-1,-1,-1,-1
198,9,964.7037963867188,630.5982055664062,105.93182373046875,297.64495849609375,-1,-1,-1,-1
199,9,938.9293212890625,623.0285034179688,113.1153564453125,294.8154296875,-1,-1,-1,-1
200,9,918.324462890625,616.205322265625,111.84326171875,289.2813720703125,-1,-1,-1,-1
201,9,908.956787109375,615.7247924804688,108.7230224609375,286.08624267578125,-1,-1,-1,-1
202,9,904.3782958984375,614.2560424804688,108.20233154296875,286.87896728515625,-1,-1,-1,-1
203,9,899.8861694335938,594.2709350585938,107.39501953125,290.37158203125,-1,-1,-1,-1
204,9,893.9735107421875,576.6159057617188,109.01422119140625,290.44610595703125,-1,-1,-1,-1
205,9,897.4967041015625,566.3470458984375,113.8896484375,291.54248046875,-1,-1,-1,-1
206,9,906.5299072265625,559.4883422851562,116.51275634765625,291.62677001953125,-1,-1,-1,-1
207,9,914.376220703125,547.1084594726562,119.9481201171875,295.26611328125,-1,-1,-1,-1
208,9,926.973876953125,538.3308715820312,126.5426025390625,300.785400390625,-1,-1,-1,-1
209,9,985.1021118164062,543.9571533203125,129.27679443359375,307.14654541015625,-1,-1,-1,-1
210,9,1124.5406494140625,540.0945434570312,143.39404296875,340.252685546875,-1,-1,-1,-1
211,9,818.85888671875,590.7632446289062,165.06707763671875,304.519287109375,-1,-1,-1,-1
212,9,942.6998291015625,574.509521484375,171.5020751953125,323.4097900390625,-1,-1,-1,-1
213,9,982.53857421875,550.62890625,177.855224609375,338.734130859375,-1,-1,-1,-1
214,9,920.8038330078125,532.6912231445312,175.8341064453125,325.65264892578125,-1,-1,-1,-1
215,9,795.4778442382812,517.8938598632812,167.64019775390625,311.169921875,-1,-1,-1,-1
216,9,633.7404174804688,519.9122314453125,162.41497802734375,304.70318603515625,-1,-1,-1,-1
217,9,431.6463317871094,527.8572387695312,176.32424926757812,311.10479736328125,-1,-1,-1,-1
218,9,409.3798828125,489.34710693359375,221.68707275390625,304.4781494140625,-1,-1,-1,-1
176,10,-3.3108482360839844,857.8571166992188,547.5562744140625,555.2366333007812,-1,-1,-1,-1
177,10,-24.792831420898438,641.1544799804688,517.4663696289062,778.3895874023438,-1,-1,-1,-1
178,10,-1.8539390563964844,456.9180908203125,507.4335021972656,956.1728515625,-1,-1,-1,-1
179,10,0.5156154632568359,338.96160888671875,488.873779296875,1073.327880859375,-1,-1,-1,-1
180,10,-5.6049346923828125,293.8644714355469,498.48468017578125,1120.801513671875,-1,-1,-1,-1
181,10,-7.6380615234375,381.1220703125,516.6991577148438,1034.2633056640625,-1,-1,-1,-1
182,10,-9.491907119750977,385.1291198730469,545.0908813476562,1036.0618896484375,-1,-1,-1,-1
183,10,-1.287078857421875,283.53070068359375,543.7344970703125,1133.172119140625,-1,-1,-1,-1
184,10,-24.02593994140625,292.7930908203125,553.5626220703125,1136.22314453125,-1,-1,-1,-1
185,10,-0.31912803649902344,340.273681640625,539.458251953125,1091.01806640625,-1,-1,-1,-1
186,10,-7.595407485961914,316.374755859375,535.8461303710938,1108.37158203125,-1,-1,-1,-1
187,10,-35.61873245239258,353.8096008300781,602.9361572265625,1073.518310546875,-1,-1,-1,-1
188,10,-61.41072463989258,337.48211669921875,656.1646728515625,1085.81787109375,-1,-1,-1,-1
189,10,-22.407100677490234,351.416015625,567.2081909179688,1064.8642578125,-1,-1,-1,-1
190,10,4.014673233032227,595.2722778320312,393.11309814453125,721.6730346679688,-1,-1,-1,-1
211,11,1329.67626953125,539.6785888671875,134.01416015625,347.62957763671875,-1,-1,-1,-1
216,12,1187.697265625,433.311279296875,151.489501953125,361.88958740234375,-1,-1,-1,-1
217,12,971.8919067382812,418.4713134765625,133.66851806640625,326.4976806640625,-1,-1,-1,-1
218,12,760.7130737304688,429.402099609375,135.16455078125,301.93157958984375,-1,-1,-1,-1
219,12,622.8619384765625,458.1815490722656,138.7899169921875,293.6878356933594,-1,-1,-1,-1
220,12,545.692626953125,439.32757568359375,144.00897216796875,299.40582275390625,-1,-1,-1,-1
221,12,535.6807250976562,470.15496826171875,142.6485595703125,302.61651611328125,-1,-1,-1,-1
222,12,608.2014770507812,410.63031005859375,132.7325439453125,316.36083984375,-1,-1,-1,-1
223,12,734.2492065429688,432.9460144042969,119.63555908203125,320.0372009277344,-1,-1,-1,-1
224,12,875.7799072265625,451.48052978515625,124.36944580078125,334.33123779296875,-1,-1,-1,-1
225,12,992.6300659179688,450.8352355957031,135.30682373046875,355.9744567871094,-1,-1,-1,-1
226,12,1089.1614990234375,445.6293029785156,145.8399658203125,377.3730163574219,-1,-1,-1,-1
227,12,1158.2852783203125,447.99676513671875,162.2574462890625,394.82110595703125,-1,-1,-1,-1
228,12,1222.723876953125,460.2496337890625,164.2471923828125,402.087646484375,-1,-1,-1,-1
229,12,1314.5660400390625,477.48492431640625,140.9127197265625,403.6241455078125,-1,-1,-1,-1
230,12,1303.2408447265625,512.07177734375,197.4097900390625,430.6475830078125,-1,-1,-1,-1
232,12,1330.5892333984375,500.7870178222656,127.4820556640625,407.7587585449219,-1,-1,-1,-1
233,12,1196.155517578125,518.314697265625,197.14501953125,396.949462890625,-1,-1,-1,-1
234,12,1026.4049072265625,510.34661865234375,186.8236083984375,359.580078125,-1,-1,-1,-1
235,12,926.7169799804688,514.3037109375,171.95172119140625,336.23260498046875,-1,-1,-1,-1
236,12,891.3355102539062,503.817626953125,173.93597412109375,329.71905517578125,-1,-1,-1,-1
237,12,884.3095703125,492.604248046875,176.15234375,328.104248046875,-1,-1,-1,-1
238,12,881.079833984375,498.83551025390625,184.508544921875,324.79949951171875,-1,-1,-1,-1
239,12,876.734619140625,491.4991149902344,191.8466796875,327.1828308105469,-1,-1,-1,-1
240,12,868.8724365234375,489.91455078125,187.5888671875,326.98980712890625,-1,-1,-1,-1
241,12,888.17041015625,500.2072448730469,180.341552734375,333.7684631347656,-1,-1,-1,-1
242,12,909.8006591796875,478.494140625,177.0540771484375,344.9307861328125,-1,-1,-1,-1
243,12,917.72265625,477.8572998046875,174.25048828125,354.3526611328125,-1,-1,-1,-1
244,12,914.8133544921875,456.31414794921875,187.178466796875,364.46636962890625,-1,-1,-1,-1
245,12,919.8584594726562,443.2074279785156,203.47186279296875,373.2392272949219,-1,-1,-1,-1
246,12,918.3351440429688,445.55047607421875,201.66693115234375,372.7490234375,-1,-1,-1,-1
247,12,905.828369140625,445.6875,207.921630859375,370.4095458984375,-1,-1,-1,-1
248,12,884.891357421875,441.16497802734375,205.827392578125,365.39495849609375,-1,-1,-1,-1
249,12,853.6504516601562,441.2250061035156,195.97479248046875,360.1297912597656,-1,-1,-1,-1
250,12,811.4492797851562,450.084716796875,178.16888427734375,351.04132080078125,-1,-1,-1,-1
251,12,761.761962890625,454.45458984375,162.6282958984375,348.0535888671875,-1,-1,-1,-1
252,12,708.1593017578125,453.3011474609375,155.766357421875,350.322998046875,-1,-1,-1,-1
253,12,671.5963134765625,459.38958740234375,167.95794677734375,349.0289306640625,-1,-1,-1,-1
254,12,682.6751098632812,451.4207763671875,188.77294921875,351.03875732421875,-1,-1,-1,-1
255,12,762.1905517578125,432.2384033203125,201.79266357421875,354.1968994140625,-1,-1,-1,-1
256,12,897.9368286132812,426.07720947265625,213.15704345703125,365.59259033203125,-1,-1,-1,-1
257,12,1037.6212158203125,427.83660888671875,234.4698486328125,401.12872314453125,-1,-1,-1,-1
258,12,1139.0767822265625,459.0805358886719,257.360595703125,411.7441711425781,-1,-1,-1,-1
259,12,1221.0189208984375,461.0010986328125,223.1204833984375,421.1044921875,-1,-1,-1,-1
260,12,1277.43701171875,470.93731689453125,139.203125,416.5555419921875,-1,-1,-1,-1
261,12,1299.1201171875,459.7423400878906,118.655029296875,426.2785339355469,-1,-1,-1,-1
262,12,1284.7294921875,442.50347900390625,128.629638671875,425.70556640625,-1,-1,-1,-1
263,12,1236.208740234375,429.9114685058594,176.40966796875,420.6512756347656,-1,-1,-1,-1
264,12,1185.1646728515625,421.6063232421875,199.811279296875,413.72955322265625,-1,-1,-1,-1
265,12,1153.4300537109375,407.0110778808594,197.1988525390625,404.0067443847656,-1,-1,-1,-1
266,12,1137.4993896484375,396.13494873046875,188.303466796875,399.37249755859375,-1,-1,-1,-1
267,12,1130.9674072265625,389.73089599609375,188.78369140625,397.90863037109375,-1,-1,-1,-1
268,12,1130.100341796875,377.6156311035156,187.566650390625,398.5885925292969,-1,-1,-1,-1
269,12,1127.915283203125,371.9429931640625,188.4072265625,396.2880859375,-1,-1,-1,-1
270,12,1132.40673828125,362.9776916503906,191.506103515625,401.5730895996094,-1,-1,-1,-1
271,12,1141.453857421875,348.8209228515625,192.8492431640625,405.14300537109375,-1,-1,-1,-1
272,12,1142.690185546875,338.4291076660156,199.324951171875,409.3143615722656,-1,-1,-1,-1
273,12,1144.491455078125,338.5267333984375,202.2904052734375,414.62139892578125,-1,-1,-1,-1
274,12,1140.6187744140625,342.2728271484375,206.2384033203125,420.181396484375,-1,-1,-1,-1
275,12,1140.2647705078125,332.3205871582031,215.72998046875,427.4574890136719,-1,-1,-1,-1
276,12,1131.210693359375,317.35894775390625,221.5767822265625,426.442626953125,-1,-1,-1,-1
277,12,1118.0830078125,317.5085754394531,232.263671875,425.5867004394531,-1,-1,-1,-1
278,12,1107.1214599609375,342.02178955078125,238.979736328125,419.264892578125,-1,-1,-1,-1
279,12,1075.349365234375,329.7193603515625,245.1947021484375,416.463134765625,-1,-1,-1,-1
280,12,1044.8802490234375,361.75714111328125,247.0782470703125,405.8333740234375,-1,-1,-1,-1
281,12,1017.7393798828125,345.71038818359375,259.4130859375,405.42327880859375,-1,-1,-1,-1
282,12,1001.3095703125,373.316650390625,266.897216796875,397.84271240234375,-1,-1,-1,-1
283,12,977.8213500976562,362.460693359375,246.45428466796875,396.24267578125,-1,-1,-1,-1
284,12,955.42431640625,346.2413635253906,252.7275390625,397.6094055175781,-1,-1,-1,-1
285,12,926.5999145507812,344.2259521484375,255.60113525390625,400.739990234375,-1,-1,-1,-1
286,12,889.916015625,357.7057189941406,246.94970703125,399.1395568847656,-1,-1,-1,-1
287,12,867.6309814453125,365.2718505859375,242.0076904296875,403.59552001953125,-1,-1,-1,-1
288,12,848.3885498046875,397.2852478027344,240.4608154296875,395.8998718261719,-1,-1,-1,-1
289,12,830.7330322265625,391.830810546875,237.8875732421875,392.1973876953125,-1,-1,-1,-1
290,12,814.1546630859375,440.24957275390625,218.72314453125,383.44903564453125,-1,-1,-1,-1
291,12,788.9967651367188,412.7118835449219,196.98095703125,384.2856140136719,-1,-1,-1,-1
292,12,766.0923461914062,402.0871887207031,176.11846923828125,384.2572937011719,-1,-1,-1,-1
293,12,738.9375,376.6929931640625,164.7445068359375,390.720703125,-1,-1,-1,-1
294,12,710.7255859375,363.89239501953125,162.780029296875,395.173583984375,-1,-1,-1,-1
295,12,685.7017822265625,389.3938903808594,178.75421142578125,393.9258728027344,-1,-1,-1,-1
296,12,667.4246826171875,409.61114501953125,215.39642333984375,393.70721435546875,-1,-1,-1,-1
297,12,664.079833984375,433.37353515625,236.68963623046875,394.32452392578125,-1,-1,-1,-1
298,12,663.4306030273438,432.5428771972656,231.16802978515625,392.4353332519531,-1,-1,-1,-1
299,12,671.5516967773438,418.341552734375,223.66168212890625,396.97222900390625,-1,-1,-1,-1
300,12,716.2974853515625,389.10540771484375,210.87969970703125,401.0057373046875,-1,-1,-1,-1
301,12,747.8810424804688,387.21624755859375,209.11895751953125,408.20806884765625,-1,-1,-1,-1
302,12,776.729248046875,386.55072021484375,212.4012451171875,414.5548095703125,-1,-1,-1,-1
303,12,823.2030029296875,379.2857666015625,206.9124755859375,428.67138671875,-1,-1,-1,-1
304,12,867.43310546875,371.3449401855469,225.62353515625,442.0698547363281,-1,-1,-1,-1
305,12,923.8978271484375,371.66278076171875,252.4541015625,460.63604736328125,-1,-1,-1,-1
306,12,1011.1825561523438,372.9141845703125,276.88592529296875,486.3402099609375,-1,-1,-1,-1
307,12,1099.9111328125,375.0994567871094,288.8499755859375,518.7818603515625,-1,-1,-1,-1
308,12,1169.036865234375,394.02197265625,248.9664306640625,533.7272338867188,-1,-1,-1,-1
309,12,1211.353759765625,413.0770263671875,212.6917724609375,513.552490234375,-1,-1,-1,-1
310,12,1236.12255859375,448.1380615234375,190.969970703125,510.59033203125,-1,-1,-1,-1
311,12,1249.490966796875,459.85455322265625,179.34130859375,535.5914916992188,-1,-1,-1,-1
312,12,1258.3018798828125,422.897216796875,203.5272216796875,569.973876953125,-1,-1,-1,-1
313,12,1275.4814453125,418.34429931640625,149.5416259765625,567.55126953125,-1,-1,-1,-1
314,12,1272.0960693359375,390.1047668457031,159.401611328125,588.380126953125,-1,-1,-1,-1
315,12,1240.57373046875,386.658203125,230.811767578125,578.749267578125,-1,-1,-1,-1
316,12,1202.0836181640625,414.03326416015625,269.625732421875,537.9050903320312,-1,-1,-1,-1
317,12,1163.285400390625,398.1445007324219,267.73876953125,586.4384765625,-1,-1,-1,-1
318,12,1100.4371337890625,380.9895324707031,310.1287841796875,609.8057861328125,-1,-1,-1,-1
319,12,1014.1194458007812,355.2149963378906,328.85614013671875,596.0533447265625,-1,-1,-1,-1
320,12,935.8482055664062,324.4357604980469,316.90667724609375,576.663818359375,-1,-1,-1,-1
321,12,874.05810546875,323.19000244140625,314.6383056640625,559.0275268554688,-1,-1,-1,-1
322,12,844.0698852539062,313.1797180175781,300.27178955078125,555.596435546875,-1,-1,-1,-1
323,12,827.6976318359375,323.3961486816406,296.6165771484375,556.109130859375,-1,-1,-1,-1
324,12,817.9552612304688,283.5212097167969,285.60272216796875,570.01953125,-1,-1,-1,-1
325,12,798.1912231445312,301.4877014160156,296.53863525390625,569.362548828125,-1,-1,-1,-1
326,12,776.6378173828125,293.8721618652344,310.1851806640625,569.7685546875,-1,-1,-1,-1
327,12,748.9599609375,310.09246826171875,335.7562255859375,566.5933227539062,-1,-1,-1,-1
328,12,741.2322998046875,333.9937744140625,359.19970703125,563.416748046875,-1,-1,-1,-1
329,12,747.5889892578125,348.7365417480469,392.8265380859375,564.7965087890625,-1,-1,-1,-1
330,12,761.5775756835938,364.7781677246094,434.73028564453125,567.9146728515625,-1,-1,-1,-1
331,12,797.8331298828125,361.54656982421875,469.7401123046875,577.6032104492188,-1,-1,-1,-1
332,12,841.8773193359375,368.58758544921875,460.7694091796875,588.849853515625,-1,-1,-1,-1
333,12,831.8500366210938,371.18072509765625,460.85491943359375,623.41259765625,-1,-1,-1,-1
334,12,828.122314453125,364.1095275878906,433.361328125,666.8016357421875,-1,-1,-1,-1
335,12,790.779296875,350.1649169921875,437.3287353515625,694.3824462890625,-1,-1,-1,-1
336,12,767.0755004882812,336.06317138671875,444.07476806640625,698.5940551757812,-1,-1,-1,-1
337,12,730.9097900390625,316.25787353515625,445.6961669921875,682.4580688476562,-1,-1,-1,-1
338,12,687.2241821289062,314.60321044921875,440.61968994140625,667.8736572265625,-1,-1,-1,-1
339,12,688.2979736328125,327.36065673828125,388.2823486328125,664.3076782226562,-1,-1,-1,-1
340,12,697.5375366210938,401.433349609375,315.5836181640625,645.68896484375,-1,-1,-1,-1
341,12,685.8865966796875,450.2396240234375,271.84130859375,652.118408203125,-1,-1,-1,-1
342,12,667.3150634765625,454.36761474609375,260.2366943359375,671.2266235351562,-1,-1,-1,-1
343,12,642.2730712890625,443.3801574707031,288.9176025390625,699.1221923828125,-1,-1,-1,-1
344,12,642.91455078125,417.316162109375,312.1768798828125,716.3294677734375,-1,-1,-1,-1
345,12,640.7750854492188,446.6783447265625,291.36590576171875,746.2861328125,-1,-1,-1,-1
346,12,647.3951416015625,466.787109375,343.938232421875,776.716064453125,-1,-1,-1,-1
347,12,668.17578125,473.1596374511719,363.195068359375,786.580322265625,-1,-1,-1,-1
348,12,666.737548828125,619.9872436523438,347.55853271484375,660.2343139648438,-1,-1,-1,-1
349,12,658.6089477539062,612.1478881835938,323.54425048828125,595.0737915039062,-1,-1,-1,-1
350,12,640.8937377929688,600.8867797851562,410.45721435546875,806.9235229492188,-1,-1,-1,-1
351,12,601.8470458984375,592.8365478515625,608.8995361328125,822.7933349609375,-1,-1,-1,-1
352,12,599.4442138671875,577.7626953125,575.948974609375,838.960205078125,-1,-1,-1,-1
353,12,659.4417114257812,497.91009521484375,691.1991577148438,914.3936157226562,-1,-1,-1,-1
354,12,668.2334594726562,400.15045166015625,732.5963745117188,1012.2015991210938,-1,-1,-1,-1
355,12,589.3859252929688,313.2687683105469,785.6823120117188,1098.25830078125,-1,-1,-1,-1
356,12,493.2312927246094,187.85556030273438,903.090087890625,1138.387939453125,-1,-1,-1,-1
357,12,444.6308288574219,157.13412475585938,966.8328857421875,1060.787109375,-1,-1,-1,-1
358,12,390.2511901855469,186.96783447265625,1029.4432373046875,1055.07958984375,-1,-1,-1,-1
359,12,402.3569641113281,216.24586486816406,1019.3116455078125,1074.2313232421875,-1,-1,-1,-1
360,12,447.6046142578125,164.26791381835938,967.6138916015625,1134.6400146484375,-1,-1,-1,-1
361,12,562.9033203125,157.4237518310547,851.5841064453125,1196.4434814453125,-1,-1,-1,-1
362,12,697.0980224609375,132.85855102539062,720.03173828125,1246.30029296875,-1,-1,-1,-1
363,12,883.159423828125,132.29156494140625,527.1099853515625,970.8915405273438,-1,-1,-1,-1
364,12,911.9108276367188,143.86126708984375,494.20062255859375,773.656005859375,-1,-1,-1,-1
366,12,872.0658569335938,326.08978271484375,260.58697509765625,410.03704833984375,-1,-1,-1,-1
219,13,14.906705856323242,601.8724975585938,220.71231079101562,404.16485595703125,-1,-1,-1,-1
220,13,-30.221050262451172,623.711669921875,183.33016967773438,432.2061767578125,-1,-1,-1,-1
221,13,-82.8505859375,625.0183715820312,210.23818969726562,451.40081787109375,-1,-1,-1,-1
222,13,-41.867431640625,550.3114624023438,229.50563049316406,439.22235107421875,-1,-1,-1,-1
223,13,103.2867660522461,531.8975219726562,206.6915283203125,415.63555908203125,-1,-1,-1,-1
224,13,259.9493103027344,527.521240234375,174.52395629882812,385.87664794921875,-1,-1,-1,-1
225,13,372.4129333496094,527.8060913085938,161.83572387695312,373.50250244140625,-1,-1,-1,-1
226,13,450.4524841308594,516.6307373046875,152.74984741210938,368.27215576171875,-1,-1,-1,-1
227,13,502.9196472167969,519.7261962890625,139.55661010742188,364.42138671875,-1,-1,-1,-1
228,13,548.4177856445312,529.452392578125,134.3414306640625,363.247314453125,-1,-1,-1,-1
229,13,611.8216552734375,527.5291137695312,135.20587158203125,365.5499267578125,-1,-1,-1,-1
230,13,661.4378662109375,549.8259887695312,146.19329833984375,368.71160888671875,-1,-1,-1,-1
231,13,663.111328125,572.6099853515625,155.75030517578125,370.2283935546875,-1,-1,-1,-1
232,13,589.8885498046875,583.7384033203125,154.05078125,366.34130859375,-1,-1,-1,-1
233,13,436.8677062988281,606.4383544921875,173.53842163085938,377.046875,-1,-1,-1,-1
234,13,254.71200561523438,602.8982543945312,204.67581176757812,411.85260009765625,-1,-1,-1,-1
235,13,126.86735534667969,613.602783203125,226.57469177246094,447.6395263671875,-1,-1,-1,-1
236,13,75.38878631591797,608.3538818359375,239.953369140625,454.1337890625,-1,-1,-1,-1
237,13,52.43550109863281,603.9678955078125,256.1967315673828,459.3570556640625,-1,-1,-1,-1
238,13,36.639713287353516,607.8212890625,266.20477294921875,464.0634765625,-1,-1,-1,-1
239,13,18.40491485595703,615.0730590820312,279.64752197265625,471.13873291015625,-1,-1,-1,-1
240,13,-4.0260009765625,629.7706909179688,281.89691162109375,477.86785888671875,-1,-1,-1,-1
241,13,-8.625765800476074,649.0211791992188,283.5763854980469,480.34918212890625,-1,-1,-1,-1
242,13,-50.02452087402344,622.7083129882812,329.0732421875,505.52508544921875,-1,-1,-1,-1
243,13,-36.75016784667969,623.5513916015625,292.5137939453125,514.596923828125,-1,-1,-1,-1
244,13,-45.2928581237793,639.6204223632812,295.8626708984375,501.09259033203125,-1,-1,-1,-1
245,13,-47.87586212158203,656.8374633789062,313.73785400390625,496.62860107421875,-1,-1,-1,-1
246,13,-43.62287902832031,677.8659057617188,315.56036376953125,492.53729248046875,-1,-1,-1,-1
247,13,-81.50618743896484,671.9849853515625,355.03570556640625,500.757080078125,-1,-1,-1,-1
248,13,-112.26286315917969,724.3226928710938,378.7333984375,465.61822509765625,-1,-1,-1,-1
249,13,-103.45310974121094,756.5175170898438,352.4476318359375,376.91851806640625,-1,-1,-1,-1
250,13,-193.42486572265625,725.5162353515625,421.5595703125,459.2669677734375,-1,-1,-1,-1
251,13,-192.87506103515625,723.9254760742188,388.9342041015625,541.0755004882812,-1,-1,-1,-1
252,13,-198.3543701171875,632.599609375,401.80999755859375,779.51708984375,-1,-1,-1,-1
255,13,-207.17149353027344,416.3624572753906,417.9447021484375,1005.8292236328125,-1,-1,-1,-1
256,13,-1.8198556900024414,497.0448913574219,289.4617919921875,540.69384765625,-1,-1,-1,-1
257,13,181.14321899414062,475.4783020019531,284.8418884277344,495.4024963378906,-1,-1,-1,-1
258,13,314.34613037109375,512.9059448242188,278.23992919921875,460.27032470703125,-1,-1,-1,-1
259,13,398.427490234375,521.1633911132812,279.34613037109375,440.69403076171875,-1,-1,-1,-1
260,13,440.5867919921875,531.3265991210938,281.60845947265625,434.50787353515625,-1,-1,-1,-1
261,13,458.3560485839844,526.5704956054688,265.5227966308594,428.79217529296875,-1,-1,-1,-1
262,13,459.6246032714844,503.59857177734375,250.29135131835938,430.74591064453125,-1,-1,-1,-1
263,13,432.7879638671875,490.9908142089844,240.95977783203125,440.6564025878906,-1,-1,-1,-1
264,13,399.5888366699219,481.3729248046875,238.39486694335938,451.3604736328125,-1,-1,-1,-1
265,13,378.104248046875,460.1949768066406,237.23077392578125,455.3003234863281,-1,-1,-1,-1
266,13,366.6740417480469,437.09942626953125,235.27359008789062,459.95391845703125,-1,-1,-1,-1
267,13,367.29718017578125,423.7532043457031,233.3087158203125,451.4983825683594,-1,-1,-1,-1
268,13,367.5594482421875,413.5209045410156,230.65472412109375,445.2124938964844,-1,-1,-1,-1
269,13,366.0752258300781,406.329833984375,231.22378540039062,443.49981689453125,-1,-1,-1,-1
270,13,370.0373229980469,407.63720703125,232.32125854492188,442.5382080078125,-1,-1,-1,-1
271,13,370.9188232421875,413.11688232421875,234.0269775390625,435.7933349609375,-1,-1,-1,-1
272,13,364.5787048339844,406.3759460449219,245.20681762695312,451.1067199707031,-1,-1,-1,-1
273,13,359.21392822265625,410.3445739746094,245.26007080078125,459.8645324707031,-1,-1,-1,-1
274,13,343.7212829589844,414.78997802734375,254.62973022460938,468.28985595703125,-1,-1,-1,-1
275,13,332.3879699707031,411.74139404296875,265.4546813964844,475.93365478515625,-1,-1,-1,-1
276,13,308.6415100097656,419.3102722167969,285.3840026855469,481.2450866699219,-1,-1,-1,-1
277,13,287.62933349609375,431.7575988769531,296.6043701171875,490.9002380371094,-1,-1,-1,-1
278,13,263.2910461425781,459.86346435546875,305.5281066894531,501.57464599609375,-1,-1,-1,-1
279,13,215.8639373779297,461.7135925292969,324.69146728515625,517.318603515625,-1,-1,-1,-1
280,13,166.53219604492188,495.8380126953125,337.7103576660156,534.045654296875,-1,-1,-1,-1
281,13,125.54783630371094,476.9298400878906,354.7679443359375,557.5540771484375,-1,-1,-1,-1
282,13,89.82062530517578,515.896484375,360.7164001464844,574.1385498046875,-1,-1,-1,-1
283,13,45.1956672668457,554.5807495117188,381.6097412109375,578.7675170898438,-1,-1,-1,-1
284,13,16.869672775268555,578.6136474609375,385.0102844238281,571.6219482421875,-1,-1,-1,-1
285,13,-6.437307357788086,601.7420043945312,384.59765625,578.0458374023438,-1,-1,-1,-1
286,13,-32.72520446777344,604.1920776367188,381.04339599609375,610.8241577148438,-1,-1,-1,-1
287,13,-150.50645446777344,560.7208251953125,471.06463623046875,688.968017578125,-1,-1,-1,-1
288,13,-160.98226928710938,616.25830078125,458.6990966796875,613.808837890625,-1,-1,-1,-1
289,13,-203.68527221679688,629.4918823242188,477.57501220703125,629.3309936523438,-1,-1,-1,-1
290,13,-246.21710205078125,551.3848876953125,496.23248291015625,720.8614501953125,-1,-1,-1,-1
291,13,-361.1377258300781,408.37091064453125,725.596923828125,1019.4212036132812,-1,-1,-1,-1
292,13,-247.6910400390625,447.5592041015625,498.4034423828125,821.7999267578125,-1,-1,-1,-1
293,13,-197.40916442871094,508.6923828125,397.842041015625,689.432373046875,-1,-1,-1,-1
294,13,-191.12698364257812,591.7057495117188,385.27899169921875,565.1100463867188,-1,-1,-1,-1
295,13,-215.7558135986328,515.9321899414062,434.5362548828125,682.8584594726562,-1,-1,-1,-1
296,13,-258.73089599609375,495.42742919921875,520.48583984375,740.8057250976562,-1,-1,-1,-1
297,13,-236.13880920410156,472.1737060546875,475.3025817871094,757.527587890625,-1,-1,-1,-1
298,13,-207.17230224609375,519.49365234375,417.3701171875,691.166748046875,-1,-1,-1,-1
299,13,-204.29478454589844,541.0013427734375,411.6142883300781,655.859375,-1,-1,-1,-1
300,13,-168.29136657714844,695.7628784179688,341.86138916015625,438.80621337890625,-1,-1,-1,-1
301,13,-192.17575073242188,637.2789306640625,387.78216552734375,513.6536865234375,-1,-1,-1,-1
302,13,-164.80917358398438,609.0438232421875,374.279296875,554.0302734375,-1,-1,-1,-1
303,13,-110.28080749511719,637.096435546875,350.8309326171875,505.0281982421875,-1,-1,-1,-1
304,13,-51.497825622558594,616.8592529296875,335.2687072753906,518.8455810546875,-1,-1,-1,-1
305,13,29.32647705078125,639.0991821289062,323.8205261230469,497.17718505859375,-1,-1,-1,-1
306,13,132.0717315673828,632.6439208984375,301.6517333984375,483.729736328125,-1,-1,-1,-1
307,13,221.48431396484375,631.674072265625,277.10687255859375,471.40966796875,-1,-1,-1,-1
308,13,277.0870056152344,626.7846069335938,265.8335266113281,465.21746826171875,-1,-1,-1,-1
309,13,304.172607421875,608.7125854492188,256.81707763671875,461.50201416015625,-1,-1,-1,-1
310,13,322.1628112792969,573.7219848632812,249.16574096679688,450.37811279296875,-1,-1,-1,-1
311,13,318.7939758300781,558.4069213867188,250.65499877929688,447.46173095703125,-1,-1,-1,-1
312,13,325.5280456542969,543.8571166992188,255.91049194335938,445.976318359375,-1,-1,-1,-1
313,13,324.41461181640625,530.1923217773438,264.56768798828125,448.52490234375,-1,-1,-1,-1
314,13,309.41387939453125,519.6521606445312,277.95404052734375,454.50469970703125,-1,-1,-1,-1
315,13,269.41290283203125,520.2243041992188,289.580322265625,457.626220703125,-1,-1,-1,-1
316,13,218.99505615234375,521.215087890625,295.197998046875,467.4808349609375,-1,-1,-1,-1
317,13,167.92596435546875,519.7586669921875,300.5577697753906,479.1158447265625,-1,-1,-1,-1
318,13,95.99925231933594,525.264892578125,315.81488037109375,494.214599609375,-1,-1,-1,-1
319,13,14.692984580993652,564.3197021484375,328.2678527832031,509.4361572265625,-1,-1,-1,-1
320,13,-71.28838348388672,601.216796875,356.59625244140625,530.9715576171875,-1,-1,-1,-1
321,13,-180.93362426757812,618.7728881835938,413.6348876953125,531.1720581054688,-1,-1,-1,-1
322,13,-194.5067901611328,579.775146484375,392.1778564453125,544.443603515625,-1,-1,-1,-1
323,13,-197.29547119140625,560.0447387695312,397.61480712890625,594.5059204101562,-1,-1,-1,-1
324,13,-166.65008544921875,523.3854370117188,336.32330322265625,581.8239135742188,-1,-1,-1,-1
229,14,1323.453125,476.96868896484375,171.493408203125,403.40313720703125,-1,-1,-1,-1
232,14,1335.8775634765625,503.6407165527344,96.5343017578125,404.6098327636719,-1,-1,-1,-1
363,15,-20.42203140258789,574.9672241210938,170.15243530273438,254.931396484375,-1,-1,-1,-1
364,15,49.32695007324219,523.088623046875,243.88050842285156,224.10589599609375,-1,-1,-1,-1
365,15,182.35057067871094,473.3647766113281,226.5631866455078,223.56838989257812,-1,-1,-1,-1
366,15,248.2022247314453,496.9189147949219,243.4397735595703,231.10665893554688,-1,-1,-1,-1
367,15,291.4684143066406,510.2126159667969,270.5739440917969,253.85879516601562,-1,-1,-1,-1
368,15,352.0729064941406,499.3597106933594,268.4252624511719,264.0440979003906,-1,-1,-1,-1
369,15,442.63641357421875,522.3251342773438,243.18670654296875,266.34228515625,-1,-1,-1,-1
370,15,535.7921752929688,523.67529296875,184.1104736328125,255.133544921875,-1,-1,-1,-1
371,15,619.4505004882812,511.0451965332031,117.99505615234375,250.33084106445312,-1,-1,-1,-1
