1,1,1266.0909423828125,497.12542724609375,180.713623046875,499.68072509765625,-1,-1,-1,-1
2,1,1273.2479248046875,451.33380126953125,208.1617431640625,559.1758422851562,-1,-1,-1,-1
3,1,1268.6441650390625,397.9976501464844,267.3106689453125,647.42236328125,-1,-1,-1,-1
4,1,1251.9251708984375,442.5466613769531,315.058837890625,630.402099609375,-1,-1,-1,-1
5,1,1282.9853515625,499.8695068359375,252.979248046875,496.09991455078125,-1,-1,-1,-1
6,1,1272.142822265625,564.02490234375,274.6881103515625,475.37158203125,-1,-1,-1,-1
7,1,1279.00244140625,569.6698608398438,260.96923828125,474.30010986328125,-1,-1,-1,-1
8,1,1283.427978515625,575.10595703125,252.122802734375,461.041259765625,-1,-1,-1,-1
9,1,1298.27490234375,578.117919921875,222.430419921875,420.08856201171875,-1,-1,-1,-1
10,1,1286.3118896484375,520.6094970703125,246.3577880859375,460.897705078125,-1,-1,-1,-1
12,1,1265.2177734375,493.130126953125,288.5445556640625,536.2364501953125,-1,-1,-1,-1
13,1,1261.5015869140625,491.0518798828125,295.9755859375,553.6851806640625,-1,-1,-1,-1
14,1,1252.989501953125,387.48394775390625,312.9970703125,682.7306518554688,-1,-1,-1,-1
15,1,1268.2130126953125,375.60809326171875,282.549072265625,664.3359985351562,-1,-1,-1,-1
16,1,1251.170166015625,374.6420593261719,316.634521484375,634.1361083984375,-1,-1,-1,-1
17,1,1239.9915771484375,366.43963623046875,338.991455078125,642.332275390625,-1,-1,-1,-1
18,1,1233.4949951171875,391.0743408203125,351.98583984375,617.6590576171875,-1,-1,-1,-1
19,1,1263.3377685546875,385.6995849609375,292.29931640625,579.9444580078125,-1,-1,-1,-1
21,1,1308.1741943359375,416.4225158691406,202.6259765625,430.7387390136719,-1,-1,-1,-1
22,1,1340.7276611328125,475.7186279296875,137.525390625,292.8272705078125,-1,-1,-1,-1
26,1,1330.557861328125,440.5733337402344,157.8453369140625,346.5527648925781,-1,-1,-1,-1
27,1,1318.427978515625,443.290283203125,182.0933837890625,347.437744140625,-1,-1,-1,-1
28,1,1321.78857421875,461.9481506347656,175.4007568359375,369.0011291503906,-1,-1,-1,-1
29,1,1307.1207275390625,452.5792236328125,204.726318359375,433.671142578125,-1,-1,-1,-1
30,1,1284.3270263671875,428.6269836425781,250.322509765625,512.8407897949219,-1,-1,-1,-1
31,1,1274.719482421875,455.7684020996094,269.5355224609375,504.4670104980469,-1,-1,-1,-1
2,2,626.9125366210938,469.06170654296875,126.8760986328125,318.24371337890625,-1,-1,-1,-1
3,2,635.216552734375,457.8455810546875,120.4395751953125,321.6165771484375,-1,-1,-1,-1
4,2,639.460205078125,449.3677978515625,122.6768798828125,321.7952880859375,-1,-1,-1,-1
5,2,643.5180053710938,448.3802185058594,123.63641357421875,322.8890686035156,-1,-1,-1,-1
6,2,646.9405517578125,448.482177734375,122.6834716796875,322.749267578125,-1,-1,-1,-1
7,2,646.2008056640625,440.1136474609375,122.55706787109375,328.00555419921875,-1,-1,-1,-1
8,2,645.4013671875,435.80633544921875,124.2117919921875,329.137451171875,-1,-1,-1,-1
9,2,644.502197265625,434.8242492675781,124.78692626953125,327.0382995605469,-1,-1,-1,-1
10,2,639.8311157226562,438.61224365234375,125.35809326171875,321.4761962890625,-1,-1,-1,-1
11,2,632.0656127929688,442.2084045410156,124.71466064453125,320.4723815917969,-1,-1,-1,-1
12,2,620.46337890625,433.7658386230469,127.261474609375,322.7768249511719,-1,-1,-1,-1
13,2,603.1781616210938,409.1627502441406,129.42620849609375,334.4664611816406,-1,-1,-1,-1
14,2,568.43310546875,388.9437255859375,136.1004638671875,338.21441650390625,-1,-1,-1,-1
15,2,534.621826171875,378.17449951171875,143.48260498046875,343.62359619140625,-1,-1,-1,-1
16,2,513.7866821289062,382.58966064453125,146.63861083984375,334.8154296875,-1,-1,-1,-1
17,2,519.1687622070312,383.6488342285156,151.22662353515625,331.1704406738281,-1,-1,-1,-1
18,2,533.825439453125,386.44671630859375,152.44647216796875,328.4332275390625,-1,-1,-1,-1
19,2,546.1629638671875,389.316162109375,154.9971923828125,328.18804931640625,-1,-1,-1,-1
20,2,549.5779418945312,398.8575439453125,165.33099365234375,327.4376220703125,-1,-1,-1,-1
21,2,552.3798828125,403.55169677734375,160.2044677734375,327.71484375,-1,-1,-1,-1
22,2,560.5842895507812,409.6588134765625,142.82208251953125,326.36737060546875,-1,-1,-1,-1
23,2,571.0892944335938,410.68792724609375,140.612060546875,327.71490478515625,-1,-1,-1,-1
24,2,570.3947143554688,406.14495849609375,148.58258056640625,323.117431640625,-1,-1,-1,-1
25,2,549.8525390625,400.40008544921875,165.71966552734375,323.7884521484375,-1,-1,-1,-1
26,2,519.013671875,399.6218566894531,175.7088623046875,333.2326354980469,-1,-1,-1,-1
27,2,470.44195556640625,402.55657958984375,200.50433349609375,332.322021484375,-1,-1,-1,-1
28,2,432.71002197265625,397.376953125,217.06744384765625,346.086669921875,-1,-1,-1,-1
29,2,411.693115234375,397.6055603027344,207.8370361328125,366.5530090332031,-1,-1,-1,-1
30,2,413.42388916015625,395.7398986816406,201.93487548828125,376.9242858886719,-1,-1,-1,-1
31,2,438.2767639160156,417.39385986328125,185.33401489257812,376.26123046875,-1,-1,-1,-1
32,2,467.95660400390625,443.565185546875,174.2840576171875,373.8941650390625,-1,-1,-1,-1
33,2,483.5610046386719,448.0908508300781,187.10043334960938,371.6372985839844,-1,-1,-1,-1
34,2,462.16796875,437.7279968261719,203.9764404296875,391.0183410644531,-1,-1,-1,-1
35,2,391.3186950683594,446.0804748535156,262.8839416503906,419.9703063964844,-1,-1,-1,-1
36,2,362.513916015625,449.679931640625,274.670654296875,445.2532958984375,-1,-1,-1,-1
37,2,329.65771484375,472.2493591308594,266.770263671875,443.6561584472656,-1,-1,-1,-1
38,2,287.4997253417969,455.4214782714844,276.7630310058594,443.6856994628906,-1,-1,-1,-1
39,2,257.0162353515625,443.9172668457031,282.02001953125,436.9087219238281,-1,-1,-1,-1
40,2,209.2844696044922,424.7134094238281,315.56695556640625,431.2086486816406,-1,-1,-1,-1
41,2,156.97718811035156,437.30413818359375,360.16015625,425.7965087890625,-1,-1,-1,-1
42,2,135.86968994140625,440.1173400878906,381.61871337890625,433.5527648925781,-1,-1,-1,-1
43,2,155.93553161621094,442.62274169921875,398.1904296875,428.63458251953125,-1,-1,-1,-1
44,2,179.6525421142578,450.5849304199219,417.148681640625,417.7975158691406,-1,-1,-1,-1
45,2,164.36431884765625,463.3114929199219,468.63128662109375,395.8987731933594,-1,-1,-1,-1
46,2,183.77581787109375,487.4284973144531,508.33428955078125,363.6751403808594,-1,-1,-1,-1
47,2,224.4100341796875,513.91455078125,503.537841796875,328.2069091796875,-1,-1,-1,-1
48,2,210.26983642578125,508.01226806640625,512.8418579101562,309.6055908203125,-1,-1,-1,-1
49,2,179.09487915039062,531.0447387695312,511.0134582519531,296.2935791015625,-1,-1,-1,-1
50,2,107.58106994628906,497.286376953125,520.632080078125,304.60101318359375,-1,-1,-1,-1
51,2,93.70529174804688,482.75128173828125,506.0800476074219,309.706298828125,-1,-1,-1,-1
52,2,124.2076416015625,450.8706970214844,462.45574951171875,317.6191101074219,-1,-1,-1,-1
53,2,196.6204833984375,439.57818603515625,404.8101806640625,311.4083251953125,-1,-1,-1,-1
54,2,357.5738220214844,439.09649658203125,316.2223815917969,301.67926025390625,-1,-1,-1,-1
55,2,483.43499755859375,454.2935791015625,257.88897705078125,321.359375,-1,-1,-1,-1
56,2,500.9476623535156,452.68267822265625,252.47415161132812,341.1171875,-1,-1,-1,-1
57,2,505.18499755859375,457.0245666503906,265.80584716796875,353.6338195800781,-1,-1,-1,-1
58,2,520.2923583984375,421.7062683105469,286.01104736328125,376.0416564941406,-1,-1,-1,-1
59,2,545.472900390625,361.10809326171875,303.35479736328125,399.73663330078125,-1,-1,-1,-1
60,2,573.7631225585938,332.96533203125,296.07177734375,424.23931884765625,-1,-1,-1,-1
61,2,590.1511840820312,311.59326171875,284.31878662109375,449.156005859375,-1,-1,-1,-1
62,2,617.2357177734375,288.6194152832031,263.106201171875,498.3681335449219,-1,-1,-1,-1
63,2,656.4957275390625,250.74388122558594,245.993896484375,554.0840454101562,-1,-1,-1,-1
64,2,705.8101806640625,203.95594787597656,247.666015625,597.49755859375,-1,-1,-1,-1
65,2,742.3651733398438,194.71275329589844,278.4554443359375,642.7064819335938,-1,-1,-1,-1
66,2,785.8128662109375,208.10391235351562,349.4840087890625,689.7210693359375,-1,-1,-1,-1
67,2,817.6259765625,218.5081024169922,419.09228515625,773.3094482421875,-1,-1,-1,-1
68,2,863.3499755859375,204.35980224609375,495.028564453125,821.2247924804688,-1,-1,-1,-1
69,2,900.6805419921875,214.05807495117188,513.8118896484375,816.5994873046875,-1,-1,-1,-1
70,2,968.7233276367188,232.57864379882812,450.76275634765625,806.729248046875,-1,-1,-1,-1
71,2,1007.0650024414062,237.16622924804688,410.21282958984375,829.5269775390625,-1,-1,-1,-1
72,2,1044.7646484375,211.21055603027344,373.2445068359375,946.0426025390625,-1,-1,-1,-1
73,2,1178.96044921875,282.9166259765625,251.8624267578125,888.4483642578125,-1,-1,-1,-1
4,3,-134.9789581298828,459.1964111328125,272.983642578125,649.2054443359375,-1,-1,-1,-1
5,3,-140.83767700195312,480.9670104980469,284.69854736328125,655.8895263671875,-1,-1,-1,-1
6,3,-149.64044189453125,464.2406005859375,302.3035583496094,700.2911376953125,-1,-1,-1,-1
7,3,-171.74365234375,474.13409423828125,346.51129150390625,724.2676391601562,-1,-1,-1,-1
8,3,-179.09771728515625,500.4381103515625,361.2200927734375,709.1329345703125,-1,-1,-1,-1
9,3,-178.07476806640625,487.46649169921875,359.1744079589844,718.6238403320312,-1,-1,-1,-1
10,3,-192.6965789794922,475.7088623046875,388.4174499511719,749.2423095703125,-1,-1,-1,-1
11,3,-209.48817443847656,461.63897705078125,422.0011901855469,794.5010375976562,-1,-1,-1,-1
12,3,-225.62384033203125,393.9520263671875,454.2715148925781,848.5693359375,-1,-1,-1,-1
13,3,-245.88311767578125,421.1447448730469,494.79095458984375,866.608154296875,-1,-1,-1,-1
14,3,-239.01426696777344,339.0529479980469,481.05499267578125,950.6707763671875,-1,-1,-1,-1
16,3,-284.59326171875,165.6856231689453,572.21435546875,1309.731201171875,-1,-1,-1,-1
17,3,-249.80471801757812,237.75759887695312,502.63995361328125,1175.5430908203125,-1,-1,-1,-1
18,3,-239.09730529785156,334.7664794921875,481.21856689453125,1040.9771728515625,-1,-1,-1,-1
19,3,-202.2902374267578,461.1378173828125,407.60498046875,667.130126953125,-1,-1,-1,-1
20,3,-228.85110473632812,467.2647399902344,460.7266845703125,661.3760986328125,-1,-1,-1,-1
21,3,-232.12242126464844,402.33929443359375,467.26904296875,718.8683471679688,-1,-1,-1,-1
22,3,-238.9537811279297,444.7364501953125,480.93212890625,675.5439453125,-1,-1,-1,-1
23,3,-225.3042755126953,503.6729431152344,453.6441345214844,592.46044921875,-1,-1,-1,-1
24,3,-240.05506896972656,527.3564453125,483.15887451171875,565.7392578125,-1,-1,-1,-1
25,3,-230.7167205810547,535.8358764648438,464.4679870605469,532.1139526367188,-1,-1,-1,-1
26,3,-209.55722045898438,502.92584228515625,422.13836669921875,559.0247192382812,-1,-1,-1,-1
27,3,-202.58169555664062,410.6366271972656,408.18597412109375,663.6881103515625,-1,-1,-1,-1
28,3,-192.22940063476562,417.6188659667969,387.4818115234375,662.5987548828125,-1,-1,-1,-1
29,3,-171.9137420654297,435.89599609375,346.8502197265625,649.2467041015625,-1,-1,-1,-1
30,3,-159.21786499023438,426.16802978515625,321.45770263671875,633.8609008789062,-1,-1,-1,-1
31,3,-160.02590942382812,536.8941650390625,323.07550048828125,540.0484619140625,-1,-1,-1,-1
32,3,-193.0365753173828,457.381591796875,389.2052917480469,640.6605224609375,-1,-1,-1,-1
33,3,-191.50430297851562,457.9161376953125,431.9864196777344,859.4158935546875,-1,-1,-1,-1
34,3,-209.43618774414062,490.2784118652344,428.91046142578125,841.7593994140625,-1,-1,-1,-1
35,3,-244.48919677734375,511.29852294921875,492.0040283203125,861.5155639648438,-1,-1,-1,-1
36,3,-253.64303588867188,577.1717529296875,510.31005859375,693.2181396484375,-1,-1,-1,-1
37,3,-176.36695861816406,654.9342041015625,355.75775146484375,454.6270751953125,-1,-1,-1,-1
38,3,-156.1405487060547,640.93701171875,315.30328369140625,459.272705078125,-1,-1,-1,-1
39,3,-169.25999450683594,622.5439453125,341.5413818359375,480.188720703125,-1,-1,-1,-1
40,3,-158.66522216796875,593.4290161132812,320.351318359375,463.81500244140625,-1,-1,-1,-1
41,3,-180.55889892578125,535.7744750976562,364.1383972167969,552.3026733398438,-1,-1,-1,-1
42,3,-147.3448944091797,563.3250122070312,297.71002197265625,426.58868408203125,-1,-1,-1,-1
43,3,-163.04518127441406,533.67529296875,329.1136474609375,386.45452880859375,-1,-1,-1,-1
44,3,-150.83151245117188,493.6189270019531,361.474609375,565.65625,-1,-1,-1,-1
45,3,-48.03839874267578,491.104248046875,310.0323486328125,537.0390625,-1,-1,-1,-1
46,3,15.495837211608887,486.0208740234375,333.22314453125,508.943115234375,-1,-1,-1,-1
47,3,58.58489227294922,472.39471435546875,336.127685546875,494.14447021484375,-1,-1,-1,-1
48,3,62.373329162597656,452.7012939453125,342.6959533691406,481.11749267578125,-1,-1,-1,-1
49,3,35.41081237792969,461.2653503417969,343.43939208984375,480.0138854980469,-1,-1,-1,-1
50,3,-33.24900817871094,445.6835021972656,358.92266845703125,459.1974182128906,-1,-1,-1,-1
51,3,-40.89752197265625,431.18341064453125,357.4359130859375,474.52532958984375,-1,-1,-1,-1
52,3,-59.1370849609375,414.8787841796875,374.4581298828125,462.53851318359375,-1,-1,-1,-1
53,3,7.724630355834961,406.9048767089844,349.0450744628906,437.5290222167969,-1,-1,-1,-1
54,3,115.09192657470703,398.3169250488281,325.08929443359375,413.0646057128906,-1,-1,-1,-1
55,3,211.9010772705078,409.8959045410156,274.193359375,391.9617614746094,-1,-1,-1,-1
56,3,222.60350036621094,427.8255615234375,248.5778350830078,376.566162109375,-1,-1,-1,-1
57,3,220.09283447265625,460.1042175292969,222.52651977539062,359.1097717285156,-1,-1,-1,-1
58,3,226.86883544921875,449.943115234375,207.0888671875,350.42547607421875,-1,-1,-1,-1
59,3,252.923095703125,412.0146789550781,197.86672973632812,347.1643371582031,-1,-1,-1,-1
60,3,284.6751708984375,409.9120788574219,193.61236572265625,342.7126159667969,-1,-1,-1,-1
61,3,319.01025390625,399.45880126953125,172.84368896484375,350.37774658203125,-1,-1,-1,-1
62,3,360.3403625488281,390.92779541015625,148.64437866210938,347.89788818359375,-1,-1,-1,-1
63,3,391.5833740234375,364.29315185546875,150.222900390625,348.585205078125,-1,-1,-1,-1
64,3,428.71197509765625,305.6314697265625,148.6895751953125,353.45263671875,-1,-1,-1,-1
65,3,462.81036376953125,265.234375,148.08984375,376.90350341796875,-1,-1,-1,-1
66,3,511.5721435546875,260.251708984375,150.255615234375,387.08258056640625,-1,-1,-1,-1
67,3,520.2415771484375,283.24578857421875,154.39263916015625,387.7022705078125,-1,-1,-1,-1
68,3,527.0374755859375,268.56121826171875,158.58221435546875,399.82720947265625,-1,-1,-1,-1
69,3,523.9028930664062,282.9259338378906,168.9794921875,402.9800720214844,-1,-1,-1,-1
70,3,532.385986328125,306.6453552246094,188.7261962890625,402.9684143066406,-1,-1,-1,-1
71,3,512.8677978515625,303.30303955078125,208.3699951171875,416.45654296875,-1,-1,-1,-1
72,3,511.79681396484375,282.1592712402344,225.8831787109375,429.3561706542969,-1,-1,-1,-1
73,3,546.7772216796875,238.01881408691406,254.7010498046875,447.54730224609375,-1,-1,-1,-1
74,3,576.0697631835938,170.0284881591797,294.3280029296875,465.3619384765625,-1,-1,-1,-1
75,3,535.3259887695312,136.18470764160156,321.42010498046875,481.9085693359375,-1,-1,-1,-1
76,3,505.9902038574219,108.9900131225586,330.6827697753906,510.9274597167969,-1,-1,-1,-1
77,3,468.9295959472656,11.50139045715332,346.2210388183594,540.6698608398438,-1,-1,-1,-1
78,3,472.4471130371094,-0.07648468017578125,344.8824157714844,556.0733032226562,-1,-1,-1,-1
79,3,495.5905456542969,-18.387948989868164,334.9556579589844,574.6320190429688,-1,-1,-1,-1
80,3,562.545166015625,-2.949075698852539,330.938720703125,580.7155151367188,-1,-1,-1,-1
81,3,614.0706176757812,6.209541320800781,321.07257080078125,619.18505859375,-1,-1,-1,-1
82,3,605.4274291992188,45.09275817871094,318.3211669921875,622.3248901367188,-1,-1,-1,-1
83,3,574.5349731445312,40.19157028198242,319.947265625,641.8829956054688,-1,-1,-1,-1
84,3,587.4547729492188,62.08416748046875,312.5303955078125,645.326904296875,-1,-1,-1,-1
85,3,633.451904296875,111.52378845214844,304.7509765625,643.2388305664062,-1,-1,-1,-1
86,3,659.8147583007812,150.7401123046875,296.4700927734375,642.59326171875,-1,-1,-1,-1
87,3,702.0863647460938,191.67901611328125,284.84552001953125,643.0799560546875,-1,-1,-1,-1
88,3,743.4833984375,215.73284912109375,278.049560546875,653.0911865234375,-1,-1,-1,-1
89,3,776.4786987304688,220.79293823242188,269.54815673828125,667.881591796875,-1,-1,-1,-1
90,3,786.5922241210938,223.5669403076172,268.67803955078125,676.570556640625,-1,-1,-1,-1
91,3,792.578125,196.71533203125,257.971435546875,686.9280395507812,-1,-1,-1,-1
92,3,789.299072265625,206.20388793945312,242.166259765625,682.94384765625,-1,-1,-1,-1
93,3,772.2556762695312,235.3776397705078,225.79888916015625,672.6976318359375,-1,-1,-1,-1
94,3,712.8046875,239.5242156982422,226.66534423828125,669.3001098632812,-1,-1,-1,-1
95,3,566.8203735351562,170.27548217773438,371.91265869140625,754.829833984375,-1,-1,-1,-1
96,3,600.074951171875,286.3699951171875,216.00115966796875,630.2274169921875,-1,-1,-1,-1
97,3,520.8194580078125,303.69854736328125,197.9398193359375,595.2137451171875,-1,-1,-1,-1
98,3,459.23870849609375,324.4078674316406,207.3426513671875,565.5087890625,-1,-1,-1,-1
99,3,419.9302062988281,349.06103515625,191.81063842773438,588.8518676757812,-1,-1,-1,-1
100,3,377.67987060546875,373.0047607421875,234.2545166015625,658.1597900390625,-1,-1,-1,-1
101,3,334.3467712402344,403.6377868652344,223.22085571289062,671.894775390625,-1,-1,-1,-1
102,3,293.7654724121094,408.52587890625,220.91311645507812,667.9814453125,-1,-1,-1,-1
103,3,263.52117919921875,426.8507385253906,230.47796630859375,681.0189208984375,-1,-1,-1,-1
104,3,233.49630737304688,433.8992004394531,231.22921752929688,717.925048828125,-1,-1,-1,-1
105,3,209.76986694335938,432.2854919433594,218.39871215820312,695.81591796875,-1,-1,-1,-1
106,3,458.23089599609375,525.87060546875,251.5765380859375,604.0633544921875,-1,-1,-1,-1
40,4,1232.824462890625,211.09881591796875,353.3232421875,824.4740600585938,-1,-1,-1,-1
41,4,1195.10791015625,275.78515625,427.8939208984375,776.2294921875,-1,-1,-1,-1
42,4,1198.664306640625,333.22027587890625,421.13232421875,754.6928100585938,-1,-1,-1,-1
43,4,1171.4873046875,449.33685302734375,476.0,705.1071166992188,-1,-1,-1,-1
44,4,1209.0546875,508.3891906738281,400.8677978515625,610.8150634765625,-1,-1,-1,-1
45,4,1220.00390625,538.9451293945312,378.9642333984375,561.2377319335938,-1,-1,-1,-1
86,5,-10.428596496582031,676.8178100585938,724.9039306640625,746.6246948242188,-1,-1,-1,-1
87,5,-3.457672119140625,566.9647827148438,618.71728515625,846.3837280273438,-1,-1,-1,-1
88,5,-0.3726081848144531,445.0134582519531,560.2179565429688,968.0853271484375,-1,-1,-1,-1
89,5,9.386606216430664,547.0369873046875,588.0663452148438,875.43115234375,-1,-1,-1,-1
90,5,18.329833984375,877.1104736328125,506.08154296875,545.872802734375,-1,-1,-1,-1
91,5,45.84575653076172,750.7916259765625,506.97381591796875,665.659423828125,-1,-1,-1,-1
92,5,0.42061424255371094,519.548583984375,577.2308349609375,888.72998046875,-1,-1,-1,-1
93,5,20.33369255065918,516.2870483398438,576.6881103515625,895.4384155273438,-1,-1,-1,-1
94,5,19.777511596679688,260.52545166015625,862.7508544921875,1149.368896484375,-1,-1,-1,-1
95,5,134.43988037109375,116.04866027832031,928.3154907226562,1294.265625,-1,-1,-1,-1
96,5,579.8626098632812,280.55010986328125,222.51422119140625,753.1693725585938,-1,-1,-1,-1
89,6,835.2843627929688,355.7611083984375,210.01446533203125,409.51849365234375,-1,-1,-1,-1
90,6,852.495849609375,363.9596252441406,202.052978515625,405.1800231933594,-1,-1,-1,-1
91,6,853.1257934570312,351.4062805175781,196.51983642578125,404.0174255371094,-1,-1,-1,-1
92,6,838.0789184570312,366.00103759765625,190.83245849609375,392.4027099609375,-1,-1,-1,-1
93,6,809.6736450195312,396.5594482421875,184.9635009765625,383.38037109375,-1,-1,-1,-1
94,6,761.2890014648438,382.05133056640625,181.86517333984375,399.75946044921875,-1,-1,-1,-1
95,6,545.68359375,218.79168701171875,559.033203125,710.9811401367188,-1,-1,-1,-1
98,7,6.7693939208984375,16.014556884765625,1393.9246826171875,1399.0240478515625,-1,-1,-1,-1
99,7,-22.77674102783203,71.21736145019531,1387.4830322265625,1353.5880126953125,-1,-1,-1,-1
100,7,2.8592376708984375,138.68081665039062,1334.203125,1274.0257568359375,-1,-1,-1,-1
101,7,-6.622631072998047,278.4010009765625,1366.8363037109375,1135.5889892578125,-1,-1,-1,-1
102,7,-16.87793731689453,232.29214477539062,1376.393310546875,1180.8768310546875,-1,-1,-1,-1
103,7,-17.479331970214844,180.63531494140625,1363.3756103515625,1234.38525390625,-1,-1,-1,-1
104,7,-1.3914375305175781,193.68673706054688,1374.5423583984375,1222.0633544921875,-1,-1,-1,-1
105,7,5.036460876464844,194.47598266601562,1376.5595703125,1219.3707275390625,-1,-1,-1,-1
106,7,129.2211456298828,278.39984130859375,1252.201416015625,1130.867919921875,-1,-1,-1,-1
107,7,438.3779296875,515.1654663085938,976.608154296875,880.2566528320312,-1,-1,-1,-1
108,7,655.9456176757812,754.944091796875,549.7003784179688,694.035400390625,-1,-1,-1,-1
109,7,615.3107299804688,941.74072265625,693.1370239257812,474.71533203125,-1,-1,-1,-1
99,8,1330.05615234375,544.7591552734375,79.7742919921875,318.3328857421875,-1,-1,-1,-1
100,8,1249.34619140625,586.2540283203125,154.3275146484375,271.43121337890625,-1,-1,-1,-1
101,8,1193.676025390625,644.5833129882812,108.2708740234375,214.93145751953125,-1,-1,-1,-1
102,8,1142.9910888671875,695.6785278320312,94.8819580078125,160.37457275390625,-1,-1,-1,-1
106,8,254.6260223388672,178.93539428710938,1289.0162353515625,1236.606201171875,-1,-1,-1,-1
107,8,603.9374389648438,555.6981811523438,717.9463500976562,787.3080444335938,-1,-1,-1,-1
108,8,663.3191528320312,644.0719604492188,448.49285888671875,745.8762817382812,-1,-1,-1,-1
106,9,584.382080078125,560.9701538085938,100.84814453125,213.664306640625,-1,-1,-1,-1
107,9,553.762939453125,574.7840576171875,118.6507568359375,215.42431640625,-1,-1,-1,-1
108,9,537.8018798828125,583.2251586914062,138.16448974609375,245.41400146484375,-1,-1,-1,-1
109,9,550.1390991210938,597.811279296875,127.92523193359375,252.25103759765625,-1,-1,-1,-1
110,9,554.1823120117188,617.9917602539062,109.05810546875,240.8831787109375,-1,-1,-1,-1
111,9,532.7662353515625,619.0308837890625,113.99615478515625,244.02734375,-1,-1,-1,-1
112,9,484.13336181640625,606.6397705078125,152.802734375,279.90728759765625,-1,-1,-1,-1
113,9,475.8602294921875,597.2005615234375,153.15875244140625,297.0113525390625,-1,-1,-1,-1
114,9,476.13470458984375,589.7288208007812,144.3741455078125,304.10992431640625,-1,-1,-1,-1
115,9,485.62060546875,584.3121948242188,120.7225341796875,296.41400146484375,-1,-1,-1,-1
116,9,491.24957275390625,573.04638671875,113.2032470703125,336.93341064453125,-1,-1,-1,-1
117,9,471.2972106933594,565.943115234375,123.78402709960938,360.8486328125,-1,-1,-1,-1
118,9,440.96405029296875,554.71044921875,148.63507080078125,439.39117431640625,-1,-1,-1,-1
119,9,417.2409362792969,527.740966796875,188.42013549804688,454.4844970703125,-1,-1,-1,-1
120,9,416.3854064941406,518.2760009765625,203.31112670898438,460.85125732421875,-1,-1,-1,-1
121,9,418.4444274902344,493.1615905761719,216.06747436523438,567.517333984375,-1,-1,-1,-1
107,10,893.6853637695312,625.212890625,139.23931884765625,164.23150634765625,-1,-1,-1,-1
108,10,875.3984375,653.6347045898438,205.640869140625,212.91131591796875,-1,-1,-1,-1
109,10,890.7040405273438,665.1727294921875,206.82366943359375,215.0433349609375,-1,-1,-1,-1
110,10,915.65966796875,661.6123046875,178.0069580078125,218.071044921875,-1,-1,-1,-1
111,10,933.3486938476562,664.0986328125,126.27911376953125,201.9700927734375,-1,-1,-1,-1
112,10,912.2745361328125,656.8343505859375,132.0330810546875,220.0067138671875,-1,-1,-1,-1
113,10,903.5798950195312,652.5038452148438,151.22332763671875,229.6224365234375,-1,-1,-1,-1
114,10,911.1188354492188,641.0956420898438,139.11383056640625,236.6468505859375,-1,-1,-1,-1
115,10,901.6163330078125,614.4427490234375,133.521728515625,258.564208984375,-1,-1,-1,-1
116,10,911.2664794921875,597.71875,116.9677734375,269.1397705078125,-1,-1,-1,-1
117,10,883.3372802734375,585.9297485351562,138.234619140625,276.68798828125,-1,-1,-1,-1
118,10,869.3505859375,575.5597534179688,144.98223876953125,286.2703857421875,-1,-1,-1,-1
119,10,846.4688720703125,560.2793579101562,163.54327392578125,300.4544677734375,-1,-1,-1,-1
120,10,823.2439575195312,552.4557495117188,189.13714599609375,319.3629150390625,-1,-1,-1,-1
121,10,800.3637084960938,550.9544067382812,215.17486572265625,333.57513427734375,-1,-1,-1,-1
108,11,247.7115478515625,479.8553466796875,205.88763427734375,678.6739501953125,-1,-1,-1,-1
109,11,279.6304931640625,505.64422607421875,197.76971435546875,667.4147338867188,-1,-1,-1,-1
110,11,295.3067626953125,522.0262451171875,198.70379638671875,661.8236083984375,-1,-1,-1,-1
111,11,304.1029357910156,528.1571044921875,200.29193115234375,659.606201171875,-1,-1,-1,-1
112,11,313.29510498046875,530.4219360351562,201.14080810546875,658.9094848632812,-1,-1,-1,-1
113,11,325.84991455078125,528.31884765625,204.1846923828125,655.3563232421875,-1,-1,-1,-1
114,11,341.6454162597656,523.5214233398438,199.24917602539062,650.9631958007812,-1,-1,-1,-1
115,11,355.104248046875,518.3223266601562,201.70135498046875,645.7775268554688,-1,-1,-1,-1
116,11,371.06231689453125,514.3890991210938,202.8580322265625,643.5307006835938,-1,-1,-1,-1
117,11,382.315185546875,509.7113952636719,204.0013427734375,642.974609375,-1,-1,-1,-1
118,11,393.3162841796875,507.71099853515625,202.38409423828125,642.6859741210938,-1,-1,-1,-1
119,11,403.91595458984375,499.8045654296875,206.41314697265625,644.0081787109375,-1,-1,-1,-1
120,11,407.9068908691406,495.068603515625,217.57492065429688,638.76171875,-1,-1,-1,-1
121,11,422.568115234375,490.4271545410156,219.08807373046875,632.8218994140625,-1,-1,-1,-1
121,12,350.64727783203125,591.9915771484375,214.7996826171875,339.32733154296875,-1,-1,-1,-1
