1,1,557.3540649414062,495.4985046386719,110.94580078125,268.3446350097656,-1,-1,-1,-1
2,1,555.4472045898438,502.481689453125,113.41082763671875,265.9559326171875,-1,-1,-1,-1
3,1,547.8530883789062,502.6624755859375,120.65948486328125,266.59423828125,-1,-1,-1,-1
4,1,539.4818115234375,500.6395263671875,126.72381591796875,269.7662353515625,-1,-1,-1,-1
5,1,528.2835083007812,507.8360595703125,130.0526123046875,273.59832763671875,-1,-1,-1,-1
6,1,516.8870239257812,516.281982421875,131.52459716796875,276.3363037109375,-1,-1,-1,-1
7,1,502.6560363769531,511.63348388671875,123.83505249023438,283.16058349609375,-1,-1,-1,-1
8,1,488.1989440917969,503.23333740234375,114.63784790039062,288.51519775390625,-1,-1,-1,-1
9,1,475.678955078125,480.9509582519531,113.04327392578125,298.5526428222656,-1,-1,-1,-1
10,1,468.063232421875,446.4876708984375,115.1180419921875,308.42840576171875,-1,-1,-1,-1
11,1,458.3631896972656,410.4166564941406,118.17678833007812,319.1292419433594,-1,-1,-1,-1
12,1,450.81597900390625,378.3583984375,119.77545166015625,332.09375,-1,-1,-1,-1
13,1,441.4796142578125,354.8976745605469,130.3934326171875,343.2927551269531,-1,-1,-1,-1
14,1,425.59503173828125,330.3251953125,142.97015380859375,357.717529296875,-1,-1,-1,-1
15,1,411.5326232910156,321.2574768066406,152.45175170898438,367.2482604980469,-1,-1,-1,-1
16,1,395.7766418457031,318.2570495605469,172.21347045898438,373.1539611816406,-1,-1,-1,-1
17,1,376.1238708496094,327.4034729003906,182.79440307617188,377.8846740722656,-1,-1,-1,-1
18,1,372.5718078613281,339.2429504394531,182.13204956054688,386.6321105957031,-1,-1,-1,-1
19,1,368.4313659667969,330.9054870605469,181.87033081054688,392.1551208496094,-1,-1,-1,-1
20,1,364.71636962890625,342.8278503417969,190.35504150390625,391.7035827636719,-1,-1,-1,-1
21,1,346.21160888671875,334.95098876953125,216.88128662109375,407.80438232421875,-1,-1,-1,-1
22,1,337.4409484863281,326.1269836425781,233.60189819335938,417.7210998535156,-1,-1,-1,-1
23,1,337.9802551269531,334.4493408203125,231.39865112304688,439.34869384765625,-1,-1,-1,-1
24,1,327.3568115234375,361.7469177246094,227.573974609375,463.2691955566406,-1,-1,-1,-1
25,1,309.97381591796875,407.9976501464844,234.3359375,485.0193786621094,-1,-1,-1,-1
26,1,276.37762451171875,424.97491455078125,256.22930908203125,526.9296875,-1,-1,-1,-1
27,1,216.46629333496094,415.9103088378906,293.41864013671875,572.9722900390625,-1,-1,-1,-1
28,1,131.16336059570312,390.37445068359375,339.2466125488281,623.70947265625,-1,-1,-1,-1
29,1,51.204139709472656,350.3365783691406,379.6486511230469,671.12255859375,-1,-1,-1,-1
30,1,-7.514064788818359,349.3550109863281,381.9557800292969,690.3807373046875,-1,-1,-1,-1
31,1,-53.86549377441406,428.87310791015625,350.32696533203125,720.5217895507812,-1,-1,-1,-1
32,1,-198.0140380859375,474.219970703125,497.88897705078125,686.7069091796875,-1,-1,-1,-1
33,1,-268.15594482421875,456.72296142578125,545.3436279296875,768.6224975585938,-1,-1,-1,-1
34,1,-290.79022216796875,361.7075500488281,584.6067504882812,1057.06396484375,-1,-1,-1,-1
35,1,-284.454345703125,371.3968505859375,571.93408203125,1050.9180908203125,-1,-1,-1,-1
36,1,-235.74667358398438,387.4017639160156,474.5170593261719,1023.1605224609375,-1,-1,-1,-1
37,1,-245.78396606445312,412.1769104003906,494.5918884277344,1030.2381591796875,-1,-1,-1,-1
1,2,811.6582641601562,478.6562805175781,106.01409912109375,307.2723083496094,-1,-1,-1,-1
2,2,811.7640991210938,482.21038818359375,111.56341552734375,310.67938232421875,-1,-1,-1,-1
3,2,813.26416015625,483.4524841308594,112.5299072265625,310.0635070800781,-1,-1,-1,-1
4,2,811.4371337890625,479.9847412109375,113.58380126953125,314.317626953125,-1,-1,-1,-1
5,2,811.3505859375,491.14019775390625,112.70953369140625,315.83575439453125,-1,-1,-1,-1
6,2,810.8853149414062,504.6696472167969,112.6427001953125,318.7848205566406,-1,-1,-1,-1
7,2,803.74853515625,509.58905029296875,114.54345703125,324.09326171875,-1,-1,-1,-1
8,2,794.0541381835938,511.891357421875,119.76751708984375,327.75048828125,-1,-1,-1,-1
9,2,791.0244140625,506.3619384765625,125.8380126953125,334.86297607421875,-1,-1,-1,-1
10,2,792.7103271484375,478.7365417480469,133.1396484375,346.0212707519531,-1,-1,-1,-1
11,2,796.7969970703125,449.2432556152344,140.5499267578125,355.2688293457031,-1,-1,-1,-1
12,2,802.1425170898438,418.98095703125,145.1846923828125,366.61041259765625,-1,-1,-1,-1
13,2,807.7806396484375,396.7395324707031,154.005859375,377.7395935058594,-1,-1,-1,-1
14,2,810.1935424804688,365.8301086425781,158.94189453125,394.6327209472656,-1,-1,-1,-1
15,2,802.5779418945312,350.4031066894531,180.33526611328125,407.2738952636719,-1,-1,-1,-1
16,2,801.1405639648438,348.8683776855469,196.736572265625,418.7572326660156,-1,-1,-1,-1
17,2,798.2593994140625,340.2550354003906,212.7755126953125,435.3877258300781,-1,-1,-1,-1
18,2,801.916015625,342.38519287109375,232.5103759765625,450.66253662109375,-1,-1,-1,-1
19,2,816.55322265625,333.0874328613281,246.74658203125,466.9910583496094,-1,-1,-1,-1
20,2,833.0670166015625,343.6561584472656,258.8594970703125,486.1976013183594,-1,-1,-1,-1
21,2,858.19873046875,339.9154357910156,265.541748046875,508.6617736816406,-1,-1,-1,-1
22,2,889.3842163085938,322.07281494140625,271.29534912109375,530.8563842773438,-1,-1,-1,-1
23,2,913.4240112304688,330.9124450683594,291.37713623046875,555.9302978515625,-1,-1,-1,-1
24,2,931.85595703125,371.0992431640625,314.7952880859375,572.0182495117188,-1,-1,-1,-1
25,2,945.8062744140625,415.79931640625,343.2618408203125,596.9611206054688,-1,-1,-1,-1
26,2,971.2847290039062,437.2770690917969,362.44769287109375,629.7191162109375,-1,-1,-1,-1
27,2,993.9814453125,442.8865051269531,374.0703125,657.689453125,-1,-1,-1,-1
28,2,1006.3662719726562,444.0837707519531,401.80047607421875,684.7928466796875,-1,-1,-1,-1
29,2,1021.2603759765625,479.5958251953125,404.75439453125,699.7349853515625,-1,-1,-1,-1
30,2,1036.4501953125,501.0961608886719,433.632080078125,731.7037353515625,-1,-1,-1,-1
31,2,1054.4840087890625,592.0848388671875,468.0189208984375,696.0087890625,-1,-1,-1,-1
32,2,1061.84423828125,618.1250610351562,523.240966796875,721.9557495117188,-1,-1,-1,-1
33,2,1071.4593505859375,613.43603515625,569.330810546875,793.224365234375,-1,-1,-1,-1
47,3,-163.2591094970703,454.2094421386719,419.02508544921875,542.7879638671875,-1,-1,-1,-1
48,3,30.881010055541992,535.8653564453125,334.3401184082031,408.99078369140625,-1,-1,-1,-1
49,3,87.27626037597656,519.7653198242188,363.9471435546875,406.56341552734375,-1,-1,-1,-1
50,3,222.18092346191406,522.036376953125,270.974609375,429.884521484375,-1,-1,-1,-1
51,3,294.8660583496094,491.95806884765625,335.2058410644531,501.95758056640625,-1,-1,-1,-1
52,3,360.4563903808594,489.59722900390625,339.7447814941406,497.46343994140625,-1,-1,-1,-1
48,4,-130.3193359375,573.2289428710938,423.8233337402344,751.2754516601562,-1,-1,-1,-1
49,4,-16.965112686157227,484.32305908203125,481.3878479003906,783.9999389648438,-1,-1,-1,-1
50,4,84.41876983642578,485.64007568359375,475.38946533203125,724.7431030273438,-1,-1,-1,-1
51,4,217.6543731689453,484.8960266113281,418.57293701171875,677.9532470703125,-1,-1,-1,-1
52,4,352.62384033203125,475.09014892578125,350.54449462890625,640.5125122070312,-1,-1,-1,-1
53,4,493.5052185058594,489.3556213378906,314.3960876464844,609.5167236328125,-1,-1,-1,-1
54,4,578.9212646484375,503.6706848144531,344.7298583984375,586.0155029296875,-1,-1,-1,-1
55,4,670.07666015625,502.3621520996094,358.6285400390625,544.1373291015625,-1,-1,-1,-1
56,4,755.4972534179688,500.06524658203125,346.36651611328125,481.01263427734375,-1,-1,-1,-1
57,4,805.8458862304688,504.0980224609375,314.44500732421875,459.24359130859375,-1,-1,-1,-1
58,4,836.102783203125,505.53045654296875,302.07177734375,457.11749267578125,-1,-1,-1,-1
59,4,858.9581298828125,507.905517578125,293.56494140625,430.8427734375,-1,-1,-1,-1
60,4,881.4827270507812,460.1406555175781,273.66546630859375,465.1540222167969,-1,-1,-1,-1
61,4,917.7940063476562,449.2208251953125,229.80975341796875,439.56622314453125,-1,-1,-1,-1
62,4,944.4024047851562,442.2165222167969,205.34698486328125,413.3529968261719,-1,-1,-1,-1
63,4,972.8480224609375,483.4730529785156,181.2662353515625,353.3692932128906,-1,-1,-1,-1
64,4,978.51513671875,469.3915710449219,163.5179443359375,350.9729309082031,-1,-1,-1,-1
65,4,999.5326538085938,418.86865234375,138.13446044921875,389.7896728515625,-1,-1,-1,-1
66,4,999.13134765625,422.7318115234375,147.8603515625,362.7440185546875,-1,-1,-1,-1
67,4,993.95068359375,415.3511047363281,158.1905517578125,341.4971008300781,-1,-1,-1,-1
68,4,1002.2215576171875,412.0616455078125,158.5313720703125,343.08380126953125,-1,-1,-1,-1
69,4,1016.6968383789062,409.34759521484375,145.05560302734375,351.80328369140625,-1,-1,-1,-1
70,4,1037.796875,402.1337890625,144.0877685546875,360.689208984375,-1,-1,-1,-1
71,4,1070.147216796875,386.1969299316406,151.325439453125,373.6380310058594,-1,-1,-1,-1
72,4,1112.9881591796875,402.6282653808594,162.0518798828125,383.6177062988281,-1,-1,-1,-1
73,4,1164.1810302734375,404.89337158203125,170.967041015625,392.15386962890625,-1,-1,-1,-1
74,4,1208.9654541015625,421.3310546875,182.5751953125,397.10333251953125,-1,-1,-1,-1
75,4,1247.6611328125,423.03656005859375,162.9501953125,402.61865234375,-1,-1,-1,-1
76,4,1266.5458984375,437.97137451171875,145.8096923828125,400.93719482421875,-1,-1,-1,-1
77,4,1285.97900390625,408.0077209472656,153.08203125,438.0761413574219,-1,-1,-1,-1
78,4,1299.1959228515625,314.02099609375,202.6617431640625,540.1513671875,-1,-1,-1,-1
79,4,1287.49560546875,327.7882385253906,242.689453125,558.860107421875,-1,-1,-1,-1
80,4,1287.884521484375,357.968017578125,242.6668701171875,532.3223266601562,-1,-1,-1,-1
81,4,1265.6187744140625,342.1498107910156,287.7403564453125,563.775390625,-1,-1,-1,-1
82,4,1231.1083984375,395.48919677734375,356.759765625,621.3168334960938,-1,-1,-1,-1
83,4,1205.8936767578125,432.52734375,407.1766357421875,693.837646484375,-1,-1,-1,-1
84,4,1147.2255859375,453.62921142578125,524.382568359375,776.6463012695312,-1,-1,-1,-1
51,5,209.62548828125,531.2304077148438,213.9521484375,345.93609619140625,-1,-1,-1,-1
52,5,287.15093994140625,516.9735107421875,237.7493896484375,312.77923583984375,-1,-1,-1,-1
53,5,316.7861022949219,540.228271484375,263.6281433105469,462.22320556640625,-1,-1,-1,-1
54,5,340.6656494140625,563.093017578125,233.5848388671875,435.67974853515625,-1,-1,-1,-1
55,5,347.80877685546875,568.8865966796875,246.751708984375,417.72735595703125,-1,-1,-1,-1
56,5,331.7855529785156,569.9154663085938,261.3348083496094,471.95660400390625,-1,-1,-1,-1
57,5,284.43902587890625,579.6058349609375,280.1546630859375,518.087158203125,-1,-1,-1,-1
58,5,203.2384796142578,582.2537841796875,344.15924072265625,524.0518798828125,-1,-1,-1,-1
59,5,117.45597076416016,587.00830078125,406.8627014160156,543.153564453125,-1,-1,-1,-1
60,5,52.24436950683594,583.6612548828125,434.8126220703125,604.5404052734375,-1,-1,-1,-1
61,5,25.925399780273438,591.2650756835938,406.845947265625,635.7453002929688,-1,-1,-1,-1
62,5,-3.771608352661133,617.4338989257812,376.58233642578125,624.2235717773438,-1,-1,-1,-1
63,5,-6.9059247970581055,642.5711059570312,289.1524353027344,608.7976684570312,-1,-1,-1,-1
64,5,-6.078146934509277,674.5725708007812,198.97637939453125,649.7809448242188,-1,-1,-1,-1
65,5,-13.598087310791016,634.3809204101562,391.6496276855469,743.0800170898438,-1,-1,-1,-1
54,6,440.59381103515625,564.634521484375,118.79925537109375,327.249267578125,-1,-1,-1,-1
55,6,488.08868408203125,573.4118041992188,128.337646484375,234.26251220703125,-1,-1,-1,-1
56,6,517.955322265625,572.9874267578125,120.72882080078125,225.6070556640625,-1,-1,-1,-1
57,6,526.3683471679688,573.3662109375,125.41351318359375,219.048828125,-1,-1,-1,-1
58,6,537.626708984375,567.4895629882812,120.83282470703125,217.96453857421875,-1,-1,-1,-1
59,6,554.00146484375,556.5729370117188,115.59326171875,218.44000244140625,-1,-1,-1,-1
60,6,568.600341796875,545.2864379882812,110.9781494140625,221.9722900390625,-1,-1,-1,-1
61,6,578.4568481445312,533.2969360351562,106.3905029296875,228.2889404296875,-1,-1,-1,-1
62,6,583.0018920898438,523.9456176757812,106.5972900390625,234.62066650390625,-1,-1,-1,-1
63,6,587.5391845703125,509.07269287109375,107.3970947265625,243.9322509765625,-1,-1,-1,-1
64,6,580.3704833984375,500.7110290527344,112.0535888671875,248.67868041992188,-1,-1,-1,-1
65,6,566.1170043945312,498.67034912109375,123.55877685546875,258.38665771484375,-1,-1,-1,-1
66,6,544.82666015625,486.0754699707031,139.08612060546875,286.8517150878906,-1,-1,-1,-1
67,6,525.4786376953125,466.1938171386719,146.62841796875,315.6692810058594,-1,-1,-1,-1
68,6,520.481689453125,455.3431396484375,151.7186279296875,339.37725830078125,-1,-1,-1,-1
69,6,523.1029663085938,450.98968505859375,159.259765625,350.5721435546875,-1,-1,-1,-1
70,6,530.5026245117188,436.24053955078125,164.81231689453125,363.9154052734375,-1,-1,-1,-1
71,6,552.6420288085938,403.5655212402344,169.4246826171875,378.6769714355469,-1,-1,-1,-1
72,6,593.416015625,395.4261779785156,166.81439208984375,391.8522644042969,-1,-1,-1,-1
73,6,642.6900024414062,381.690185546875,156.55108642578125,409.88409423828125,-1,-1,-1,-1
74,6,680.70166015625,365.9612121582031,161.887939453125,425.8728332519531,-1,-1,-1,-1
75,6,715.6336059570312,340.82745361328125,179.392822265625,458.021728515625,-1,-1,-1,-1
76,6,728.8037109375,336.25006103515625,204.37109375,489.89825439453125,-1,-1,-1,-1
77,6,741.7674560546875,307.39178466796875,234.02813720703125,526.9556274414062,-1,-1,-1,-1
78,6,754.895263671875,270.20977783203125,319.92236328125,581.899169921875,-1,-1,-1,-1
79,6,762.988525390625,263.1600646972656,376.0665283203125,623.658203125,-1,-1,-1,-1
80,6,796.4903564453125,278.09051513671875,418.5205078125,647.0022583007812,-1,-1,-1,-1
81,6,864.362060546875,310.7656555175781,442.9561767578125,643.203369140625,-1,-1,-1,-1
82,6,933.5420532226562,375.3689270019531,487.93780517578125,695.9464111328125,-1,-1,-1,-1
83,6,946.1119384765625,412.80792236328125,545.63037109375,846.2938842773438,-1,-1,-1,-1
84,6,975.25634765625,508.9695129394531,488.1260986328125,721.75341796875,-1,-1,-1,-1
105,7,1227.947021484375,359.8193054199219,248.9718017578125,375.6098937988281,-1,-1,-1,-1
106,7,1044.7755126953125,337.2138671875,401.3680419921875,567.0687866210938,-1,-1,-1,-1
107,7,827.7256469726562,328.4777526855469,458.32391357421875,649.5340576171875,-1,-1,-1,-1
108,7,726.8999633789062,335.8092346191406,395.13275146484375,626.2969970703125,-1,-1,-1,-1
109,7,667.2525634765625,358.1412353515625,258.5404052734375,600.0318603515625,-1,-1,-1,-1
110,7,523.8772583007812,381.8877868652344,215.55267333984375,590.781494140625,-1,-1,-1,-1
111,7,350.98223876953125,386.007568359375,267.83282470703125,602.2703247070312,-1,-1,-1,-1
112,7,165.98121643066406,400.7862548828125,329.01513671875,613.688232421875,-1,-1,-1,-1
113,7,-20.708324432373047,441.4454650878906,405.021728515625,628.189697265625,-1,-1,-1,-1
114,7,-17.650136947631836,484.4145812988281,263.10015869140625,622.074462890625,-1,-1,-1,-1
115,7,-36.77642822265625,508.5506591796875,178.14389038085938,603.7767333984375,-1,-1,-1,-1
116,7,-96.64774322509766,558.7612915039062,220.3011474609375,626.4129028320312,-1,-1,-1,-1
107,8,1278.95654296875,388.67425537109375,156.9442138671875,406.781494140625,-1,-1,-1,-1
108,8,1207.5255126953125,391.7403869628906,160.7789306640625,378.8527526855469,-1,-1,-1,-1
109,8,1158.625,402.7762756347656,150.03173828125,368.8269348144531,-1,-1,-1,-1
110,8,1092.3726806640625,427.2480773925781,138.3258056640625,337.5448913574219,-1,-1,-1,-1
111,8,1030.9261474609375,464.1692199707031,116.8759765625,309.3207702636719,-1,-1,-1,-1
112,8,971.68798828125,495.7143249511719,108.2608642578125,284.8492126464844,-1,-1,-1,-1
113,8,917.1870727539062,530.8244018554688,111.71380615234375,269.672119140625,-1,-1,-1,-1
114,8,871.976806640625,567.7012939453125,117.86810302734375,259.44793701171875,-1,-1,-1,-1
115,8,846.2821655273438,591.39111328125,114.07763671875,255.65899658203125,-1,-1,-1,-1
116,8,830.2781372070312,596.578125,115.7305908203125,253.07647705078125,-1,-1,-1,-1
117,8,832.3369750976562,593.2952880859375,100.3428955078125,253.27386474609375,-1,-1,-1,-1
118,8,827.5789184570312,575.9888305664062,98.86114501953125,266.9736328125,-1,-1,-1,-1
119,8,830.2049560546875,557.2969970703125,102.6546630859375,274.07568359375,-1,-1,-1,-1
120,8,837.0686645507812,544.47412109375,115.51727294921875,281.370361328125,-1,-1,-1,-1
121,8,869.1104125976562,532.6325073242188,110.76666259765625,292.1138916015625,-1,-1,-1,-1
122,8,882.8570556640625,522.8689575195312,126.5421142578125,301.8675537109375,-1,-1,-1,-1
123,8,887.21630859375,524.6614990234375,150.564453125,309.289794921875,-1,-1,-1,-1
124,8,894.0513916015625,533.9402465820312,171.9656982421875,311.32183837890625,-1,-1,-1,-1
125,8,897.4241943359375,543.8438110351562,188.75634765625,314.49652099609375,-1,-1,-1,-1
126,8,894.8855590820312,586.057373046875,185.07110595703125,321.69793701171875,-1,-1,-1,-1
127,8,896.6914672851562,637.9307250976562,185.75518798828125,327.71575927734375,-1,-1,-1,-1
128,8,900.9017333984375,662.8131103515625,180.788330078125,332.24859619140625,-1,-1,-1,-1
129,8,902.3505249023438,655.4437866210938,171.19097900390625,336.04693603515625,-1,-1,-1,-1
130,8,907.974609375,621.5543212890625,165.0819091796875,342.58868408203125,-1,-1,-1,-1
131,8,921.4154663085938,603.8651733398438,157.58294677734375,351.3587646484375,-1,-1,-1,-1
132,8,934.9149780273438,585.8560791015625,158.79998779296875,363.35797119140625,-1,-1,-1,-1
133,8,943.9063110351562,557.7796020507812,163.40313720703125,374.17926025390625,-1,-1,-1,-1
134,8,950.99365234375,540.9170532226562,167.4771728515625,386.1553955078125,-1,-1,-1,-1
135,8,969.2437744140625,534.353759765625,173.774658203125,401.19488525390625,-1,-1,-1,-1
136,8,994.4619140625,532.7461547851562,180.0831298828125,418.95489501953125,-1,-1,-1,-1
137,8,1024.6835327148438,524.157958984375,196.44036865234375,442.22021484375,-1,-1,-1,-1
138,8,1048.6295166015625,500.4023742675781,214.1156005859375,468.0907897949219,-1,-1,-1,-1
139,8,1061.987060546875,497.4256896972656,221.2979736328125,486.3800354003906,-1,-1,-1,-1
140,8,1073.1944580078125,494.94903564453125,233.948486328125,503.80584716796875,-1,-1,-1,-1
141,8,1074.9036865234375,512.67041015625,256.0374755859375,514.462646484375,-1,-1,-1,-1
142,8,1083.79248046875,533.0367431640625,277.3011474609375,529.4315185546875,-1,-1,-1,-1
143,8,1113.876220703125,537.8106689453125,289.5574951171875,565.4442138671875,-1,-1,-1,-1
144,8,1138.5970458984375,557.7520751953125,283.0106201171875,575.8583984375,-1,-1,-1,-1
145,8,1150.278076171875,551.09033203125,279.5841064453125,609.341064453125,-1,-1,-1,-1
146,8,1155.913330078125,552.8695678710938,376.203857421875,637.1477661132812,-1,-1,-1,-1
147,8,1171.3212890625,618.2297973632812,381.691162109375,642.6198120117188,-1,-1,-1,-1
148,8,1154.821533203125,548.4558715820312,492.468017578125,882.6061401367188,-1,-1,-1,-1
107,9,1071.642578125,371.2044372558594,177.2955322265625,324.5646057128906,-1,-1,-1,-1
108,9,1014.4132690429688,372.76458740234375,147.34967041015625,304.56707763671875,-1,-1,-1,-1
109,9,945.7542724609375,389.2082214355469,170.793212890625,307.7974548339844,-1,-1,-1,-1
110,9,866.8335571289062,407.896484375,183.37738037109375,295.49334716796875,-1,-1,-1,-1
111,9,794.8359375,436.5543212890625,181.24462890625,282.13482666015625,-1,-1,-1,-1
112,9,735.2933349609375,462.2967224121094,171.9669189453125,276.5428161621094,-1,-1,-1,-1
113,9,689.8535766601562,503.02166748046875,159.41558837890625,264.64544677734375,-1,-1,-1,-1
114,9,644.144287109375,539.2937622070312,155.83917236328125,260.49041748046875,-1,-1,-1,-1
115,9,626.5722045898438,559.8611450195312,141.5057373046875,261.2391357421875,-1,-1,-1,-1
116,9,622.4341430664062,562.5985107421875,127.27447509765625,268.45196533203125,-1,-1,-1,-1
117,9,617.86474609375,563.523681640625,122.90679931640625,269.54290771484375,-1,-1,-1,-1
118,9,614.7449951171875,555.6448974609375,118.94439697265625,276.490234375,-1,-1,-1,-1
119,9,614.9237060546875,544.4271850585938,114.33538818359375,274.89837646484375,-1,-1,-1,-1
120,9,620.384521484375,531.1867065429688,114.8675537109375,276.89996337890625,-1,-1,-1,-1
121,9,640.8028564453125,519.810302734375,109.3358154296875,279.31085205078125,-1,-1,-1,-1
122,9,654.4798583984375,507.30322265625,113.106689453125,285.781982421875,-1,-1,-1,-1
123,9,659.4701538085938,507.5898132324219,123.4720458984375,292.3901672363281,-1,-1,-1,-1
124,9,658.4002075195312,513.7679443359375,142.557861328125,296.9769287109375,-1,-1,-1,-1
125,9,660.3623657226562,519.8779296875,152.3729248046875,303.29425048828125,-1,-1,-1,-1
126,9,637.6375732421875,556.9966430664062,168.55816650390625,305.95928955078125,-1,-1,-1,-1
127,9,620.9566650390625,603.1253051757812,183.43170166015625,313.51806640625,-1,-1,-1,-1
128,9,606.7468872070312,631.2522583007812,192.53924560546875,323.45782470703125,-1,-1,-1,-1
129,9,589.5632934570312,629.960693359375,195.00286865234375,330.77679443359375,-1,-1,-1,-1
130,9,576.2927856445312,600.6331176757812,196.78192138671875,335.86004638671875,-1,-1,-1,-1
131,9,559.4966430664062,589.186279296875,199.8382568359375,343.03765869140625,-1,-1,-1,-1
132,9,544.0444946289062,572.4782104492188,205.57635498046875,349.99224853515625,-1,-1,-1,-1
133,9,513.9981079101562,533.267822265625,224.05096435546875,365.60028076171875,-1,-1,-1,-1
134,9,483.802001953125,516.0244140625,254.8258056640625,381.85504150390625,-1,-1,-1,-1
135,9,455.97955322265625,505.8009948730469,286.44921875,398.1835021972656,-1,-1,-1,-1
136,9,441.7819519042969,506.1934814453125,284.9755554199219,409.17913818359375,-1,-1,-1,-1
137,9,456.3363037109375,495.96954345703125,243.002685546875,429.3702392578125,-1,-1,-1,-1
138,9,468.4901428222656,483.3664855957031,224.25906372070312,458.8933410644531,-1,-1,-1,-1
139,9,429.6043701171875,475.7148132324219,249.23175048828125,515.7601318359375,-1,-1,-1,-1
140,9,370.18310546875,457.55523681640625,285.36383056640625,591.0641479492188,-1,-1,-1,-1
141,9,304.267578125,449.5175476074219,315.49566650390625,656.399658203125,-1,-1,-1,-1
142,9,235.82196044921875,496.32208251953125,344.6368408203125,651.9242553710938,-1,-1,-1,-1
143,9,137.36981201171875,448.5432434082031,409.42657470703125,735.576171875,-1,-1,-1,-1
144,9,-7.806789398193359,422.14093017578125,493.7448425292969,796.3504028320312,-1,-1,-1,-1
145,9,-34.269309997558594,521.5364990234375,407.01434326171875,766.3486328125,-1,-1,-1,-1
146,9,-207.12762451171875,550.149658203125,538.912109375,869.62451171875,-1,-1,-1,-1
147,9,-153.2495880126953,685.9983520507812,832.8368530273438,784.5066528320312,-1,-1,-1,-1
148,9,-52.33171081542969,845.4080200195312,786.884521484375,636.3612670898438,-1,-1,-1,-1
149,9,28.785171508789062,840.5700073242188,748.6517944335938,610.6115112304688,-1,-1,-1,-1
150,9,-1.7252006530761719,876.8139038085938,720.5717163085938,564.3683471679688,-1,-1,-1,-1
151,9,11.615966796875,941.8580322265625,598.43505859375,514.42236328125,-1,-1,-1,-1
114,10,1124.3992919921875,545.9364013671875,33.6583251953125,75.43536376953125,-1,-1,-1,-1
115,10,1090.363525390625,566.7842407226562,28.6097412109375,63.64300537109375,-1,-1,-1,-1
116,10,1067.7613525390625,566.4210205078125,26.5533447265625,64.355224609375,-1,-1,-1,-1
117,10,1041.935791015625,563.4280395507812,27.7535400390625,66.3494873046875,-1,-1,-1,-1
118,10,1030.117919921875,552.8510131835938,27.2132568359375,62.01568603515625,-1,-1,-1,-1
119,10,1028.818603515625,538.3173217773438,26.760986328125,62.4873046875,-1,-1,-1,-1
120,10,1039.24365234375,534.0925903320312,25.3134765625,64.49725341796875,-1,-1,-1,-1
121,10,1057.0302734375,522.554931640625,28.3218994140625,65.38037109375,-1,-1,-1,-1
122,10,1071.8770751953125,519.0678100585938,29.06201171875,66.85052490234375,-1,-1,-1,-1
123,10,1080.090576171875,522.6580200195312,27.315185546875,62.71075439453125,-1,-1,-1,-1
124,10,1086.6702880859375,524.199951171875,26.982177734375,69.804443359375,-1,-1,-1,-1
125,10,1088.2802734375,534.63330078125,25.9241943359375,66.36053466796875,-1,-1,-1,-1
126,10,1078.7572021484375,572.0146484375,33.8336181640625,73.108642578125,-1,-1,-1,-1
127,10,1071.668212890625,629.716796875,26.3172607421875,57.7391357421875,-1,-1,-1,-1
128,10,1056.15478515625,652.7714233398438,25.323486328125,53.188232421875,-1,-1,-1,-1
129,10,1041.870849609375,647.2388916015625,24.8056640625,44.523193359375,-1,-1,-1,-1
130,10,1025.68798828125,616.8158569335938,37.53857421875,64.92864990234375,-1,-1,-1,-1
131,10,1022.373291015625,594.28369140625,48.9212646484375,78.4888916015625,-1,-1,-1,-1
132,10,1042.1834716796875,573.7890014648438,31.241943359375,69.39239501953125,-1,-1,-1,-1
136,10,1001.75927734375,560.6746826171875,119.578369140625,213.80792236328125,-1,-1,-1,-1
137,10,1035.9527587890625,581.8728637695312,131.5570068359375,199.1300048828125,-1,-1,-1,-1
117,11,1245.999267578125,707.6546630859375,36.143798828125,61.8804931640625,-1,-1,-1,-1
118,11,1232.1365966796875,695.3975219726562,36.8502197265625,61.14398193359375,-1,-1,-1,-1
119,11,1229.947021484375,681.0450439453125,38.0887451171875,63.431396484375,-1,-1,-1,-1
120,11,1237.3939208984375,679.3121948242188,39.389892578125,63.52471923828125,-1,-1,-1,-1
121,11,1254.6904296875,680.8191528320312,41.527587890625,64.24554443359375,-1,-1,-1,-1
122,11,1268.924072265625,682.6019287109375,42.9183349609375,65.16107177734375,-1,-1,-1,-1
123,11,1277.2928466796875,687.6605834960938,42.5943603515625,64.79888916015625,-1,-1,-1,-1
124,11,1287.4290771484375,695.0787353515625,43.3648681640625,67.55291748046875,-1,-1,-1,-1
125,11,1292.264892578125,702.0617065429688,42.1300048828125,65.59014892578125,-1,-1,-1,-1
126,11,1280.844970703125,747.5921630859375,45.30810546875,69.00128173828125,-1,-1,-1,-1
127,11,1272.3946533203125,804.4517822265625,40.0018310546875,63.430908203125,-1,-1,-1,-1
128,11,1266.6083984375,818.5430908203125,35.27587890625,63.6806640625,-1,-1,-1,-1
129,11,1249.284912109375,798.8602905273438,43.2958984375,67.76654052734375,-1,-1,-1,-1
130,11,1249.082275390625,771.4502563476562,37.120849609375,66.6978759765625,-1,-1,-1,-1
131,11,1251.6712646484375,754.11376953125,42.3748779296875,66.680419921875,-1,-1,-1,-1
132,11,1262.72021484375,737.084716796875,40.947509765625,69.736572265625,-1,-1,-1,-1
135,11,1289.79541015625,697.4373168945312,45.7022705078125,67.3280029296875,-1,-1,-1,-1
136,11,1315.262939453125,698.4923095703125,45.9542236328125,69.322021484375,-1,-1,-1,-1
137,11,1269.17822265625,682.1146240234375,40.628662109375,68.94927978515625,-1,-1,-1,-1
138,11,1298.6849365234375,669.1210327148438,37.267333984375,67.1358642578125,-1,-1,-1,-1
139,11,1304.30810546875,660.0961303710938,39.4130859375,66.214599609375,-1,-1,-1,-1
140,11,1304.4088134765625,654.6729736328125,41.1292724609375,68.8843994140625,-1,-1,-1,-1
141,11,1299.665283203125,664.3367309570312,43.9560546875,73.3341064453125,-1,-1,-1,-1
164,12,-127.48883056640625,650.7997436523438,410.67694091796875,481.24066162109375,-1,-1,-1,-1
165,12,-5.995304107666016,590.2662353515625,404.5086669921875,509.0928955078125,-1,-1,-1,-1
166,12,152.10052490234375,521.9244995117188,383.169677734375,619.8889770507812,-1,-1,-1,-1
167,12,328.9072265625,511.3171081542969,334.4337158203125,578.4468994140625,-1,-1,-1,-1
168,12,453.1239013671875,534.9037475585938,242.342529296875,481.13616943359375,-1,-1,-1,-1
169,12,536.865234375,531.762939453125,214.2603759765625,424.99530029296875,-1,-1,-1,-1
170,12,601.50390625,532.4664306640625,241.0386962890625,408.33587646484375,-1,-1,-1,-1
171,12,638.0110473632812,525.736328125,230.17852783203125,412.55853271484375,-1,-1,-1,-1
172,12,650.7664184570312,536.1084594726562,222.6759033203125,412.33062744140625,-1,-1,-1,-1
173,12,655.5243530273438,547.922607421875,215.47210693359375,400.337158203125,-1,-1,-1,-1
174,12,660.7687377929688,556.6703491210938,206.25128173828125,387.2222900390625,-1,-1,-1,-1
175,12,662.7431640625,555.6852416992188,189.18536376953125,368.1500244140625,-1,-1,-1,-1
176,12,665.3043212890625,550.3623657226562,172.6981201171875,343.18731689453125,-1,-1,-1,-1
177,12,672.551513671875,576.3348388671875,152.26397705078125,304.11334228515625,-1,-1,-1,-1
178,12,678.0733032226562,539.9918212890625,140.95489501953125,331.2906494140625,-1,-1,-1,-1
179,12,677.7271728515625,537.5255126953125,144.80718994140625,322.828125,-1,-1,-1,-1
180,12,682.3746337890625,540.3062133789062,143.5498046875,308.42633056640625,-1,-1,-1,-1
181,12,688.9738159179688,497.0283203125,150.23760986328125,340.39337158203125,-1,-1,-1,-1
182,12,723.4810180664062,501.81939697265625,145.86358642578125,317.39166259765625,-1,-1,-1,-1
183,12,780.888427734375,477.74658203125,147.2401123046875,304.95281982421875,-1,-1,-1,-1
184,12,875.4495849609375,448.0805358886719,148.93450927734375,307.9480285644531,-1,-1,-1,-1
185,12,994.5778198242188,431.9541015625,134.17095947265625,317.232666015625,-1,-1,-1,-1
186,12,1095.744384765625,414.380859375,138.9591064453125,343.011962890625,-1,-1,-1,-1
187,12,1167.2781982421875,376.7727966308594,162.580810546875,371.7177429199219,-1,-1,-1,-1
188,12,1171.90771484375,338.104248046875,179.5552978515625,371.2803955078125,-1,-1,-1,-1
189,12,1122.6510009765625,322.7977600097656,201.3406982421875,357.4955139160156,-1,-1,-1,-1
190,12,1017.9310302734375,328.9458923339844,211.4736328125,337.3609924316406,-1,-1,-1,-1
191,12,888.023193359375,343.4990234375,206.6497802734375,330.4405517578125,-1,-1,-1,-1
192,12,766.0816040039062,346.48028564453125,190.9013671875,324.5166015625,-1,-1,-1,-1
193,12,669.37109375,359.4936218261719,189.64593505859375,324.2643127441406,-1,-1,-1,-1
194,12,608.5004272460938,375.852783203125,184.74688720703125,325.2401123046875,-1,-1,-1,-1
195,12,575.3339233398438,375.4892272949219,170.416259765625,331.0490417480469,-1,-1,-1,-1
196,12,543.9996337890625,379.0237121582031,160.651123046875,334.5428161621094,-1,-1,-1,-1
197,12,513.577392578125,383.969482421875,164.01922607421875,343.16644287109375,-1,-1,-1,-1
198,12,491.5072937011719,406.556640625,170.66207885742188,344.835205078125,-1,-1,-1,-1
199,12,473.8089904785156,431.45208740234375,165.46340942382812,345.6153564453125,-1,-1,-1,-1
200,12,460.312255859375,429.8175048828125,153.30499267578125,356.65606689453125,-1,-1,-1,-1
201,12,449.6545104980469,443.9119873046875,151.62411499023438,357.80780029296875,-1,-1,-1,-1
202,12,447.2438049316406,434.3399353027344,155.46090698242188,368.9271545410156,-1,-1,-1,-1
203,12,443.0238037109375,442.1010437011719,162.46038818359375,371.0047912597656,-1,-1,-1,-1
204,12,424.0987243652344,470.23876953125,173.58071899414062,376.519287109375,-1,-1,-1,-1
205,12,402.5912170410156,489.4612731933594,183.39419555664062,378.2408142089844,-1,-1,-1,-1
206,12,367.83074951171875,490.73431396484375,201.1470947265625,388.87078857421875,-1,-1,-1,-1
207,12,328.5850830078125,500.74078369140625,231.8895263671875,396.5697021484375,-1,-1,-1,-1
208,12,282.92095947265625,520.3463134765625,264.459228515625,404.99102783203125,-1,-1,-1,-1
209,12,243.29421997070312,544.4652099609375,274.7287292480469,410.14056396484375,-1,-1,-1,-1
210,12,206.99290466308594,554.1962280273438,275.49786376953125,417.0458984375,-1,-1,-1,-1
211,12,194.47080993652344,578.8989868164062,258.76910400390625,428.23724365234375,-1,-1,-1,-1
212,12,173.5309600830078,598.711181640625,264.9552001953125,460.0616455078125,-1,-1,-1,-1
213,12,125.22000122070312,596.631103515625,304.1591796875,535.717041015625,-1,-1,-1,-1
214,12,63.12941360473633,597.98583984375,357.88232421875,624.0615234375,-1,-1,-1,-1
215,12,0.6266040802001953,620.09716796875,398.7546691894531,690.77685546875,-1,-1,-1,-1
216,12,-17.675125122070312,608.5912475585938,380.55419921875,729.0498657226562,-1,-1,-1,-1
217,12,-17.6964111328125,641.144775390625,376.24224853515625,719.36474609375,-1,-1,-1,-1
218,12,-74.28622436523438,601.00341796875,437.0916442871094,819.052734375,-1,-1,-1,-1
219,12,-166.81158447265625,658.4766235351562,560.41650390625,767.5508422851562,-1,-1,-1,-1
220,12,-201.02659606933594,668.010986328125,616.0801391601562,767.0052490234375,-1,-1,-1,-1
221,12,-219.6515655517578,721.7198486328125,606.6885986328125,731.0706787109375,-1,-1,-1,-1
166,13,92.22374725341797,510.9173583984375,527.2380981445312,790.385009765625,-1,-1,-1,-1
167,13,322.7664794921875,490.147216796875,435.46136474609375,741.9742431640625,-1,-1,-1,-1
168,13,474.8735656738281,471.446044921875,379.1323547363281,688.221435546875,-1,-1,-1,-1
169,13,623.600341796875,465.07421875,299.0469970703125,668.4156494140625,-1,-1,-1,-1
170,13,700.683349609375,463.41839599609375,330.7900390625,657.0747680664062,-1,-1,-1,-1
171,13,741.989013671875,464.2581787109375,341.79345703125,655.6396484375,-1,-1,-1,-1
172,13,781.1083984375,474.3926696777344,312.5740966796875,652.570556640625,-1,-1,-1,-1
173,13,823.6060180664062,479.5421142578125,291.31561279296875,649.17822265625,-1,-1,-1,-1
174,13,878.08984375,490.7001647949219,259.014892578125,625.1754150390625,-1,-1,-1,-1
175,13,925.6250610351562,497.69970703125,231.92474365234375,579.53271484375,-1,-1,-1,-1
176,13,971.623779296875,502.4039306640625,211.9000244140625,535.539306640625,-1,-1,-1,-1
177,13,1016.3682861328125,496.4125671386719,196.92138671875,516.384521484375,-1,-1,-1,-1
178,13,1046.892578125,472.8576354980469,189.170654296875,528.1322021484375,-1,-1,-1,-1
179,13,1063.6761474609375,458.93341064453125,191.53955078125,516.04541015625,-1,-1,-1,-1
180,13,1075.7977294921875,449.3330078125,201.955322265625,514.8306884765625,-1,-1,-1,-1
181,13,1095.76806640625,447.14385986328125,216.646240234375,489.00140380859375,-1,-1,-1,-1
182,13,1139.9312744140625,452.2746276855469,226.0322265625,455.5793151855469,-1,-1,-1,-1
183,13,1235.349853515625,493.9490966796875,184.0003662109375,382.31036376953125,-1,-1,-1,-1
184,13,1294.8262939453125,475.9322509765625,178.441162109375,390.920654296875,-1,-1,-1,-1
166,14,-44.83049011230469,601.0247802734375,240.12579345703125,492.7786865234375,-1,-1,-1,-1
167,14,63.06809616088867,612.4573364257812,350.5163269042969,440.67095947265625,-1,-1,-1,-1
168,14,151.57614135742188,613.3087158203125,370.9367370605469,393.850341796875,-1,-1,-1,-1
169,14,205.5727081298828,628.5011596679688,333.13275146484375,345.13946533203125,-1,-1,-1,-1
170,14,220.9532928466797,602.8088989257812,306.70574951171875,355.73187255859375,-1,-1,-1,-1
171,14,229.49661254882812,595.0223999023438,292.3322448730469,399.5467529296875,-1,-1,-1,-1
172,14,215.14743041992188,589.0005493164062,288.3901062011719,458.49237060546875,-1,-1,-1,-1
173,14,191.94683837890625,587.5839233398438,282.2790832519531,507.34967041015625,-1,-1,-1,-1
174,14,167.6265869140625,599.5137939453125,273.16790771484375,512.90380859375,-1,-1,-1,-1
175,14,128.9480438232422,607.2793579101562,272.887451171875,496.15606689453125,-1,-1,-1,-1
176,14,92.75470733642578,606.5271606445312,285.4336853027344,488.50799560546875,-1,-1,-1,-1
177,14,66.06092071533203,601.3507080078125,307.70184326171875,489.48388671875,-1,-1,-1,-1
178,14,13.989297866821289,581.5106811523438,362.8466796875,493.12908935546875,-1,-1,-1,-1
179,14,2.6125450134277344,573.022216796875,358.9270324707031,528.2548828125,-1,-1,-1,-1
180,14,-0.40721607208251953,561.248046875,331.6866149902344,546.895263671875,-1,-1,-1,-1
181,14,-35.697914123535156,510.773193359375,314.9898986816406,591.72265625,-1,-1,-1,-1
182,14,-75.47378540039062,537.0159301757812,326.06732177734375,554.2994995117188,-1,-1,-1,-1
183,14,-52.13003158569336,571.2127075195312,291.9820861816406,520.5811157226562,-1,-1,-1,-1
184,14,45.71065139770508,582.5415649414062,271.95892333984375,503.03411865234375,-1,-1,-1,-1
185,14,147.2280731201172,585.5368041992188,253.65260314941406,490.43585205078125,-1,-1,-1,-1
186,14,239.73046875,592.544677734375,219.5655517578125,466.359375,-1,-1,-1,-1
187,14,289.3517150878906,604.7261962890625,207.26156616210938,431.5811767578125,-1,-1,-1,-1
188,14,252.06500244140625,621.28857421875,207.89007568359375,411.740234375,-1,-1,-1,-1
189,14,160.46168518066406,641.004150390625,257.31353759765625,403.3453369140625,-1,-1,-1,-1
190,14,17.56736946105957,681.5938720703125,304.744140625,401.5650634765625,-1,-1,-1,-1
191,14,-110.62603759765625,658.7804565429688,302.0401306152344,496.64337158203125,-1,-1,-1,-1
194,15,1262.61279296875,410.8866271972656,129.640380859375,332.0425109863281,-1,-1,-1,-1
195,15,1206.5670166015625,385.27777099609375,141.4317626953125,355.1932373046875,-1,-1,-1,-1
196,15,1176.6922607421875,382.2945861816406,142.695068359375,353.5644836425781,-1,-1,-1,-1
197,15,1159.7359619140625,396.07440185546875,146.072265625,354.675048828125,-1,-1,-1,-1
198,15,1154.5069580078125,429.3208923339844,157.145751953125,359.5826721191406,-1,-1,-1,-1
199,15,1159.221923828125,446.8910827636719,169.893310546875,365.7508239746094,-1,-1,-1,-1
200,15,1179.5572509765625,445.9854736328125,184.2982177734375,377.05242919921875,-1,-1,-1,-1
201,15,1192.9871826171875,453.0392150878906,197.760498046875,389.4753723144531,-1,-1,-1,-1
202,15,1208.1339111328125,452.1324462890625,209.0594482421875,406.01519775390625,-1,-1,-1,-1
203,15,1219.8157958984375,471.45562744140625,201.9141845703125,421.9671630859375,-1,-1,-1,-1
204,15,1219.489013671875,487.17547607421875,209.0888671875,444.848876953125,-1,-1,-1,-1
205,15,1244.80126953125,522.8386840820312,176.9287109375,446.43218994140625,-1,-1,-1,-1
206,15,1276.1807861328125,537.1302490234375,139.3282470703125,461.21240234375,-1,-1,-1,-1
207,15,1302.8843994140625,526.1492919921875,111.906982421875,502.234130859375,-1,-1,-1,-1
208,15,1281.9801025390625,532.8831787109375,222.95166015625,527.2410888671875,-1,-1,-1,-1
209,15,1235.988525390625,476.28759765625,345.49609375,616.37890625,-1,-1,-1,-1
233,16,-160.26844787597656,496.89813232421875,514.873779296875,765.9647827148438,-1,-1,-1,-1
234,16,-77.4046630859375,547.6763305664062,467.111572265625,689.9165649414062,-1,-1,-1,-1
235,16,29.58158302307129,546.0509033203125,390.6761474609375,661.7899169921875,-1,-1,-1,-1
236,16,107.50372314453125,584.16455078125,333.28692626953125,608.44677734375,-1,-1,-1,-1
237,16,161.67764282226562,622.1661376953125,329.7713317871094,561.513427734375,-1,-1,-1,-1
238,16,165.01486206054688,645.6590576171875,338.8689880371094,537.6925048828125,-1,-1,-1,-1
239,16,192.79476928710938,612.1217041015625,291.4869689941406,553.59912109375,-1,-1,-1,-1
240,16,205.92166137695312,597.7550048828125,251.94357299804688,535.3797607421875,-1,-1,-1,-1
241,16,222.78208923339844,588.6717529296875,215.6754913330078,503.6422119140625,-1,-1,-1,-1
242,16,236.89340209960938,585.9495239257812,200.34286499023438,472.26251220703125,-1,-1,-1,-1
243,16,255.1752471923828,588.39697265625,202.09141540527344,455.5474853515625,-1,-1,-1,-1
244,16,287.8096923828125,584.3184204101562,195.65481567382812,446.23175048828125,-1,-1,-1,-1
245,16,318.1014709472656,571.8306274414062,187.09860229492188,438.129150390625,-1,-1,-1,-1
246,16,341.244384765625,552.6397094726562,189.76824951171875,429.1182861328125,-1,-1,-1,-1
247,16,364.1343078613281,541.976318359375,191.31765747070312,409.49652099609375,-1,-1,-1,-1
248,16,390.8083801269531,531.5706787109375,183.10202026367188,386.695556640625,-1,-1,-1,-1
249,16,417.5562744140625,526.063720703125,165.89752197265625,372.2930908203125,-1,-1,-1,-1
250,16,441.9029235839844,511.5668640136719,157.15371704101562,373.7345275878906,-1,-1,-1,-1
251,16,460.3319091796875,498.99749755859375,155.08013916015625,373.612548828125,-1,-1,-1,-1
252,16,472.53662109375,483.31097412109375,156.9503173828125,378.36773681640625,-1,-1,-1,-1
253,16,487.5904235839844,470.7085266113281,157.05166625976562,376.9131164550781,-1,-1,-1,-1
254,16,495.5357666015625,445.2405700683594,162.72894287109375,372.3026428222656,-1,-1,-1,-1
255,16,509.1174621582031,430.7936706542969,164.84591674804688,360.6758117675781,-1,-1,-1,-1
256,16,515.9636840820312,446.318603515625,171.1258544921875,347.40191650390625,-1,-1,-1,-1
257,16,514.7348022460938,468.9388427734375,162.68829345703125,345.162841796875,-1,-1,-1,-1
258,16,510.814697265625,470.9793395996094,149.74481201171875,353.3821105957031,-1,-1,-1,-1
259,16,507.0143127441406,471.5926513671875,143.16690063476562,357.410400390625,-1,-1,-1,-1
260,16,513.2781372070312,472.68975830078125,142.56787109375,358.88067626953125,-1,-1,-1,-1
261,16,511.0220947265625,477.13897705078125,142.8076171875,360.18603515625,-1,-1,-1,-1
262,16,503.1401062011719,488.045166015625,145.18423461914062,351.84234619140625,-1,-1,-1,-1
263,16,518.72021484375,491.722900390625,139.7755126953125,338.1383056640625,-1,-1,-1,-1
264,16,543.3096923828125,492.6052551269531,123.5394287109375,332.6211242675781,-1,-1,-1,-1
265,16,558.7007446289062,496.7520446777344,99.3668212890625,327.1437072753906,-1,-1,-1,-1
266,16,564.5477905273438,480.0385437011719,103.34912109375,329.1947326660156,-1,-1,-1,-1
267,16,563.2418212890625,482.2903747558594,119.02886962890625,331.3907165527344,-1,-1,-1,-1
268,16,555.986328125,505.4437255859375,125.9669189453125,331.3994140625,-1,-1,-1,-1
269,16,555.1813354492188,517.3462524414062,134.185546875,322.0528564453125,-1,-1,-1,-1
270,16,557.6097412109375,513.629638671875,140.158203125,323.89990234375,-1,-1,-1,-1
271,16,559.97021484375,511.197265625,146.29949951171875,333.09783935546875,-1,-1,-1,-1
272,16,566.48583984375,502.74566650390625,142.1309814453125,347.52691650390625,-1,-1,-1,-1
273,16,566.6997680664062,516.3049926757812,138.4609375,355.7344970703125,-1,-1,-1,-1
274,16,559.7111206054688,490.06640625,132.44451904296875,366.02947998046875,-1,-1,-1,-1
275,16,550.28515625,466.5986328125,134.24249267578125,377.65020751953125,-1,-1,-1,-1
276,16,548.1599731445312,466.48358154296875,137.55877685546875,387.2578125,-1,-1,-1,-1
277,16,546.3591918945312,466.5120544433594,152.29449462890625,391.7969055175781,-1,-1,-1,-1
278,16,538.9932250976562,464.68206787109375,165.189208984375,394.2156982421875,-1,-1,-1,-1
279,16,534.3775634765625,466.5396728515625,170.84906005859375,400.9647216796875,-1,-1,-1,-1
280,16,522.14990234375,473.5964050292969,182.49090576171875,408.2618713378906,-1,-1,-1,-1
281,16,514.6090087890625,457.0529479980469,195.0693359375,415.8014221191406,-1,-1,-1,-1
282,16,503.1006774902344,441.1747741699219,203.94851684570312,427.0399475097656,-1,-1,-1,-1
283,16,489.49945068359375,447.4755554199219,211.646484375,444.8624572753906,-1,-1,-1,-1
284,16,469.13330078125,447.22760009765625,233.72052001953125,467.9403076171875,-1,-1,-1,-1
285,16,446.5491027832031,447.8792724609375,258.4516296386719,486.07952880859375,-1,-1,-1,-1
286,16,422.260009765625,437.3309631347656,288.4217529296875,512.3638610839844,-1,-1,-1,-1
287,16,380.8296203613281,445.402099609375,330.2991027832031,547.31982421875,-1,-1,-1,-1
288,16,318.8588562011719,474.5814514160156,365.0289001464844,583.4896240234375,-1,-1,-1,-1
289,16,219.0977783203125,451.59539794921875,419.06463623046875,659.7260131835938,-1,-1,-1,-1
290,16,123.9906005859375,539.7539672851562,455.28265380859375,685.5108032226562,-1,-1,-1,-1
291,16,32.1998233795166,435.7139892578125,519.4879150390625,949.53515625,-1,-1,-1,-1
292,16,-13.26115608215332,491.9457092285156,525.4951171875,945.6385498046875,-1,-1,-1,-1
293,16,-46.413856506347656,641.1904296875,561.568603515625,774.694580078125,-1,-1,-1,-1
294,16,-128.64097595214844,760.3818359375,550.7957153320312,725.2852783203125,-1,-1,-1,-1
236,17,0.44313716888427734,625.4415283203125,189.7467803955078,343.743896484375,-1,-1,-1,-1
237,17,86.91313934326172,639.5718383789062,202.45718383789062,328.6002197265625,-1,-1,-1,-1
238,17,157.3740692138672,616.094970703125,220.82618713378906,333.82098388671875,-1,-1,-1,-1
239,17,194.644287109375,611.473876953125,248.09164428710938,328.01568603515625,-1,-1,-1,-1
240,17,211.671142578125,606.0345458984375,226.41668701171875,368.283447265625,-1,-1,-1,-1
241,17,231.65792846679688,599.3112182617188,200.66458129882812,414.35888671875,-1,-1,-1,-1
242,17,244.43331909179688,590.107666015625,187.82504272460938,447.304443359375,-1,-1,-1,-1
243,18,369.5146484375,609.3556518554688,121.61941528320312,229.052734375,-1,-1,-1,-1
244,18,424.7919616699219,620.0070190429688,110.19235229492188,212.41143798828125,-1,-1,-1,-1
245,18,488.79486083984375,613.2266235351562,96.376953125,209.82391357421875,-1,-1,-1,-1
246,18,536.223388671875,599.134033203125,97.576904296875,197.5009765625,-1,-1,-1,-1
247,18,576.0584716796875,584.3991088867188,113.1817626953125,193.71356201171875,-1,-1,-1,-1
248,18,610.9536743164062,568.3270874023438,121.19219970703125,196.31878662109375,-1,-1,-1,-1
249,18,637.103271484375,559.1980590820312,115.9114990234375,196.97625732421875,-1,-1,-1,-1
250,18,663.8302001953125,550.1043090820312,113.17169189453125,198.4708251953125,-1,-1,-1,-1
251,18,688.3218994140625,551.7654418945312,108.95977783203125,190.0120849609375,-1,-1,-1,-1
252,18,703.8446044921875,529.1669921875,112.5360107421875,206.9241943359375,-1,-1,-1,-1
253,18,724.2591552734375,521.3651123046875,105.5009765625,208.6595458984375,-1,-1,-1,-1
254,18,742.1068725585938,478.8809814453125,107.126953125,227.8726806640625,-1,-1,-1,-1
255,18,756.2701416015625,460.3917541503906,114.1318359375,234.29574584960938,-1,-1,-1,-1
256,18,782.8099365234375,471.1583557128906,105.2386474609375,238.52462768554688,-1,-1,-1,-1
257,18,801.8995361328125,491.8252868652344,95.38409423828125,240.86923217773438,-1,-1,-1,-1
258,18,807.4120483398438,504.00592041015625,91.79901123046875,237.93035888671875,-1,-1,-1,-1
259,18,812.4030151367188,515.759765625,91.8253173828125,233.81304931640625,-1,-1,-1,-1
260,18,823.5716552734375,519.4512939453125,97.38311767578125,234.90802001953125,-1,-1,-1,-1
261,18,825.7609252929688,520.2208862304688,97.89654541015625,240.23577880859375,-1,-1,-1,-1
262,18,821.1300048828125,520.7111206054688,94.55084228515625,244.67999267578125,-1,-1,-1,-1
263,18,828.2280883789062,522.589599609375,97.0992431640625,252.58184814453125,-1,-1,-1,-1
264,18,839.3964233398438,526.4874877929688,100.47332763671875,262.09344482421875,-1,-1,-1,-1
265,18,841.6630249023438,537.3262939453125,105.41107177734375,268.65252685546875,-1,-1,-1,-1
266,18,845.6594848632812,524.412353515625,107.82415771484375,274.8201904296875,-1,-1,-1,-1
267,18,845.6612548828125,517.0787963867188,110.08367919921875,284.40008544921875,-1,-1,-1,-1
268,18,841.9723510742188,531.5193481445312,110.78082275390625,288.71759033203125,-1,-1,-1,-1
269,18,847.5625,532.5418090820312,111.52520751953125,297.2840576171875,-1,-1,-1,-1
270,18,858.2957153320312,529.1760864257812,114.736083984375,304.8978271484375,-1,-1,-1,-1
271,18,870.0479125976562,526.0211791992188,121.89678955078125,317.98504638671875,-1,-1,-1,-1
272,18,882.266845703125,520.4894409179688,131.15985107421875,332.566162109375,-1,-1,-1,-1
273,18,885.3643798828125,533.4168701171875,139.072509765625,346.39776611328125,-1,-1,-1,-1
274,18,881.2839965820312,509.53472900390625,150.49444580078125,359.53741455078125,-1,-1,-1,-1
275,18,878.0255126953125,488.3271789550781,159.7161865234375,369.8851013183594,-1,-1,-1,-1
276,18,879.1605834960938,488.1730651855469,172.31268310546875,385.1025695800781,-1,-1,-1,-1
277,18,875.3497924804688,487.475830078125,191.63531494140625,398.43792724609375,-1,-1,-1,-1
278,18,886.0363159179688,477.4676818847656,197.66998291015625,414.3374328613281,-1,-1,-1,-1
279,18,898.3258666992188,476.0700988769531,204.29949951171875,429.3125915527344,-1,-1,-1,-1
280,18,906.3260498046875,484.93048095703125,213.2225341796875,445.47076416015625,-1,-1,-1,-1
281,18,918.7154541015625,475.8032531738281,225.8070068359375,461.8777770996094,-1,-1,-1,-1
282,18,939.4703369140625,454.3374328613281,234.281005859375,480.6081237792969,-1,-1,-1,-1
283,18,956.1885986328125,446.0767822265625,244.683349609375,502.99737548828125,-1,-1,-1,-1
284,18,965.6044921875,453.93719482421875,266.298583984375,517.0360717773438,-1,-1,-1,-1
285,18,975.1210327148438,465.29388427734375,293.81573486328125,533.7792358398438,-1,-1,-1,-1
286,18,989.4755859375,476.5498352050781,325.48095703125,552.8931884765625,-1,-1,-1,-1
287,18,1011.5752563476562,503.17352294921875,346.92877197265625,574.6759643554688,-1,-1,-1,-1
288,18,1037.9853515625,552.261962890625,360.7559814453125,604.108642578125,-1,-1,-1,-1
289,18,1067.4227294921875,556.0933837890625,344.79248046875,630.2620849609375,-1,-1,-1,-1
290,18,1097.0950927734375,565.8336791992188,341.36865234375,656.9227905273438,-1,-1,-1,-1
291,18,1116.524169921875,601.2501220703125,347.164794921875,674.318603515625,-1,-1,-1,-1
292,18,1145.168212890625,601.6952514648438,362.8673095703125,685.8815307617188,-1,-1,-1,-1
293,18,1111.680908203125,565.0882568359375,345.524658203125,861.0576171875,-1,-1,-1,-1
313,19,-112.7248306274414,490.0654296875,351.1239013671875,760.5693359375,-1,-1,-1,-1
314,19,46.67449188232422,531.0980224609375,335.2710876464844,696.475341796875,-1,-1,-1,-1
315,19,271.51007080078125,537.8544921875,267.21337890625,636.084716796875,-1,-1,-1,-1
316,19,439.67486572265625,531.3596801757812,242.7769775390625,618.9714965820312,-1,-1,-1,-1
317,19,562.390869140625,543.1309204101562,235.32708740234375,589.6621704101562,-1,-1,-1,-1
318,19,658.140869140625,540.8175659179688,219.14849853515625,566.2835083007812,-1,-1,-1,-1
319,19,733.800537109375,528.9581298828125,200.73138427734375,532.533203125,-1,-1,-1,-1
320,19,799.2161254882812,526.5015869140625,187.187255859375,491.533447265625,-1,-1,-1,-1
321,19,858.85205078125,518.6820678710938,172.957763671875,458.99163818359375,-1,-1,-1,-1
322,19,910.2464599609375,502.64825439453125,167.1168212890625,459.87420654296875,-1,-1,-1,-1
323,19,950.835693359375,493.3942565917969,167.780517578125,465.4599914550781,-1,-1,-1,-1
324,19,981.4301147460938,497.2090759277344,170.97027587890625,456.6622619628906,-1,-1,-1,-1
325,19,1005.760498046875,510.06005859375,177.868408203125,448.21502685546875,-1,-1,-1,-1
326,19,1031.249267578125,521.1412963867188,186.4884033203125,425.75128173828125,-1,-1,-1,-1
327,19,1062.0625,529.8883056640625,191.10546875,394.885498046875,-1,-1,-1,-1
328,19,1084.65673828125,529.277587890625,174.3321533203125,368.58660888671875,-1,-1,-1,-1
329,19,1099.4527587890625,527.9057006835938,149.184814453125,362.9967041015625,-1,-1,-1,-1
330,19,1116.501708984375,529.0501708984375,136.6693115234375,365.2110595703125,-1,-1,-1,-1
331,19,1141.0101318359375,532.7467651367188,132.7667236328125,367.56756591796875,-1,-1,-1,-1
332,19,1147.3660888671875,532.81689453125,135.5457763671875,360.7620849609375,-1,-1,-1,-1
333,19,1148.02001953125,543.4620361328125,137.36962890625,342.91925048828125,-1,-1,-1,-1
334,19,1159.4642333984375,545.827392578125,138.73046875,332.47906494140625,-1,-1,-1,-1
335,19,1165.384521484375,548.976806640625,143.901123046875,319.547607421875,-1,-1,-1,-1
336,19,1177.1640625,552.7120361328125,143.3143310546875,321.1744384765625,-1,-1,-1,-1
337,19,1206.855712890625,574.9026489257812,132.1085205078125,317.35552978515625,-1,-1,-1,-1
338,19,1269.064453125,602.164306640625,124.4166259765625,321.1776123046875,-1,-1,-1,-1
339,19,1293.890869140625,628.4649047851562,168.5780029296875,296.74725341796875,-1,-1,-1,-1
315,20,220.31617736816406,578.013427734375,146.98887634277344,260.05169677734375,-1,-1,-1,-1
316,20,363.645263671875,602.5543823242188,169.28314208984375,282.2171630859375,-1,-1,-1,-1
317,20,448.79864501953125,604.9766845703125,164.83770751953125,281.59075927734375,-1,-1,-1,-1
318,20,505.189453125,616.0407104492188,161.66326904296875,259.52496337890625,-1,-1,-1,-1
319,20,541.3919677734375,609.918212890625,154.39202880859375,250.15899658203125,-1,-1,-1,-1
320,20,564.5579833984375,611.6384887695312,151.19073486328125,234.9822998046875,-1,-1,-1,-1
321,20,581.7294311523438,603.7991943359375,141.4010009765625,227.68365478515625,-1,-1,-1,-1
322,20,601.42724609375,598.5230102539062,124.7503662109375,221.15191650390625,-1,-1,-1,-1
323,20,619.9868774414062,576.1007690429688,119.00177001953125,240.79351806640625,-1,-1,-1,-1
324,20,629.435791015625,573.1034545898438,118.287353515625,245.45233154296875,-1,-1,-1,-1
325,20,633.2913208007812,592.4077758789062,117.09771728515625,228.30096435546875,-1,-1,-1,-1
326,20,637.8572387695312,573.1908569335938,122.70733642578125,249.7635498046875,-1,-1,-1,-1
327,20,651.8016967773438,581.0064697265625,117.51904296875,239.3221435546875,-1,-1,-1,-1
328,20,652.5367431640625,602.4500732421875,107.92083740234375,205.0364990234375,-1,-1,-1,-1
329,20,643.6517333984375,568.833984375,98.85919189453125,231.710693359375,-1,-1,-1,-1
330,20,641.0653076171875,563.8486938476562,93.7669677734375,226.2742919921875,-1,-1,-1,-1
331,20,641.4906005859375,565.6536865234375,107.5233154296875,221.368896484375,-1,-1,-1,-1
332,20,630.7755737304688,548.1102905273438,119.76043701171875,235.31805419921875,-1,-1,-1,-1
333,20,616.4310302734375,546.291748046875,127.89825439453125,232.3558349609375,-1,-1,-1,-1
334,20,611.4562377929688,540.5507202148438,137.30670166015625,231.76654052734375,-1,-1,-1,-1
335,20,599.8751831054688,560.232666015625,143.88671875,211.53228759765625,-1,-1,-1,-1
336,20,598.1455688476562,558.1664428710938,140.9918212890625,220.32354736328125,-1,-1,-1,-1
337,20,601.7824096679688,566.995849609375,137.50262451171875,226.7923583984375,-1,-1,-1,-1
338,20,649.5653076171875,592.662353515625,129.32916259765625,216.12628173828125,-1,-1,-1,-1
339,20,752.8034057617188,582.0571899414062,122.0120849609375,225.06976318359375,-1,-1,-1,-1
340,20,886.1541748046875,557.5221557617188,129.8369140625,245.75311279296875,-1,-1,-1,-1
341,20,1017.8861694335938,531.7532958984375,135.49224853515625,265.671142578125,-1,-1,-1,-1
342,20,1098.9169921875,496.2054443359375,127.2257080078125,285.8309326171875,-1,-1,-1,-1
343,20,1151.639892578125,475.01312255859375,121.9620361328125,299.79656982421875,-1,-1,-1,-1
344,20,1202.9100341796875,436.1134033203125,122.061767578125,323.2171630859375,-1,-1,-1,-1
345,20,1194.718017578125,415.943359375,119.8582763671875,337.7230224609375,-1,-1,-1,-1
346,20,1067.452880859375,423.4997253417969,120.7232666015625,329.7591247558594,-1,-1,-1,-1
347,20,826.9444580078125,472.3405456542969,117.12640380859375,298.1105041503906,-1,-1,-1,-1
348,20,825.4509887695312,539.1892700195312,63.35955810546875,143.84478759765625,-1,-1,-1,-1
349,20,650.1966552734375,579.0850830078125,59.73834228515625,118.08477783203125,-1,-1,-1,-1
350,20,586.5148315429688,591.8009033203125,52.84075927734375,105.24371337890625,-1,-1,-1,-1
351,20,566.3594970703125,606.533203125,58.36920166015625,101.8538818359375,-1,-1,-1,-1
352,20,569.4542846679688,621.8939208984375,57.20977783203125,107.86907958984375,-1,-1,-1,-1
353,20,572.8483276367188,615.4103393554688,62.6629638671875,106.55810546875,-1,-1,-1,-1
354,20,582.7738647460938,611.8917236328125,65.25677490234375,106.103515625,-1,-1,-1,-1
355,20,585.2608642578125,615.0138549804688,75.7562255859375,126.20367431640625,-1,-1,-1,-1
356,20,620.8468627929688,645.14794921875,43.31646728515625,95.5618896484375,-1,-1,-1,-1
357,20,627.3689575195312,653.22705078125,42.6961669921875,84.50762939453125,-1,-1,-1,-1
358,20,621.2926025390625,667.7770385742188,49.80621337890625,94.603759765625,-1,-1,-1,-1
359,20,624.921142578125,662.190185546875,46.216552734375,91.6116943359375,-1,-1,-1,-1
360,20,616.80712890625,656.0123291015625,49.5672607421875,103.30560302734375,-1,-1,-1,-1
361,20,604.910400390625,645.7777099609375,61.54473876953125,113.186279296875,-1,-1,-1,-1
362,20,611.1461791992188,628.6017456054688,66.505859375,118.8416748046875,-1,-1,-1,-1
363,20,620.631103515625,611.0858154296875,59.54962158203125,120.8836669921875,-1,-1,-1,-1
364,20,638.9405517578125,587.04541015625,63.26812744140625,134.0439453125,-1,-1,-1,-1
365,20,660.1785888671875,603.693603515625,61.58782958984375,124.4769287109375,-1,-1,-1,-1
366,20,679.4130859375,607.0140380859375,64.2777099609375,128.8841552734375,-1,-1,-1,-1
367,20,691.1701049804688,592.2777709960938,69.57647705078125,143.11114501953125,-1,-1,-1,-1
368,20,694.743408203125,611.262451171875,54.95721435546875,115.0897216796875,-1,-1,-1,-1
369,20,690.3099365234375,612.1724243164062,63.96234130859375,157.9801025390625,-1,-1,-1,-1
370,20,689.5752563476562,639.845458984375,60.5892333984375,142.8631591796875,-1,-1,-1,-1
371,20,689.46728515625,643.932861328125,68.72271728515625,141.6461181640625,-1,-1,-1,-1
372,20,688.3389282226562,647.887451171875,62.9434814453125,134.86126708984375,-1,-1,-1,-1
373,20,687.7217407226562,621.6083374023438,61.51556396484375,138.75921630859375,-1,-1,-1,-1
374,20,694.57666015625,597.2462768554688,76.37396240234375,157.9207763671875,-1,-1,-1,-1
375,20,695.94384765625,579.3541870117188,79.5079345703125,148.94073486328125,-1,-1,-1,-1
376,20,705.6038208007812,563.331787109375,72.28497314453125,168.22381591796875,-1,-1,-1,-1
377,20,735.5978393554688,532.8214721679688,67.62408447265625,151.06439208984375,-1,-1,-1,-1
378,20,762.5821533203125,497.2617492675781,68.294921875,166.82955932617188,-1,-1,-1,-1
379,20,787.826904296875,508.635009765625,75.93951416015625,163.30035400390625,-1,-1,-1,-1
380,20,817.2285766601562,526.7236328125,68.92388916015625,157.2174072265625,-1,-1,-1,-1
381,20,865.3477783203125,546.4786987304688,68.62847900390625,147.41900634765625,-1,-1,-1,-1
382,20,912.1019287109375,553.4158325195312,71.375244140625,151.3662109375,-1,-1,-1,-1
383,20,945.0919799804688,571.3984375,83.36773681640625,164.795166015625,-1,-1,-1,-1
384,20,976.3651123046875,601.9255981445312,81.2822265625,173.01953125,-1,-1,-1,-1
385,20,999.748779296875,625.1105346679688,96.099365234375,181.2015380859375,-1,-1,-1,-1
386,20,1046.320556640625,632.8123168945312,109.326904296875,189.95123291015625,-1,-1,-1,-1
387,20,1108.2860107421875,668.5054321289062,117.9945068359375,253.78216552734375,-1,-1,-1,-1
388,20,772.9696044921875,512.9287719726562,93.38665771484375,197.02508544921875,-1,-1,-1,-1
338,21,832.939697265625,625.5441284179688,54.76513671875,104.0087890625,-1,-1,-1,-1
339,21,940.7825317382812,619.6956787109375,62.03009033203125,107.68145751953125,-1,-1,-1,-1
340,21,1101.5560302734375,606.8629150390625,61.829833984375,112.810791015625,-1,-1,-1,-1
341,21,1240.797119140625,571.99609375,82.341796875,132.635986328125,-1,-1,-1,-1
342,21,1305.3892822265625,521.1754760742188,67.7232666015625,145.37298583984375,-1,-1,-1,-1
340,22,1.712813377380371,570.3035278320312,273.4615783691406,659.4149780273438,-1,-1,-1,-1
341,22,142.82928466796875,570.0380249023438,244.55630493164062,627.0396118164062,-1,-1,-1,-1
342,22,210.17535400390625,564.6655883789062,239.83694458007812,604.0956420898438,-1,-1,-1,-1
343,22,247.17703247070312,565.9312744140625,246.96621704101562,589.0780029296875,-1,-1,-1,-1
344,22,279.3567199707031,566.7470703125,257.3901062011719,569.7779541015625,-1,-1,-1,-1
345,22,248.2259521484375,580.9216918945312,282.79852294921875,562.7002563476562,-1,-1,-1,-1
346,22,89.27737426757812,624.3097534179688,338.1192626953125,582.3760375976562,-1,-1,-1,-1
347,22,334.86065673828125,526.0097045898438,441.64862060546875,724.3563842773438,-1,-1,-1,-1
343,23,98.50476837158203,778.1427001953125,49.45830535888672,65.38128662109375,-1,-1,-1,-1
344,23,155.2603302001953,767.6290283203125,45.81602478027344,59.58184814453125,-1,-1,-1,-1
345,23,143.90625,776.7940673828125,49.75245666503906,62.3992919921875,-1,-1,-1,-1
346,23,208.48052978515625,769.2190551757812,163.785888671875,140.12408447265625,-1,-1,-1,-1
348,24,562.6602783203125,520.9933471679688,126.1744384765625,292.56884765625,-1,-1,-1,-1
349,24,506.8914489746094,541.2171630859375,238.72634887695312,274.70501708984375,-1,-1,-1,-1
350,24,560.0501098632812,586.2070922851562,81.2119140625,111.78253173828125,-1,-1,-1,-1
349,25,1161.127685546875,494.5792541503906,180.8209228515625,361.8493957519531,-1,-1,-1,-1
350,25,1089.2042236328125,503.25030517578125,181.875,406.30975341796875,-1,-1,-1,-1
351,25,1084.503662109375,511.1354064941406,195.4912109375,456.5939636230469,-1,-1,-1,-1
352,25,1093.86767578125,521.0402221679688,218.810302734375,488.0306396484375,-1,-1,-1,-1
353,25,1115.27880859375,532.2647705078125,240.673828125,500.0125732421875,-1,-1,-1,-1
354,25,1147.4676513671875,559.180908203125,247.2022705078125,517.53955078125,-1,-1,-1,-1
355,25,1174.4847412109375,597.5533447265625,239.4481201171875,539.4798583984375,-1,-1,-1,-1
356,25,1202.009765625,598.9139404296875,206.9385986328125,576.41455078125,-1,-1,-1,-1
357,25,1212.1619873046875,540.9971923828125,276.9154052734375,716.2637939453125,-1,-1,-1,-1
349,26,350.79351806640625,547.985595703125,160.04037475585938,320.37518310546875,-1,-1,-1,-1
350,26,257.0067443847656,557.2390747070312,183.94900512695312,336.36212158203125,-1,-1,-1,-1
351,26,214.2673797607422,573.207763671875,196.59547424316406,353.82415771484375,-1,-1,-1,-1
352,26,188.78369140625,590.3118896484375,195.87408447265625,377.05859375,-1,-1,-1,-1
353,26,176.5946044921875,581.8112182617188,195.73892211914062,398.31768798828125,-1,-1,-1,-1
354,26,166.0911407470703,595.2800903320312,202.78868103027344,409.19866943359375,-1,-1,-1,-1
355,26,155.3538055419922,623.594970703125,209.2740020751953,422.957275390625,-1,-1,-1,-1
356,26,150.6800537109375,638.0396728515625,204.84432983398438,440.41845703125,-1,-1,-1,-1
357,26,133.0436553955078,651.833251953125,215.8461151123047,477.8131103515625,-1,-1,-1,-1
358,26,99.538330078125,670.63330078125,240.6068115234375,518.10546875,-1,-1,-1,-1
359,26,58.38263702392578,666.43310546875,266.0960693359375,529.54638671875,-1,-1,-1,-1
360,26,17.891082763671875,666.2341918945312,275.0908203125,538.2217407226562,-1,-1,-1,-1
361,26,-4.213139533996582,669.3353271484375,260.1818542480469,540.36572265625,-1,-1,-1,-1
362,26,-36.5314826965332,649.3408813476562,271.0479431152344,550.7120971679688,-1,-1,-1,-1
363,26,-115.27523803710938,644.5275268554688,349.0269775390625,550.8954467773438,-1,-1,-1,-1
364,26,-145.69741821289062,599.9837646484375,377.6867370605469,591.0384521484375,-1,-1,-1,-1
365,26,-171.14051818847656,616.4744873046875,405.95556640625,609.2904052734375,-1,-1,-1,-1
366,26,-237.78871154785156,601.207275390625,499.31817626953125,761.94677734375,-1,-1,-1,-1
367,26,-249.22900390625,552.6339111328125,584.916748046875,855.6865234375,-1,-1,-1,-1
368,26,-240.3728790283203,556.5838623046875,484.6747131347656,871.763427734375,-1,-1,-1,-1
394,27,-54.75469207763672,514.9619140625,112.5330810546875,244.7095947265625,-1,-1,-1,-1
395,27,34.57123947143555,474.7395324707031,149.4109649658203,262.0230407714844,-1,-1,-1,-1
396,27,170.72720336914062,480.3431701660156,142.07595825195312,249.02719116210938,-1,-1,-1,-1
397,27,270.44677734375,480.8426513671875,129.67596435546875,242.6956787109375,-1,-1,-1,-1
398,27,378.3555603027344,486.8750915527344,107.24844360351562,230.25051879882812,-1,-1,-1,-1
399,27,493.5043640136719,492.83392333984375,93.05184936523438,216.39013671875,-1,-1,-1,-1
400,27,583.37353515625,490.2841491699219,83.20672607421875,213.21688842773438,-1,-1,-1,-1
401,27,641.218994140625,474.4176330566406,85.931640625,221.80325317382812,-1,-1,-1,-1
402,27,688.7490844726562,475.4962158203125,88.13360595703125,219.08721923828125,-1,-1,-1,-1
403,27,730.7174072265625,478.60931396484375,89.837890625,221.156005859375,-1,-1,-1,-1
404,27,768.785400390625,489.54443359375,91.61407470703125,223.4693603515625,-1,-1,-1,-1
405,27,803.6180419921875,507.03912353515625,90.17108154296875,215.6287841796875,-1,-1,-1,-1
406,27,827.9239501953125,512.3926696777344,92.59307861328125,220.56173706054688,-1,-1,-1,-1
407,27,849.9984741210938,518.7000732421875,95.66168212890625,228.3465576171875,-1,-1,-1,-1
408,27,864.9375610351562,523.97900390625,96.38458251953125,230.4989013671875,-1,-1,-1,-1
409,27,869.7681274414062,520.33154296875,98.51708984375,228.6126708984375,-1,-1,-1,-1
410,27,879.1503295898438,537.6142578125,95.657958984375,220.1536865234375,-1,-1,-1,-1
411,27,888.5785522460938,548.1849365234375,95.3590087890625,229.95684814453125,-1,-1,-1,-1
412,27,897.9513549804688,568.227294921875,94.2601318359375,232.70233154296875,-1,-1,-1,-1
413,27,906.3466796875,561.7173461914062,92.0887451171875,236.07958984375,-1,-1,-1,-1
414,27,906.0200805664062,552.1839599609375,91.23687744140625,243.589111328125,-1,-1,-1,-1
415,27,906.4384765625,558.3175048828125,88.8236083984375,238.35186767578125,-1,-1,-1,-1
416,27,905.4613037109375,554.9716796875,88.2255859375,242.97869873046875,-1,-1,-1,-1
417,27,896.0880126953125,565.1779174804688,88.343017578125,228.37554931640625,-1,-1,-1,-1
418,27,864.2171630859375,567.2853393554688,84.51849365234375,225.2537841796875,-1,-1,-1,-1
419,27,824.5133666992188,572.5056762695312,82.97650146484375,241.50048828125,-1,-1,-1,-1
420,27,799.5679931640625,584.4015502929688,80.23858642578125,236.43194580078125,-1,-1,-1,-1
421,27,786.1082153320312,596.8468627929688,78.2694091796875,228.0826416015625,-1,-1,-1,-1
397,28,-53.94386672973633,463.02532958984375,136.41497802734375,414.641357421875,-1,-1,-1,-1
398,28,25.091259002685547,443.8972473144531,158.16970825195312,391.0966491699219,-1,-1,-1,-1
399,28,145.5975341796875,434.5708923339844,154.83529663085938,363.6849670410156,-1,-1,-1,-1
400,28,247.48922729492188,429.33563232421875,147.71142578125,343.55621337890625,-1,-1,-1,-1
401,28,316.8854064941406,428.98126220703125,140.20590209960938,328.85919189453125,-1,-1,-1,-1
402,28,371.85711669921875,433.4461975097656,132.73959350585938,305.9968566894531,-1,-1,-1,-1
403,28,426.4268798828125,439.0072937011719,122.6458740234375,292.4681701660156,-1,-1,-1,-1
404,28,477.35845947265625,449.8449401855469,115.96978759765625,281.9636535644531,-1,-1,-1,-1
405,28,518.2584228515625,450.885498046875,106.81634521484375,282.03802490234375,-1,-1,-1,-1
406,28,547.0144653320312,458.8562316894531,99.927978515625,278.4250793457031,-1,-1,-1,-1
407,28,569.97314453125,475.4516296386719,96.0252685546875,272.9670715332031,-1,-1,-1,-1
408,28,585.268310546875,483.8577880859375,94.74505615234375,271.3900146484375,-1,-1,-1,-1
409,28,591.9546508789062,483.51019287109375,96.10321044921875,271.021484375,-1,-1,-1,-1
410,28,600.023681640625,495.14892578125,97.4267578125,263.67999267578125,-1,-1,-1,-1
411,28,610.0421142578125,517.7101440429688,90.9085693359375,258.3785400390625,-1,-1,-1,-1
412,28,620.17626953125,534.2245483398438,88.84051513671875,249.69476318359375,-1,-1,-1,-1
413,28,625.0277099609375,530.2221069335938,91.1656494140625,249.51385498046875,-1,-1,-1,-1
414,28,627.176513671875,527.0205688476562,89.3057861328125,249.291259765625,-1,-1,-1,-1
415,28,630.5283813476562,530.6842041015625,86.34136962890625,249.920654296875,-1,-1,-1,-1
416,28,629.6995849609375,532.0828857421875,85.654541015625,251.4334716796875,-1,-1,-1,-1
417,28,621.9190673828125,536.1419067382812,85.59521484375,257.24945068359375,-1,-1,-1,-1
418,28,588.6201171875,555.8649291992188,81.37176513671875,252.21966552734375,-1,-1,-1,-1
419,28,548.6342163085938,567.3048095703125,84.37884521484375,255.6739501953125,-1,-1,-1,-1
420,28,517.00439453125,591.9539184570312,86.3746337890625,240.78546142578125,-1,-1,-1,-1
421,28,499.1424255371094,596.7841796875,89.00253295898438,242.5419921875,-1,-1,-1,-1
400,29,201.3018035888672,744.6831665039062,934.1454467773438,671.6998901367188,-1,-1,-1,-1
401,29,149.5484619140625,653.890869140625,1137.1947021484375,764.7677001953125,-1,-1,-1,-1
402,29,48.90298080444336,560.2411499023438,1271.1251220703125,865.7603149414062,-1,-1,-1,-1
403,29,38.41684341430664,542.9251708984375,1337.2664794921875,868.7886962890625,-1,-1,-1,-1
404,29,45.125423431396484,561.5814208984375,1301.9239501953125,852.4703369140625,-1,-1,-1,-1
405,29,34.054969787597656,553.9112548828125,1291.3416748046875,862.8577880859375,-1,-1,-1,-1
406,29,34.59489059448242,571.705078125,1298.1978759765625,840.4915771484375,-1,-1,-1,-1
407,29,21.18968963623047,570.2192993164062,1314.869873046875,850.4505004882812,-1,-1,-1,-1
408,29,22.403263092041016,566.9177856445312,1316.046142578125,860.1173706054688,-1,-1,-1,-1
409,29,41.05161666870117,540.1600341796875,1292.253662109375,875.1715087890625,-1,-1,-1,-1
410,29,79.742919921875,558.111083984375,1276.9920654296875,852.20947265625,-1,-1,-1,-1
411,29,286.9631042480469,556.2838745117188,1079.4285888671875,855.2015991210938,-1,-1,-1,-1
412,29,593.6539306640625,592.7608642578125,692.605712890625,816.6868896484375,-1,-1,-1,-1
413,29,602.0455932617188,614.3834838867188,719.5763549804688,796.9918823242188,-1,-1,-1,-1
414,29,586.437744140625,599.266357421875,774.868896484375,814.343017578125,-1,-1,-1,-1
415,29,598.8119506835938,604.1944580078125,750.3316040039062,809.22705078125,-1,-1,-1,-1
416,29,582.2438354492188,604.735595703125,793.6842651367188,809.518798828125,-1,-1,-1,-1
417,29,557.8078002929688,622.41357421875,751.3925170898438,792.4901123046875,-1,-1,-1,-1
418,29,554.8984375,647.2761840820312,780.67919921875,766.4612426757812,-1,-1,-1,-1
419,29,504.6429443359375,802.6527709960938,616.0762939453125,611.6570434570312,-1,-1,-1,-1
420,29,486.9182434082031,933.4508056640625,433.3151550292969,481.7034912109375,-1,-1,-1,-1
421,29,454.90521240234375,1042.6964111328125,355.93621826171875,380.9708251953125,-1,-1,-1,-1
410,30,1200.3853759765625,665.73974609375,42.2420654296875,59.7889404296875,-1,-1,-1,-1
411,30,1213.5968017578125,684.009033203125,42.7618408203125,59.54742431640625,-1,-1,-1,-1
412,30,1226.0523681640625,698.5523681640625,44.5250244140625,61.7537841796875,-1,-1,-1,-1
413,30,1240.351806640625,693.8662109375,42.894775390625,62.2867431640625,-1,-1,-1,-1
414,30,1235.1802978515625,689.893798828125,47.37158203125,61.8751220703125,-1,-1,-1,-1
415,30,1242.175048828125,687.5499877929688,43.061767578125,61.2403564453125,-1,-1,-1,-1
416,30,1241.244140625,685.151611328125,43.5694580078125,64.0123291015625,-1,-1,-1,-1
417,30,1238.807373046875,682.1051025390625,41.4913330078125,64.7457275390625,-1,-1,-1,-1
418,30,1205.0078125,679.08740234375,36.096923828125,61.668212890625,-1,-1,-1,-1
419,30,1163.259521484375,680.5096435546875,33.12255859375,60.1160888671875,-1,-1,-1,-1
420,30,1133.139404296875,684.4359130859375,32.8648681640625,58.0048828125,-1,-1,-1,-1
421,30,1120.0296630859375,688.489990234375,31.3726806640625,58.04339599609375,-1,-1,-1,-1
