1,1,1148.04052734375,462.1805419921875,112.9681396484375,296.2530517578125,-1,-1,-1,-1
2,1,1144.2000732421875,465.77984619140625,131.5552978515625,300.19061279296875,-1,-1,-1,-1
3,1,1145.3232421875,459.6130676269531,146.4853515625,319.6567077636719,-1,-1,-1,-1
4,1,1143.86669921875,452.00750732421875,148.341552734375,331.6114501953125,-1,-1,-1,-1
5,1,1144.693603515625,450.9116516113281,148.7548828125,330.0296936035156,-1,-1,-1,-1
6,1,1142.86962890625,446.24591064453125,151.105712890625,322.3828125,-1,-1,-1,-1
7,1,1080.6796875,418.69091796875,153.345458984375,314.891845703125,-1,-1,-1,-1
8,1,845.876220703125,421.0329895019531,153.17352294921875,271.8511657714844,-1,-1,-1,-1
9,1,500.7584228515625,388.5339050292969,181.32562255859375,216.82229614257812,-1,-1,-1,-1
1,2,567.3174438476562,501.7154235839844,181.462890625,331.4396057128906,-1,-1,-1,-1
2,2,566.5211791992188,499.86627197265625,181.241943359375,326.75030517578125,-1,-1,-1,-1
3,2,566.862548828125,501.9801330566406,180.34698486328125,324.9517517089844,-1,-1,-1,-1
4,2,564.088134765625,500.1257629394531,173.47930908203125,326.4449768066406,-1,-1,-1,-1
5,2,553.9117431640625,497.3770446777344,173.17559814453125,328.0710754394531,-1,-1,-1,-1
6,2,536.2214965820312,497.9179382324219,170.4537353515625,329.0122375488281,-1,-1,-1,-1
7,2,436.6755065917969,486.6559753417969,203.90548706054688,339.2041931152344,-1,-1,-1,-1
8,2,550.6243286132812,407.38189697265625,198.85467529296875,285.93231201171875,-1,-1,-1,-1
9,2,510.0016784667969,414.70684814453125,146.61105346679688,130.88177490234375,-1,-1,-1,-1
10,2,123.99026489257812,360.8702392578125,222.8543701171875,331.44329833984375,-1,-1,-1,-1
8,3,132.20985412597656,487.6548767089844,232.36436462402344,357.8471984863281,-1,-1,-1,-1
9,3,490.8955383300781,397.9261779785156,164.04190063476562,240.70101928710938,-1,-1,-1,-1
10,3,132.27377319335938,365.01556396484375,205.87969970703125,353.128662109375,-1,-1,-1,-1
8,4,1164.262451171875,372.8232727050781,253.117431640625,587.187744140625,-1,-1,-1,-1
9,4,808.1610107421875,362.97467041015625,246.9993896484375,498.19989013671875,-1,-1,-1,-1
10,4,493.2134094238281,370.23486328125,235.24948120117188,454.162841796875,-1,-1,-1,-1
11,4,292.4979553222656,336.55010986328125,293.4941711425781,492.47039794921875,-1,-1,-1,-1
12,4,219.38497924804688,349.277587890625,327.7192077636719,505.49322509765625,-1,-1,-1,-1
13,4,207.4105682373047,377.0982666015625,347.02691650390625,503.63934326171875,-1,-1,-1,-1
14,4,223.29786682128906,387.6386413574219,350.01068115234375,502.7610778808594,-1,-1,-1,-1
15,4,336.6523132324219,392.9104919433594,315.2976379394531,484.6231994628906,-1,-1,-1,-1
16,4,564.4559936523438,395.55584716796875,268.62579345703125,484.65179443359375,-1,-1,-1,-1
17,4,797.5084228515625,399.8334655761719,296.3792724609375,529.7333984375,-1,-1,-1,-1
10,5,132.52732849121094,336.816162109375,216.40980529785156,358.67645263671875,-1,-1,-1,-1
11,6,-23.67758560180664,326.4470520019531,173.29116821289062,414.2355041503906,-1,-1,-1,-1
12,6,-74.4531478881836,408.06646728515625,175.51904296875,363.51751708984375,-1,-1,-1,-1
13,6,-88.93063354492188,476.65313720703125,180.95602416992188,329.0374755859375,-1,-1,-1,-1
14,6,-70.6325912475586,497.85272216796875,144.3019256591797,310.58148193359375,-1,-1,-1,-1
15,6,6.754549980163574,417.26983642578125,222.1190643310547,358.701416015625,-1,-1,-1,-1
16,6,263.24176025390625,405.0914611816406,235.227783203125,333.2740783691406,-1,-1,-1,-1
17,6,590.0646362304688,416.6547546386719,201.0020751953125,304.9208068847656,-1,-1,-1,-1
18,6,881.3712768554688,430.00311279296875,192.93804931640625,322.2196044921875,-1,-1,-1,-1
19,6,1115.43603515625,477.630615234375,210.6285400390625,335.629150390625,-1,-1,-1,-1
20,6,945.638916015625,560.1070556640625,202.8287353515625,248.194580078125,-1,-1,-1,-1
18,8,114.71331787109375,580.105224609375,214.00082397460938,415.6270751953125,-1,-1,-1,-1
19,8,373.397705078125,570.1437377929688,164.56817626953125,374.20947265625,-1,-1,-1,-1
20,8,512.0570678710938,562.1240234375,137.6431884765625,364.83154296875,-1,-1,-1,-1
21,8,555.8955688476562,557.7200927734375,128.91351318359375,364.87109375,-1,-1,-1,-1
22,8,576.7559204101562,548.1438598632812,126.7181396484375,365.894287109375,-1,-1,-1,-1
23,8,581.7969360351562,536.7330932617188,133.34259033203125,363.748779296875,-1,-1,-1,-1
24,8,578.6559448242188,536.9926147460938,140.27166748046875,368.063232421875,-1,-1,-1,-1
25,8,570.5965576171875,542.5450439453125,150.97650146484375,380.62255859375,-1,-1,-1,-1
26,8,559.5879516601562,542.097412109375,164.697998046875,400.80474853515625,-1,-1,-1,-1
27,8,552.374755859375,532.9934692382812,181.96673583984375,423.4530029296875,-1,-1,-1,-1
28,8,544.7920532226562,526.35498046875,189.52886962890625,443.31964111328125,-1,-1,-1,-1
29,8,531.2061767578125,515.556640625,189.7109375,474.08056640625,-1,-1,-1,-1
30,8,523.7980346679688,487.9795227050781,184.3397216796875,506.0768737792969,-1,-1,-1,-1
31,8,516.20556640625,482.48876953125,180.05816650390625,513.610107421875,-1,-1,-1,-1
32,8,503.2497253417969,445.21051025390625,191.00003051757812,530.38037109375,-1,-1,-1,-1
33,8,510.1569519042969,409.76348876953125,205.71939086914062,548.55859375,-1,-1,-1,-1
34,8,508.09881591796875,391.84759521484375,214.34454345703125,595.0391845703125,-1,-1,-1,-1
35,8,487.1974792480469,347.85321044921875,228.10409545898438,670.1677856445312,-1,-1,-1,-1
36,8,465.3292236328125,329.6669921875,242.31591796875,730.638671875,-1,-1,-1,-1
37,8,435.9525451660156,311.17169189453125,255.00717163085938,737.2592163085938,-1,-1,-1,-1
38,8,415.41387939453125,270.02789306640625,278.79522705078125,745.609619140625,-1,-1,-1,-1
39,8,379.2316589355469,228.1396942138672,314.0692443847656,765.0188598632812,-1,-1,-1,-1
40,8,302.6044006347656,219.6802978515625,354.6319885253906,794.2310791015625,-1,-1,-1,-1
41,8,175.18814086914062,183.17877197265625,442.5808410644531,890.8388061523438,-1,-1,-1,-1
42,8,30.2576904296875,222.88726806640625,535.0311279296875,979.0136108398438,-1,-1,-1,-1
43,8,-54.023101806640625,240.18605041503906,558.352294921875,1051.8455810546875,-1,-1,-1,-1
44,8,-146.42320251464844,259.7242736816406,645.2416381835938,1062.8583984375,-1,-1,-1,-1
45,8,-287.7298278808594,263.2568664550781,826.5582275390625,1087.579833984375,-1,-1,-1,-1
46,8,-306.1836242675781,318.67852783203125,827.415771484375,1113.27783203125,-1,-1,-1,-1
47,8,-307.4581298828125,445.2003173828125,815.138671875,977.18359375,-1,-1,-1,-1
48,8,-163.7211456298828,508.1363220214844,692.5985717773438,905.3319091796875,-1,-1,-1,-1
49,8,-218.14218139648438,558.0570068359375,731.9627685546875,861.3363037109375,-1,-1,-1,-1
50,8,-147.45814514160156,589.3192138671875,899.968017578125,828.084716796875,-1,-1,-1,-1
51,8,-166.82803344726562,683.8931884765625,981.7869873046875,739.8658447265625,-1,-1,-1,-1
52,8,-67.6949462890625,657.2927856445312,837.293701171875,771.6222534179688,-1,-1,-1,-1
53,8,-56.596797943115234,735.9856567382812,786.76806640625,697.9030151367188,-1,-1,-1,-1
54,8,-123.02818298339844,742.9917602539062,775.7484741210938,681.8397827148438,-1,-1,-1,-1
55,8,-121.79931640625,816.6495971679688,637.8056640625,600.7865600585938,-1,-1,-1,-1
56,8,-55.98686218261719,840.9674072265625,512.6898803710938,564.8907470703125,-1,-1,-1,-1
57,8,-200.23406982421875,809.12353515625,566.280517578125,601.6658935546875,-1,-1,-1,-1
58,8,-32.451717376708984,946.4471435546875,422.1099548339844,372.7998046875,-1,-1,-1,-1
59,8,-219.4022674560547,780.3013916015625,619.1029663085938,505.122314453125,-1,-1,-1,-1
60,8,-201.97348022460938,797.3197021484375,481.3716125488281,429.9852294921875,-1,-1,-1,-1
61,8,-188.1727752685547,757.921875,437.2030029296875,438.778564453125,-1,-1,-1,-1
62,8,-57.53636169433594,782.3307495117188,384.27813720703125,407.51678466796875,-1,-1,-1,-1
63,8,-25.0117244720459,548.574951171875,499.1107177734375,525.398193359375,-1,-1,-1,-1
64,8,114.90780639648438,520.3551635742188,504.7909851074219,572.6318969726562,-1,-1,-1,-1
65,8,247.3359375,558.06787109375,441.59454345703125,545.5242919921875,-1,-1,-1,-1
66,8,313.7025146484375,595.9558715820312,391.9464111328125,553.1835327148438,-1,-1,-1,-1
67,8,354.93389892578125,607.2778930664062,348.1383056640625,542.2256469726562,-1,-1,-1,-1
68,8,374.1201477050781,575.2826538085938,310.1064147949219,532.8164672851562,-1,-1,-1,-1
69,8,428.9300231933594,545.31982421875,292.1788024902344,497.2442626953125,-1,-1,-1,-1
70,8,466.341064453125,540.1467895507812,315.802001953125,426.329833984375,-1,-1,-1,-1
71,8,454.1807861328125,553.0556030273438,351.46728515625,382.32403564453125,-1,-1,-1,-1
72,8,400.9915771484375,551.4175415039062,431.3824462890625,387.4144287109375,-1,-1,-1,-1
73,8,371.568115234375,548.5817260742188,422.065673828125,397.74658203125,-1,-1,-1,-1
74,8,379.8753967285156,537.1253662109375,410.9608459472656,414.559814453125,-1,-1,-1,-1
75,8,396.030517578125,531.603759765625,412.21563720703125,416.0225830078125,-1,-1,-1,-1
76,8,399.21533203125,544.7567138671875,416.38671875,392.13323974609375,-1,-1,-1,-1
77,8,386.4504089355469,541.1798706054688,399.6381530761719,367.10516357421875,-1,-1,-1,-1
78,8,387.6026916503906,541.7223510742188,381.7714538574219,338.49822998046875,-1,-1,-1,-1
79,8,404.08929443359375,551.46630859375,322.98321533203125,320.880859375,-1,-1,-1,-1
80,8,418.9320068359375,539.5789794921875,245.6754150390625,333.768798828125,-1,-1,-1,-1
81,8,461.9445495605469,539.8251953125,221.41506958007812,321.70819091796875,-1,-1,-1,-1
82,8,522.4628295898438,534.3203125,204.1622314453125,306.1632080078125,-1,-1,-1,-1
83,8,578.0218505859375,529.6121215820312,209.0382080078125,289.942138671875,-1,-1,-1,-1
84,8,633.0614624023438,546.8103637695312,203.35675048828125,261.4178466796875,-1,-1,-1,-1
85,8,679.4979248046875,555.795166015625,189.81646728515625,248.50640869140625,-1,-1,-1,-1
86,8,710.8701782226562,566.7296142578125,184.91534423828125,232.98211669921875,-1,-1,-1,-1
87,8,732.8662109375,564.542236328125,176.63580322265625,226.54461669921875,-1,-1,-1,-1
88,8,739.7024536132812,552.5125732421875,176.65374755859375,234.19683837890625,-1,-1,-1,-1
89,8,749.0980834960938,545.0087890625,170.20343017578125,237.08929443359375,-1,-1,-1,-1
90,8,765.8558959960938,544.7962646484375,164.11761474609375,237.43853759765625,-1,-1,-1,-1
91,8,777.7290649414062,532.4351806640625,171.5399169921875,249.029052734375,-1,-1,-1,-1
92,8,784.338623046875,529.27783203125,185.093017578125,248.202880859375,-1,-1,-1,-1
93,8,792.7034912109375,529.1241455078125,182.99700927734375,238.4910888671875,-1,-1,-1,-1
94,8,803.679443359375,514.1181030273438,167.6826171875,245.513427734375,-1,-1,-1,-1
95,8,822.2859497070312,527.13427734375,135.99359130859375,238.04449462890625,-1,-1,-1,-1
96,8,859.6953735351562,532.27001953125,141.04974365234375,238.4906005859375,-1,-1,-1,-1
97,8,904.446533203125,526.0572509765625,159.402099609375,246.9246826171875,-1,-1,-1,-1
98,8,936.6046142578125,510.1517333984375,164.470703125,255.992431640625,-1,-1,-1,-1
99,8,949.0377197265625,527.0797729492188,166.215576171875,234.98468017578125,-1,-1,-1,-1
100,8,946.3406982421875,523.22265625,152.221923828125,240.9462890625,-1,-1,-1,-1
101,8,948.0466918945312,519.1632080078125,117.82244873046875,234.8046875,-1,-1,-1,-1
102,8,948.3949584960938,504.4974060058594,125.76593017578125,232.98373413085938,-1,-1,-1,-1
103,8,948.3702392578125,497.5310974121094,134.00537109375,234.63845825195312,-1,-1,-1,-1
104,8,953.13916015625,495.2383117675781,131.503173828125,234.84384155273438,-1,-1,-1,-1
105,8,963.2747802734375,516.7254638671875,110.3465576171875,213.44842529296875,-1,-1,-1,-1
106,8,950.2017822265625,501.482421875,104.531982421875,230.42657470703125,-1,-1,-1,-1
107,8,907.3942260742188,493.73846435546875,145.20733642578125,236.9993896484375,-1,-1,-1,-1
108,8,861.7020263671875,502.1848449707031,189.9312744140625,217.45303344726562,-1,-1,-1,-1
109,8,862.5869140625,482.3123474121094,180.7412109375,249.64016723632812,-1,-1,-1,-1
110,8,857.7293090820312,479.7806701660156,161.31689453125,252.00454711914062,-1,-1,-1,-1
111,8,826.4860229492188,491.6017761230469,166.308837890625,239.32565307617188,-1,-1,-1,-1
112,8,804.8672485351562,478.19720458984375,177.22625732421875,253.951904296875,-1,-1,-1,-1
113,8,817.3693237304688,470.71234130859375,185.5601806640625,282.20684814453125,-1,-1,-1,-1
114,8,817.849609375,458.1753234863281,183.74609375,314.1628723144531,-1,-1,-1,-1
115,8,804.337890625,437.4242858886719,167.3978271484375,354.2634582519531,-1,-1,-1,-1
116,8,786.6719970703125,428.5452880859375,165.05303955078125,361.49749755859375,-1,-1,-1,-1
117,8,746.6566772460938,412.8583984375,196.01251220703125,373.05096435546875,-1,-1,-1,-1
118,8,685.7793579101562,395.497314453125,254.67626953125,389.43695068359375,-1,-1,-1,-1
119,8,641.1658325195312,374.789306640625,306.607666015625,425.5198974609375,-1,-1,-1,-1
120,8,606.2040405273438,359.2392883300781,395.89453125,506.1263732910156,-1,-1,-1,-1
121,8,575.0284423828125,361.2655334472656,466.8760986328125,577.3748779296875,-1,-1,-1,-1
18,9,1078.2213134765625,407.19482421875,335.0489501953125,635.409912109375,-1,-1,-1,-1
19,9,1134.344970703125,460.6632385253906,192.89404296875,352.9547424316406,-1,-1,-1,-1
20,9,932.4360961914062,564.8287353515625,183.77935791015625,225.3787841796875,-1,-1,-1,-1
20,10,1319.2320556640625,490.91876220703125,133.7401123046875,384.917724609375,-1,-1,-1,-1
21,10,1216.487548828125,510.7560729980469,171.5546875,329.1925354003906,-1,-1,-1,-1
40,11,1246.923583984375,254.4539031982422,167.9832763671875,410.42974853515625,-1,-1,-1,-1
41,11,1116.024169921875,187.5631103515625,191.4127197265625,403.56439208984375,-1,-1,-1,-1
42,11,990.0787963867188,151.91616821289062,178.15899658203125,397.0319519042969,-1,-1,-1,-1
43,11,890.87451171875,125.83978271484375,153.4105224609375,373.25830078125,-1,-1,-1,-1
44,11,800.129150390625,121.91473388671875,136.29229736328125,347.42376708984375,-1,-1,-1,-1
45,11,730.444580078125,77.01144409179688,128.4793701171875,376.0088806152344,-1,-1,-1,-1
46,11,667.4957275390625,67.64666748046875,147.264404296875,369.17694091796875,-1,-1,-1,-1
47,11,605.5689086914062,80.73483276367188,171.30999755859375,361.04327392578125,-1,-1,-1,-1
48,11,578.416748046875,58.814369201660156,176.487548828125,377.5686340332031,-1,-1,-1,-1
49,11,548.058837890625,67.51033782958984,171.14825439453125,364.1669921875,-1,-1,-1,-1
50,11,497.7060852050781,70.84324645996094,163.51980590820312,356.599853515625,-1,-1,-1,-1
51,11,451.3589172363281,77.0169677734375,158.53469848632812,341.9326477050781,-1,-1,-1,-1
52,11,412.47857666015625,90.41886138916016,170.3609619140625,333.049072265625,-1,-1,-1,-1
53,11,342.531494140625,104.73666381835938,186.39923095703125,322.0986022949219,-1,-1,-1,-1
54,11,264.1072998046875,120.1573715209961,171.91021728515625,304.2157897949219,-1,-1,-1,-1
44,12,1037.461669921875,145.06536865234375,344.7957763671875,533.4900512695312,-1,-1,-1,-1
45,12,964.7550659179688,99.55132293701172,392.74505615234375,529.1837768554688,-1,-1,-1,-1
46,12,898.9566650390625,60.93827819824219,400.8067626953125,524.5963134765625,-1,-1,-1,-1
47,12,856.7603149414062,49.81562805175781,356.27130126953125,496.88787841796875,-1,-1,-1,-1
48,12,840.4783935546875,46.73173522949219,267.8973388671875,456.3836669921875,-1,-1,-1,-1
49,12,818.192626953125,48.81719207763672,193.111572265625,445.072265625,-1,-1,-1,-1
50,12,764.9783935546875,57.31602478027344,166.29290771484375,435.2764892578125,-1,-1,-1,-1
51,12,714.8046875,56.57353210449219,175.0296630859375,426.35284423828125,-1,-1,-1,-1
52,12,664.419921875,63.38745880126953,192.2916259765625,414.9335632324219,-1,-1,-1,-1
53,12,592.4797973632812,59.67567443847656,228.85992431640625,411.52874755859375,-1,-1,-1,-1
54,12,500.16162109375,46.248023986816406,251.5042724609375,396.68389892578125,-1,-1,-1,-1
55,12,360.45977783203125,35.41188430786133,274.86083984375,353.9159851074219,-1,-1,-1,-1
56,12,223.5305633544922,44.44657897949219,256.8714141845703,282.83660888671875,-1,-1,-1,-1
57,12,115.75672149658203,46.09081268310547,186.3402099609375,259.40899658203125,-1,-1,-1,-1
58,12,21.059429168701172,-11.155299186706543,188.38937377929688,310.8509826660156,-1,-1,-1,-1
59,12,5.683341979980469,-59.7275390625,173.38760375976562,390.54034423828125,-1,-1,-1,-1
60,12,41.041770935058594,143.6158447265625,125.82953643798828,247.8785400390625,-1,-1,-1,-1
61,12,10.624003410339355,208.47219848632812,226.31674194335938,265.69720458984375,-1,-1,-1,-1
62,12,142.74078369140625,309.41644287109375,261.2542419433594,250.91729736328125,-1,-1,-1,-1
63,12,394.0876159667969,400.0732727050781,201.42355346679688,209.80923461914062,-1,-1,-1,-1
64,12,574.9810791015625,448.16400146484375,172.168701171875,198.34808349609375,-1,-1,-1,-1
65,12,640.535400390625,486.47210693359375,187.3028564453125,205.63323974609375,-1,-1,-1,-1
66,12,684.4854736328125,520.78857421875,189.66357421875,215.2904052734375,-1,-1,-1,-1
67,12,703.5789794921875,529.1395874023438,207.052734375,230.0411376953125,-1,-1,-1,-1
68,12,704.2439575195312,525.1383666992188,219.0355224609375,244.58746337890625,-1,-1,-1,-1
69,12,721.5307006835938,512.986572265625,215.1119384765625,255.3922119140625,-1,-1,-1,-1
70,12,768.93701171875,513.6149291992188,179.33624267578125,253.95697021484375,-1,-1,-1,-1
71,12,789.8079833984375,517.8243408203125,159.16290283203125,258.3232421875,-1,-1,-1,-1
72,12,766.993408203125,522.8433227539062,162.314453125,266.24505615234375,-1,-1,-1,-1
73,12,743.1238403320312,521.8187866210938,185.7078857421875,287.06011962890625,-1,-1,-1,-1
74,12,730.7411499023438,515.0374145507812,219.03033447265625,304.61419677734375,-1,-1,-1,-1
75,12,709.9662475585938,505.0625,272.25738525390625,315.9755859375,-1,-1,-1,-1
76,12,726.6160278320312,499.53216552734375,294.06268310546875,319.34521484375,-1,-1,-1,-1
77,12,729.7596435546875,506.5057678222656,301.6627197265625,304.1092834472656,-1,-1,-1,-1
78,12,758.245849609375,504.31622314453125,285.76953125,303.4715576171875,-1,-1,-1,-1
79,12,769.1685180664062,506.8603210449219,284.88568115234375,319.3293151855469,-1,-1,-1,-1
80,12,771.7440795898438,512.0768432617188,307.42877197265625,375.3092041015625,-1,-1,-1,-1
81,12,791.4771118164062,514.326171875,317.07330322265625,413.4669189453125,-1,-1,-1,-1
82,12,863.2706909179688,509.7190246582031,312.50079345703125,425.8945007324219,-1,-1,-1,-1
83,12,985.5575561523438,505.8157958984375,283.48431396484375,444.4610595703125,-1,-1,-1,-1
84,12,1100.633544921875,497.9494934082031,252.0162353515625,466.0771789550781,-1,-1,-1,-1
85,12,1142.0279541015625,498.7796325683594,268.8428955078125,529.0380859375,-1,-1,-1,-1
86,12,1176.7763671875,496.0777893066406,238.3663330078125,515.3004150390625,-1,-1,-1,-1
87,12,1210.192626953125,510.3652038574219,241.089111328125,494.6297912597656,-1,-1,-1,-1
88,12,1229.555908203125,528.8330078125,244.903564453125,481.4471435546875,-1,-1,-1,-1
89,12,1249.391845703125,570.6373291015625,168.51513671875,430.299560546875,-1,-1,-1,-1
90,12,1265.741455078125,588.2581787109375,248.9232177734375,444.7354736328125,-1,-1,-1,-1
53,13,728.6609497070312,1185.821044921875,232.40985107421875,237.85302734375,-1,-1,-1,-1
54,13,687.3533325195312,1146.7662353515625,302.2255859375,278.8406982421875,-1,-1,-1,-1
55,13,709.88720703125,1090.015380859375,291.1192626953125,324.599609375,-1,-1,-1,-1
56,13,455.72723388671875,1015.2744750976562,544.0096435546875,408.31304931640625,-1,-1,-1,-1
57,13,313.911865234375,957.4751586914062,876.540283203125,467.39520263671875,-1,-1,-1,-1
58,13,359.953369140625,928.2072143554688,782.9376220703125,466.73883056640625,-1,-1,-1,-1
59,13,148.07083129882812,890.7396240234375,1167.94921875,551.7322998046875,-1,-1,-1,-1
60,13,331.636962890625,917.590576171875,1011.587646484375,520.8017578125,-1,-1,-1,-1
61,13,543.1674194335938,1011.2612915039062,748.3502807617188,402.98406982421875,-1,-1,-1,-1
62,13,772.8836669921875,1132.658935546875,429.8236083984375,281.031982421875,-1,-1,-1,-1
63,13,869.1365966796875,1267.5843505859375,275.5672607421875,155.7327880859375,-1,-1,-1,-1
55,14,140.28573608398438,140.33743286132812,171.87387084960938,284.3870849609375,-1,-1,-1,-1
62,15,1.7384939193725586,444.04150390625,205.5963592529297,206.938232421875,-1,-1,-1,-1
63,15,197.4878692626953,463.8634948730469,193.26185607910156,203.58840942382812,-1,-1,-1,-1
64,15,344.386474609375,469.4117126464844,174.49359130859375,207.53866577148438,-1,-1,-1,-1
65,15,420.36920166015625,476.1458435058594,156.95452880859375,244.33413696289062,-1,-1,-1,-1
66,15,466.2730407714844,542.9749145507812,129.94125366210938,221.33673095703125,-1,-1,-1,-1
67,15,468.77972412109375,555.394287109375,112.32061767578125,199.816162109375,-1,-1,-1,-1
68,15,456.4388732910156,561.5300903320312,164.36581420898438,211.94268798828125,-1,-1,-1,-1
69,15,485.36334228515625,527.7840576171875,76.61163330078125,144.9945068359375,-1,-1,-1,-1
70,15,541.1810913085938,526.41064453125,110.64031982421875,124.3104248046875,-1,-1,-1,-1
71,15,498.98028564453125,530.767822265625,171.4066162109375,199.48651123046875,-1,-1,-1,-1
72,15,444.6395568847656,562.2428588867188,120.64590454101562,191.6239013671875,-1,-1,-1,-1
73,15,389.38421630859375,563.8516235351562,106.61492919921875,201.11260986328125,-1,-1,-1,-1
74,15,353.55877685546875,569.9737548828125,105.9937744140625,197.47442626953125,-1,-1,-1,-1
75,15,315.5848693847656,573.8843994140625,141.86898803710938,204.10321044921875,-1,-1,-1,-1
76,15,276.9111633300781,594.5555419921875,155.31277465820312,185.7645263671875,-1,-1,-1,-1
77,15,243.96087646484375,574.437255859375,162.31198120117188,199.781982421875,-1,-1,-1,-1
78,15,217.47604370117188,573.9439086914062,168.54666137695312,191.736083984375,-1,-1,-1,-1
79,15,206.99545288085938,597.131591796875,157.50131225585938,173.28955078125,-1,-1,-1,-1
80,15,193.0830841064453,610.016845703125,136.6699676513672,176.25103759765625,-1,-1,-1,-1
81,15,184.1881866455078,598.0203857421875,132.63722229003906,195.52801513671875,-1,-1,-1,-1
82,15,225.79722595214844,599.246337890625,130.8301239013672,184.271240234375,-1,-1,-1,-1
83,15,282.5444641113281,573.7537841796875,138.48959350585938,194.09228515625,-1,-1,-1,-1
84,15,332.4439697265625,566.36962890625,138.6171875,189.70709228515625,-1,-1,-1,-1
85,15,371.2928466796875,572.4671630859375,121.737060546875,178.36138916015625,-1,-1,-1,-1
86,15,390.55694580078125,572.15234375,109.15713500976562,175.5770263671875,-1,-1,-1,-1
87,15,394.35577392578125,563.4701538085938,106.2259521484375,178.95770263671875,-1,-1,-1,-1
88,15,390.93536376953125,563.587646484375,117.61566162109375,179.88604736328125,-1,-1,-1,-1
89,15,369.0978088378906,556.8401489257812,141.23724365234375,197.18511962890625,-1,-1,-1,-1
90,15,357.0874328613281,556.0306396484375,162.49612426757812,203.31591796875,-1,-1,-1,-1
91,15,369.389404296875,555.6265258789062,159.3131103515625,208.6827392578125,-1,-1,-1,-1
92,15,382.021240234375,554.8229370117188,145.45782470703125,206.459228515625,-1,-1,-1,-1
93,15,400.5240783691406,561.6429443359375,124.32510375976562,194.4129638671875,-1,-1,-1,-1
94,15,408.4337463378906,559.0872802734375,110.18966674804688,193.81719970703125,-1,-1,-1,-1
95,15,425.281494140625,556.0223388671875,119.80987548828125,212.2734375,-1,-1,-1,-1
96,15,465.956298828125,556.3016357421875,116.182861328125,218.055908203125,-1,-1,-1,-1
97,15,510.95330810546875,557.2749633789062,112.37982177734375,218.35205078125,-1,-1,-1,-1
98,15,524.8155517578125,538.2791748046875,114.7685546875,233.2445068359375,-1,-1,-1,-1
99,15,534.6707153320312,533.1767578125,99.862060546875,235.0882568359375,-1,-1,-1,-1
100,15,527.88720703125,532.76318359375,100.453125,234.0711669921875,-1,-1,-1,-1
101,15,517.3622436523438,535.8919067382812,115.39666748046875,246.1043701171875,-1,-1,-1,-1
102,15,494.52923583984375,515.8142700195312,145.10467529296875,286.00982666015625,-1,-1,-1,-1
103,15,487.5657958984375,505.0920104980469,154.31634521484375,304.5423889160156,-1,-1,-1,-1
104,15,468.62841796875,503.1756591796875,156.9619140625,302.15081787109375,-1,-1,-1,-1
105,15,463.0628662109375,504.087158203125,158.091064453125,301.35107421875,-1,-1,-1,-1
106,15,471.1394348144531,499.7533874511719,151.21615600585938,343.8025817871094,-1,-1,-1,-1
107,15,461.1205749511719,486.8090515136719,151.79428100585938,401.9548645019531,-1,-1,-1,-1
108,15,438.90618896484375,475.66058349609375,162.5877685546875,454.8780517578125,-1,-1,-1,-1
109,15,410.9932861328125,475.88592529296875,164.9002685546875,476.38995361328125,-1,-1,-1,-1
110,15,352.9931945800781,473.9240417480469,188.68038940429688,479.9913024902344,-1,-1,-1,-1
111,15,283.1922912597656,476.44366455078125,222.34539794921875,500.6500244140625,-1,-1,-1,-1
112,15,229.5679931640625,465.95611572265625,250.19894409179688,623.5413208007812,-1,-1,-1,-1
113,15,168.73887634277344,464.8605041503906,297.12469482421875,727.0181884765625,-1,-1,-1,-1
114,15,106.95757293701172,479.8881530761719,337.58978271484375,728.86865234375,-1,-1,-1,-1
115,15,54.79884719848633,495.42041015625,379.0723571777344,718.08935546875,-1,-1,-1,-1
116,15,41.862586975097656,491.0702209472656,384.7437744140625,737.5855712890625,-1,-1,-1,-1
117,15,-9.805423736572266,488.23431396484375,625.1666259765625,928.0790405273438,-1,-1,-1,-1
118,15,-2.4347305297851562,430.81182861328125,631.1349487304688,994.7295532226562,-1,-1,-1,-1
119,15,-36.31185531616211,630.5777587890625,672.2181396484375,794.296142578125,-1,-1,-1,-1
120,15,-33.304630279541016,704.1338500976562,686.69091796875,737.5939331054688,-1,-1,-1,-1
121,15,-116.37367248535156,756.6656494140625,786.13427734375,703.9815673828125,-1,-1,-1,-1
