1,1,671.9620361328125,304.63641357421875,128.3570556640625,303.78253173828125,-1,-1,-1,-1
2,1,714.3434448242188,320.9766845703125,134.54986572265625,303.39068603515625,-1,-1,-1,-1
3,1,743.55029296875,346.470458984375,140.946533203125,300.63262939453125,-1,-1,-1,-1
4,1,761.2591552734375,361.94537353515625,146.98016357421875,300.48602294921875,-1,-1,-1,-1
5,1,767.2131958007812,372.4620666503906,153.820068359375,295.9263610839844,-1,-1,-1,-1
6,1,730.1119384765625,401.4753723144531,163.5977783203125,289.2720031738281,-1,-1,-1,-1
7,1,672.6532592773438,403.2417907714844,164.88232421875,292.6477966308594,-1,-1,-1,-1
8,1,632.1873779296875,393.7203674316406,163.96875,298.4283142089844,-1,-1,-1,-1
9,1,627.1166381835938,409.75634765625,156.66668701171875,288.9407958984375,-1,-1,-1,-1
10,1,654.42529296875,427.0111083984375,147.870849609375,292.0185546875,-1,-1,-1,-1
11,1,668.4881591796875,436.7913818359375,147.21759033203125,298.80352783203125,-1,-1,-1,-1
12,1,630.3811645507812,438.3024597167969,151.20379638671875,308.2658996582031,-1,-1,-1,-1
13,1,577.4633178710938,451.3326416015625,141.88360595703125,315.61468505859375,-1,-1,-1,-1
14,1,520.6844482421875,444.10333251953125,147.61273193359375,326.740478515625,-1,-1,-1,-1
15,1,441.7535400390625,449.5167236328125,160.3695068359375,337.6844482421875,-1,-1,-1,-1
16,1,356.3002014160156,474.6667175292969,186.14523315429688,339.9454650878906,-1,-1,-1,-1
17,1,288.06402587890625,502.3558044433594,210.41424560546875,352.7998352050781,-1,-1,-1,-1
18,1,231.03103637695312,512.4679565429688,228.83087158203125,374.9827880859375,-1,-1,-1,-1
19,1,149.42665100097656,519.0851440429688,269.38507080078125,408.79205322265625,-1,-1,-1,-1
20,1,113.88548278808594,533.123779296875,289.45733642578125,407.05389404296875,-1,-1,-1,-1
21,1,177.2220001220703,492.8249206542969,269.61810302734375,397.0021057128906,-1,-1,-1,-1
22,1,282.6167907714844,474.8391418457031,248.03042602539062,366.9828186035156,-1,-1,-1,-1
23,1,435.20391845703125,468.19720458984375,219.6287841796875,346.6220703125,-1,-1,-1,-1
24,1,572.935302734375,446.0041809082031,189.3841552734375,321.6745910644531,-1,-1,-1,-1
25,1,497.8880310058594,552.5726318359375,224.17483520507812,412.475830078125,-1,-1,-1,-1
1,2,272.24884033203125,314.21240234375,215.57644653320312,447.20208740234375,-1,-1,-1,-1
2,2,326.98126220703125,331.9172058105469,214.887451171875,444.9985046386719,-1,-1,-1,-1
3,2,362.55499267578125,375.2980041503906,223.80328369140625,432.7641296386719,-1,-1,-1,-1
4,2,392.22802734375,411.5502624511719,228.049560546875,419.7420959472656,-1,-1,-1,-1
5,2,404.00323486328125,422.7826843261719,231.99468994140625,431.4846496582031,-1,-1,-1,-1
6,2,375.1998291015625,462.0076904296875,245.828857421875,436.89801025390625,-1,-1,-1,-1
7,2,310.378173828125,474.988037109375,259.99639892578125,446.63970947265625,-1,-1,-1,-1
8,2,259.2518310546875,467.97857666015625,256.8017578125,464.19970703125,-1,-1,-1,-1
9,2,271.83697509765625,451.3646240234375,225.927734375,503.5469970703125,-1,-1,-1,-1
10,2,309.5329895019531,472.9446716308594,209.11526489257812,498.1225891113281,-1,-1,-1,-1
11,2,334.463134765625,475.0862121582031,199.8062744140625,520.4005126953125,-1,-1,-1,-1
12,2,304.0950012207031,476.8962707519531,208.47479248046875,536.3663330078125,-1,-1,-1,-1
13,2,246.01380920410156,500.7624816894531,213.11729431152344,551.614990234375,-1,-1,-1,-1
14,2,186.7082977294922,492.2761535644531,230.73741149902344,496.4582214355469,-1,-1,-1,-1
15,2,85.97784423828125,509.91058349609375,262.35284423828125,475.83294677734375,-1,-1,-1,-1
16,2,-24.680320739746094,549.67138671875,328.78143310546875,523.57275390625,-1,-1,-1,-1
17,2,-65.92178344726562,603.01171875,333.17840576171875,627.2850341796875,-1,-1,-1,-1
18,2,-82.88297271728516,608.47314453125,371.43865966796875,789.8577880859375,-1,-1,-1,-1
19,2,-125.12055206298828,638.0761108398438,448.5215148925781,769.5656127929688,-1,-1,-1,-1
20,2,-138.20814514160156,661.0838623046875,494.34271240234375,747.0103759765625,-1,-1,-1,-1
21,2,-174.7088165283203,638.1006469726562,569.5574340820312,779.1553344726562,-1,-1,-1,-1
22,2,-99.35797119140625,591.8370361328125,470.504638671875,821.7193603515625,-1,-1,-1,-1
23,2,-17.96176528930664,546.0057373046875,496.6058654785156,863.2200927734375,-1,-1,-1,-1
24,2,86.15505981445312,487.596923828125,570.4979248046875,920.517822265625,-1,-1,-1,-1
25,2,324.2398986816406,564.2238159179688,418.9253234863281,510.98822021484375,-1,-1,-1,-1
9,3,1294.013671875,458.9031066894531,144.2647705078125,406.1085510253906,-1,-1,-1,-1
10,3,1200.0987548828125,534.9176635742188,146.613525390625,316.13592529296875,-1,-1,-1,-1
11,3,976.1083984375,445.76483154296875,235.43212890625,392.2554931640625,-1,-1,-1,-1
12,3,824.010009765625,416.4521179199219,182.92144775390625,307.1717224121094,-1,-1,-1,-1
13,3,687.1384887695312,457.08758544921875,150.14825439453125,264.96221923828125,-1,-1,-1,-1
14,3,597.336181640625,451.7474670410156,146.160400390625,296.9661560058594,-1,-1,-1,-1
15,3,460.52886962890625,463.35430908203125,155.77349853515625,301.3629150390625,-1,-1,-1,-1
14,4,1155.159912109375,437.55828857421875,232.857666015625,406.39190673828125,-1,-1,-1,-1
15,4,1069.711181640625,448.50994873046875,232.881103515625,374.229248046875,-1,-1,-1,-1
16,4,986.1776123046875,456.060791015625,216.299072265625,346.6016845703125,-1,-1,-1,-1
17,4,927.5670166015625,467.75567626953125,217.6636962890625,316.46661376953125,-1,-1,-1,-1
18,4,871.9288940429688,446.9438171386719,225.56549072265625,320.3018493652344,-1,-1,-1,-1
19,4,811.1710205078125,425.2135009765625,235.791015625,328.08343505859375,-1,-1,-1,-1
20,4,774.430419921875,392.6240234375,242.18145751953125,330.859375,-1,-1,-1,-1
21,4,813.0216064453125,367.81304931640625,228.9613037109375,331.8544921875,-1,-1,-1,-1
22,4,899.8804931640625,375.9432678222656,207.15966796875,328.9749450683594,-1,-1,-1,-1
23,4,793.6624755859375,407.6778259277344,170.3953857421875,285.3573303222656,-1,-1,-1,-1
24,4,668.1643676757812,449.4781494140625,146.20867919921875,294.4573974609375,-1,-1,-1,-1
25,4,754.1159057617188,469.9839782714844,160.17132568359375,314.1704406738281,-1,-1,-1,-1
26,4,582.3309936523438,538.0615234375,265.488525390625,449.68438720703125,-1,-1,-1,-1
24,5,1231.8636474609375,364.10113525390625,187.4019775390625,379.03436279296875,-1,-1,-1,-1
25,5,897.816650390625,440.91156005859375,186.3807373046875,318.72503662109375,-1,-1,-1,-1
26,5,910.6620483398438,433.40374755859375,210.67913818359375,371.00506591796875,-1,-1,-1,-1
27,5,983.5767211914062,421.4497985839844,213.27447509765625,384.1950988769531,-1,-1,-1,-1
28,5,945.584228515625,436.1041259765625,222.76416015625,376.8074951171875,-1,-1,-1,-1
29,5,819.1297607421875,466.876220703125,209.879638671875,351.88922119140625,-1,-1,-1,-1
30,5,635.1600341796875,491.3138122558594,201.29193115234375,339.8107604980469,-1,-1,-1,-1
31,5,510.93585205078125,494.6439208984375,147.164794921875,316.1202392578125,-1,-1,-1,-1
32,5,413.5410461425781,515.672607421875,166.00241088867188,312.9918212890625,-1,-1,-1,-1
33,5,396.3421630859375,520.1015625,218.87054443359375,307.19921875,-1,-1,-1,-1
34,5,566.9091796875,497.2185363769531,223.23956298828125,285.8522644042969,-1,-1,-1,-1
24,6,604.2234497070312,436.107421875,208.60552978515625,342.0810546875,-1,-1,-1,-1
25,6,487.27984619140625,539.5852661132812,231.6920166015625,439.32623291015625,-1,-1,-1,-1
26,6,506.7666015625,510.7640380859375,361.10089111328125,481.99871826171875,-1,-1,-1,-1
27,6,595.5078125,526.1373291015625,322.9957275390625,460.6724853515625,-1,-1,-1,-1
28,6,568.0257568359375,576.85546875,327.6326904296875,449.007080078125,-1,-1,-1,-1
29,6,433.7323303222656,572.0133056640625,295.2324523925781,459.0322265625,-1,-1,-1,-1
30,6,575.8219604492188,476.497802734375,285.61572265625,362.9259033203125,-1,-1,-1,-1
31,6,531.8636474609375,502.44207763671875,132.8804931640625,309.57342529296875,-1,-1,-1,-1
32,6,436.71856689453125,528.8919677734375,176.13323974609375,291.0963134765625,-1,-1,-1,-1
33,6,481.43145751953125,466.2186279296875,210.026611328125,281.0577392578125,-1,-1,-1,-1
34,6,614.835205078125,465.2328186035156,230.47344970703125,328.7621765136719,-1,-1,-1,-1
35,6,580.7959594726562,459.85498046875,237.57476806640625,342.639892578125,-1,-1,-1,-1
36,6,583.341064453125,474.9365539550781,241.80340576171875,332.7872009277344,-1,-1,-1,-1
37,6,604.1187133789062,481.0308532714844,238.6007080078125,325.8329162597656,-1,-1,-1,-1
38,6,662.9924926757812,484.50006103515625,225.20196533203125,320.257568359375,-1,-1,-1,-1
39,6,713.956787109375,478.60870361328125,229.64495849609375,325.20428466796875,-1,-1,-1,-1
40,6,778.423095703125,482.8358154296875,242.2977294921875,327.43145751953125,-1,-1,-1,-1
41,6,858.1053466796875,480.50860595703125,256.2386474609375,334.623291015625,-1,-1,-1,-1
42,6,900.3153686523438,460.6429443359375,252.50286865234375,363.19525146484375,-1,-1,-1,-1
43,6,832.67578125,481.39031982421875,250.69873046875,340.01751708984375,-1,-1,-1,-1
44,6,691.153564453125,488.56024169921875,251.6756591796875,345.135986328125,-1,-1,-1,-1
25,7,774.018310546875,443.3154296875,210.21771240234375,345.3494873046875,-1,-1,-1,-1
26,7,577.9785766601562,520.387451171875,236.52764892578125,393.98126220703125,-1,-1,-1,-1
31,8,443.2723083496094,527.4320068359375,217.58407592773438,349.94732666015625,-1,-1,-1,-1
32,8,325.5506896972656,531.8765869140625,210.65542602539062,342.0540771484375,-1,-1,-1,-1
33,8,222.63751220703125,529.643798828125,244.93270874023438,355.02008056640625,-1,-1,-1,-1
34,8,150.12478637695312,581.71826171875,281.3024597167969,347.21453857421875,-1,-1,-1,-1
31,9,904.9295654296875,418.29840087890625,261.1253662109375,347.80389404296875,-1,-1,-1,-1
32,9,764.2440185546875,426.9953308105469,227.0792236328125,348.4911804199219,-1,-1,-1,-1
33,9,668.478759765625,423.2128601074219,219.843505859375,356.0680236816406,-1,-1,-1,-1
34,9,604.1949462890625,445.48779296875,232.80450439453125,350.4451904296875,-1,-1,-1,-1
31,10,-23.774002075195312,639.0038452148438,423.4315185546875,779.9192504882812,-1,-1,-1,-1
32,10,-106.96603393554688,686.581787109375,467.9002380371094,723.001220703125,-1,-1,-1,-1
33,10,-82.69828033447266,745.53076171875,427.0830383300781,665.5914306640625,-1,-1,-1,-1
34,10,-37.1783447265625,814.6646728515625,478.284912109375,594.370361328125,-1,-1,-1,-1
35,10,-67.36894226074219,829.5891723632812,537.429443359375,580.9046020507812,-1,-1,-1,-1
36,10,-58.77821731567383,828.7694091796875,539.0375366210938,584.7308349609375,-1,-1,-1,-1
37,10,-77.2499771118164,827.7652587890625,518.7789916992188,588.547607421875,-1,-1,-1,-1
38,10,-107.78642272949219,754.6841430664062,451.08880615234375,657.5363159179688,-1,-1,-1,-1
39,10,-26.576065063476562,762.641845703125,347.226806640625,648.3095703125,-1,-1,-1,-1
40,10,-2.8395137786865234,730.727294921875,416.39697265625,680.2762451171875,-1,-1,-1,-1
41,10,86.12321472167969,690.4953002929688,394.9901123046875,626.0814819335938,-1,-1,-1,-1
42,10,160.74966430664062,715.4047241210938,360.6864318847656,541.7484741210938,-1,-1,-1,-1
43,10,113.72761535644531,722.3316650390625,376.1695556640625,488.3699951171875,-1,-1,-1,-1
44,10,-7.696262359619141,600.1614379882812,371.1378479003906,566.6345825195312,-1,-1,-1,-1
45,10,-121.74026489257812,615.499755859375,461.488525390625,799.1168212890625,-1,-1,-1,-1
46,10,-106.79386901855469,778.8641357421875,336.1028137207031,633.3778076171875,-1,-1,-1,-1
47,10,-47.60987091064453,790.5154418945312,242.36712646484375,619.1436157226562,-1,-1,-1,-1
48,10,-61.86836242675781,696.8070068359375,250.12295532226562,719.3929443359375,-1,-1,-1,-1
49,10,-60.82844543457031,622.9195556640625,270.2404479980469,785.9998779296875,-1,-1,-1,-1
50,10,-30.398605346679688,523.7259521484375,262.21136474609375,884.0064697265625,-1,-1,-1,-1
51,10,-12.664608001708984,576.3640747070312,293.8143615722656,826.9192504882812,-1,-1,-1,-1
52,10,-6.745400428771973,618.1216430664062,306.57049560546875,788.6201782226562,-1,-1,-1,-1
53,10,0.5548496246337891,624.9161987304688,323.6409606933594,780.7573852539062,-1,-1,-1,-1
54,10,-9.839905738830566,638.1729125976562,321.3061218261719,767.6146850585938,-1,-1,-1,-1
55,10,-22.646366119384766,653.6380615234375,300.84906005859375,752.4576416015625,-1,-1,-1,-1
56,10,-28.68082046508789,623.4647216796875,285.2981872558594,785.4654541015625,-1,-1,-1,-1
57,10,-26.649311065673828,562.4573974609375,275.0850830078125,849.3155517578125,-1,-1,-1,-1
58,10,-11.221304893493652,562.109375,296.3670349121094,849.67041015625,-1,-1,-1,-1
59,10,15.002483367919922,594.4967041015625,287.6485900878906,808.5228271484375,-1,-1,-1,-1
60,10,22.497676849365234,617.0724487304688,314.4768371582031,785.6653442382812,-1,-1,-1,-1
61,10,42.44630813598633,614.654296875,308.7978210449219,786.53515625,-1,-1,-1,-1
62,10,54.533668518066406,649.4459228515625,355.4181823730469,700.6712646484375,-1,-1,-1,-1
63,10,49.965049743652344,664.6576538085938,343.1425476074219,707.6605834960938,-1,-1,-1,-1
64,10,56.5330696105957,691.27880859375,293.20684814453125,704.0565185546875,-1,-1,-1,-1
65,10,67.00933837890625,673.6455688476562,268.3875732421875,681.4789428710938,-1,-1,-1,-1
66,10,56.631919860839844,632.7400512695312,287.23626708984375,734.8621215820312,-1,-1,-1,-1
67,10,-3.0596446990966797,615.728759765625,381.8211364746094,797.3265380859375,-1,-1,-1,-1
68,10,82.20059204101562,598.9479370117188,368.7243347167969,809.7427368164062,-1,-1,-1,-1
69,10,175.79412841796875,579.2703247070312,225.05734252929688,540.7359008789062,-1,-1,-1,-1
70,10,206.05853271484375,586.29833984375,229.66433715820312,434.04510498046875,-1,-1,-1,-1
71,10,243.94741821289062,573.6654052734375,221.156005859375,423.4346923828125,-1,-1,-1,-1
72,10,300.13885498046875,584.1224975585938,221.68634033203125,416.88800048828125,-1,-1,-1,-1
73,10,326.9081115722656,626.226806640625,217.86544799804688,400.724365234375,-1,-1,-1,-1
74,10,369.03057861328125,656.2314453125,169.6136474609375,325.6002197265625,-1,-1,-1,-1
75,10,401.42413330078125,621.3603515625,141.86041259765625,323.16876220703125,-1,-1,-1,-1
76,10,430.0008544921875,674.60205078125,136.18890380859375,303.92364501953125,-1,-1,-1,-1
77,10,452.8242492675781,715.8943481445312,169.68801879882812,283.96966552734375,-1,-1,-1,-1
34,11,158.76246643066406,599.0195922851562,256.20753479003906,391.5711669921875,-1,-1,-1,-1
35,11,157.2730712890625,601.9068603515625,251.913818359375,380.7734375,-1,-1,-1,-1
36,11,183.28623962402344,597.0169067382812,251.8063201904297,370.58575439453125,-1,-1,-1,-1
37,11,240.28390502929688,592.2957763671875,235.37521362304688,347.8106689453125,-1,-1,-1,-1
38,11,327.0224609375,588.0096435546875,216.70867919921875,327.316650390625,-1,-1,-1,-1
39,11,416.67950439453125,583.3251953125,195.1204833984375,312.65020751953125,-1,-1,-1,-1
40,11,509.4910583496094,569.9461059570312,188.80673217773438,298.365234375,-1,-1,-1,-1
41,11,606.581787109375,562.3544311523438,182.85687255859375,281.8275146484375,-1,-1,-1,-1
42,11,651.2985229492188,558.8714599609375,197.21783447265625,274.047119140625,-1,-1,-1,-1
43,11,610.4827880859375,560.604248046875,207.93194580078125,269.35272216796875,-1,-1,-1,-1
44,11,692.4925537109375,522.09130859375,226.21258544921875,293.77728271484375,-1,-1,-1,-1
45,11,556.8856201171875,489.9708251953125,272.14935302734375,341.88592529296875,-1,-1,-1,-1
46,11,486.8455505371094,502.4418640136719,274.8555603027344,323.5187683105469,-1,-1,-1,-1
47,11,477.3255615234375,511.5831298828125,288.4188232421875,300.401123046875,-1,-1,-1,-1
48,11,485.0867919921875,527.0836791992188,299.35174560546875,272.11846923828125,-1,-1,-1,-1
49,11,465.47515869140625,535.3092041015625,326.41619873046875,257.036865234375,-1,-1,-1,-1
50,11,431.681640625,522.1257934570312,394.7073974609375,259.51348876953125,-1,-1,-1,-1
51,11,476.25250244140625,535.9886474609375,362.1072998046875,248.88604736328125,-1,-1,-1,-1
52,11,516.4456787109375,544.76708984375,345.88555908203125,249.3009033203125,-1,-1,-1,-1
53,11,550.1477661132812,535.2319946289062,333.677490234375,263.99951171875,-1,-1,-1,-1
54,11,558.6259765625,578.4967041015625,321.378662109375,233.94232177734375,-1,-1,-1,-1
55,11,574.9262084960938,610.2813720703125,166.9361572265625,240.570068359375,-1,-1,-1,-1
56,11,573.0445556640625,583.756103515625,134.9293212890625,254.8289794921875,-1,-1,-1,-1
57,11,576.6477661132812,567.394287109375,112.04351806640625,239.87921142578125,-1,-1,-1,-1
58,11,595.3355102539062,574.6201782226562,110.47698974609375,226.783447265625,-1,-1,-1,-1
59,11,617.8687744140625,576.7413330078125,99.07342529296875,230.8603515625,-1,-1,-1,-1
60,11,624.701416015625,579.6519165039062,99.5921630859375,230.56427001953125,-1,-1,-1,-1
61,11,629.077880859375,567.6258544921875,97.68182373046875,231.8546142578125,-1,-1,-1,-1
62,11,615.3004150390625,552.82861328125,96.390869140625,223.81671142578125,-1,-1,-1,-1
63,11,603.0363159179688,562.9759521484375,91.85247802734375,212.97845458984375,-1,-1,-1,-1
64,11,593.6963500976562,571.8410034179688,92.70135498046875,203.83477783203125,-1,-1,-1,-1
65,11,589.67236328125,564.0697631835938,85.3831787109375,207.1461181640625,-1,-1,-1,-1
66,11,594.5750732421875,544.7665405273438,86.334228515625,215.15228271484375,-1,-1,-1,-1
67,11,597.3856201171875,544.4113159179688,129.59478759765625,212.01605224609375,-1,-1,-1,-1
68,11,565.9960327148438,510.8319396972656,244.7078857421875,358.3650817871094,-1,-1,-1,-1
45,12,366.5318298339844,559.720703125,214.66683959960938,289.279052734375,-1,-1,-1,-1
46,12,306.0450134277344,556.2713012695312,214.56210327148438,289.49871826171875,-1,-1,-1,-1
47,12,307.0620422363281,542.8386840820312,218.87271118164062,292.2647705078125,-1,-1,-1,-1
48,12,352.235595703125,528.353759765625,223.0458984375,294.38299560546875,-1,-1,-1,-1
49,12,393.03704833984375,517.5400390625,227.39007568359375,288.19732666015625,-1,-1,-1,-1
50,12,458.7336730957031,489.3921813964844,221.32711791992188,294.0775451660156,-1,-1,-1,-1
51,12,494.46417236328125,522.9740600585938,208.9468994140625,266.88787841796875,-1,-1,-1,-1
52,12,530.4677124023438,532.1383056640625,204.6517333984375,266.919921875,-1,-1,-1,-1
53,12,560.4868774414062,527.4638671875,200.16015625,272.2625732421875,-1,-1,-1,-1
54,12,571.8106079101562,558.2386474609375,184.08282470703125,257.0823974609375,-1,-1,-1,-1
55,12,577.2467651367188,598.5048828125,158.78570556640625,256.50811767578125,-1,-1,-1,-1
55,13,703.383544921875,635.9283447265625,162.3924560546875,237.39862060546875,-1,-1,-1,-1
56,13,696.5735473632812,619.0973510742188,158.1422119140625,251.811279296875,-1,-1,-1,-1
57,13,691.8222045898438,583.8196411132812,175.8134765625,269.92041015625,-1,-1,-1,-1
58,13,704.1318359375,574.4133911132812,182.91961669921875,274.6739501953125,-1,-1,-1,-1
59,13,719.6531982421875,570.4776000976562,163.7799072265625,286.47393798828125,-1,-1,-1,-1
60,13,722.8367919921875,566.3763427734375,153.975830078125,291.4598388671875,-1,-1,-1,-1
61,13,707.845947265625,542.876953125,151.96044921875,304.33782958984375,-1,-1,-1,-1
62,13,688.25146484375,519.4489135742188,145.95318603515625,313.162353515625,-1,-1,-1,-1
63,13,655.0254516601562,528.8096923828125,157.34661865234375,317.6732177734375,-1,-1,-1,-1
64,13,626.75146484375,540.4549560546875,177.67779541015625,319.82525634765625,-1,-1,-1,-1
65,13,621.4258422851562,544.9705810546875,180.7960205078125,302.7021484375,-1,-1,-1,-1
66,13,603.581298828125,543.5418701171875,199.84423828125,298.67138671875,-1,-1,-1,-1
67,13,586.5414428710938,541.5294799804688,221.76763916015625,335.26776123046875,-1,-1,-1,-1
68,13,561.95751953125,519.7081909179688,255.92095947265625,364.98211669921875,-1,-1,-1,-1
69,13,529.0105590820312,502.0095520019531,297.7830810546875,386.6939392089844,-1,-1,-1,-1
70,13,523.442626953125,467.1101379394531,299.3765869140625,404.2317810058594,-1,-1,-1,-1
71,13,519.0774536132812,454.3999938964844,329.629150390625,423.0683288574219,-1,-1,-1,-1
72,13,541.1400756835938,526.990966796875,307.66302490234375,376.7989501953125,-1,-1,-1,-1
73,13,517.777099609375,562.6031494140625,345.86968994140625,388.75775146484375,-1,-1,-1,-1
74,13,524.9461669921875,581.6113891601562,328.94158935546875,377.21136474609375,-1,-1,-1,-1
75,13,519.8716430664062,562.7548828125,310.5098876953125,371.7813720703125,-1,-1,-1,-1
76,13,434.2961730957031,634.3319091796875,411.7072448730469,352.16448974609375,-1,-1,-1,-1
77,13,430.2855224609375,697.4234619140625,382.9193115234375,315.893310546875,-1,-1,-1,-1
78,13,451.31500244140625,698.3381958007812,308.586181640625,322.1688232421875,-1,-1,-1,-1
79,13,447.84027099609375,684.578369140625,270.62335205078125,326.63330078125,-1,-1,-1,-1
80,13,427.2927551269531,672.0970458984375,245.16067504882812,318.715087890625,-1,-1,-1,-1
81,13,316.6556701660156,482.4345397949219,292.7925720214844,500.4373474121094,-1,-1,-1,-1
82,13,162.1357421875,424.2757568359375,402.97125244140625,545.94384765625,-1,-1,-1,-1
83,13,313.8648986816406,588.6185302734375,131.927978515625,220.7139892578125,-1,-1,-1,-1
84,13,309.9462890625,565.5249633789062,116.60321044921875,228.203125,-1,-1,-1,-1
85,13,292.2187194824219,532.792236328125,111.94271850585938,235.36492919921875,-1,-1,-1,-1
86,13,282.30999755859375,518.6238403320312,142.6339111328125,250.08160400390625,-1,-1,-1,-1
87,13,271.657470703125,517.26708984375,159.33749389648438,263.05828857421875,-1,-1,-1,-1
88,13,286.15142822265625,532.8819580078125,152.74240112304688,251.99462890625,-1,-1,-1,-1
89,13,299.1812744140625,546.6607666015625,139.16534423828125,232.30645751953125,-1,-1,-1,-1
90,13,316.4436340332031,549.5421752929688,124.93923950195312,212.77996826171875,-1,-1,-1,-1
91,13,344.23907470703125,534.7279052734375,109.61752319335938,214.42529296875,-1,-1,-1,-1
92,13,383.18243408203125,542.7600708007812,112.76727294921875,203.8326416015625,-1,-1,-1,-1
93,13,393.4749755859375,545.6320190429688,115.12332153320312,200.21990966796875,-1,-1,-1,-1
94,13,412.81878662109375,541.982666015625,115.67596435546875,200.1212158203125,-1,-1,-1,-1
95,13,436.0254821777344,520.6241455078125,120.81533813476562,211.59637451171875,-1,-1,-1,-1
96,13,465.913330078125,528.8884887695312,110.8402099609375,206.174560546875,-1,-1,-1,-1
97,13,490.70947265625,535.7562255859375,99.6087646484375,209.6243896484375,-1,-1,-1,-1
98,13,485.8262939453125,530.43408203125,105.1776123046875,219.33355712890625,-1,-1,-1,-1
99,13,482.3210754394531,556.9624633789062,95.95986938476562,217.31988525390625,-1,-1,-1,-1
100,13,463.5401306152344,552.107421875,100.47720336914062,223.48095703125,-1,-1,-1,-1
74,14,725.9282836914062,589.3554077148438,132.59130859375,206.73236083984375,-1,-1,-1,-1
75,14,744.5882568359375,543.83837890625,123.90032958984375,209.02581787109375,-1,-1,-1,-1
76,14,760.8953857421875,588.9640502929688,129.3028564453125,204.02142333984375,-1,-1,-1,-1
77,14,766.4600830078125,633.4931030273438,133.6534423828125,195.5496826171875,-1,-1,-1,-1
78,14,780.9154052734375,638.3171997070312,127.6544189453125,202.45465087890625,-1,-1,-1,-1
79,14,784.1710815429688,628.5079345703125,138.8446044921875,209.21295166015625,-1,-1,-1,-1
80,14,783.900634765625,608.7711181640625,131.82672119140625,210.56048583984375,-1,-1,-1,-1
81,14,753.5194091796875,577.1010131835938,118.42626953125,203.43389892578125,-1,-1,-1,-1
82,14,668.8170166015625,529.1760864257812,129.5177001953125,215.963134765625,-1,-1,-1,-1
83,14,625.5847778320312,514.8312377929688,127.30194091796875,216.22857666015625,-1,-1,-1,-1
84,14,610.4800415039062,494.55438232421875,117.576171875,224.4730224609375,-1,-1,-1,-1
85,14,593.1295166015625,466.31146240234375,126.76953125,231.16058349609375,-1,-1,-1,-1
86,14,582.5698852539062,466.06890869140625,138.05364990234375,234.03741455078125,-1,-1,-1,-1
87,14,576.915771484375,475.6929016113281,139.04559326171875,239.50088500976562,-1,-1,-1,-1
88,14,581.4635009765625,491.5179443359375,142.1314697265625,239.27459716796875,-1,-1,-1,-1
89,14,580.8853149414062,493.09539794921875,138.326416015625,241.31610107421875,-1,-1,-1,-1
90,14,584.2053833007812,487.7503356933594,128.98223876953125,243.62692260742188,-1,-1,-1,-1
91,14,588.4879150390625,473.9190979003906,139.201416015625,256.7776184082031,-1,-1,-1,-1
92,14,610.658203125,476.8115539550781,138.60528564453125,258.3708801269531,-1,-1,-1,-1
93,14,622.20263671875,482.1412658691406,139.40435791015625,257.8821105957031,-1,-1,-1,-1
94,14,629.9913330078125,477.87841796875,145.6026611328125,265.5010986328125,-1,-1,-1,-1
95,14,651.7879028320312,459.3040466308594,147.62261962890625,274.5910949707031,-1,-1,-1,-1
96,14,673.3037109375,465.79461669921875,156.2352294921875,279.67828369140625,-1,-1,-1,-1
97,14,686.8453979492188,479.3983154296875,164.60247802734375,282.179931640625,-1,-1,-1,-1
98,14,683.9517211914062,477.6087951660156,166.29351806640625,291.2175598144531,-1,-1,-1,-1
99,14,675.515625,511.2468566894531,156.1046142578125,293.1563415527344,-1,-1,-1,-1
100,14,658.2615966796875,508.2611083984375,162.0899658203125,302.20196533203125,-1,-1,-1,-1
83,15,83.58106231689453,610.346923828125,278.97265625,358.40985107421875,-1,-1,-1,-1
84,15,41.626808166503906,605.4072265625,260.1662902832031,351.04669189453125,-1,-1,-1,-1
85,15,13.709686279296875,606.2254638671875,249.0394287109375,330.18780517578125,-1,-1,-1,-1
86,15,-6.360653877258301,616.346435546875,256.7272491455078,361.59320068359375,-1,-1,-1,-1
87,15,-22.480587005615234,628.8600463867188,306.7261047363281,411.35443115234375,-1,-1,-1,-1
88,15,-38.34723663330078,626.9810180664062,293.617919921875,559.1724243164062,-1,-1,-1,-1
89,15,-46.672096252441406,606.5303955078125,302.97735595703125,700.5360107421875,-1,-1,-1,-1
90,15,-15.855751037597656,592.2657470703125,384.48492431640625,825.427490234375,-1,-1,-1,-1
91,15,30.48285675048828,634.3071899414062,333.2054443359375,803.5459594726562,-1,-1,-1,-1
92,15,27.70063018798828,693.4115600585938,356.7002258300781,752.9642944335938,-1,-1,-1,-1
93,15,-20.02537727355957,737.0677490234375,405.0546875,674.0633544921875,-1,-1,-1,-1
94,15,-21.048067092895508,797.0979614257812,384.6742248535156,616.0114135742188,-1,-1,-1,-1
95,15,-17.227951049804688,810.6651611328125,361.61968994140625,597.7508544921875,-1,-1,-1,-1
96,15,-31.11248779296875,828.8126220703125,380.3831787109375,581.01025390625,-1,-1,-1,-1
97,15,-29.62323760986328,837.593017578125,374.8556213378906,572.4442138671875,-1,-1,-1,-1
98,15,-24.812774658203125,859.9959106445312,366.477294921875,549.8828735351562,-1,-1,-1,-1
99,15,-5.633038520812988,830.5280151367188,352.5813293457031,576.4077758789062,-1,-1,-1,-1
100,15,-14.431655883789062,822.0441284179688,365.95794677734375,587.1875610351562,-1,-1,-1,-1
90,16,731.0300903320312,1028.9525146484375,487.42742919921875,382.930419921875,-1,-1,-1,-1
91,16,741.20654296875,1081.5321044921875,398.461669921875,327.4014892578125,-1,-1,-1,-1
92,16,682.5521240234375,1250.43603515625,229.13934326171875,170.4310302734375,-1,-1,-1,-1
91,17,-84.44462585449219,618.8634033203125,183.06829833984375,467.8734130859375,-1,-1,-1,-1
92,17,-64.00260162353516,645.0432739257812,174.62875366210938,443.24090576171875,-1,-1,-1,-1
93,17,-75.4659652709961,642.4724731445312,182.3047332763672,458.59466552734375,-1,-1,-1,-1
94,17,-86.03166961669922,677.2784423828125,180.87069702148438,412.848388671875,-1,-1,-1,-1
95,17,-81.68453216552734,685.8326416015625,169.79934692382812,409.9609375,-1,-1,-1,-1
96,17,-90.8775405883789,740.7931518554688,186.6553955078125,433.34283447265625,-1,-1,-1,-1
97,17,-92.34628295898438,776.9182739257812,192.26760864257812,467.89874267578125,-1,-1,-1,-1
98,17,-125.51457977294922,797.7787475585938,259.8419189453125,624.6948852539062,-1,-1,-1,-1
99,17,-89.38118743896484,915.1104125976562,184.7957000732422,513.6154174804688,-1,-1,-1,-1
100,17,-74.70195770263672,1011.4520263671875,153.4237518310547,414.017578125,-1,-1,-1,-1
